"age"	"part.year"	"lengthCM"	"samplingID"	"partnumber"	"otolithtype"	"partcount"
9	0.0245901639344262	37.5	1	1	NA	NA
11	0.0245901639344262	39	1	1	NA	NA
9	0.0245901639344262	37.5	1	1	NA	NA
9	0.0245901639344262	36.5	1	1	NA	NA
9	0.0245901639344262	36	1	1	NA	NA
12	0.0245901639344262	38.5	1	1	NA	NA
9	0.0245901639344262	39.5	1	1	NA	NA
8	0.0245901639344262	37.5	1	1	NA	NA
11	0.0245901639344262	38	1	1	NA	NA
10	0.0245901639344262	37.5	1	1	NA	NA
12	0.0245901639344262	38.5	1	1	NA	NA
3	0.0245901639344262	33	1	1	NA	NA
4	0.0245901639344262	33.5	1	1	NA	NA
8	0.0245901639344262	38	1	1	NA	NA
12	0.0245901639344262	38.5	1	1	NA	NA
9	0.0245901639344262	38.5	1	1	NA	NA
8	0.0245901639344262	36.5	1	1	NA	NA
10	0.0245901639344262	35.5	1	1	NA	NA
7	0.0245901639344262	36.5	1	1	NA	NA
6	0.0245901639344262	35.5	1	1	NA	NA
9	0.0245901639344262	38.5	1	1	NA	NA
9	0.0245901639344262	36.5	1	1	NA	NA
9	0.0245901639344262	36.5	1	1	NA	NA
10	0.0245901639344262	36.5	1	1	NA	NA
11	0.0245901639344262	38.5	1	1	NA	NA
7	0.0245901639344262	36	1	1	NA	NA
7	0.0245901639344262	36	1	1	NA	NA
6	0.0245901639344262	34.5	1	1	NA	NA
11	0.0245901639344262	38.5	1	1	NA	NA
10	0.0245901639344262	35.5	1	1	NA	NA
6	0.0136612021857924	36	2	1	NA	NA
9	0.0136612021857924	35.5	2	1	NA	NA
12	0.0136612021857924	39	2	1	NA	NA
8	0.0136612021857924	38.5	2	1	NA	NA
11	0.0136612021857924	40	2	1	NA	NA
12	0.0136612021857924	38.5	2	1	NA	NA
3	0.0136612021857924	32.5	2	1	NA	NA
4	0.0136612021857924	34	2	1	NA	NA
12	0.0136612021857924	39.5	2	1	NA	NA
9	0.0136612021857924	35.5	2	1	NA	NA
9	0.0136612021857924	40.5	2	1	NA	NA
5	0.0136612021857924	36.5	2	1	NA	NA
4	0.0136612021857924	33.5	2	1	NA	NA
11	0.0136612021857924	38.5	2	1	NA	NA
3	0.0136612021857924	31.5	2	1	NA	NA
6	0.0245901639344262	34.5	4	1	NA	NA
9	0.0245901639344262	36	4	1	NA	NA
4	0.0245901639344262	32	4	1	NA	NA
12	0.0245901639344262	36	4	1	NA	NA
12	0.0245901639344262	37	4	1	NA	NA
10	0.0245901639344262	38.5	4	1	NA	NA
12	0.0245901639344262	39.5	4	1	NA	NA
6	0.0245901639344262	34.5	4	1	NA	NA
8	0.0245901639344262	37.5	4	1	NA	NA
4	0.0245901639344262	32.5	4	1	NA	NA
10	0.0245901639344262	36.5	4	1	NA	NA
9	0.0245901639344262	38.5	4	1	NA	NA
4	0.0245901639344262	32.5	4	1	NA	NA
6	0.0245901639344262	35	4	1	NA	NA
9	0.0245901639344262	36.5	4	1	NA	NA
10	0.0245901639344262	35.5	4	1	NA	NA
11	0.0245901639344262	38.5	4	1	NA	NA
12	0.0245901639344262	37	4	1	NA	NA
12	0.0245901639344262	37.5	4	1	NA	NA
4	0.0245901639344262	34	4	1	NA	NA
11	0.0245901639344262	36.5	4	1	NA	NA
10	0.0245901639344262	37.5	4	1	NA	NA
12	0.0245901639344262	40	4	1	NA	NA
7	0.0245901639344262	36	4	1	NA	NA
6	0.0245901639344262	35.5	4	1	NA	NA
1	0.754098360655738	29	5	1	NA	NA
1	0.754098360655738	28	5	1	NA	NA
11	0.754098360655738	37.5	5	1	NA	NA
3	0.754098360655738	34	5	1	NA	NA
10	0.754098360655738	38	5	1	NA	NA
1	0.754098360655738	26.5	5	1	NA	NA
4	0.754098360655738	35.5	5	1	NA	NA
9	0.754098360655738	37	5	1	NA	NA
1	0.754098360655738	29	5	1	NA	NA
3	0.754098360655738	32	5	1	NA	NA
6	0.754098360655738	36	5	1	NA	NA
8	0.754098360655738	37.5	5	1	NA	NA
12	0.754098360655738	38.5	5	1	NA	NA
11	0.754098360655738	40	5	1	NA	NA
4	0.754098360655738	35.5	5	1	NA	NA
1	0.754098360655738	28	5	1	NA	NA
7	0.754098360655738	37.5	5	1	NA	NA
8	0.754098360655738	37	5	1	NA	NA
7	0.754098360655738	37	5	1	NA	NA
1	0.754098360655738	26.5	5	1	NA	NA
9	0.754098360655738	39	5	1	NA	NA
3	0.754098360655738	34	5	1	NA	NA
12	0.754098360655738	38.5	5	1	NA	NA
1	0.754098360655738	29	5	1	NA	NA
12	0.754098360655738	37.5	5	1	NA	NA
8	0.754098360655738	35.5	5	1	NA	NA
1	0.754098360655738	29	5	1	NA	NA
10	0.754098360655738	36.5	5	1	NA	NA
9	0.754098360655738	38.5	5	1	NA	NA
10	0.770491803278689	39	6	1	NA	NA
12	0.770491803278689	38.5	6	1	NA	NA
12	0.770491803278689	39.5	6	1	NA	NA
9	0.770491803278689	39.5	6	1	NA	NA
9	0.770491803278689	40	6	1	NA	NA
11	0.770491803278689	39	6	1	NA	NA
10	0.770491803278689	36.5	6	1	NA	NA
9	0.770491803278689	37.5	6	1	NA	NA
7	0.770491803278689	37.5	6	1	NA	NA
10	0.770491803278689	38.5	6	1	NA	NA
10	0.770491803278689	37.5	6	1	NA	NA
10	0.770491803278689	38	6	1	NA	NA
4	0.770491803278689	34.5	6	1	NA	NA
7	0.770491803278689	35	6	1	NA	NA
10	0.770491803278689	39	6	1	NA	NA
10	0.770491803278689	39	6	1	NA	NA
8	0.770491803278689	37	6	1	NA	NA
4	0.770491803278689	34.5	6	1	NA	NA
4	0.770491803278689	33.5	6	1	NA	NA
6	0.770491803278689	37	6	1	NA	NA
10	0.770491803278689	37.5	6	1	NA	NA
3	0.770491803278689	33.5	6	1	NA	NA
8	0.770491803278689	36.5	6	1	NA	NA
5	0.770491803278689	34	6	1	NA	NA
9	0.770491803278689	38	6	1	NA	NA
4	0.770491803278689	34	6	1	NA	NA
10	0.770491803278689	38.5	6	1	NA	NA
5	0.770491803278689	33.5	6	1	NA	NA
3	0.770491803278689	34.5	6	1	NA	NA
6	0.770491803278689	37	6	1	NA	NA
12	0.754098360655738	40.5	7	1	NA	NA
12	0.754098360655738	40	7	1	NA	NA
9	0.754098360655738	37.5	7	1	NA	NA
9	0.754098360655738	37	7	1	NA	NA
10	0.754098360655738	37.5	7	1	NA	NA
4	0.754098360655738	34.5	7	1	NA	NA
9	0.754098360655738	37	7	1	NA	NA
6	0.754098360655738	37	7	1	NA	NA
8	0.754098360655738	36.5	7	1	NA	NA
7	0.754098360655738	37.5	7	1	NA	NA
4	0.754098360655738	33	7	1	NA	NA
11	0.754098360655738	37	7	1	NA	NA
9	0.754098360655738	36	7	1	NA	NA
9	0.754098360655738	37	7	1	NA	NA
12	0.754098360655738	41	7	1	NA	NA
6	0.754098360655738	34.5	7	1	NA	NA
3	0.754098360655738	33.5	7	1	NA	NA
8	0.754098360655738	37.5	7	1	NA	NA
11	0.754098360655738	39.5	7	1	NA	NA
7	0.754098360655738	37	7	1	NA	NA
12	0.754098360655738	40	7	1	NA	NA
7	0.754098360655738	39.5	7	1	NA	NA
7	0.754098360655738	34.5	7	1	NA	NA
10	0.754098360655738	37.5	7	1	NA	NA
8	0.754098360655738	36	7	1	NA	NA
9	0.754098360655738	38	7	1	NA	NA
9	0.754098360655738	38.5	7	1	NA	NA
9	0.786885245901639	37.5	8	1	NA	NA
10	0.786885245901639	36.5	8	1	NA	NA
11	0.786885245901639	39	8	1	NA	NA
3	0.786885245901639	34	8	1	NA	NA
9	0.786885245901639	37	8	1	NA	NA
9	0.786885245901639	38.5	8	1	NA	NA
9	0.786885245901639	36.5	8	1	NA	NA
7	0.786885245901639	34.5	8	1	NA	NA
9	0.786885245901639	40.5	8	1	NA	NA
9	0.786885245901639	38.5	8	1	NA	NA
4	0.786885245901639	34	8	1	NA	NA
10	0.786885245901639	37	8	1	NA	NA
2	0.786885245901639	31.5	8	1	NA	NA
2	0.786885245901639	35.5	8	1	NA	NA
12	0.786885245901639	39	8	1	NA	NA
10	0.786885245901639	37	8	1	NA	NA
4	0.786885245901639	33	8	1	NA	NA
3	0.786885245901639	33.5	8	1	NA	NA
6	0.786885245901639	37	8	1	NA	NA
9	0.786885245901639	37.5	8	1	NA	NA
3	0.786885245901639	33.5	8	1	NA	NA
2	0.786885245901639	32	8	1	NA	NA
7	0.786885245901639	38.5	8	1	NA	NA
10	0.759562841530055	40.5	9	1	NA	NA
12	0.759562841530055	39	9	1	NA	NA
10	0.759562841530055	38	9	1	NA	NA
11	0.759562841530055	37	9	1	NA	NA
6	0.759562841530055	37	9	1	NA	NA
4	0.759562841530055	34	9	1	NA	NA
12	0.759562841530055	40	9	1	NA	NA
8	0.759562841530055	37.5	9	1	NA	NA
9	0.759562841530055	36.5	9	1	NA	NA
10	0.759562841530055	37	9	1	NA	NA
12	0.759562841530055	39	9	1	NA	NA
9	0.759562841530055	39	9	1	NA	NA
3	0.759562841530055	33	9	1	NA	NA
9	0.759562841530055	35.5	9	1	NA	NA
11	0.759562841530055	37	9	1	NA	NA
4	0.759562841530055	33.5	9	1	NA	NA
3	0.759562841530055	32	9	1	NA	NA
9	0.759562841530055	37	9	1	NA	NA
2	0.759562841530055	32.5	9	1	NA	NA
8	0.759562841530055	37	9	1	NA	NA
4	0.759562841530055	35.5	9	1	NA	NA
4	0.759562841530055	34.5	9	1	NA	NA
9	0.759562841530055	39	9	1	NA	NA
5	0.759562841530055	35	9	1	NA	NA
9	0.759562841530055	38	9	1	NA	NA
9	0.759562841530055	37	9	1	NA	NA
8	0.759562841530055	36	9	1	NA	NA
5	0.759562841530055	34.5	9	1	NA	NA
6	0.759562841530055	35.5	9	1	NA	NA
7	0.759562841530055	36.5	9	1	NA	NA
9	0.0437158469945355	36.5	3	1	NA	NA
6	0.0437158469945355	34.5	3	1	NA	NA
9	0.0437158469945355	36.5	3	1	NA	NA
9	0.0437158469945355	37.5	3	1	NA	NA
6	0.0437158469945355	34	3	1	NA	NA
11	0.0437158469945355	40	3	1	NA	NA
5	0.0437158469945355	35	3	1	NA	NA
6	0.0437158469945355	36	3	1	NA	NA
10	0.0437158469945355	36	3	1	NA	NA
10	0.0437158469945355	36.5	3	1	NA	NA
6	0.0437158469945355	36.5	3	1	NA	NA
4	0.0437158469945355	33.5	3	1	NA	NA
3	0.0437158469945355	32.5	3	1	NA	NA
5	0.0437158469945355	37.5	3	1	NA	NA
6	0.0437158469945355	35	3	1	NA	NA
6	0.0437158469945355	34.5	3	1	NA	NA
6	0.0437158469945355	35.5	3	1	NA	NA
12	0.0437158469945355	38	3	1	NA	NA
12	0.0437158469945355	38.5	3	1	NA	NA
9	0.0437158469945355	36	3	1	NA	NA
12	0.0437158469945355	38.5	3	1	NA	NA
6	0.0437158469945355	36	3	1	NA	NA
4	0.0437158469945355	32.5	3	1	NA	NA
3	0.0437158469945355	33	3	1	NA	NA
9	0.0437158469945355	38	3	1	NA	NA
3	0.0437158469945355	32.5	3	1	NA	NA
11	0.0437158469945355	38.5	3	1	NA	NA
11	0.0437158469945355	39.5	3	1	NA	NA
8	0.825136612021858	37	11	1	NA	NA
9	0.825136612021858	38.5	11	1	NA	NA
9	0.825136612021858	39	11	1	NA	NA
7	0.825136612021858	39	11	1	NA	NA
7	0.825136612021858	35.5	11	1	NA	NA
10	0.825136612021858	38.5	11	1	NA	NA
12	0.825136612021858	39	11	1	NA	NA
8	0.825136612021858	37.5	11	1	NA	NA
2	0.825136612021858	33	11	1	NA	NA
8	0.825136612021858	37	11	1	NA	NA
6	0.825136612021858	38	11	1	NA	NA
4	0.825136612021858	31.5	11	1	NA	NA
4	0.825136612021858	35.5	11	1	NA	NA
8	0.825136612021858	37.5	11	1	NA	NA
9	0.825136612021858	37.5	11	1	NA	NA
8	0.825136612021858	38	11	1	NA	NA
10	0.825136612021858	39.5	11	1	NA	NA
8	0.825136612021858	37	11	1	NA	NA
3	0.825136612021858	33.5	11	1	NA	NA
9	0.825136612021858	37	11	1	NA	NA
3	0.825136612021858	34	11	1	NA	NA
7	0.825136612021858	37.5	11	1	NA	NA
9	0.825136612021858	38.5	11	1	NA	NA
10	0.825136612021858	39	11	1	NA	NA
8	0.825136612021858	39	11	1	NA	NA
4	0.825136612021858	34	11	1	NA	NA
11	0.825136612021858	38	11	1	NA	NA
4	0.825136612021858	35	11	1	NA	NA
8	0.825136612021858	37.5	11	1	NA	NA
8	0.825136612021858	37	11	1	NA	NA
9	0.781420765027322	38.5	12	1	NA	NA
4	0.781420765027322	35.5	12	1	NA	NA
7	0.781420765027322	37.5	12	1	NA	NA
12	0.781420765027322	39	12	1	NA	NA
8	0.781420765027322	38.5	12	1	NA	NA
10	0.781420765027322	37.5	12	1	NA	NA
5	0.781420765027322	35	12	1	NA	NA
6	0.781420765027322	36	12	1	NA	NA
7	0.781420765027322	35.5	12	1	NA	NA
12	0.781420765027322	36	12	1	NA	NA
3	0.781420765027322	34	12	1	NA	NA
7	0.781420765027322	38.5	12	1	NA	NA
3	0.781420765027322	34	12	1	NA	NA
9	0.781420765027322	39	12	1	NA	NA
9	0.781420765027322	38	12	1	NA	NA
4	0.781420765027322	34.5	12	1	NA	NA
6	0.781420765027322	37.5	12	1	NA	NA
9	0.781420765027322	37	12	1	NA	NA
7	0.781420765027322	37	12	1	NA	NA
6	0.781420765027322	37	12	1	NA	NA
4	0.781420765027322	35	12	1	NA	NA
9	0.781420765027322	35.5	12	1	NA	NA
10	0.781420765027322	38.5	12	1	NA	NA
6	0.781420765027322	36.5	12	1	NA	NA
3	0.781420765027322	31	12	1	NA	NA
6	0.781420765027322	35.5	12	1	NA	NA
8	0.781420765027322	37	12	1	NA	NA
2	0.781420765027322	30.5	12	1	NA	NA
10	0.781420765027322	37.5	12	1	NA	NA
6	0.781420765027322	37.5	12	1	NA	NA
9	0.795081967213115	37.5	13	1	NA	NA
11	0.795081967213115	37.5	13	1	NA	NA
9	0.795081967213115	37.5	13	1	NA	NA
6	0.795081967213115	36.5	13	1	NA	NA
2	0.795081967213115	33	13	1	NA	NA
10	0.795081967213115	37	13	1	NA	NA
6	0.795081967213115	35.5	13	1	NA	NA
8	0.795081967213115	37	13	1	NA	NA
4	0.795081967213115	35	13	1	NA	NA
3	0.795081967213115	32.5	13	1	NA	NA
12	0.795081967213115	39.5	13	1	NA	NA
9	0.795081967213115	37.5	13	1	NA	NA
2	0.795081967213115	33	13	1	NA	NA
8	0.795081967213115	38	13	1	NA	NA
4	0.795081967213115	33	13	1	NA	NA
10	0.795081967213115	37.5	13	1	NA	NA
4	0.795081967213115	34	13	1	NA	NA
4	0.795081967213115	34	13	1	NA	NA
8	0.795081967213115	38.5	13	1	NA	NA
4	0.795081967213115	34.5	13	1	NA	NA
4	0.795081967213115	36	13	1	NA	NA
3	0.795081967213115	34	13	1	NA	NA
4	0.795081967213115	36	13	1	NA	NA
9	0.795081967213115	36.5	13	1	NA	NA
12	0.795081967213115	38.5	13	1	NA	NA
12	0.795081967213115	39.5	13	1	NA	NA
12	0.795081967213115	39	13	1	NA	NA
7	0.795081967213115	36.5	13	1	NA	NA
4	0.795081967213115	32.5	13	1	NA	NA
11	0.800546448087432	37	14	1	NA	NA
12	0.800546448087432	37	14	1	NA	NA
6	0.800546448087432	37	14	1	NA	NA
4	0.800546448087432	35	14	1	NA	NA
8	0.800546448087432	37.5	14	1	NA	NA
8	0.800546448087432	36.5	14	1	NA	NA
8	0.800546448087432	37	14	1	NA	NA
3	0.800546448087432	36	14	1	NA	NA
6	0.800546448087432	36.5	14	1	NA	NA
6	0.800546448087432	35.5	14	1	NA	NA
4	0.800546448087432	34	14	1	NA	NA
8	0.800546448087432	35.5	14	1	NA	NA
12	0.800546448087432	39	14	1	NA	NA
6	0.800546448087432	37	14	1	NA	NA
12	0.800546448087432	40.5	14	1	NA	NA
10	0.800546448087432	38.5	14	1	NA	NA
8	0.800546448087432	36.5	14	1	NA	NA
10	0.800546448087432	36	14	1	NA	NA
5	0.800546448087432	34	14	1	NA	NA
3	0.800546448087432	33.5	14	1	NA	NA
4	0.800546448087432	34.5	14	1	NA	NA
7	0.800546448087432	36	14	1	NA	NA
10	0.800546448087432	36.5	14	1	NA	NA
9	0.800546448087432	38.5	14	1	NA	NA
10	0.800546448087432	36.5	14	1	NA	NA
5	0.800546448087432	36.5	14	1	NA	NA
6	0.800546448087432	37	14	1	NA	NA
2	0.800546448087432	33.5	14	1	NA	NA
9	0.0437158469945355	36	10	1	NA	NA
8	0.0437158469945355	34.5	10	1	NA	NA
10	0.0437158469945355	38.5	10	1	NA	NA
9	0.0437158469945355	35.5	10	1	NA	NA
9	0.0437158469945355	35.5	10	1	NA	NA
12	0.0437158469945355	37.5	10	1	NA	NA
12	0.0437158469945355	38	10	1	NA	NA
10	0.0437158469945355	37	10	1	NA	NA
8	0.0437158469945355	36.5	10	1	NA	NA
9	0.0437158469945355	34.5	10	1	NA	NA
2	0.0437158469945355	31	10	1	NA	NA
9	0.0437158469945355	36.5	10	1	NA	NA
9	0.0437158469945355	36.5	10	1	NA	NA
9	0.0437158469945355	39	10	1	NA	NA
12	0.0437158469945355	40	10	1	NA	NA
3	0.0437158469945355	31.5	10	1	NA	NA
10	0.0437158469945355	38	10	1	NA	NA
9	0.0437158469945355	36	10	1	NA	NA
6	0.0437158469945355	35	10	1	NA	NA
10	0.0437158469945355	36.5	10	1	NA	NA
3	0.0437158469945355	31	10	1	NA	NA
5	0.0437158469945355	34.5	10	1	NA	NA
10	0.0437158469945355	36.5	10	1	NA	NA
9	0.0437158469945355	37	10	1	NA	NA
6	0.0437158469945355	37	10	1	NA	NA
3	0.781420765027322	32.5	15	1	NA	NA
12	0.781420765027322	41	15	1	NA	NA
6	0.781420765027322	38	15	1	NA	NA
11	0.781420765027322	41	15	1	NA	NA
4	0.781420765027322	35	15	1	NA	NA
6	0.781420765027322	35.5	15	1	NA	NA
10	0.781420765027322	37.5	15	1	NA	NA
9	0.781420765027322	36.5	15	1	NA	NA
10	0.781420765027322	38	15	1	NA	NA
9	0.781420765027322	37.5	15	1	NA	NA
4	0.781420765027322	36.5	15	1	NA	NA
7	0.781420765027322	37	15	1	NA	NA
1	0.781420765027322	35	15	1	NA	NA
3	0.781420765027322	31.5	15	1	NA	NA
6	0.781420765027322	37	15	1	NA	NA
3	0.781420765027322	32	15	1	NA	NA
9	0.781420765027322	38.5	15	1	NA	NA
6	0.781420765027322	37.5	15	1	NA	NA
6	0.781420765027322	35.5	15	1	NA	NA
5	0.781420765027322	36	15	1	NA	NA
4	0.781420765027322	33.5	15	1	NA	NA
8	0.781420765027322	37	15	1	NA	NA
3	0.781420765027322	32.5	15	1	NA	NA
4	0.781420765027322	35.5	15	1	NA	NA
10	0.781420765027322	36.5	15	1	NA	NA
4	0.781420765027322	33	15	1	NA	NA
9	0.759562841530055	37.5	16	1	NA	NA
5	0.759562841530055	36	16	1	NA	NA
10	0.759562841530055	39.5	16	1	NA	NA
4	0.759562841530055	35.5	16	1	NA	NA
6	0.759562841530055	36.5	16	1	NA	NA
11	0.759562841530055	39.5	16	1	NA	NA
8	0.759562841530055	39.5	16	1	NA	NA
4	0.759562841530055	34	16	1	NA	NA
9	0.759562841530055	36.5	16	1	NA	NA
3	0.759562841530055	34	16	1	NA	NA
6	0.759562841530055	38.5	16	1	NA	NA
4	0.759562841530055	36	16	1	NA	NA
11	0.759562841530055	39.5	16	1	NA	NA
9	0.759562841530055	37	16	1	NA	NA
9	0.759562841530055	38.5	16	1	NA	NA
7	0.759562841530055	38	16	1	NA	NA
9	0.759562841530055	38.5	16	1	NA	NA
4	0.759562841530055	35.5	16	1	NA	NA
8	0.759562841530055	38.5	16	1	NA	NA
8	0.759562841530055	36	16	1	NA	NA
7	0.759562841530055	38	16	1	NA	NA
1	0.759562841530055	36	16	1	NA	NA
12	0.759562841530055	40.5	16	1	NA	NA
6	0.759562841530055	37.5	16	1	NA	NA
11	0.759562841530055	37.5	16	1	NA	NA
10	0.759562841530055	39	16	1	NA	NA
6	0.759562841530055	37.5	16	1	NA	NA
8	0.759562841530055	37.5	16	1	NA	NA
10	0.759562841530055	38.5	16	1	NA	NA
9	0.759562841530055	37.5	16	1	NA	NA
4	0.80327868852459	35.5	17	1	NA	NA
8	0.80327868852459	37.5	17	1	NA	NA
6	0.80327868852459	36	17	1	NA	NA
6	0.80327868852459	37.5	17	1	NA	NA
8	0.80327868852459	39	17	1	NA	NA
10	0.80327868852459	37	17	1	NA	NA
10	0.80327868852459	40	17	1	NA	NA
6	0.80327868852459	36	17	1	NA	NA
8	0.80327868852459	37	17	1	NA	NA
7	0.80327868852459	37	17	1	NA	NA
8	0.80327868852459	38	17	1	NA	NA
6	0.80327868852459	37	17	1	NA	NA
8	0.80327868852459	38	17	1	NA	NA
3	0.80327868852459	33	17	1	NA	NA
4	0.80327868852459	34	17	1	NA	NA
3	0.80327868852459	32	17	1	NA	NA
7	0.80327868852459	37.5	17	1	NA	NA
6	0.80327868852459	36	17	1	NA	NA
6	0.80327868852459	37.5	17	1	NA	NA
5	0.80327868852459	35	17	1	NA	NA
9	0.80327868852459	40	17	1	NA	NA
10	0.80327868852459	37.5	17	1	NA	NA
9	0.80327868852459	36.5	17	1	NA	NA
6	0.80327868852459	37	17	1	NA	NA
4	0.80327868852459	35	17	1	NA	NA
5	0.80327868852459	35	17	1	NA	NA
4	0.740437158469945	35	18	1	NA	NA
9	0.740437158469945	37.5	18	1	NA	NA
12	0.740437158469945	39	18	1	NA	NA
10	0.740437158469945	38.5	18	1	NA	NA
8	0.740437158469945	38	18	1	NA	NA
9	0.740437158469945	39	18	1	NA	NA
9	0.740437158469945	38	18	1	NA	NA
8	0.740437158469945	38	18	1	NA	NA
4	0.740437158469945	34	18	1	NA	NA
2	0.740437158469945	30	18	1	NA	NA
10	0.740437158469945	40	18	1	NA	NA
6	0.740437158469945	38.5	18	1	NA	NA
3	0.740437158469945	33	18	1	NA	NA
8	0.740437158469945	39.5	18	1	NA	NA
8	0.740437158469945	37	18	1	NA	NA
7	0.740437158469945	37.5	18	1	NA	NA
8	0.740437158469945	38.5	18	1	NA	NA
12	0.740437158469945	38.5	18	1	NA	NA
6	0.740437158469945	37.5	18	1	NA	NA
9	0.740437158469945	37.5	18	1	NA	NA
9	0.740437158469945	39	18	1	NA	NA
9	0.740437158469945	38	18	1	NA	NA
7	0.740437158469945	37.5	18	1	NA	NA
4	0.740437158469945	36.5	18	1	NA	NA
9	0.740437158469945	38.5	18	1	NA	NA
10	0.740437158469945	38	18	1	NA	NA
3	0.740437158469945	35	18	1	NA	NA
9	0.740437158469945	39	18	1	NA	NA
8	0.740437158469945	36	18	1	NA	NA
3	0.740437158469945	33.5	18	1	NA	NA
4	0.795081967213115	34.5	19	1	NA	NA
12	0.795081967213115	38	19	1	NA	NA
7	0.795081967213115	36.5	19	1	NA	NA
8	0.795081967213115	37.5	19	1	NA	NA
8	0.795081967213115	37.5	19	1	NA	NA
6	0.795081967213115	37	19	1	NA	NA
4	0.795081967213115	35.5	19	1	NA	NA
4	0.795081967213115	32.5	19	1	NA	NA
9	0.795081967213115	36	19	1	NA	NA
4	0.795081967213115	36	19	1	NA	NA
6	0.795081967213115	37	19	1	NA	NA
7	0.795081967213115	37	19	1	NA	NA
9	0.795081967213115	37.5	19	1	NA	NA
6	0.795081967213115	37	19	1	NA	NA
4	0.795081967213115	35.5	19	1	NA	NA
3	0.795081967213115	35	19	1	NA	NA
8	0.795081967213115	37.5	19	1	NA	NA
8	0.795081967213115	36	19	1	NA	NA
3	0.844262295081967	34	20	1	NA	NA
2	0.844262295081967	31.5	20	1	NA	NA
8	0.844262295081967	38.5	20	1	NA	NA
4	0.844262295081967	35.5	20	1	NA	NA
2	0.844262295081967	32	20	1	NA	NA
9	0.844262295081967	37.5	20	1	NA	NA
8	0.844262295081967	37	20	1	NA	NA
7	0.844262295081967	36.5	20	1	NA	NA
8	0.844262295081967	36.5	20	1	NA	NA
10	0.844262295081967	39	20	1	NA	NA
4	0.844262295081967	35.5	20	1	NA	NA
3	0.844262295081967	32	20	1	NA	NA
9	0.844262295081967	38.5	20	1	NA	NA
8	0.844262295081967	37.5	20	1	NA	NA
4	0.844262295081967	32	20	1	NA	NA
2	0.844262295081967	35	20	1	NA	NA
4	0.844262295081967	36	20	1	NA	NA
9	0.844262295081967	41	20	1	NA	NA
3	0.844262295081967	33.5	20	1	NA	NA
9	0.844262295081967	37.5	20	1	NA	NA
3	0.844262295081967	35.5	20	1	NA	NA
12	0.844262295081967	40	20	1	NA	NA
10	0.844262295081967	38.5	20	1	NA	NA
10	0.844262295081967	37	20	1	NA	NA
3	0.844262295081967	31.5	20	1	NA	NA
3	0.844262295081967	35.5	20	1	NA	NA
2	0.844262295081967	30	20	1	NA	NA
4	0.844262295081967	35.5	20	1	NA	NA
4	0.844262295081967	34.5	20	1	NA	NA
5	0.844262295081967	36	20	1	NA	NA
10	0.781420765027322	39	21	1	NA	NA
4	0.781420765027322	34	21	1	NA	NA
2	0.781420765027322	32.5	21	1	NA	NA
8	0.781420765027322	36.5	21	1	NA	NA
3	0.781420765027322	31.5	21	1	NA	NA
10	0.781420765027322	38	21	1	NA	NA
3	0.781420765027322	32	21	1	NA	NA
8	0.781420765027322	38.5	21	1	NA	NA
4	0.781420765027322	35.5	21	1	NA	NA
3	0.781420765027322	35.5	21	1	NA	NA
9	0.781420765027322	36.5	21	1	NA	NA
4	0.781420765027322	35.5	21	1	NA	NA
8	0.781420765027322	37.5	21	1	NA	NA
6	0.781420765027322	36	21	1	NA	NA
9	0.781420765027322	38.5	21	1	NA	NA
9	0.781420765027322	39.5	21	1	NA	NA
9	0.781420765027322	39	21	1	NA	NA
8	0.781420765027322	37	21	1	NA	NA
2	0.781420765027322	33	21	1	NA	NA
4	0.781420765027322	33.5	21	1	NA	NA
8	0.781420765027322	36.5	21	1	NA	NA
4	0.781420765027322	34	21	1	NA	NA
4	0.781420765027322	35	21	1	NA	NA
4	0.781420765027322	34	21	1	NA	NA
10	0.781420765027322	37.5	21	1	NA	NA
6	0.781420765027322	37.5	21	1	NA	NA
11	0.781420765027322	40	21	1	NA	NA
9	0.781420765027322	37.5	21	1	NA	NA
3	0.781420765027322	34	21	1	NA	NA
3	0.781420765027322	31	21	1	NA	NA
4	0.789617486338798	37.5	22	1	NA	NA
4	0.789617486338798	36	22	1	NA	NA
9	0.789617486338798	37.5	22	1	NA	NA
12	0.789617486338798	38.5	22	1	NA	NA
12	0.789617486338798	39	22	1	NA	NA
8	0.789617486338798	38.5	22	1	NA	NA
6	0.789617486338798	36.5	22	1	NA	NA
6	0.789617486338798	36	22	1	NA	NA
3	0.789617486338798	35.5	22	1	NA	NA
9	0.789617486338798	40	22	1	NA	NA
8	0.789617486338798	38	22	1	NA	NA
7	0.789617486338798	36.5	22	1	NA	NA
7	0.789617486338798	37	22	1	NA	NA
4	0.789617486338798	36	22	1	NA	NA
7	0.789617486338798	36	22	1	NA	NA
3	0.789617486338798	33.5	22	1	NA	NA
9	0.789617486338798	38.5	22	1	NA	NA
11	0.789617486338798	40	22	1	NA	NA
10	0.789617486338798	36.5	22	1	NA	NA
9	0.789617486338798	38.5	22	1	NA	NA
3	0.789617486338798	33	22	1	NA	NA
8	0.789617486338798	38	22	1	NA	NA
6	0.789617486338798	35.5	22	1	NA	NA
11	0.789617486338798	38.5	22	1	NA	NA
9	0.789617486338798	38.5	22	1	NA	NA
4	0.789617486338798	33	22	1	NA	NA
7	0.789617486338798	38.5	22	1	NA	NA
3	0.789617486338798	35	22	1	NA	NA
4	0.789617486338798	34	22	1	NA	NA
9	0.80327868852459	37.5	23	1	NA	NA
6	0.80327868852459	35.5	23	1	NA	NA
4	0.80327868852459	34	23	1	NA	NA
7	0.80327868852459	36	23	1	NA	NA
6	0.80327868852459	35.5	23	1	NA	NA
4	0.80327868852459	35	23	1	NA	NA
10	0.80327868852459	36.5	23	1	NA	NA
6	0.80327868852459	37	23	1	NA	NA
9	0.80327868852459	38.5	23	1	NA	NA
12	0.80327868852459	41	23	1	NA	NA
9	0.80327868852459	39.5	23	1	NA	NA
6	0.80327868852459	38	23	1	NA	NA
10	0.80327868852459	38.5	23	1	NA	NA
8	0.80327868852459	39	23	1	NA	NA
4	0.80327868852459	35.5	23	1	NA	NA
10	0.80327868852459	38.5	23	1	NA	NA
6	0.80327868852459	35.5	23	1	NA	NA
10	0.80327868852459	38.5	23	1	NA	NA
7	0.80327868852459	38.5	23	1	NA	NA
4	0.80327868852459	33	23	1	NA	NA
9	0.80327868852459	37.5	23	1	NA	NA
6	0.789617486338798	37	24	1	NA	NA
9	0.789617486338798	37.5	24	1	NA	NA
12	0.789617486338798	42.5	24	1	NA	NA
11	0.789617486338798	38.5	24	1	NA	NA
8	0.789617486338798	37.5	24	1	NA	NA
10	0.789617486338798	35.5	24	1	NA	NA
2	0.789617486338798	32	24	1	NA	NA
10	0.789617486338798	37	24	1	NA	NA
10	0.789617486338798	37.5	24	1	NA	NA
8	0.789617486338798	37.5	24	1	NA	NA
10	0.789617486338798	37.5	24	1	NA	NA
12	0.789617486338798	39	24	1	NA	NA
4	0.789617486338798	35.5	24	1	NA	NA
2	0.789617486338798	35.5	24	1	NA	NA
7	0.789617486338798	37.5	24	1	NA	NA
4	0.789617486338798	36.5	24	1	NA	NA
6	0.789617486338798	37	24	1	NA	NA
4	0.789617486338798	36	24	1	NA	NA
10	0.789617486338798	37	24	1	NA	NA
4	0.789617486338798	33	24	1	NA	NA
10	0.789617486338798	37.5	24	1	NA	NA
9	0.789617486338798	38.5	24	1	NA	NA
10	0.789617486338798	36.5	24	1	NA	NA
12	0.789617486338798	40	24	1	NA	NA
3	0.789617486338798	32.5	24	1	NA	NA
10	0.789617486338798	38.5	24	1	NA	NA
7	0.789617486338798	36	24	1	NA	NA
10	0.789617486338798	38.5	24	1	NA	NA
3	0.789617486338798	33	24	1	NA	NA
3	0.789617486338798	32	24	1	NA	NA
5	0.786885245901639	37	25	1	NA	NA
8	0.786885245901639	37.5	25	1	NA	NA
6	0.786885245901639	35.5	25	1	NA	NA
5	0.786885245901639	35	25	1	NA	NA
10	0.786885245901639	36	25	1	NA	NA
12	0.786885245901639	38.5	25	1	NA	NA
5	0.786885245901639	34.5	25	1	NA	NA
10	0.786885245901639	38.5	25	1	NA	NA
9	0.786885245901639	35	25	1	NA	NA
7	0.786885245901639	36	25	1	NA	NA
6	0.786885245901639	36	25	1	NA	NA
8	0.786885245901639	37	25	1	NA	NA
10	0.786885245901639	37.5	25	1	NA	NA
12	0.786885245901639	37.5	25	1	NA	NA
12	0.786885245901639	37	25	1	NA	NA
11	0.786885245901639	39	25	1	NA	NA
4	0.786885245901639	34.5	25	1	NA	NA
12	0.786885245901639	38.5	25	1	NA	NA
5	0.786885245901639	34	25	1	NA	NA
10	0.786885245901639	36	25	1	NA	NA
8	0.786885245901639	35.5	25	1	NA	NA
4	0.786885245901639	33	25	1	NA	NA
4	0.770491803278689	38.5	26	1	NA	NA
9	0.770491803278689	39.5	26	1	NA	NA
11	0.770491803278689	35.5	26	1	NA	NA
12	0.770491803278689	39	26	1	NA	NA
9	0.770491803278689	37	26	1	NA	NA
10	0.770491803278689	41	26	1	NA	NA
9	0.770491803278689	37	26	1	NA	NA
11	0.770491803278689	39.5	26	1	NA	NA
6	0.770491803278689	38.5	26	1	NA	NA
8	0.770491803278689	40	26	1	NA	NA
9	0.770491803278689	39	26	1	NA	NA
12	0.770491803278689	40	26	1	NA	NA
12	0.770491803278689	39.5	26	1	NA	NA
10	0.770491803278689	38	26	1	NA	NA
12	0.770491803278689	37	26	1	NA	NA
8	0.770491803278689	36	26	1	NA	NA
11	0.770491803278689	38	26	1	NA	NA
12	0.770491803278689	40	26	1	NA	NA
8	0.770491803278689	37	26	1	NA	NA
11	0.770491803278689	36	26	1	NA	NA
12	0.770491803278689	38	26	1	NA	NA
6	0.770491803278689	37.5	26	1	NA	NA
9	0.770491803278689	39	26	1	NA	NA
6	0.770491803278689	34.5	26	1	NA	NA
12	0.770491803278689	38.5	26	1	NA	NA
10	0.770491803278689	38.5	26	1	NA	NA
12	0.770491803278689	37	26	1	NA	NA
12	0.792349726775956	40	27	1	NA	NA
2	0.792349726775956	30.5	27	1	NA	NA
10	0.792349726775956	38.5	27	1	NA	NA
2	0.792349726775956	33	27	1	NA	NA
4	0.792349726775956	34.5	27	1	NA	NA
10	0.792349726775956	38.5	27	1	NA	NA
9	0.792349726775956	38	27	1	NA	NA
7	0.792349726775956	36	27	1	NA	NA
7	0.792349726775956	37	27	1	NA	NA
5	0.792349726775956	36	27	1	NA	NA
6	0.792349726775956	37.5	27	1	NA	NA
9	0.792349726775956	39	27	1	NA	NA
7	0.792349726775956	35.5	27	1	NA	NA
5	0.792349726775956	35	27	1	NA	NA
9	0.792349726775956	38	27	1	NA	NA
3	0.792349726775956	34.5	27	1	NA	NA
10	0.792349726775956	37	27	1	NA	NA
4	0.792349726775956	34	27	1	NA	NA
3	0.792349726775956	32.5	27	1	NA	NA
4	0.792349726775956	34	27	1	NA	NA
6	0.792349726775956	37	27	1	NA	NA
3	0.792349726775956	35.5	27	1	NA	NA
12	0.792349726775956	38	27	1	NA	NA
9	0.792349726775956	37	27	1	NA	NA
9	0.792349726775956	38	27	1	NA	NA
10	0.792349726775956	38	27	1	NA	NA
12	0.792349726775956	39.5	27	1	NA	NA
9	0.792349726775956	37.5	27	1	NA	NA
9	0.792349726775956	36.5	27	1	NA	NA
10	0.792349726775956	39.5	27	1	NA	NA
3	0.822404371584699	33.5	28	1	NA	NA
9	0.822404371584699	38	28	1	NA	NA
3	0.822404371584699	34.5	28	1	NA	NA
12	0.822404371584699	40	28	1	NA	NA
2	0.822404371584699	33.5	28	1	NA	NA
4	0.822404371584699	35.5	28	1	NA	NA
8	0.822404371584699	38	28	1	NA	NA
10	0.822404371584699	38.5	28	1	NA	NA
3	0.822404371584699	34.5	28	1	NA	NA
1	0.822404371584699	28	28	1	NA	NA
6	0.822404371584699	36	28	1	NA	NA
3	0.822404371584699	34	28	1	NA	NA
9	0.822404371584699	37.5	28	1	NA	NA
4	0.822404371584699	34	28	1	NA	NA
5	0.822404371584699	37	28	1	NA	NA
3	0.822404371584699	35.5	28	1	NA	NA
3	0.822404371584699	32.5	28	1	NA	NA
2	0.822404371584699	30.5	28	1	NA	NA
2	0.822404371584699	33	28	1	NA	NA
3	0.822404371584699	34	28	1	NA	NA
2	0.822404371584699	34	28	1	NA	NA
6	0.822404371584699	36	28	1	NA	NA
9	0.792349726775956	38.5	29	1	NA	NA
11	0.792349726775956	38.5	29	1	NA	NA
12	0.792349726775956	41	29	1	NA	NA
7	0.792349726775956	38.5	29	1	NA	NA
8	0.792349726775956	37.5	29	1	NA	NA
12	0.792349726775956	40.5	29	1	NA	NA
12	0.792349726775956	40	29	1	NA	NA
12	0.792349726775956	38.5	29	1	NA	NA
10	0.792349726775956	39	29	1	NA	NA
6	0.792349726775956	36.5	29	1	NA	NA
3	0.792349726775956	34	29	1	NA	NA
10	0.792349726775956	37	29	1	NA	NA
10	0.792349726775956	38.5	29	1	NA	NA
9	0.792349726775956	38.5	29	1	NA	NA
10	0.792349726775956	39	29	1	NA	NA
3	0.792349726775956	35	29	1	NA	NA
4	0.792349726775956	34	29	1	NA	NA
9	0.792349726775956	36	29	1	NA	NA
6	0.792349726775956	38	29	1	NA	NA
12	0.792349726775956	37.5	29	1	NA	NA
5	0.792349726775956	36.5	29	1	NA	NA
4	0.792349726775956	36.5	29	1	NA	NA
4	0.792349726775956	35	29	1	NA	NA
7	0.795081967213115	35.5	30	1	NA	NA
4	0.795081967213115	35	30	1	NA	NA
4	0.795081967213115	35	30	1	NA	NA
4	0.795081967213115	35	30	1	NA	NA
10	0.795081967213115	40	30	1	NA	NA
4	0.795081967213115	33.5	30	1	NA	NA
9	0.795081967213115	37.5	30	1	NA	NA
10	0.795081967213115	41	30	1	NA	NA
9	0.795081967213115	36.5	30	1	NA	NA
7	0.795081967213115	38	30	1	NA	NA
4	0.795081967213115	33.5	30	1	NA	NA
9	0.795081967213115	38	30	1	NA	NA
9	0.795081967213115	37.5	30	1	NA	NA
6	0.795081967213115	37.5	30	1	NA	NA
6	0.795081967213115	35.5	30	1	NA	NA
7	0.795081967213115	37	30	1	NA	NA
10	0.795081967213115	39.5	30	1	NA	NA
6	0.795081967213115	36	30	1	NA	NA
9	0.795081967213115	37	30	1	NA	NA
3	0.795081967213115	32.5	30	1	NA	NA
8	0.795081967213115	38.5	30	1	NA	NA
9	0.795081967213115	38.5	30	1	NA	NA
9	0.795081967213115	38.5	30	1	NA	NA
10	0.795081967213115	36	30	1	NA	NA
9	0.795081967213115	38.5	30	1	NA	NA
9	0.745901639344262	37	31	1	NA	NA
10	0.745901639344262	38	31	1	NA	NA
9	0.745901639344262	37.5	31	1	NA	NA
7	0.745901639344262	37	31	1	NA	NA
10	0.745901639344262	38	31	1	NA	NA
5	0.745901639344262	36.5	31	1	NA	NA
12	0.745901639344262	38.5	31	1	NA	NA
12	0.745901639344262	36.5	31	1	NA	NA
9	0.745901639344262	37.5	31	1	NA	NA
11	0.745901639344262	38	31	1	NA	NA
10	0.745901639344262	38	31	1	NA	NA
6	0.745901639344262	37	31	1	NA	NA
12	0.745901639344262	40	31	1	NA	NA
12	0.745901639344262	40	31	1	NA	NA
10	0.745901639344262	37	31	1	NA	NA
6	0.745901639344262	37.5	31	1	NA	NA
6	0.745901639344262	37	31	1	NA	NA
9	0.745901639344262	36.5	31	1	NA	NA
7	0.745901639344262	37.5	31	1	NA	NA
6	0.745901639344262	35.5	31	1	NA	NA
11	0.745901639344262	39.5	31	1	NA	NA
6	0.745901639344262	36	31	1	NA	NA
9	0.745901639344262	38	31	1	NA	NA
10	0.745901639344262	38.5	31	1	NA	NA
10	0.745901639344262	38.5	31	1	NA	NA
9	0.745901639344262	37.5	31	1	NA	NA
10	0.745901639344262	39	31	1	NA	NA
2	0.745901639344262	32	31	1	NA	NA
12	0.745901639344262	40.5	31	1	NA	NA
12	0.83879781420765	39	32	1	NA	NA
12	0.83879781420765	39.5	32	1	NA	NA
9	0.83879781420765	36	32	1	NA	NA
3	0.83879781420765	31.5	32	1	NA	NA
6	0.83879781420765	37	32	1	NA	NA
7	0.83879781420765	35.5	32	1	NA	NA
7	0.83879781420765	36	32	1	NA	NA
10	0.83879781420765	38.5	32	1	NA	NA
9	0.83879781420765	38.5	32	1	NA	NA
12	0.83879781420765	38.5	32	1	NA	NA
12	0.83879781420765	39.5	32	1	NA	NA
6	0.83879781420765	37	32	1	NA	NA
5	0.83879781420765	35	32	1	NA	NA
3	0.83879781420765	34	32	1	NA	NA
10	0.83879781420765	38.5	32	1	NA	NA
4	0.83879781420765	33	32	1	NA	NA
4	0.83879781420765	36	32	1	NA	NA
3	0.83879781420765	36	32	1	NA	NA
4	0.83879781420765	34.5	32	1	NA	NA
2	0.83879781420765	33.5	32	1	NA	NA
7	0.83879781420765	38	32	1	NA	NA
4	0.83879781420765	34.5	32	1	NA	NA
10	0.83879781420765	37	32	1	NA	NA
4	0.83879781420765	35	32	1	NA	NA
12	0.83879781420765	38.5	32	1	NA	NA
1	0.83879781420765	29	32	1	NA	NA
9	0.827868852459016	38.5	33	1	NA	NA
7	0.827868852459016	37.5	33	1	NA	NA
6	0.827868852459016	36	33	1	NA	NA
4	0.827868852459016	35.5	33	1	NA	NA
5	0.827868852459016	36	33	1	NA	NA
10	0.827868852459016	39.5	33	1	NA	NA
9	0.827868852459016	38.5	33	1	NA	NA
6	0.827868852459016	36.5	33	1	NA	NA
7	0.827868852459016	38.5	33	1	NA	NA
10	0.827868852459016	36.5	33	1	NA	NA
11	0.827868852459016	37	33	1	NA	NA
8	0.827868852459016	37	33	1	NA	NA
10	0.827868852459016	39	33	1	NA	NA
9	0.827868852459016	38.5	33	1	NA	NA
8	0.827868852459016	37.5	33	1	NA	NA
9	0.827868852459016	38	33	1	NA	NA
8	0.827868852459016	37	33	1	NA	NA
6	0.827868852459016	38	33	1	NA	NA
9	0.827868852459016	39.5	33	1	NA	NA
4	0.827868852459016	34	33	1	NA	NA
4	0.827868852459016	35	33	1	NA	NA
4	0.827868852459016	35	33	1	NA	NA
3	0.827868852459016	34	33	1	NA	NA
9	0.827868852459016	38	33	1	NA	NA
7	0.827868852459016	36.5	33	1	NA	NA
9	0.827868852459016	40	33	1	NA	NA
4	0.827868852459016	34.5	33	1	NA	NA
8	0.827868852459016	37.5	33	1	NA	NA
4	0.827868852459016	33.5	33	1	NA	NA
2	0.827868852459016	33	33	1	NA	NA
6	0.786885245901639	36	34	1	NA	NA
3	0.786885245901639	34.5	34	1	NA	NA
8	0.786885245901639	37	34	1	NA	NA
10	0.786885245901639	39	34	1	NA	NA
8	0.786885245901639	38.5	34	1	NA	NA
1	0.786885245901639	31.5	34	1	NA	NA
3	0.786885245901639	34.5	34	1	NA	NA
3	0.786885245901639	34	34	1	NA	NA
8	0.786885245901639	38	34	1	NA	NA
10	0.786885245901639	39.5	34	1	NA	NA
1	0.786885245901639	30.5	34	1	NA	NA
10	0.786885245901639	38.5	34	1	NA	NA
6	0.786885245901639	37.5	34	1	NA	NA
11	0.786885245901639	39	34	1	NA	NA
6	0.786885245901639	37	34	1	NA	NA
8	0.786885245901639	38.5	34	1	NA	NA
11	0.786885245901639	36.5	34	1	NA	NA
11	0.786885245901639	40	34	1	NA	NA
3	0.786885245901639	33.5	34	1	NA	NA
12	0.786885245901639	38.5	34	1	NA	NA
8	0.786885245901639	38.5	34	1	NA	NA
8	0.786885245901639	38.5	34	1	NA	NA
5	0.786885245901639	36	34	1	NA	NA
9	0.786885245901639	36.5	34	1	NA	NA
6	0.786885245901639	37.5	34	1	NA	NA
4	0.786885245901639	34.5	34	1	NA	NA
8	0.786885245901639	39.5	34	1	NA	NA
3	0.786885245901639	34	34	1	NA	NA
7	0.786885245901639	38.5	34	1	NA	NA
3	0.786885245901639	33	34	1	NA	NA
10	0.748633879781421	38	35	1	NA	NA
7	0.748633879781421	37	35	1	NA	NA
6	0.748633879781421	36	35	1	NA	NA
11	0.748633879781421	35	35	1	NA	NA
11	0.748633879781421	38.5	35	1	NA	NA
7	0.748633879781421	36	35	1	NA	NA
9	0.748633879781421	36.5	35	1	NA	NA
6	0.748633879781421	37	35	1	NA	NA
9	0.748633879781421	38.5	35	1	NA	NA
10	0.748633879781421	38.5	35	1	NA	NA
12	0.748633879781421	38.5	35	1	NA	NA
4	0.748633879781421	34.5	35	1	NA	NA
8	0.748633879781421	37.5	35	1	NA	NA
7	0.748633879781421	37	35	1	NA	NA
3	0.748633879781421	32.5	35	1	NA	NA
3	0.748633879781421	33.5	35	1	NA	NA
11	0.748633879781421	38.5	35	1	NA	NA
8	0.748633879781421	36.5	35	1	NA	NA
8	0.748633879781421	37	35	1	NA	NA
8	0.748633879781421	36	35	1	NA	NA
4	0.748633879781421	35	35	1	NA	NA
9	0.80327868852459	37.5	36	1	NA	NA
8	0.80327868852459	37	36	1	NA	NA
6	0.80327868852459	38	36	1	NA	NA
8	0.80327868852459	36.5	36	1	NA	NA
6	0.80327868852459	37	36	1	NA	NA
10	0.80327868852459	37	36	1	NA	NA
4	0.80327868852459	34	36	1	NA	NA
10	0.80327868852459	38.5	36	1	NA	NA
10	0.80327868852459	36.5	36	1	NA	NA
2	0.80327868852459	34	36	1	NA	NA
6	0.80327868852459	36	36	1	NA	NA
3	0.80327868852459	34.5	36	1	NA	NA
9	0.80327868852459	36.5	36	1	NA	NA
8	0.80327868852459	38.5	36	1	NA	NA
9	0.80327868852459	37.5	36	1	NA	NA
9	0.80327868852459	37	36	1	NA	NA
7	0.80327868852459	37.5	36	1	NA	NA
5	0.80327868852459	36	36	1	NA	NA
10	0.806010928961749	37	37	1	NA	NA
3	0.806010928961749	37	37	1	NA	NA
4	0.806010928961749	34	37	1	NA	NA
4	0.806010928961749	34	37	1	NA	NA
9	0.806010928961749	38.5	37	1	NA	NA
5	0.806010928961749	37.5	37	1	NA	NA
6	0.806010928961749	36.5	37	1	NA	NA
9	0.806010928961749	40	37	1	NA	NA
7	0.806010928961749	38.5	37	1	NA	NA
9	0.806010928961749	38.5	37	1	NA	NA
3	0.806010928961749	33.5	37	1	NA	NA
3	0.806010928961749	31.5	37	1	NA	NA
4	0.806010928961749	35	37	1	NA	NA
10	0.806010928961749	38.5	37	1	NA	NA
6	0.806010928961749	36.5	37	1	NA	NA
6	0.806010928961749	36	37	1	NA	NA
4	0.806010928961749	35.5	37	1	NA	NA
3	0.806010928961749	32	37	1	NA	NA
5	0.806010928961749	36	37	1	NA	NA
12	0.806010928961749	39.5	37	1	NA	NA
12	0.806010928961749	40	37	1	NA	NA
6	0.806010928961749	37	37	1	NA	NA
8	0.806010928961749	37.5	37	1	NA	NA
7	0.806010928961749	35.5	37	1	NA	NA
2	0.806010928961749	31.5	37	1	NA	NA
8	0.806010928961749	39.5	37	1	NA	NA
7	0.806010928961749	38.5	37	1	NA	NA
8	0.806010928961749	38	37	1	NA	NA
6	0.806010928961749	37.5	37	1	NA	NA
9	0.806010928961749	39.5	37	1	NA	NA
4	0.775956284153005	34.5	38	1	NA	NA
8	0.775956284153005	35	38	1	NA	NA
7	0.775956284153005	38	38	1	NA	NA
9	0.775956284153005	36.5	38	1	NA	NA
8	0.775956284153005	36.5	38	1	NA	NA
8	0.775956284153005	36	38	1	NA	NA
12	0.775956284153005	40	38	1	NA	NA
12	0.775956284153005	37	38	1	NA	NA
3	0.775956284153005	32	38	1	NA	NA
12	0.775956284153005	37	38	1	NA	NA
12	0.775956284153005	36	38	1	NA	NA
6	0.775956284153005	38	38	1	NA	NA
11	0.775956284153005	39	38	1	NA	NA
12	0.775956284153005	38.5	38	1	NA	NA
3	0.775956284153005	32.5	38	1	NA	NA
4	0.775956284153005	33.5	38	1	NA	NA
4	0.775956284153005	34.5	38	1	NA	NA
10	0.775956284153005	38.5	38	1	NA	NA
11	0.775956284153005	38	38	1	NA	NA
6	0.775956284153005	38	38	1	NA	NA
11	0.775956284153005	39.5	38	1	NA	NA
9	0.775956284153005	38	38	1	NA	NA
6	0.775956284153005	38	38	1	NA	NA
4	0.775956284153005	33.5	38	1	NA	NA
6	0.775956284153005	37	38	1	NA	NA
2	0.775956284153005	32.5	38	1	NA	NA
11	0.775956284153005	37.5	38	1	NA	NA
9	0.775956284153005	38.5	38	1	NA	NA
3	0.773224043715847	33	39	1	NA	NA
7	0.773224043715847	37.5	39	1	NA	NA
8	0.773224043715847	37.5	39	1	NA	NA
9	0.773224043715847	35	39	1	NA	NA
11	0.773224043715847	38.5	39	1	NA	NA
5	0.773224043715847	37	39	1	NA	NA
8	0.773224043715847	38.5	39	1	NA	NA
3	0.773224043715847	34	39	1	NA	NA
8	0.773224043715847	37.5	39	1	NA	NA
2	0.773224043715847	33	39	1	NA	NA
9	0.773224043715847	39	39	1	NA	NA
6	0.773224043715847	37	39	1	NA	NA
12	0.83879781420765	41.5	40	1	NA	NA
4	0.83879781420765	36	40	1	NA	NA
12	0.83879781420765	41	40	1	NA	NA
6	0.83879781420765	35.5	40	1	NA	NA
10	0.83879781420765	38.5	40	1	NA	NA
1	0.83879781420765	31	40	1	NA	NA
12	0.83879781420765	37	40	1	NA	NA
9	0.83879781420765	38.5	40	1	NA	NA
8	0.83879781420765	38.5	40	1	NA	NA
9	0.83879781420765	38.5	40	1	NA	NA
7	0.83879781420765	36.5	40	1	NA	NA
11	0.83879781420765	37	40	1	NA	NA
9	0.83879781420765	38.5	40	1	NA	NA
5	0.83879781420765	37	40	1	NA	NA
4	0.83879781420765	35.5	40	1	NA	NA
10	0.83879781420765	40	40	1	NA	NA
6	0.83879781420765	36.5	40	1	NA	NA
4	0.83879781420765	32.5	40	1	NA	NA
7	0.83879781420765	37.5	40	1	NA	NA
5	0.83879781420765	34	40	1	NA	NA
2	0.83879781420765	32.5	40	1	NA	NA
3	0.83879781420765	33	40	1	NA	NA
6	0.83879781420765	36.5	40	1	NA	NA
8	0.83879781420765	38	40	1	NA	NA
8	0.83879781420765	37.5	40	1	NA	NA
2	0.83879781420765	30.5	40	1	NA	NA
4	0.83879781420765	35.5	40	1	NA	NA
6	0.759562841530055	36.5	41	1	NA	NA
4	0.759562841530055	35.5	41	1	NA	NA
9	0.759562841530055	35.5	41	1	NA	NA
12	0.759562841530055	41	41	1	NA	NA
4	0.759562841530055	33	41	1	NA	NA
6	0.759562841530055	36	41	1	NA	NA
4	0.759562841530055	35.5	41	1	NA	NA
9	0.759562841530055	36	41	1	NA	NA
5	0.759562841530055	38.5	41	1	NA	NA
6	0.759562841530055	38	41	1	NA	NA
10	0.759562841530055	40.5	41	1	NA	NA
6	0.759562841530055	36.5	41	1	NA	NA
8	0.759562841530055	37	41	1	NA	NA
6	0.759562841530055	37	41	1	NA	NA
9	0.759562841530055	37	41	1	NA	NA
5	0.759562841530055	37.5	41	1	NA	NA
5	0.759562841530055	37	41	1	NA	NA
12	0.759562841530055	37.5	41	1	NA	NA
4	0.759562841530055	35.5	41	1	NA	NA
3	0.759562841530055	33.5	41	1	NA	NA
9	0.759562841530055	38	41	1	NA	NA
6	0.759562841530055	37.5	41	1	NA	NA
11	0.759562841530055	37.5	41	1	NA	NA
6	0.759562841530055	36	41	1	NA	NA
4	0.759562841530055	35	41	1	NA	NA
6	0.759562841530055	37	42	1	NA	NA
8	0.759562841530055	37	42	1	NA	NA
11	0.759562841530055	38.5	42	1	NA	NA
6	0.759562841530055	35.5	42	1	NA	NA
9	0.759562841530055	37	42	1	NA	NA
9	0.759562841530055	37	42	1	NA	NA
10	0.759562841530055	38.5	42	1	NA	NA
11	0.759562841530055	38.5	42	1	NA	NA
10	0.759562841530055	37.5	42	1	NA	NA
7	0.759562841530055	37	42	1	NA	NA
12	0.759562841530055	38.5	42	1	NA	NA
9	0.759562841530055	37.5	42	1	NA	NA
6	0.759562841530055	36.5	42	1	NA	NA
9	0.759562841530055	37	42	1	NA	NA
9	0.759562841530055	37	42	1	NA	NA
9	0.759562841530055	39	42	1	NA	NA
11	0.759562841530055	38.5	42	1	NA	NA
10	0.759562841530055	39	42	1	NA	NA
6	0.759562841530055	38	42	1	NA	NA
10	0.759562841530055	38.5	42	1	NA	NA
10	0.759562841530055	37.5	42	1	NA	NA
10	0.759562841530055	37.5	42	1	NA	NA
10	0.759562841530055	38	42	1	NA	NA
9	0.759562841530055	38	42	1	NA	NA
10	0.759562841530055	38.5	42	1	NA	NA
10	0.759562841530055	37	42	1	NA	NA
10	0.759562841530055	37	42	1	NA	NA
8	0.759562841530055	37.5	42	1	NA	NA
4	0.754098360655738	36	43	1	NA	NA
3	0.754098360655738	35.5	43	1	NA	NA
12	0.754098360655738	39.5	43	1	NA	NA
6	0.754098360655738	37	43	1	NA	NA
6	0.754098360655738	37.5	43	1	NA	NA
3	0.754098360655738	33	43	1	NA	NA
10	0.754098360655738	36.5	43	1	NA	NA
8	0.754098360655738	38.5	43	1	NA	NA
9	0.754098360655738	38.5	43	1	NA	NA
5	0.754098360655738	35.5	43	1	NA	NA
7	0.754098360655738	35.5	43	1	NA	NA
6	0.754098360655738	37.5	43	1	NA	NA
4	0.754098360655738	35	43	1	NA	NA
6	0.754098360655738	37.5	43	1	NA	NA
6	0.754098360655738	32.5	43	1	NA	NA
4	0.754098360655738	35	43	1	NA	NA
4	0.754098360655738	35.5	43	1	NA	NA
6	0.754098360655738	35	43	1	NA	NA
9	0.754098360655738	37	43	1	NA	NA
9	0.754098360655738	37	43	1	NA	NA
6	0.754098360655738	38.5	43	1	NA	NA
4	0.754098360655738	34	43	1	NA	NA
3	0.754098360655738	32.5	43	1	NA	NA
10	0.754098360655738	37.5	43	1	NA	NA
12	0.754098360655738	40	43	1	NA	NA
3	0.754098360655738	34.5	43	1	NA	NA
5	0.754098360655738	34.5	43	1	NA	NA
10	0.754098360655738	38.5	43	1	NA	NA
10	0.754098360655738	37.5	44	1	NA	NA
9	0.754098360655738	37.5	44	1	NA	NA
3	0.754098360655738	35	44	1	NA	NA
10	0.754098360655738	40.5	44	1	NA	NA
4	0.754098360655738	34.5	44	1	NA	NA
4	0.754098360655738	33.5	44	1	NA	NA
2	0.754098360655738	30.5	44	1	NA	NA
3	0.754098360655738	33.5	44	1	NA	NA
4	0.754098360655738	36	44	1	NA	NA
3	0.754098360655738	34	44	1	NA	NA
4	0.754098360655738	36.5	44	1	NA	NA
12	0.754098360655738	39.5	44	1	NA	NA
3	0.754098360655738	30.5	44	1	NA	NA
2	0.754098360655738	33	44	1	NA	NA
4	0.754098360655738	34	44	1	NA	NA
4	0.754098360655738	35.5	44	1	NA	NA
4	0.754098360655738	32	44	1	NA	NA
10	0.754098360655738	38.5	44	1	NA	NA
9	0.754098360655738	37	44	1	NA	NA
4	0.754098360655738	34	44	1	NA	NA
6	0.754098360655738	36	44	1	NA	NA
9	0.754098360655738	35	44	1	NA	NA
10	0.754098360655738	37	44	1	NA	NA
10	0.754098360655738	38.5	44	1	NA	NA
5	0.754098360655738	36.5	44	1	NA	NA
12	0.754098360655738	37	44	1	NA	NA
9	0.754098360655738	38.5	44	1	NA	NA
10	0.754098360655738	41	44	1	NA	NA
8	0.754098360655738	37.5	44	1	NA	NA
2	0.781420765027322	31.5	45	1	NA	NA
8	0.781420765027322	39.5	45	1	NA	NA
10	0.781420765027322	40	45	1	NA	NA
6	0.781420765027322	37	45	1	NA	NA
6	0.781420765027322	36.5	45	1	NA	NA
6	0.781420765027322	37.5	45	1	NA	NA
9	0.781420765027322	35.5	45	1	NA	NA
8	0.781420765027322	36	45	1	NA	NA
7	0.781420765027322	39	45	1	NA	NA
7	0.781420765027322	36.5	45	1	NA	NA
3	0.781420765027322	33	45	1	NA	NA
11	0.781420765027322	39.5	45	1	NA	NA
6	0.781420765027322	37	45	1	NA	NA
5	0.781420765027322	35.5	45	1	NA	NA
8	0.781420765027322	38.5	45	1	NA	NA
7	0.781420765027322	37.5	45	1	NA	NA
9	0.781420765027322	39	45	1	NA	NA
6	0.781420765027322	36	45	1	NA	NA
7	0.781420765027322	37.5	45	1	NA	NA
9	0.781420765027322	39.5	45	1	NA	NA
4	0.781420765027322	34.5	45	1	NA	NA
7	0.781420765027322	36.5	45	1	NA	NA
4	0.797814207650273	33	46	1	NA	NA
7	0.797814207650273	37.5	46	1	NA	NA
4	0.797814207650273	34.5	46	1	NA	NA
7	0.797814207650273	37	46	1	NA	NA
6	0.797814207650273	37	46	1	NA	NA
3	0.797814207650273	34.5	46	1	NA	NA
8	0.797814207650273	38.5	46	1	NA	NA
12	0.797814207650273	39	46	1	NA	NA
4	0.797814207650273	34.5	46	1	NA	NA
4	0.797814207650273	35	46	1	NA	NA
3	0.797814207650273	33	46	1	NA	NA
3	0.797814207650273	33	46	1	NA	NA
8	0.797814207650273	39	46	1	NA	NA
3	0.797814207650273	34	46	1	NA	NA
6	0.797814207650273	36	46	1	NA	NA
10	0.797814207650273	40	46	1	NA	NA
3	0.797814207650273	34	46	1	NA	NA
4	0.797814207650273	34.5	46	1	NA	NA
10	0.797814207650273	38.5	46	1	NA	NA
6	0.797814207650273	36	46	1	NA	NA
3	0.797814207650273	34.5	46	1	NA	NA
4	0.797814207650273	35	46	1	NA	NA
7	0.797814207650273	36.5	46	1	NA	NA
11	0.797814207650273	38.5	46	1	NA	NA
9	0.797814207650273	38.5	46	1	NA	NA
3	0.797814207650273	32	46	1	NA	NA
4	0.797814207650273	35	46	1	NA	NA
4	0.797814207650273	32	46	1	NA	NA
4	0.797814207650273	36.5	46	1	NA	NA
3	0.797814207650273	34.5	46	1	NA	NA
