"Iteration"	"tau_Intercept"
1	1312.10769463022
2	1209.71838070793
3	1181.34708760621
4	1141.20768847488
5	1136.6260307406
6	1251.8696622373
7	1217.74701161517
8	1174.76098540408
9	1238.07521560749
10	1164.40243737205
11	1357.51838528061
12	1292.81858594806
13	1114.72594536129
14	1142.97918733199
15	1235.92173647854
16	1261.54659477059
17	1237.86464566879
18	1127.15466341569
19	1116.39317867255
20	1161.23762951936
21	1236.87759783121
22	1258.6791121039
23	1193.42981804443
24	1213.61018511359
25	1229.20334602218
26	1193.32043097677
27	1228.64793757017
28	1118.22789030718
29	1156.99780226084
30	1093.92767540297
31	1325.77386722292
32	1158.01331615302
33	1296.07569925899
34	1099.52812090729
35	1150.47769069683
36	1142.49073544282
37	1198.12166454623
38	1207.87520902165
39	1126.23431862234
40	1210.04863008332
41	1245.71303927075
42	1171.24897420656
43	1235.75884993641
44	1190.0945029837
45	1225.11101851007
46	1278.08897011476
47	1174.82217655796
48	1255.54087461498
49	1197.18855792252
50	1220.82546158101
51	1226.29264190704
52	1219.86152441434
53	1211.38651396206
54	1219.32772703695
55	1203.70847738089
56	1201.0293044631
57	1136.86398421745
58	1157.26244526742
59	1209.60982457974
60	1174.82554337361
61	1202.40949323676
62	1239.30058828698
63	1215.6736352073
64	1188.72633717341
65	1216.58173238647
66	1174.23183015759
67	1170.15097134237
68	1196.27130462469
69	1171.13646842486
70	1279.63582189333
71	1155.10222618522
72	1119.47844665195
73	1191.84705493098
74	1195.97609796313
75	1192.37344090606
76	1227.34516994692
77	1217.72368828378
78	1188.22524727813
79	1115.39932253772
80	1269.47682086033
81	1166.82110783767
82	1250.72117759241
83	1212.32770283122
84	1187.47722260743
85	1254.76064492905
86	1190.27419432402
87	1227.52536853211
88	1226.0263059459
89	1081.39513663472
90	1254.46647564536
91	1212.0099592173
92	1194.86077153262
93	1159.31843868426
94	1223.79987511468
95	1208.24560002218
96	1143.99926498978
97	1216.35210385619
98	1176.62812896119
99	1178.42104220576
100	1213.19752497487
101	1157.16569634047
102	1202.78437607227
103	1221.27261165846
104	1263.41544098444
105	1233.26620785331
106	1178.33322755214
107	1224.52121839307
108	1161.1536682659
109	1119.95146467829
110	1225.69407374389
111	1257.58019027539
112	1183.67340591847
113	1188.52409242179
114	1251.78224204087
115	1189.23901701769
116	1139.54813934739
117	1161.8868585154
118	1173.61359683576
119	1223.49415942162
120	1160.55083356301
121	1101.77039132521
122	1221.10070013885
123	1218.70875472675
124	1206.7891298974
125	1239.82396946697
126	1140.6020905033
127	1145.26825479922
128	1276.24152611684
129	1161.94328821789
130	1230.64295493966
131	1190.5277923107
132	1186.45801574201
133	1213.20651189118
134	1227.52107409192
135	1176.11705274296
136	1134.34275681209
137	1160.25907890706
138	1226.08395979421
139	1163.05826019073
140	1246.15981089667
141	1237.22613998257
142	1226.96866646623
143	1117.06888122229
144	1252.08865466968
145	1218.18952425037
146	1196.08310170118
147	1211.39151612792
148	1205.33825978595
149	1176.60182161714
150	1297.74024280257
151	1171.36204350366
152	1149.9895562727
153	1169.50496373577
154	1230.20350102728
155	1181.715698207
156	1241.13161466534
157	1203.94906825951
158	1112.5631156871
159	1206.46879875889
160	1174.2172952356
161	1192.48099195018
162	1135.47380683661
163	1207.54249919189
164	1129.93288828463
165	1151.31175280797
166	1140.33926956605
167	1232.32615362099
168	1257.74060853955
169	1171.21580486729
170	1227.16451324008
171	1101.1389617618
172	1144.65285017069
173	1161.20884348949
174	1130.34507997306
175	1199.70154165578
176	1230.75162021596
177	1158.08721523146
178	1211.73899794342
179	1274.58846710337
180	1158.65929353846
181	1218.65856430728
182	1249.89996578493
183	1243.97878719311
184	1234.6087458159
185	1212.36043856422
186	1225.74924615891
187	1172.82263924233
188	1165.81437740983
189	1165.32664590962
190	1239.98684835303
191	1147.37987938388
192	1252.6134491441
193	1159.04791069405
194	1136.79257524799
195	1194.28477866843
196	1191.20025669864
197	1145.38653441274
198	1159.22777676563
199	1217.25510425487
200	1290.30043949808
201	1293.82078503485
202	1291.10855459545
203	1233.19582218739
204	1155.09937645754
205	1135.23535540989
206	1267.45916585865
207	1230.80662551172
208	1202.36048987235
209	1088.36866632197
210	1198.2686778175
211	1171.42519409733
212	1207.57776716073
213	1189.27742709441
214	1141.72393043438
215	1144.31724826104
216	1233.67973459417
217	1150.60242214813
218	1089.3932787198
219	1219.54817153517
220	1275.22784123023
221	1221.31252874741
222	1180.0700575546
223	1164.86710738152
224	1220.42484326842
225	1229.56461160384
226	1168.87734583753
227	1183.49899740596
228	1104.31676687677
229	1170.55221438835
230	1172.63253347106
231	1133.87887591668
232	1168.51066667566
233	1183.94102353193
234	1177.40418310031
235	1245.29869961225
236	1211.85185898333
237	1163.13063891391
238	1180.19410392194
239	1184.89951095537
240	1194.06873219642
241	1258.65975819522
242	1192.24741325842
243	1195.96768671377
244	1167.50791497953
245	1145.74475352397
246	1210.57857078145
247	1166.80040214916
248	1127.94427695269
249	1137.87177086943
250	1142.46032600362
251	1186.15197654882
252	1338.62778028477
253	1208.05316221131
254	1161.69370816725
255	1198.23298524697
256	1151.67123785138
257	1216.49650724898
258	1211.10461644691
259	1250.11972980024
260	1164.27344120687
261	1240.79040927126
262	1152.65604916516
263	1150.31353579531
264	1162.84455558893
265	1177.04839728123
266	1137.34376025362
267	1206.69286222775
268	1225.13505648827
269	1217.89586381755
270	1140.55444491461
271	1179.74044749792
272	1267.07366233118
273	1182.24168560435
274	1292.66308238231
275	1243.43771438788
276	1260.16255577378
277	1239.74164455482
278	1199.03574195743
279	1160.20256775027
280	1151.70171659441
281	1243.29348385798
282	1130.29928146422
283	1225.95417409481
284	1209.27089251717
285	1229.69796736933
286	1241.30961933128
287	1122.49824113562
288	1194.56255109774
289	1271.36121437631
290	1207.50907594211
291	1100.17496392134
292	1177.41047720501
293	1229.28433344904
294	1172.44632245798
295	1229.7974394794
296	1161.73183675446
297	1215.68666784849
298	1208.46127691356
299	1208.93726192762
300	1243.17001029067
301	1191.28296977201
302	1259.01271431552
303	1171.30820347515
304	1198.08378765194
305	1177.65295270276
306	1170.06997418681
307	1237.49276110634
308	1219.91745310387
309	1201.5187184528
310	1241.4574241361
311	1168.09346937068
312	1313.71345246627
313	1203.72585889847
314	1081.44880817192
315	1090.87990780618
316	1318.23035408902
317	1197.40796049623
318	1201.05321721391
319	1182.33000687388
320	1104.49118261156
321	1155.29207392872
322	1071.27064874365
323	1176.21155317701
324	1172.8282920229
325	1211.45292304024
326	1144.13562060626
327	1138.87494735033
328	1183.46799558287
329	1252.08364765399
330	1172.90878951676
331	1168.59400157284
332	1157.42665492743
333	1141.53539495539
334	1202.44339474561
335	1187.16033303659
336	1164.31007077326
337	1193.63248587763
338	1132.08146931108
339	1140.37330900176
340	1195.99431690729
341	1097.33274435243
342	1200.64430937163
343	1215.41104005964
344	1176.43525408638
345	1252.61147348837
346	1186.61607694305
347	1175.08957530305
348	1147.18603793791
349	1209.54999594129
350	1195.60358061805
351	1229.20522381547
352	1240.83679988393
353	1131.92558532082
354	1252.27453029582
355	1110.41137296406
356	1237.63785668331
357	1251.96645906073
358	1213.83666608909
359	1183.76025101283
360	1232.18468134437
361	1208.31121867298
362	1151.65838147607
363	1170.68335450008
364	1181.69002005913
365	1201.8812804608
366	1107.13842012261
367	1216.03445135463
368	1296.38596535704
369	1240.83429989459
370	1172.18880061479
371	1279.58737789484
372	1139.50827976993
373	1161.76922441164
374	1195.76843406062
375	1132.56909376329
376	1185.9053331998
377	1227.54037741396
378	1263.43035259143
379	1228.12901766061
380	1204.88367670527
381	1210.37434549644
382	1176.5815610633
383	1301.84270535723
384	1237.47694959404
385	1186.22547351028
386	1186.29097300209
387	1149.11935663631
388	1155.67073387471
389	1195.04337571042
390	1259.48477572596
391	1139.57411068957
392	1162.9233728663
393	1212.56958149932
394	1134.87153896336
395	1196.9418682894
396	1338.12195301293
397	1137.47784719891
398	1160.03195804709
399	1180.86851666124
400	1208.41351382139
401	1219.10027862062
402	1176.78358347311
403	1167.41188644308
404	1248.39587736728
405	1229.785459026
406	1231.90321976857
407	1103.95147981867
408	1206.23041013072
409	1258.90636859727
410	1143.62432705108
411	1209.74030946058
412	1160.76185935598
413	1180.56247054892
414	1223.26411662802
415	1143.46191829819
416	1240.89591639439
417	1191.56188452017
418	1262.70029310643
419	1214.29472730306
420	1242.89342356188
421	1159.20654062547
422	1158.23847462732
423	1199.71038650369
424	1264.04725212374
425	1136.93636672184
426	1185.27841158768
427	1207.93123196189
428	1131.87889883329
429	1232.27276353151
430	1164.00819204102
431	1199.05834141486
432	1138.90078366698
433	1144.69131821508
434	1237.38514552415
435	1204.07394816911
436	1128.5091085499
437	1139.86333997134
438	1224.70022052696
439	1271.36819947545
440	1172.31704754067
441	1295.79907038954
442	1208.31258667767
443	1226.41882617421
444	1192.79163346467
445	1270.78683483295
446	1172.13008184934
447	1203.24228607548
448	1126.01853395093
449	1168.42262387861
450	1181.36195499426
451	1179.98431157568
452	1213.46841297613
453	1118.99519946075
454	1196.30941756187
455	1230.18655936548
456	1178.431748309
457	1152.20524498358
458	1277.21354719599
459	1183.06718803563
460	1216.61011541343
461	1201.13478583138
462	1171.38938188598
463	1179.79702222673
464	1173.6781122488
465	1182.77672980765
466	1207.67718885289
467	1184.60642972694
468	1178.46458343291
469	1115.2579742131
470	1178.27650710095
471	1151.28383859816
472	1190.74401695083
473	1269.07957416932
474	1193.11050501794
475	1164.28669189779
476	1231.94019654755
477	1232.21906523203
478	1166.33817140569
479	1145.85958632097
480	1226.66977849613
481	1147.04885694753
482	1187.95916821652
483	1169.09624605937
484	1199.48475195686
485	1313.76270109422
486	1253.63787296438
487	1105.23223260974
488	1081.70124019312
489	1193.17032823262
490	1231.19218575262
491	1213.74976699849
492	1220.21781369996
493	1198.42541730796
494	1114.38657387464
495	1090.9966522861
496	1171.58200932372
497	1199.72618857885
498	1098.46711738744
499	1166.28796351984
500	1224.42591773821
501	1241.4222593469
502	1175.48679002581
503	1165.46243080812
504	1127.03181683486
505	1152.4098116688
506	1137.41857807571
507	1150.45702656558
508	1221.32138763546
509	1188.51859181024
510	1145.91529437807
511	1168.48787577016
512	1154.81075695267
513	1237.30787354793
514	1118.88408548213
515	1156.27048147083
516	1230.96109823663
517	1203.75972938119
518	1224.87954461112
519	1119.37333866153
520	1169.10042122353
521	1164.95847984127
522	1241.24907388635
523	1263.07583963483
524	1205.96521798917
525	1191.48125608488
526	1222.55999038515
527	1230.02259597014
528	1218.43199720969
529	1216.774441051
530	1181.59206061192
531	1179.70761820766
532	1204.69240257961
533	1162.2534027386
534	1162.48484329416
535	1198.45096887931
536	1253.69078162306
537	1223.52310055116
538	1230.41080377334
539	1179.96606471126
540	1261.84942197835
541	1139.63836254394
542	1280.58365829273
543	1150.62581825492
544	1216.9027584561
545	1181.17751861945
546	1169.52148879681
547	1150.23710466734
548	1244.18094424881
549	1195.34079072781
550	1302.87581043842
551	1160.69345024157
552	1227.66602852987
553	1125.22056292607
554	1251.88397003261
555	1201.9436240875
556	1197.70275055988
557	1139.48146725122
558	1171.80033649665
559	1091.97615293844
560	1152.89641521024
561	1226.0534420566
562	1182.01851134147
563	1249.69650017752
564	1214.41174919726
565	1166.2620527101
566	1187.18191743537
567	1154.03518443783
568	1238.37639876852
569	1195.99557682638
570	1147.02635161534
571	1190.97419389787
572	1216.81820166401
573	1222.43671394614
574	1172.71976961881
575	1261.11212666367
576	1238.16300899704
577	1210.67533648548
578	1162.739555736
579	1202.67641179228
580	1153.05841101358
581	1210.0863600919
582	1180.51179857176
583	1222.91801369978
584	1240.04302546822
585	1123.69341700901
586	1152.97572228995
587	1199.77130371728
588	1098.17666886083
589	1254.29871521551
590	1221.75970402537
591	1167.51541474614
592	1174.60327834706
593	1277.24216641827
594	1110.02891194091
595	1180.91052319991
596	1261.33947002271
597	1219.60160077051
598	1113.75006450203
599	1159.17259046335
600	1156.51793834098
601	1168.58907064863
602	1228.75866814221
603	1212.60870230274
604	1232.72204877594
605	1198.66159061111
606	1221.05866565064
607	1180.7269350678
608	1175.94475988008
609	1181.68484618406
610	1223.22051757308
611	1158.19137163307
612	1248.0585100555
613	1227.58900891934
614	1156.99162815889
615	1167.94827587652
616	1139.65459566569
617	1190.94135786798
618	1246.0418806479
619	1185.30006335205
620	1200.72052298626
621	1228.37294674314
622	1237.14495447899
623	1213.48824207753
624	1200.15348656981
625	1194.74102961232
626	1138.8927813525
627	1207.72999715043
628	1207.90812755174
629	1160.22472970121
630	1362.97661525505
631	1257.09868535678
632	1188.32876648231
633	1173.9252926257
634	1174.71306916212
635	1226.32993874427
636	1127.52127647258
637	1174.5580157613
638	1251.03003882357
639	1185.83822351055
640	1219.86599215085
641	1175.7417466719
642	1180.00461873689
643	1188.18937092997
644	1279.18260155192
645	1148.60773826002
646	1208.46298900545
647	1137.24016896587
648	1239.33575040653
649	1254.68870890108
650	1313.52406865294
651	1227.41798299583
652	1142.17019960385
653	1156.30616337621
654	1169.14212437576
655	1317.13357245696
656	1227.57488562943
657	1148.42758528259
658	1078.39988953963
659	1132.9608377012
660	1184.11682864252
661	1172.87113682686
662	1220.66564730784
663	1291.18766299313
664	1099.74531703767
665	1198.9497791934
666	1214.06445409188
667	1166.64880070524
668	1245.43628960391
669	1275.67940151589
670	1157.80972432041
671	1205.17902329199
672	1217.89777062098
673	1279.26043454477
674	1247.01972385102
675	1296.09378800541
676	1217.21927785374
677	1233.59673864439
678	1206.36716286832
679	1245.92783935984
680	1171.25608830157
681	1197.77057873147
682	1261.82855388731
683	1131.06538709359
684	1161.40527148505
685	1151.0814368635
686	1110.32549260169
687	1134.97433977647
688	1155.37590941336
689	1198.5386215384
690	1173.08511097232
691	1161.20408880502
692	1146.82743196565
693	1184.89844854284
694	1236.63515302126
695	1185.64553312647
696	1164.06898025378
697	1163.97541139892
698	1226.6029973991
699	1199.87665649685
700	1166.23185631987
701	1118.31469031057
702	1136.65359084405
703	1240.74638018362
704	1148.3920680904
705	1198.72748883268
706	1202.96288247259
707	1156.32150925021
708	1135.08312720632
709	1182.73496834596
710	1257.60129146923
711	1194.19413230178
712	1227.42150924459
713	1203.61487796632
714	1158.24036836997
715	1230.6284255297
716	1210.43140001561
717	1145.87064402252
718	1243.84563429213
719	1203.2190192193
720	1178.10889007273
721	1177.07339511647
722	1269.15785912608
723	1251.01085393252
724	1167.59429663816
725	1177.92532297207
726	1143.52094968917
727	1129.31138654202
728	1236.40808755795
729	1211.7868640411
730	1188.79487546378
731	1247.74439135667
732	1217.80432207943
733	1205.27482786997
734	1168.66253909577
735	1216.60714933604
736	1183.0586533618
737	1203.97587439839
738	1320.02513998357
739	1168.99878362092
740	1252.82401314184
741	1187.04866412955
742	1176.61187618443
743	1126.33547890342
744	1201.23079750171
745	1191.86012904029
746	1094.57353308719
747	1106.50530021481
748	1152.92489891363
749	1169.52463436456
750	1183.52226841639
751	1152.00957138267
752	1224.68692997533
753	1195.61346560473
754	1129.22726597172
755	1239.12973529164
756	1210.60084301624
757	1116.14263541174
758	1279.43780472995
759	1252.08247570761
760	1183.6687932873
761	1230.04568271113
762	1223.30226670525
763	1229.93584540187
764	1172.6764351476
765	1172.36181560895
766	1203.62018521115
767	1200.18955680192
768	1254.05915234401
769	1180.24992915604
770	1180.5962494905
771	1099.74508101544
772	1131.16276333902
773	1203.97833832303
774	1158.78478969032
775	1116.78824898724
776	1206.08050838022
777	1206.4290037652
778	1198.82775709739
779	1166.88558890103
780	1180.18568366004
781	1187.16421235944
782	1145.77596488646
783	1132.15487277856
784	1264.55301524082
785	1135.31375171169
786	1243.86894100467
787	1182.58540117225
788	1215.35893212895
789	1162.20413591936
790	1157.95186614184
791	1188.80889991872
792	1178.79538185374
793	1227.68797570856
794	1216.02225889429
795	1189.2741911176
796	1174.49166630975
797	1254.84442089653
798	1206.7591447647
799	1157.72485624238
800	1207.33546004192
801	1226.00648565709
802	1239.48605166453
803	1147.53469212057
804	1217.25446728862
805	1195.39191273873
806	1159.36958562158
807	1243.86396076938
808	1261.43699436933
809	1260.42239742877
810	1190.7002055279
811	1183.14446265225
812	1200.65124025441
813	1252.55721052701
814	1125.41326850856
815	1244.46620638399
816	1190.50433683957
817	1202.80066827409
818	1244.88925045915
819	1125.0876772871
820	1221.8101791506
821	1174.62606830414
822	1206.99476881246
823	1195.85108716673
824	1095.75152208389
825	1144.81566482463
826	1198.77716670671
827	1211.59802089276
828	1162.27323491311
829	1194.56539626597
830	1243.50733287837
831	1202.88772459235
832	1172.92808485682
833	1255.59145611748
834	1258.96747430235
835	1289.16583749874
836	1178.14470726651
837	1300.25699349703
838	1164.32913679311
839	1227.01136642623
840	1128.89606955
841	1185.17454796572
842	1285.34315409588
843	1269.41896634056
844	1187.86402868319
845	1223.99602934671
846	1167.95272055424
847	1229.85873171878
848	1256.93172591479
849	1205.51471425255
850	1190.25010654273
851	1193.56241158581
852	1175.35185638388
853	1207.64562860891
854	1206.68990283098
855	1188.50297628388
856	1205.05339502825
857	1163.18548444034
858	1209.27965590073
859	1195.61345983162
860	1236.12970061515
861	1111.29888626854
862	1048.11691175708
863	1164.8440678546
864	1268.48611733022
865	1247.98273769398
866	1300.93130818206
867	1213.59366780801
868	1189.45611416538
869	1164.23003781613
870	1139.30536482043
871	1255.15670195115
872	1136.24741394581
873	1266.21319599304
874	1202.3222259193
875	1198.5830795097
876	1162.29874388521
877	1200.08890545829
878	1170.14168151142
879	1202.44287767525
880	1154.43880947102
881	1251.09234780346
882	1133.40596608743
883	1188.50131183666
884	1109.39768480089
885	1136.16448332479
886	1187.8387266007
887	1214.45811095474
888	1259.33189156623
889	1261.34021248637
890	1216.02074062647
891	1218.68980507882
892	1244.52183771285
893	1180.46572574443
894	1200.32527589804
895	1240.10840301624
896	1212.39987419829
897	1203.09210843355
898	1236.95951401108
899	1200.53960589626
900	1201.5234533749
901	1256.09198869262
902	1118.08911117225
903	1202.30148839898
904	1214.45023349852
905	1195.13921821932
906	1226.42912421676
907	1139.41982225824
908	1219.15544416686
909	1147.4141842742
910	1188.26155094358
911	1196.11417868652
912	1152.1278672961
913	1114.80705772908
914	1184.77043425382
915	1210.46983690845
916	1228.48889960574
917	1065.63734541917
918	1190.00460810416
919	1206.6361977241
920	1178.52125957017
921	1183.68873894259
922	1232.04977697645
923	1201.29026059242
924	1101.65585119879
925	1178.01383403544
926	1173.10735145312
927	1184.93369444174
928	1208.22294111979
929	1172.2936223169
930	1235.42072771426
931	1121.79565123175
932	1227.2982693
933	1248.75095505435
934	1261.51299942761
935	1233.10700870909
936	1211.49930481474
937	1230.35714416028
938	1230.03947933556
939	1197.48613903966
940	1176.07151978522
941	1191.80546151701
942	1208.96251352033
943	1210.91292236786
944	1214.72785179146
945	1202.82278783897
946	1217.04868347384
947	1262.72037211345
948	1127.25416031853
949	1213.14792660497
950	1202.54286826363
951	1205.88805269777
952	1158.21168487152
953	1190.81572093393
954	1144.40757745698
955	1171.82048536899
956	1168.65917138202
957	1248.25854461279
958	1266.52327000615
959	1216.66116662327
960	1164.78345836148
961	1171.94561301673
962	1192.12038735771
963	1178.33094560693
964	1261.6393511994
965	1214.63719552855
966	1184.16304684118
967	1115.1813243527
968	1201.00351118616
969	1186.65369076429
970	1215.26403099197
971	1106.30952089558
972	1120.67893858552
973	1098.19111366767
974	1141.30618587245
975	1168.53667524939
976	1144.63384531022
977	1246.43754068537
978	1167.09533972826
979	1236.38796453554
980	1223.68807811564
981	1097.93216372502
982	1194.40709769303
983	1147.43490951636
984	1249.27475474809
985	1238.89062057104
986	1195.7987460955
987	1193.16381838328
988	1102.73270540271
989	1210.26226731371
990	1205.30556815324
991	1139.96500361256
992	1203.09678206649
993	1220.01755997167
994	1162.08664220596
995	1206.54749739174
996	1189.20972699099
997	1118.32608205004
998	1173.56734289874
999	1164.90590086559
1000	1179.12254533892
1001	1154.67377695237
1002	1189.40080317603
1003	1232.4962430613
1004	1136.39328973871
1005	1240.53489229831
1006	1208.61486552429
1007	1185.19347434182
1008	1229.17434598058
1009	1199.03459293674
1010	1216.12576925358
1011	1199.82969749065
1012	1159.32837877033
1013	1228.34103890307
1014	1193.37378805383
1015	1140.37509219937
1016	1215.28851586581
1017	1200.19302207833
1018	1240.10847644979
1019	1170.1011404813
1020	1136.12049013835
1021	1206.56544602369
1022	1070.81847492899
1023	1199.23883101342
1024	1166.00558723669
1025	1270.06956994244
1026	1111.66987920209
1027	1247.32272286625
1028	1167.80417233882
1029	1250.41046411304
1030	1179.26501060621
1031	1202.18786673424
1032	1193.36416718207
1033	1201.18730251094
1034	1239.9454636139
1035	1193.24690898506
1036	1234.24885139518
1037	1165.67721664615
1038	1143.59352645364
1039	1253.56893712017
1040	1221.90416582367
1041	1130.81492358308
1042	1158.93743879696
1043	1116.61162892948
1044	1203.58980641611
1045	1200.00623709798
1046	1118.1104223399
1047	1157.79794916323
1048	1204.86536311604
1049	1172.00189285946
1050	1164.66410946186
1051	1205.55517522335
1052	1172.60896176257
1053	1253.02083726546
1054	1167.9309451937
1055	1124.63200062464
1056	1185.49376548335
1057	1182.70764554335
1058	1112.13879809544
1059	1206.12033595845
1060	1166.56004840893
1061	1153.8102006198
1062	1251.39951439146
1063	1199.59791114735
1064	1174.04489956933
1065	1167.82413816303
1066	1148.54380741172
1067	1177.5189108651
1068	1160.4228511211
1069	1229.4628155309
1070	1174.07514068499
1071	1200.15104908346
1072	1198.54427677332
1073	1130.93896020795
1074	1142.68235565228
1075	1200.52240537916
1076	1170.07159913462
1077	1222.98239954084
1078	1112.09162583951
1079	1160.60571121852
1080	1198.01480341602
1081	1221.13744587779
1082	1138.27195497546
1083	1249.27364066814
1084	1123.91862890783
1085	1262.75183782451
1086	1250.84423435522
1087	1198.48265485176
1088	1217.01723076106
1089	1272.37400079962
1090	1262.93675046762
1091	1163.48835295853
1092	1122.53394919903
1093	1178.66061152423
1094	1194.70548245119
1095	1175.88999261795
1096	1261.7479919521
1097	1200.40471275481
1098	1229.11991737581
1099	1158.52382160201
1100	1218.58145725867
1101	1208.07829963404
1102	1134.30685135606
1103	1227.13816063401
1104	1196.02772331008
1105	1311.75800670713
1106	1233.91982540041
1107	1221.16308334195
1108	1151.75729146302
1109	1196.16038849641
1110	1073.1282104962
1111	1179.09843031064
1112	1168.58343113466
1113	1216.89975772425
1114	1139.69928610701
1115	1113.54237089066
1116	1223.60049967395
1117	1095.91947090818
1118	1235.37997702078
1119	1160.08823363011
1120	1154.63522463822
1121	1150.93639739686
1122	1172.84701151313
1123	1162.4358211375
1124	1179.47542552088
1125	1155.65568609392
1126	1182.19638284375
1127	1237.59857056708
1128	1193.5343642133
1129	1170.1824176244
1130	1254.1544078777
1131	1190.10773369046
1132	1222.96586942609
1133	1140.71287190048
1134	1127.40512513306
1135	1157.67128438739
1136	1144.08780902843
1137	1227.81279202781
1138	1212.77091055968
1139	1230.014116134
1140	1151.41929752288
1141	1219.75186139692
1142	1273.24631644072
1143	1175.22364294598
1144	1143.22693405282
1145	1150.09249441246
1146	1170.49088343292
1147	1217.39013883811
1148	1133.77549296062
1149	1143.06154405234
1150	1146.98392630643
1151	1169.07281521608
1152	1289.26623870658
1153	1166.99393802351
1154	1225.86224712395
1155	1164.37622741275
1156	1168.80175353132
1157	1207.34145004345
1158	1134.50685826006
1159	1212.69153219717
1160	1170.33129629287
1161	1269.77486546488
1162	1193.371224219
1163	1173.00225012998
1164	1137.42908451354
1165	1261.25057733581
1166	1150.36302192616
1167	1274.44308437603
1168	1238.46995031445
1169	1136.19264911539
1170	1183.41711628212
1171	1141.9401770573
1172	1219.27566266502
1173	1197.29196751656
1174	1182.01028697436
1175	1259.98180348171
1176	1199.17529088096
1177	1226.73762545885
1178	1171.97721467527
1179	1179.24403109022
1180	1223.81402619022
1181	1341.25916036756
1182	1165.96943736252
1183	1156.89705517103
1184	1218.6123524673
1185	1222.86305551915
1186	1161.36167146355
1187	1223.36772152415
1188	1212.92937274461
1189	1203.05022722397
1190	1245.67170943232
1191	1167.57580368679
1192	1218.58781569724
1193	1237.24896290957
1194	1093.11605865751
1195	1185.43340853828
1196	1112.48283257878
1197	1223.89786756278
1198	1092.77711922719
1199	1238.82160106472
1200	1198.87334362457
1201	1140.36113238412
1202	1246.33071462741
1203	1234.12457798155
1204	1216.60137751806
1205	1219.43541024331
1206	1205.91466206809
1207	1202.04534458838
1208	1090.77554343485
1209	1249.40483072649
1210	1275.47310810694
1211	1215.79499220845
1212	1278.99611472349
1213	1209.2117886494
1214	1145.14960002906
1215	1242.53676411279
1216	1203.10553031584
1217	1198.4483096417
1218	1172.24375668585
1219	1264.76292770942
1220	1265.28702185068
1221	1208.50519838288
1222	1214.17889642846
1223	1167.37373042256
1224	1214.45585993837
1225	1208.00807100235
1226	1141.29540615619
1227	1100.66428074235
1228	1101.361770712
1229	1226.50807328934
1230	1187.97562815819
1231	1197.86180697843
1232	1243.29949485087
1233	1215.79423423703
1234	1208.9398960374
1235	1156.26363163647
1236	1265.02232090061
1237	1226.6002258741
1238	1243.1404803745
1239	1178.05005610132
1240	1162.94313879925
1241	1144.67563198369
1242	1103.24791618784
1243	1188.41367257329
1244	1156.71206382883
1245	1152.87933324671
1246	1209.84774499343
1247	1217.17714697861
1248	1196.58102538808
1249	1131.78884698862
1250	1125.85789705343
1251	1197.95407199805
1252	1120.11390618017
1253	1132.26418706132
1254	1179.2901771525
1255	1163.31378179531
1256	1220.57932432418
1257	1204.02984836518
1258	1172.71480021566
1259	1175.62829263836
1260	1214.89877881163
1261	1227.31176892126
1262	1206.37227987626
1263	1199.21129185652
1264	1229.89867671953
1265	1194.34030222302
1266	1217.15090493189
1267	1233.41849338967
1268	1200.35045234685
1269	1189.15261279052
1270	1123.3815325195
1271	1203.46698353285
1272	1213.3484359598
1273	1205.1003658208
1274	1172.26867018762
1275	1212.25745184603
1276	1130.1641762387
1277	1231.84725012801
1278	1173.48432286441
1279	1204.71771882688
1280	1261.59950877418
1281	1266.41284950718
1282	1210.43855257994
1283	1123.85368679568
1284	1164.1923997445
1285	1165.90649633915
1286	1179.74341796018
1287	1154.03282447492
1288	1153.33427376151
1289	1220.33797733521
1290	1259.64646732883
1291	1108.70680572506
1292	1242.70969056388
1293	1173.63616244375
1294	1246.83391329648
1295	1138.26405655347
1296	1128.64338455398
1297	1188.89883105186
1298	1209.96645868803
1299	1188.44513139158
1300	1171.3243756785
1301	1266.02943960426
1302	1226.05046164971
1303	1160.32907143363
1304	1244.93589327311
1305	1207.83603316614
1306	1156.28163584718
1307	1156.1994951948
1308	1186.60845104435
1309	1264.22078914902
1310	1153.77145900471
1311	1185.96950573792
1312	1160.9084461588
1313	1185.31493621912
1314	1183.71789850502
1315	1154.04700482645
1316	1176.6768203772
1317	1177.48326872431
1318	1275.46245630594
1319	1179.63772792144
1320	1159.96360356824
1321	1205.25576225704
1322	1219.68184127367
1323	1177.77782223645
1324	1197.53252745686
1325	1197.77185001886
1326	1181.58494151014
1327	1264.5370700689
1328	1231.85545905385
1329	1195.87363875227
1330	1225.54180220824
1331	1198.8417645451
1332	1190.80727474305
1333	1207.2352554186
1334	1241.07345922915
1335	1228.24577456884
1336	1163.69372161765
1337	1208.2045224884
1338	1131.32424228861
1339	1172.5022411285
1340	1233.49410634732
1341	1149.05214706056
1342	1193.2530845531
1343	1200.19442628337
1344	1210.96719216009
1345	1208.87433474237
1346	1223.55100723695
1347	1311.32997312842
1348	1156.86636174113
1349	1102.3193278006
1350	1224.91329378743
1351	1237.32869864364
1352	1192.08878388224
1353	1109.0294314476
1354	1212.90195957174
1355	1217.75912357159
1356	1119.93574868623
1357	1221.16036452363
1358	1214.03724752225
1359	1224.54523999853
1360	1173.77642245042
1361	1157.88226722446
1362	1195.66925011745
1363	1175.52576075618
1364	1208.38270134584
1365	1200.39302431458
1366	1210.34397578062
1367	1144.39639801255
1368	1198.67648098668
1369	1230.2039064964
1370	1175.98043297766
1371	1201.52749695634
1372	1151.773638351
1373	1169.1830097744
1374	1147.57648501651
1375	1159.81909198028
1376	1118.30409794325
1377	1236.37183467426
1378	1230.15980810645
1379	1252.66840446437
1380	1204.63348576689
1381	1245.61118589051
1382	1201.46554668375
1383	1206.53216541158
1384	1220.16481501918
1385	1208.93125107539
1386	1229.72745194424
1387	1145.54185976329
1388	1239.85338326617
1389	1212.99071808368
1390	1146.6763596472
1391	1188.22238172183
1392	1209.83067128984
1393	1241.41976962106
1394	1198.84348049673
1395	1234.79551739603
1396	1164.80253510254
1397	1174.03424430595
1398	1213.86542451257
1399	1146.42246673027
1400	1317.44298512409
1401	1229.42698244559
1402	1189.01233257038
1403	1154.39450597297
1404	1299.51131200495
1405	1166.59291247496
1406	1155.79772514624
1407	1174.53362720323
1408	1220.26074166998
1409	1209.0469700924
1410	1233.06128659099
1411	1242.56176377763
1412	1197.03851266562
1413	1245.48900401917
1414	1258.57368214986
1415	1271.72076800736
1416	1227.95243693288
1417	1225.90200448809
1418	1257.21151705092
1419	1276.01375495153
1420	1071.28515662659
1421	1161.2746531091
1422	1193.59276426225
1423	1177.98694074855
1424	1253.54645763175
1425	1175.79529598284
1426	1204.21285504928
1427	1193.28083184311
1428	1249.36538188066
1429	1147.29300189424
1430	1145.95911397505
1431	1180.830102918
1432	1265.89490078187
1433	1151.53601665788
1434	1159.41154783179
1435	1168.2392180062
1436	1225.24468274607
1437	1181.56549810999
1438	1153.9323385302
1439	1112.76037115319
1440	1246.03597035054
1441	1128.85003833521
1442	1205.40276431385
1443	1204.0737655175
1444	1216.65288065699
1445	1221.08154204114
1446	1174.92445416974
1447	1143.36750314215
1448	1169.77618726429
1449	1224.99776859936
1450	1163.64982672562
1451	1183.74125169518
1452	1264.87569942185
1453	1130.2400355722
1454	1239.48564293288
1455	1125.92904620644
1456	1167.620109712
1457	1214.24262959308
1458	1211.31709780389
1459	1173.01721227751
1460	1144.69994978405
1461	1277.93130080032
1462	1147.54188413996
1463	1162.863931888
1464	1157.5431050749
1465	1236.17150639752
1466	1225.33124175712
1467	1257.31178415249
1468	1177.88689754831
1469	1147.98254756415
1470	1170.28197218484
1471	1189.93087672304
1472	1175.90831224311
1473	1210.19995197988
1474	1160.64496067435
1475	1209.91600841451
1476	1216.87480330415
1477	1186.71671708978
1478	1233.3230878934
1479	1207.25856917293
1480	1213.28155741469
1481	1175.72796417058
1482	1175.88119854217
1483	1213.33812861775
1484	1170.38193213125
1485	1185.94638469159
1486	1247.82910579244
1487	1214.34838020075
1488	1171.18086396398
1489	1258.64167280928
1490	1246.26342367565
1491	1159.23356649037
1492	1193.43651478213
1493	1227.73325687035
1494	1190.30219559547
1495	1287.98094342968
1496	1171.77884503434
1497	1157.50494171849
1498	1209.59702323312
1499	1192.99092377146
1500	1212.96271184131
1501	1176.04638008505
1502	1131.57628834808
1503	1191.80740024379
1504	1238.76448758279
1505	1240.45739380705
1506	1143.47413697413
1507	1275.43622989631
1508	1186.86036646568
1509	1219.4466307154
1510	1227.21351075123
1511	1174.44898407049
1512	1131.37765041203
1513	1128.78161463608
1514	1185.93898774537
1515	1145.9240385476
1516	1215.26314981605
1517	1219.68342311308
1518	1207.47646668953
1519	1151.20771495949
1520	1170.84142151158
1521	1166.06981328171
1522	1278.0748450447
1523	1263.66325021651
1524	1161.71651699083
1525	1207.89710107678
1526	1115.74924902867
1527	1229.26137166003
1528	1168.37536825996
1529	1143.30793004045
1530	1167.82036023199
1531	1193.50224398526
1532	1203.02771463484
1533	1199.49960739822
1534	1171.33822134031
1535	1257.98041493873
1536	1249.91878435589
1537	1195.19629959458
1538	1195.86345444595
1539	1290.7221615473
1540	1204.79679964844
1541	1265.21795937411
1542	1212.25181362589
1543	1230.13724359793
1544	1251.85691363253
1545	1209.39642665727
1546	1186.05055011513
1547	1177.17364327379
1548	1218.39780013187
1549	1151.61685465755
1550	1141.26240398683
1551	1169.63326896192
1552	1116.06675459975
1553	1205.11364449505
1554	1242.88222683265
1555	1192.00370413232
1556	1230.90228002268
1557	1211.35816370937
1558	1156.78695284866
1559	1224.94685795692
1560	1213.96227585476
1561	1204.00937767489
1562	1271.61430708684
1563	1215.52122980883
1564	1170.42626809687
1565	1261.45076137516
1566	1193.21393897309
1567	1140.85095205383
1568	1150.87775773498
1569	1212.78784470354
1570	1200.39678893214
1571	1188.98290978101
1572	1300.16628650961
1573	1218.4778881464
1574	1088.77451033075
1575	1208.12805835462
1576	1245.95351953802
1577	1309.65799437347
1578	1130.78351793335
1579	1207.74694434568
1580	1121.04065714133
1581	1258.12285340501
1582	1229.60358952365
1583	1192.48937486161
1584	1200.98007013471
1585	1191.10245245243
1586	1209.86483541453
1587	1201.7360826694
1588	1160.04231008127
1589	1126.81768474686
1590	1148.36895038573
1591	1157.26984214421
1592	1175.07906602332
1593	1211.31117320632
1594	1206.50677427463
1595	1177.20016811619
1596	1181.01676111808
1597	1139.08896813959
1598	1205.17420991655
1599	1268.6482689595
1600	1250.72433183213
1601	1131.26853189301
1602	1193.41119571439
1603	1165.27843898114
1604	1166.43210553805
1605	1197.77273461543
1606	1200.14018716131
1607	1242.6528549858
1608	1196.51996236111
1609	1233.41559958384
1610	1120.75966018382
1611	1221.38375977895
1612	1176.38620843259
1613	1134.16110814828
1614	1193.8940554252
1615	1207.32111734062
1616	1260.695552917
1617	1159.48395663436
1618	1182.7561388795
1619	1220.59509084045
1620	1226.03245202555
1621	1247.88487964874
1622	1184.24224287645
1623	1196.05410678488
1624	1130.33042647583
1625	1207.705287071
1626	1227.09195870029
1627	1134.22627266048
1628	1134.80690934174
1629	1192.88803711184
1630	1077.49001497568
1631	1203.79142219806
1632	1173.11953263336
1633	1239.94829513739
1634	1176.19358722886
1635	1159.01408688973
1636	1237.84032841181
1637	1307.61840457988
1638	1252.90134621725
1639	1208.43242615149
1640	1139.88013380481
1641	1221.73183330211
1642	1218.16624655518
1643	1191.35713273496
1644	1135.21585324061
1645	1172.66597533625
1646	1149.68210650874
1647	1187.80750523547
1648	1113.84731899367
1649	1139.30788488482
1650	1248.87312089849
1651	1198.98266436602
1652	1212.93762388509
1653	1145.22911555897
1654	1149.40923165865
1655	1164.29522361293
1656	1202.59661069229
1657	1224.0380235584
1658	1196.88002630699
1659	1112.5052426218
1660	1104.71089715059
1661	1167.67512687912
1662	1154.21473485369
1663	1216.64631958439
1664	1126.31800266764
1665	1236.6329904879
1666	1176.55078574267
1667	1102.28226577229
1668	1176.03557910128
1669	1210.71204467204
1670	1210.28832429141
1671	1157.53387538332
1672	1124.65358993509
1673	1171.80018857669
1674	1107.91108985281
1675	1131.22816492563
1676	1205.38327904459
1677	1254.06048445424
1678	1180.91980618547
1679	1133.41346504543
1680	1227.12021590094
1681	1179.52683118183
1682	1198.6279985398
1683	1194.03890817737
1684	1261.46693509514
1685	1188.72063309965
1686	1164.8227507051
1687	1224.59105259338
1688	1194.73461552783
1689	1239.86137936575
1690	1181.93271484111
1691	1222.83510218584
1692	1094.56902497616
1693	1162.36064176046
1694	1239.231694046
1695	1276.67260044314
1696	1236.92193397991
1697	1223.34965632942
1698	1260.40764443984
1699	1346.38591409959
1700	1198.08478028112
1701	1153.8682115564
1702	1189.32813599538
1703	1231.90701132833
1704	1196.88068916253
1705	1242.72840789821
1706	1203.35090925304
1707	1214.86342608091
1708	1174.66470195516
1709	1172.54603931501
1710	1267.26945308411
1711	1159.77204986053
1712	1198.18098687363
1713	1166.59194794079
1714	1189.74449106401
1715	1147.77525959957
1716	1103.73246197139
1717	1251.05628174785
1718	1209.99548879275
1719	1169.39178385517
1720	1226.63424545329
1721	1222.23001677634
1722	1217.89992393133
1723	1215.36890704895
1724	1194.82444804307
1725	1233.20520325107
1726	1181.01327185736
1727	1245.03937729418
1728	1186.47895757159
1729	1199.68830064611
1730	1242.6534452437
1731	1282.92438437932
1732	1199.97546207762
1733	1216.15557923136
1734	1255.66158120222
1735	1167.13135563003
1736	1219.84874000093
1737	1279.83505648206
1738	1162.309775013
1739	1237.73072161004
1740	1156.10217493994
1741	1207.16649711655
1742	1213.6495048335
1743	1167.35221970899
1744	1218.07153914099
1745	1132.48920442555
1746	1101.50617212355
1747	1218.45228777548
1748	1193.26548972019
1749	1192.50370171829
1750	1202.81581706466
1751	1258.29027961556
1752	1156.05785168753
1753	1234.45560073727
1754	1196.6463832359
1755	1200.06507818827
1756	1229.80643720507
1757	1250.61702252812
1758	1299.86133523765
1759	1127.96176011905
1760	1247.53671884069
1761	1163.71305244229
1762	1276.70676552721
1763	1148.63274884369
1764	1188.41730602498
1765	1193.73968094222
1766	1203.80106894758
1767	1244.95041229669
1768	1205.07429811987
1769	1155.37347350744
1770	1229.36913134446
1771	1173.96671023206
1772	1263.23795485855
1773	1184.63210011139
1774	1181.60966535776
1775	1169.04868377255
1776	1192.16045906849
1777	1137.53003217592
1778	1204.43229109695
1779	1196.56223065925
1780	1228.54329988166
1781	1226.33420375683
1782	1204.37573336901
1783	1187.80547101877
1784	1279.76076039611
1785	1210.36297679467
1786	1212.79741860598
1787	1115.63110885704
1788	1199.78053671808
1789	1253.30822969532
1790	1154.70651752354
1791	1121.06225483869
1792	1229.08775568124
1793	1221.53821248476
1794	1197.2961445783
1795	1212.06586378437
1796	1180.53804004207
1797	1202.87822543179
1798	1122.65997976094
1799	1161.12214389002
1800	1240.87691608761
1801	1190.15446861207
1802	1347.59153560993
1803	1214.95421795281
1804	1174.99394349696
1805	1201.43525563504
1806	1184.40581478843
1807	1161.35874963167
1808	1246.36872846982
1809	1170.73802200874
1810	1270.38648779521
1811	1140.70477901913
1812	1174.57686554592
1813	1254.0385505249
1814	1198.32587800776
1815	1234.92155005721
1816	1153.28198122532
1817	1176.59768326708
1818	1137.82866654024
1819	1170.66917563387
1820	1184.91720437768
1821	1095.53217835931
1822	1185.94083213912
1823	1156.45656424359
1824	1166.64759617265
1825	1124.62018580723
1826	1218.44812931785
1827	1221.1586484408
1828	1182.06506689288
1829	1194.34801241959
1830	1118.92234229423
1831	1197.18824635063
1832	1066.43474410474
1833	1164.09896444031
1834	1212.56174653371
1835	1231.5103158767
1836	1163.53848626971
1837	1161.7842050018
1838	1188.0591157638
1839	1171.26281447804
1840	1152.88197821467
1841	1183.24317851396
1842	1227.22516046624
1843	1206.32040282751
1844	1221.75605137325
1845	1230.63850885922
1846	1095.41732260092
1847	1234.08372074399
1848	1222.120462961
1849	1264.06359083609
1850	1234.68233828842
1851	1251.1192835217
1852	1263.02631104041
1853	1258.06526595873
1854	1138.99970884012
1855	1185.10726618731
1856	1215.49018595319
1857	1206.11939326241
1858	1235.62506002962
1859	1176.50696731756
1860	1145.34396654802
1861	1190.76722370875
1862	1183.68673347178
1863	1142.45262881548
1864	1299.21831891669
1865	1204.89385582108
1866	1177.40294053753
1867	1200.73900630115
1868	1172.45906025587
1869	1236.13968155388
1870	1199.57902086904
1871	1233.80008985183
1872	1198.69093466203
1873	1235.52982089704
1874	1234.16350621204
1875	1173.95601043598
1876	1251.36564401426
1877	1278.61930364806
1878	1218.18384382107
1879	1193.45847455481
1880	1199.01479980221
1881	1217.98617736744
1882	1331.36094611841
1883	1168.2281820446
1884	1195.5664230142
1885	1145.20743639386
1886	1211.36913356588
1887	1153.26899092523
1888	1104.09057216292
1889	1162.49821293633
1890	1261.93088729759
1891	1196.1701728812
1892	1187.66832914393
1893	1235.54238583818
1894	1178.06160791388
1895	1169.77633048486
1896	1230.92128182337
1897	1267.25764625526
1898	1239.20491169387
1899	1151.91078046715
1900	1177.24278883248
1901	1222.50246922344
1902	1113.34992724921
1903	1188.77795284749
1904	1287.28494247749
1905	1261.42787748831
1906	1169.98855663609
1907	1246.33786824404
1908	1152.25244329392
1909	1146.72300753014
1910	1237.99630079825
1911	1186.46732676992
1912	1147.62488802427
1913	1183.10572531676
1914	1140.92908342731
1915	1273.0220425978
1916	1146.83371748192
1917	1175.59289337765
1918	1193.60474269982
1919	1172.88789130699
1920	1185.68395257829
1921	1252.20486155846
1922	1117.04345738812
1923	1181.29950678479
1924	1171.48886329361
1925	1086.20627120645
1926	1119.83940444282
1927	1219.21107464265
1928	1234.29383859787
1929	1200.91132928757
1930	1156.51553179799
1931	1134.62513355213
1932	1252.72573675666
1933	1200.68466261156
1934	1171.106468891
1935	1154.23667043495
1936	1243.59932208509
1937	1159.52309592411
1938	1208.22019010042
1939	1189.96326982988
1940	1190.25942371154
1941	1246.03897404248
1942	1237.76860715151
1943	1143.03437228512
1944	1217.17672928028
1945	1214.14910234079
1946	1172.26760043015
1947	1212.71850711095
1948	1123.6535164653
1949	1262.38357172694
1950	1199.57712496204
1951	1219.40656460484
1952	1205.83326757931
1953	1202.66903865153
1954	1251.86533298176
1955	1164.0226808973
1956	1101.14817536329
1957	1157.75956881842
1958	1204.39331975679
1959	1171.19292392741
1960	1191.27792255819
1961	1185.47130759068
1962	1236.24730986687
1963	1224.04232852268
1964	1266.09728765006
1965	1158.8224476635
1966	1237.06851751393
1967	1230.19926913357
1968	1113.68683421445
1969	1181.14550268571
1970	1164.99504560425
1971	1256.45200029641
1972	1152.92873096695
1973	1179.15888295977
1974	1224.99056634508
1975	1179.99642174737
1976	1258.15083564377
1977	1160.3970733922
1978	1236.90326352038
1979	1126.09561208428
1980	1157.66899562718
1981	1197.31606863987
1982	1255.86690047209
1983	1178.73435401107
1984	1211.10760108662
1985	1213.94074468204
1986	1254.62486275199
1987	1287.95029401141
1988	1235.02026484918
1989	1194.51944226406
1990	1276.13057829278
1991	1176.88496488842
1992	1240.74924768716
1993	1200.21041177381
1994	1210.22124471873
1995	1195.62599006758
1996	1126.96636509998
1997	1204.12894860474
1998	1220.64225816711
1999	1241.40578137872
2000	1164.08193375079
2001	1158.16938170806
2002	1108.46162739475
2003	1266.11394632826
2004	1205.67131220952
2005	1197.90510622995
2006	1171.97775038596
2007	1182.20799631274
2008	1127.31502193774
2009	1206.12795402774
2010	1229.69548646566
2011	1193.74372259825
2012	1245.72044070048
2013	1130.75716601447
2014	1190.62024850044
2015	1184.96032130023
2016	1190.6018955387
2017	1165.19216900346
2018	1238.51203391811
2019	1186.41425363065
2020	1270.4494304026
2021	1174.12876108864
2022	1205.05600625129
2023	1259.52801678624
2024	1152.36396324711
2025	1204.93901084763
2026	1178.89303339489
2027	1195.47308399133
2028	1228.24963165719
2029	1250.00315325674
2030	1187.2410361783
2031	1200.56166457595
2032	1100.13213390836
2033	1223.71903557027
2034	1217.57032673527
2035	1238.55536528692
2036	1168.36638759385
2037	1216.56857726352
2038	1196.62894579535
2039	1159.32841048329
2040	1155.3693394684
2041	1149.15230385009
2042	1244.30327095041
2043	1263.73133097365
2044	1178.10798816358
2045	1223.47016639617
2046	1185.78591333624
2047	1225.45612468072
2048	1127.39072733522
2049	1177.52583805653
2050	1163.82366465831
2051	1260.08951457858
2052	1151.94740849625
2053	1230.2680715648
2054	1201.80479834717
2055	1247.83416741069
2056	1218.7635390491
2057	1159.44693796617
2058	1224.54532951475
2059	1241.84958929306
2060	1166.75283047101
2061	1184.79486971847
2062	1123.38804468601
2063	1176.64251874202
2064	1124.1404011923
2065	1208.02007581007
2066	1120.7335692424
2067	1177.33711610796
2068	1205.63337025489
2069	1180.91837832147
2070	1075.76245868514
2071	1249.80848061768
2072	1173.78401428621
2073	1268.63652846737
2074	1199.99397146207
2075	1222.64332212804
2076	1216.52074019627
2077	1204.46139420991
2078	1246.86644115203
2079	1192.42445219659
2080	1241.37636355608
2081	1127.73297400773
2082	1152.13771838343
2083	1283.87783737659
2084	1288.20705161954
2085	1257.00181342317
2086	1190.50147491627
2087	1284.54602708442
2088	1117.92902092281
2089	1130.51943643169
2090	1172.27850357726
2091	1237.66999716737
2092	1230.03815221118
2093	1220.47413359808
2094	1234.38828733487
2095	1219.72227121155
2096	1147.88367491696
2097	1184.18147167852
2098	1192.93504167546
2099	1134.87407624406
2100	1168.34309223387
2101	1193.70914364537
2102	1146.5226495076
2103	1194.98655218374
2104	1122.73303343216
2105	1236.68997938807
2106	1261.11442955174
2107	1194.65107364941
2108	1164.57056109985
2109	1207.25374410996
2110	1262.97975938189
2111	1218.61043033167
2112	1173.42528275341
2113	1187.9039311497
2114	1248.05987843161
2115	1165.30732418737
2116	1138.77384062549
2117	1194.26167619648
2118	1295.22277290044
2119	1240.20450188584
2120	1290.12280592767
2121	1184.77707011939
2122	1230.62501864808
2123	1185.63178822043
2124	1241.34605186376
2125	1168.0408558885
2126	1183.25419124447
2127	1204.2695305437
2128	1167.22972962219
2129	1102.24894089068
2130	1168.85497095081
2131	1260.09631374772
2132	1194.54787272722
2133	1229.54303570723
2134	1158.70604610274
2135	1204.22985443877
2136	1159.48307742175
2137	1178.44300471028
2138	1195.04094934733
2139	1266.3135575811
2140	1186.81764749643
2141	1211.67768529466
2142	1211.72311062643
2143	1287.96833948367
2144	1193.58363141853
2145	1054.06025557971
2146	1245.52749653624
2147	1220.36507525207
2148	1185.78525096321
2149	1136.64078479206
2150	1226.97256398357
2151	1177.54852486404
2152	1176.68737466187
2153	1131.30275467151
2154	1239.23375464629
2155	1171.99613510139
2156	1250.29846008013
2157	1177.57548107165
2158	1189.3614497751
2159	1231.34517885799
2160	1185.38728919563
2161	1167.8612808675
2162	1199.70802180827
2163	1218.22361336824
2164	1114.34051140562
2165	1282.00832332819
2166	1132.85646321482
2167	1181.61890138712
2168	1142.49765681225
2169	1277.68427693613
2170	1191.84940149276
2171	1203.25880721364
2172	1192.66893183748
2173	1235.43612666225
2174	1232.8025888062
2175	1176.65593469426
2176	1152.99409250777
2177	1155.69386794274
2178	1199.74727172541
2179	1180.07312295512
2180	1210.3260483872
2181	1260.04023504897
2182	1266.31846434605
2183	1121.70210552774
2184	1188.03417346781
2185	1110.43451338168
2186	1144.15594048794
2187	1212.68085713787
2188	1126.18282400692
2189	1157.22642352292
2190	1251.81173334181
2191	1209.9543257453
2192	1200.39009078685
2193	1268.36383631457
2194	1202.40632656788
2195	1287.83927909776
2196	1142.37003402794
2197	1276.82705624257
2198	1139.65316759464
2199	1120.22206110354
2200	1216.90483773004
2201	1144.68063241592
2202	1213.78682504785
2203	1191.72067689762
2204	1246.50193175883
2205	1217.64857802091
2206	1097.21526110824
2207	1155.84631279341
2208	1177.02341170943
2209	1236.61141576703
2210	1159.01054699849
2211	1214.57439314111
2212	1221.24670170301
2213	1170.07329682211
2214	1262.4878229807
2215	1169.1127275883
2216	1272.76800254964
2217	1152.60794550458
2218	1166.00930662635
2219	1193.00451485984
2220	1112.93640577814
2221	1189.9454605226
2222	1240.6636561751
2223	1189.08556945702
2224	1148.76689312424
2225	1174.18539390934
2226	1178.13708299565
2227	1206.56369476784
2228	1232.94011009124
2229	1251.65225711252
2230	1170.36989697218
2231	1228.09619747203
2232	1085.21939534948
2233	1166.47154859403
2234	1200.81084538801
2235	1187.03760582114
2236	1165.87053590655
2237	1205.40127655914
2238	1203.45894894637
2239	1158.11454330363
2240	1201.55372862528
2241	1164.14773917278
2242	1228.6170246205
2243	1232.54563280112
2244	1173.24378936992
2245	1182.96165620464
2246	1294.18502009377
2247	1168.5709825584
2248	1260.8565631442
2249	1161.28571366618
2250	1163.940621003
2251	1184.01369312391
2252	1180.51082217675
2253	1147.69475300332
2254	1136.14019773052
2255	1215.96439986492
2256	1179.59411076095
2257	1165.20320479441
2258	1213.02047535322
2259	1175.76827016832
2260	1167.20299447784
2261	1205.46342735422
2262	1234.9702090442
2263	1226.56992613503
2264	1205.93324510172
2265	1118.88099312151
2266	1121.93876752282
2267	1199.31339519104
2268	1213.92861085914
2269	1219.44351891085
2270	1239.58641826585
2271	1261.80332734685
2272	1184.19815080482
2273	1193.00670866377
2274	1194.01502635582
2275	1121.73826883129
2276	1158.72191669198
2277	1142.34397027231
2278	1144.57291543705
2279	1168.00082374614
2280	1058.77794970884
2281	1183.54799690113
2282	1221.79013281986
2283	1156.99204739058
2284	1185.53900820571
2285	1132.82948928319
2286	1193.63427980168
2287	1148.22256220589
2288	1136.99817912265
2289	1199.3286230464
2290	1264.24690697596
2291	1238.77179841991
2292	1186.18584614136
2293	1228.39883245859
2294	1203.39298379006
2295	1112.68340774324
2296	1245.63538397074
2297	1239.75076145732
2298	1198.06191680171
2299	1216.93196497356
2300	1208.14309299554
2301	1203.43088502169
2302	1139.80940593192
2303	1223.61271223218
2304	1163.98580678569
2305	1257.30434412805
2306	1223.55709128057
2307	1246.2511064412
2308	1093.18864058988
2309	1088.05392778489
2310	1174.49482783627
2311	1228.19950643227
2312	1208.07005922379
2313	1132.46643886923
2314	1179.14700756694
2315	1201.0752912336
2316	1239.44956957513
2317	1218.42965242226
2318	1195.01217365192
2319	1125.80619976517
2320	1189.47217052446
2321	1225.92931833663
2322	1170.67991190196
2323	1092.16796153134
2324	1216.31402870555
2325	1175.65693931591
2326	1245.00871000292
2327	1145.48274199817
2328	1212.66333319435
2329	1202.01823292797
2330	1188.79758443056
2331	1186.64295408471
2332	1239.16791847532
2333	1194.20694503034
2334	1191.96005797121
2335	1132.47920596142
2336	1172.27585183837
2337	1141.1896735111
2338	1189.71432141717
2339	1211.05519186418
2340	1250.86169811786
2341	1107.00467976051
2342	1069.12106707907
2343	1134.12226247371
2344	1320.78832344373
2345	1144.56922833188
2346	1236.50143472707
2347	1207.70194207376
2348	1171.67694990883
2349	1256.06149836244
2350	1136.24890956687
2351	1302.47066463009
2352	1242.46561256269
2353	1160.92734976345
2354	1248.58087259282
2355	1191.72446260657
2356	1230.69086265997
2357	1235.75627924607
2358	1209.07219204598
2359	1262.75265634659
2360	1177.60928229339
2361	1220.92404214327
2362	1155.74246647667
2363	1177.08229024135
2364	1166.54373556059
2365	1166.93760234485
2366	1153.83067756501
2367	1315.54451500329
2368	1256.93064968671
2369	1133.66298867977
2370	1194.96934658895
2371	1172.72504163063
2372	1139.10041517411
2373	1269.23002742857
2374	1149.48009001919
2375	1169.59793234655
2376	1143.94743993975
2377	1213.94246589663
2378	1101.55081613068
2379	1240.19964793433
2380	1166.45009529975
2381	1202.259416165
2382	1092.0454266645
2383	1258.81195430016
2384	1238.94625159047
2385	1199.40063805354
2386	1190.45337211085
2387	1261.18807396593
2388	1177.46763468626
2389	1176.3848665412
2390	1218.97886392982
2391	1209.03876052601
2392	1254.16750026706
2393	1275.57306021353
2394	1164.70638829758
2395	1161.84856692842
2396	1163.61442876565
2397	1123.21072676415
2398	1198.49526956672
2399	1174.61445095477
2400	1141.54473588902
2401	1248.84342688136
2402	1232.77675962773
2403	1285.47451411924
2404	1256.4491187552
2405	1173.65832461248
2406	1134.30905987632
2407	1186.67610209411
2408	1268.24600183532
2409	1244.88168969794
2410	1180.43276102778
2411	1208.94844931768
2412	1134.49494112727
2413	1187.33478887448
2414	1166.29411493565
2415	1176.79272051711
2416	1238.71295736668
2417	1256.45859755973
2418	1125.84795839504
2419	1187.59019834412
2420	1214.14746555824
2421	1184.05345587964
2422	1313.24841568504
2423	1180.89653059664
2424	1178.19666074542
2425	1146.85629493643
2426	1153.47945078522
2427	1196.44188914954
2428	1162.15294116907
2429	1199.93017172664
2430	1325.94934095999
2431	1186.12655820852
2432	1161.46457567314
2433	1206.6063505054
2434	1231.45521554545
2435	1192.77648803729
2436	1231.66072494147
2437	1346.50353615686
2438	1196.42791527192
2439	1259.65836648114
2440	1183.82514485645
2441	1293.50440389744
2442	1159.82869249613
2443	1260.54713654299
2444	1172.99468315886
2445	1144.03185999644
2446	1222.72269988738
2447	1267.39941087537
2448	1190.67175718977
2449	1181.15408282947
2450	1190.38879265613
2451	1274.94423139083
2452	1197.99445164311
2453	1150.54560126881
2454	1223.9121528169
2455	1153.30719549013
2456	1086.05402141882
2457	1247.26178760284
2458	1106.62799665513
2459	1258.2936566979
2460	1140.75615002416
2461	1221.8475586288
2462	1220.98871031528
2463	1164.39062463073
2464	1161.05454524689
2465	1171.6122055539
2466	1183.5004197666
2467	1200.25925244068
2468	1259.93895340188
2469	1178.37869016311
2470	1135.67835040315
2471	1186.90846736788
2472	1216.50109601756
2473	1233.25624822729
2474	1233.44443616108
2475	1165.53567409154
2476	1236.24398959887
2477	1174.38735802216
2478	1140.11130580221
2479	1203.9010159495
2480	1177.99730248171
2481	1175.33833458341
2482	1120.08342421538
2483	1279.27366329972
2484	1282.3758415697
2485	1230.11908535507
2486	1174.22829183263
2487	1207.69231510901
2488	1211.66152898817
2489	1184.08779299786
2490	1251.09664309901
2491	1180.17660762754
2492	1145.75515095186
2493	1224.10328025269
2494	1208.59756031839
2495	1158.54554257745
2496	1248.74595184378
2497	1246.40012187835
2498	1149.40526786483
2499	1237.00655596826
2500	1235.39238794084
2501	1209.21649273789
2502	1249.82422239318
2503	1210.68827954084
2504	1188.62325100805
2505	1135.09174263105
2506	1105.02399053696
2507	1185.52292026155
2508	1143.69714626462
2509	1167.1412622056
2510	1098.78668670856
2511	1181.77421014939
2512	1200.89049797059
2513	1121.29309484721
2514	1260.35272702904
2515	1158.89698323583
2516	1268.49306409529
2517	1174.81350899778
2518	1256.1289616533
2519	1198.72609961913
2520	1212.10534040286
2521	1242.42812606244
2522	1261.62323009733
2523	1190.69844683843
2524	1258.70642516015
2525	1156.34451959828
2526	1201.6557587364
2527	1268.35296819884
2528	1157.44091574557
2529	1146.12289480956
2530	1237.48465781529
2531	1153.703497144
2532	1193.47955940861
2533	1123.0375173973
2534	1194.52236396917
2535	1153.87845293129
2536	1214.67535717942
2537	1168.85180902097
2538	1124.84141664964
2539	1246.79769617067
2540	1208.46640675382
2541	1249.93874008636
2542	1177.27105830407
2543	1222.5460884746
2544	1183.84853165578
2545	1158.65232629683
2546	1308.54536244921
2547	1194.40455285659
2548	1183.75441829238
2549	1272.06683673308
2550	1130.42218579022
2551	1179.55032836538
2552	1179.3703443781
2553	1288.5601300682
2554	1164.71192857129
2555	1143.83368196851
2556	1153.50815049726
2557	1102.43791266923
2558	1254.26805345361
2559	1202.17858234709
2560	1176.53243050828
2561	1236.89586592752
2562	1150.9303825079
2563	1221.47668792312
2564	1150.8640905193
2565	1252.32687366104
2566	1200.19519296044
2567	1209.47079023041
2568	1120.50766269097
2569	1241.18924221663
2570	1231.02922425199
2571	1196.37358299228
2572	1154.75540732008
2573	1165.1274192389
2574	1235.62048750394
2575	1271.11227354763
2576	1199.23613408563
2577	1235.82525798941
2578	1131.73343289478
2579	1240.53155129879
2580	1185.17807896657
2581	1304.44657683756
2582	1191.318224536
2583	1176.62354811338
2584	1155.8124382475
2585	1225.47082137734
2586	1298.55493144663
2587	1177.5817968198
2588	1142.35546038765
2589	1210.92827987369
2590	1191.58742272078
2591	1132.63565353713
2592	1035.69846953408
2593	1272.32471317569
2594	1174.13764901362
2595	1280.70513078894
2596	1132.17769401161
2597	1229.98823363475
2598	1149.12002425258
2599	1124.0528344795
2600	1126.78392890296
2601	1232.34857815263
2602	1154.96402295471
2603	1209.92799648406
2604	1139.80142949369
2605	1216.78304610361
2606	1213.26879964871
2607	1112.39543730671
2608	1200.51187647833
2609	1243.63647823672
2610	1207.87177942506
2611	1302.7172281575
2612	1146.22095627261
2613	1165.52527515076
2614	1205.07514385344
2615	1222.63347719567
2616	1207.75310848788
2617	1236.76763973453
2618	1111.84381504653
2619	1218.61522518406
2620	1211.21959372551
2621	1129.64391923315
2622	1203.95445758491
2623	1177.93525675315
2624	1161.48063574908
2625	1184.34512285748
2626	1242.53714612792
2627	1285.36158562127
2628	1197.10456833672
2629	1250.27779674791
2630	1183.49796861605
2631	1172.65412003658
2632	1199.16150778445
2633	1168.64710929007
2634	1282.80588959221
2635	1160.28762692691
2636	1160.26947997255
2637	1037.69129202138
2638	1102.96591526937
2639	1213.76949126378
2640	1276.11786134186
2641	1215.58229532985
2642	1239.3786728125
2643	1158.04112294807
2644	1165.45649980131
2645	1240.85490494942
2646	1167.80532876431
2647	1171.19431100059
2648	1187.04067706313
2649	1232.45672944926
2650	1216.72973643664
2651	1272.36559302032
2652	1213.74135908973
2653	1206.59120819356
2654	1163.75834427551
2655	1157.78792138591
2656	1163.1822268261
2657	1256.6568864545
2658	1219.84629813066
2659	1232.73425052727
2660	1220.82042281428
2661	1152.85515925036
2662	1185.3236249128
2663	1173.47678334772
2664	1240.01687859592
2665	1208.07312600534
2666	1207.28533353786
2667	1174.23638535155
2668	1262.6340007562
2669	1187.00532191391
2670	1240.27543099755
2671	1100.72619093311
2672	1180.67551586419
2673	1128.56845091176
2674	1137.83985198561
2675	1193.80684886057
2676	1217.70480426742
2677	1218.80128818177
2678	1173.78880887091
2679	1127.44788034047
2680	1232.20275706962
2681	1171.58469843798
2682	1181.12941416086
2683	1181.73394911231
2684	1147.86650211161
2685	1134.5726934926
2686	1165.11439889755
2687	1210.44919532917
2688	1211.27394548525
2689	1228.75497710303
2690	1188.55229648991
2691	1158.89362321855
2692	1151.23501333709
2693	1242.69387424664
2694	1220.48713309301
2695	1276.00953432246
2696	1171.85298958301
2697	1104.96052886519
2698	1182.69901418125
2699	1221.24085714135
2700	1171.90212141742
2701	1223.90802940821
2702	1171.47691271842
2703	1107.6724294459
2704	1186.69239579064
2705	1284.80050682008
2706	1163.17968810649
2707	1110.2782286795
2708	1263.76867253154
2709	1162.23846403545
2710	1109.86167815672
2711	1237.9715795665
2712	1258.04117972274
2713	1200.5926199146
2714	1251.61292118689
2715	1207.40104560822
2716	1235.77131810339
2717	1152.58198930185
2718	1169.50230907778
2719	1134.26291579001
2720	1185.33968072682
2721	1203.25547393253
2722	1258.72410529922
2723	1196.45462913339
2724	1240.91025976337
2725	1135.74344387599
2726	1232.12845471606
2727	1146.94897511833
2728	1178.13159985224
2729	1147.28032100362
2730	1227.42708647289
2731	1206.2325680955
2732	1168.54264291187
2733	1181.25079067473
2734	1255.62588939827
2735	1190.59507498776
2736	1305.76610851739
2737	1194.28548748326
2738	1180.15460679261
2739	1184.04152738612
2740	1224.242241557
2741	1170.75712541898
2742	1211.86096144082
2743	1182.9803574392
2744	1133.9291740218
2745	1167.72870311643
2746	1215.86428270552
2747	1176.70899162156
2748	1268.77048679286
2749	1162.84481232721
2750	1216.23404011883
2751	1147.92231082162
2752	1216.14270506744
2753	1183.62930778926
2754	1235.41295806544
2755	1227.61678391949
2756	1213.2699207263
2757	1195.78905631157
2758	1157.04428742576
2759	1294.2304655425
2760	1135.35421335222
2761	1227.12503754961
2762	1133.90027296807
2763	1231.98762118657
2764	1200.07313382643
2765	1212.92419602405
2766	1131.73872038457
2767	1229.34272665791
2768	1146.44680683457
2769	1226.43145999431
2770	1215.77454428603
2771	1138.60505324409
2772	1225.50899814617
2773	1307.92700311803
2774	1141.63773292544
2775	1260.74026209395
2776	1145.47406438025
2777	1234.54236395516
2778	1179.46699237675
2779	1204.1228349674
2780	1098.15705911477
2781	1191.14978357746
2782	1230.507773241
2783	1202.24838043647
2784	1176.44368628147
2785	1161.85811173317
2786	1131.29127005315
2787	1221.63840039658
2788	1153.95743885473
2789	1206.4030773413
2790	1186.93879523347
2791	1197.43028282394
2792	1137.57336332243
2793	1164.9935603324
2794	1145.68097615463
2795	1226.73490710671
2796	1100.5689182978
2797	1136.00905652708
2798	1158.38586293699
2799	1151.58217808912
2800	1132.61193895497
2801	1205.98795102602
2802	1229.80525332987
2803	1136.21918034396
2804	1230.53918822679
2805	1256.30225449657
2806	1210.26366959739
2807	1218.51980036822
2808	1319.36240129636
2809	1176.30020686303
2810	1198.64696395251
2811	1233.82297701593
2812	1166.13004540417
2813	1180.00844267432
2814	1192.7366868336
2815	1214.01380674419
2816	1206.05444116346
2817	1124.45063466717
2818	1312.66924749635
2819	1209.41164176559
2820	1304.00243178693
2821	1140.76944026934
2822	1180.71761497403
2823	1252.81225105231
2824	1207.68522872693
2825	1174.62243853399
2826	1277.65859011602
2827	1145.38162451848
2828	1261.39720892391
2829	1197.50653343365
2830	1182.95132177567
2831	1192.40708158446
2832	1206.22204136522
2833	1181.78728564334
2834	1234.44924924009
2835	1153.78445594262
2836	1211.52878147631
2837	1214.86695796306
2838	1157.60283055945
2839	1110.96563180442
2840	1131.87315356696
2841	1174.28700483181
2842	1187.93123979768
2843	1196.95604422584
2844	1225.75287486071
2845	1223.75642512883
2846	1277.68326692438
2847	1205.22326863339
2848	1183.79376617629
2849	1167.88105542633
2850	1167.04432872379
2851	1118.27704452279
2852	1217.11355265289
2853	1178.69278507067
2854	1180.80599174268
2855	1152.27164077352
2856	1202.59143988487
2857	1184.26624440136
2858	1153.40279235416
2859	1229.69782128644
2860	1198.55401842607
2861	1172.68543380013
2862	1122.05087852785
2863	1238.10679524669
2864	1182.97729272909
2865	1183.89453263203
2866	1187.02823129227
2867	1251.32194983518
2868	1257.02249105069
2869	1265.1063400887
2870	1240.54039439293
2871	1135.72068208783
2872	1149.33527678444
2873	1188.81171908674
2874	1177.39007762706
2875	1300.03736467726
2876	1144.37743377605
2877	1202.03121034459
2878	1306.87673065698
2879	1170.43228910928
2880	1279.99574371653
2881	1223.37461690263
2882	1184.1454217685
2883	1185.59204681252
2884	1201.01036446275
2885	1191.60279485725
2886	1182.28127499629
2887	1220.94273240699
2888	1184.82002084369
2889	1155.22344047724
2890	1223.82571859168
2891	1114.26252060691
2892	1097.47881855443
2893	1100.93145067132
2894	1179.76203150332
2895	1218.46783898732
2896	1177.40522454682
2897	1174.21651161517
2898	1248.65543338453
2899	1216.55550077549
2900	1147.83908323301
2901	1169.84629067586
2902	1126.13462360545
2903	1181.30657602096
2904	1200.14492474501
2905	1193.46651760109
2906	1166.33604933251
2907	1268.55143766346
2908	1246.02956053711
2909	1221.382893987
2910	1286.32839480579
2911	1140.03814478765
2912	1126.9837370766
2913	1162.55917120163
2914	1177.34243054158
2915	1171.47654255531
2916	1249.68836270935
2917	1227.43992615504
2918	1157.45566029315
2919	1178.56384160827
2920	1201.39049221998
2921	1181.79940262976
2922	1149.9570816282
2923	1143.35976563747
2924	1198.51968351345
2925	1267.98729555384
2926	1198.7635461186
2927	1164.71196559401
2928	1207.01751729188
2929	1223.10800677784
2930	1154.45187219039
2931	1149.62772629433
2932	1193.93649254876
2933	1206.16635591117
2934	1177.07115597449
2935	1205.26067666028
2936	1147.01137486842
2937	1197.3973680394
2938	1185.7203257798
2939	1193.87413745829
2940	1143.18261576359
2941	1178.13236548028
2942	1138.91241477886
2943	1182.39549601115
2944	1150.34677697233
2945	1184.05602853899
2946	1108.40042212379
2947	1192.79163685991
2948	1196.87994589134
2949	1222.40005699869
2950	1190.77551279704
2951	1209.15922789211
2952	1255.03739379857
2953	1193.44299716351
2954	1189.0904554993
2955	1237.12338603796
2956	1253.94783009903
2957	1173.26416451605
2958	1212.64345058662
2959	1206.0238598947
2960	1164.44477061979
2961	1190.94965906223
2962	1281.3181025057
2963	1167.68162202629
2964	1201.11066403267
2965	1191.47710481718
2966	1136.90990393753
2967	1166.5027120104
2968	1147.85296152525
2969	1296.6898579762
2970	1281.43896364029
2971	1124.18102108124
2972	1147.31296772465
2973	1186.86794971651
2974	1233.15198869099
2975	1146.86753778998
2976	1189.86001510736
2977	1204.50361718029
2978	1190.41902907348
2979	1134.30181214716
2980	1236.06028976276
2981	1196.28950699743
2982	1159.31059966291
2983	1154.8774213007
2984	1138.71461478718
2985	1166.50973372592
2986	1188.49913852513
2987	1243.8976357307
2988	1116.36618781902
2989	1210.48385883093
2990	1223.47998814097
2991	1092.61268822351
2992	1166.05299165616
2993	1190.97426151844
2994	1228.87962622819
2995	1172.59763742612
2996	1199.40593984307
2997	1216.77157874274
2998	1226.55154312997
2999	1159.29665588856
3000	1168.58764926047
3001	1309.38044243733
3002	1174.28436849178
3003	1192.1785301605
3004	1182.85593151811
3005	1154.29193065778
3006	1217.31062935316
3007	1261.08236613229
3008	1157.83633412273
3009	1123.34882057664
3010	1149.57366226223
3011	1145.74305412865
3012	1230.35501456944
3013	1178.41049605835
3014	1289.42200118966
3015	1198.09617252238
3016	1214.44757591434
3017	1239.73810387213
3018	1149.31503207727
3019	1142.12599641424
3020	1174.85619006465
3021	1100.15404159209
3022	1163.26330801941
3023	1179.80681278198
3024	1220.41908811281
3025	1129.9094786764
3026	1129.82163363841
3027	1180.79243550725
3028	1103.5329458447
3029	1189.47872746934
3030	1246.65029412388
3031	1197.13467941332
3032	1277.45638989692
3033	1211.94656706275
3034	1266.65733614347
3035	1222.5396969121
3036	1282.73739930276
3037	1136.66098227054
3038	1250.94778519271
3039	1248.89421786978
3040	1216.14434754793
3041	1149.00038491568
3042	1205.77225712727
3043	1199.81574133411
3044	1179.28061669949
3045	1171.10211345086
3046	1157.62866752157
3047	1190.46870592999
3048	1126.38745194159
3049	1114.45487474005
3050	1237.63125350425
3051	1134.87996829965
3052	1222.227314525
3053	1171.21961485051
3054	1125.60277910162
3055	1281.88343216143
3056	1238.7088966409
3057	1194.8256306589
3058	1117.39776847522
3059	1184.53454134639
3060	1186.03009113902
3061	1193.02649208439
3062	1154.17332636386
3063	1149.38739248517
3064	1242.33323661112
3065	1200.18361444178
3066	1238.22098481353
3067	1209.52242567784
3068	1172.34689939274
3069	1252.14194667069
3070	1130.34246798055
3071	1205.95498580461
3072	1138.68614849589
3073	1181.07028853187
3074	1312.96057813672
3075	1154.02295480347
3076	1142.80633889272
3077	1172.51898130773
3078	1195.1069269542
3079	1120.9618434275
3080	1205.65501654022
3081	1212.39405064862
3082	1134.38040875505
3083	1238.37231888944
3084	1205.64262091322
3085	1237.48313677782
3086	1228.22094690747
3087	1147.19423194861
3088	1252.91539899532
3089	1177.82656356102
3090	1129.05690518326
3091	1105.49021895397
3092	1289.56089684
3093	1157.83404179346
3094	1294.9321240337
3095	1178.76110029703
3096	1212.12723790742
3097	1199.84117688555
3098	1277.30154762907
3099	1225.42825062802
3100	1209.14657873566
3101	1128.84720368859
3102	1201.54572447528
3103	1286.83102187532
3104	1202.90864751286
3105	1170.22371824164
3106	1134.94092210231
3107	1222.43857171714
3108	1214.01821078937
3109	1207.49873927928
3110	1189.83052671871
3111	1134.72806910218
3112	1200.63625663771
3113	1171.96393665395
3114	1199.6695554713
3115	1215.31877774849
3116	1232.4997495849
3117	1182.97434467243
3118	1128.62327001356
3119	1245.13169694271
3120	1318.84216616053
3121	1256.27866003642
3122	1170.49454648936
3123	1127.48764487612
3124	1208.12510692862
3125	1199.57022923642
3126	1252.72704051037
3127	1164.47616427516
3128	1282.09875241828
3129	1186.67124531472
3130	1130.60060910845
3131	1213.63704384154
3132	1214.23482308489
3133	1171.96199802919
3134	1159.66975719101
3135	1276.94163554554
3136	1235.37479999153
3137	1186.62929810466
3138	1136.54392322341
3139	1213.1543507956
3140	1228.71963179553
3141	1202.23195449999
3142	1268.83189202389
3143	1187.13497229043
3144	1126.28655290382
3145	1254.41266378296
3146	1228.59874729662
3147	1211.85951566968
3148	1220.80142485727
3149	1117.35940715083
3150	1226.60498375238
3151	1213.40459526343
3152	1194.92780675049
3153	1241.34094584551
3154	1224.61970176026
3155	1266.61145855576
3156	1202.27282315702
3157	1188.89255412065
3158	1159.38550926687
3159	1250.60697933995
3160	1179.5594998236
3161	1188.11775368297
3162	1197.83311467453
3163	1219.77742899018
3164	1255.10759418334
3165	1171.12913565036
3166	1163.05510030011
3167	1215.41332068779
3168	1142.53814794211
3169	1188.7410313999
3170	1178.56771057316
3171	1136.33926751321
3172	1185.97589576041
3173	1201.05394592662
3174	1244.28552398676
3175	1234.09209179786
3176	1155.07968228409
3177	1201.03295325126
3178	1250.06179256542
3179	1203.52620275085
3180	1196.49355167652
3181	1104.9486408053
3182	1185.03599669829
3183	1187.71714613165
3184	1163.43187516005
3185	1233.39903075276
3186	1296.72690502726
3187	1153.39943452319
3188	1144.69960721132
3189	1244.7939220069
3190	1214.7014811644
3191	1225.52666305178
3192	1176.30445370061
3193	1264.63833414424
3194	1182.56256599585
3195	1146.34290057384
3196	1135.12903949214
3197	1168.89503674948
3198	1244.67502794752
3199	1219.49112614251
3200	1196.1091713379
3201	1212.41898495584
3202	1284.51831540587
3203	1176.81810729319
3204	1185.60051937712
3205	1157.81992253252
3206	1144.92296817443
3207	1235.13549124305
3208	1241.15467653646
3209	1196.58500821752
3210	1114.62754462321
3211	1194.30045394978
3212	1233.47763436059
3213	1173.16927565187
3214	1142.47022202471
3215	1250.35123725149
3216	1208.33159084905
3217	1186.95289789389
3218	1279.75190107619
3219	1234.00962533183
3220	1175.43697318244
3221	1172.27149410436
3222	1214.08796022191
3223	1075.47407390515
3224	1212.68170312319
3225	1246.13495954199
3226	1163.15959226849
3227	1192.41512981554
3228	1333.35273871608
3229	1108.19826743345
3230	1163.7040875118
3231	1152.34355646517
3232	1238.67089947983
3233	1139.86397100778
3234	1234.15103531847
3235	1254.64811269455
3236	1104.55399827018
3237	1172.76133783284
3238	1286.52126329071
3239	1271.28197330343
3240	1191.47854228468
3241	1133.46474947552
3242	1136.63493706638
3243	1196.57723526527
3244	1269.92524110133
3245	1182.04200705018
3246	1216.23103735558
3247	1238.36183091004
3248	1191.15216430019
3249	1165.20984955527
3250	1216.76329965538
3251	1167.0027827562
3252	1371.80921588941
3253	1187.48727451579
3254	1154.89410366674
3255	1228.91559252374
3256	1182.26901989871
3257	1203.09665884274
3258	1163.8732323046
3259	1276.46922339389
3260	1182.56971219316
3261	1185.65880735161
3262	1279.62782950119
3263	1237.1645000987
3264	1146.66523476635
3265	1187.15275039697
3266	1148.32195715068
3267	1222.76248289792
3268	1245.77791138198
3269	1233.1882232641
3270	1212.42209315466
3271	1204.1706331378
3272	1172.82681776953
3273	1213.62825520606
3274	1153.49134937513
3275	1206.19414096043
3276	1162.27625948827
3277	1203.14275072283
3278	1132.04310728773
3279	1159.18184215131
3280	1192.60151984358
3281	1199.08182509378
3282	1223.31980133744
3283	1243.69639714916
3284	1144.18525905487
3285	1198.39103818348
3286	1186.22079175298
3287	1198.39685364399
3288	1238.80646373303
3289	1201.76951837406
3290	1193.95012343649
3291	1187.01543068561
3292	1304.79476781467
3293	1137.34684626919
3294	1255.00670608475
3295	1118.39676137217
3296	1149.1660618665
3297	1177.1826453967
3298	1192.10004445025
3299	1202.65114579315
3300	1197.27169175066
3301	1243.68134721112
3302	1204.78153618962
3303	1221.38607326142
3304	1172.39864019212
3305	1152.64251798058
3306	1187.17936582913
3307	1223.55546270799
3308	1168.59358095248
3309	1098.65696906696
3310	1105.63740414935
3311	1245.00384529311
3312	1203.1357688426
3313	1119.57651724496
3314	1182.67057718349
3315	1194.14644626375
3316	1330.87820142701
3317	1258.33238913339
3318	1212.86213191951
3319	1170.38757332385
3320	1152.6315233637
3321	1218.14205963748
3322	1261.49636601736
3323	1173.72223549872
3324	1153.80508994047
3325	1242.58771170608
3326	1174.88380507502
3327	1132.50067887439
3328	1188.98165565357
3329	1141.6481363965
3330	1173.43129042774
3331	1106.6325408858
3332	1179.16048565133
3333	1162.23677572831
3334	1173.54324875732
3335	1231.35598976095
3336	1190.70299728286
3337	1077.04166490294
3338	1222.29619672936
3339	1229.58529556079
3340	1197.88133919339
3341	1113.7954794467
3342	1190.15208534926
3343	1219.21202769831
3344	1157.45725675224
3345	1140.41437559802
3346	1209.34509818199
3347	1184.8042541585
3348	1136.06773161772
3349	1220.72322120438
3350	1195.19882522487
3351	1178.2370195977
3352	1190.69660877504
3353	1207.72890990973
3354	1144.91967869338
3355	1178.00048692048
3356	1198.19802862558
3357	1244.2079840679
3358	1217.95913051708
3359	1218.93431206944
3360	1202.20281451946
3361	1139.56579025501
3362	1213.32175836108
3363	1148.70134256065
3364	1110.10596580248
3365	1195.49898865239
3366	1251.18222325217
3367	1183.10134049805
3368	1212.64125378464
3369	1167.6373612009
3370	1215.74207075858
3371	1233.67101766218
3372	1228.45425724347
3373	1281.2862783989
3374	1177.94488925937
3375	1186.62316327463
3376	1145.41795165024
3377	1124.28348436223
3378	1234.93799663746
3379	1232.75071554419
3380	1192.29064597866
3381	1230.87799575327
3382	1267.71430124682
3383	1170.09209926637
3384	1223.77764542795
3385	1151.54691810932
3386	1272.83477134922
3387	1158.72016664114
3388	1209.86321135276
3389	1195.29924653193
3390	1135.29730081556
3391	1098.52749766072
3392	1211.36398284165
3393	1246.74256526229
3394	1289.53329808278
3395	1174.49364490853
3396	1220.05861226324
3397	1148.11898692252
3398	1175.54704078954
3399	1133.84266759764
3400	1185.20168602329
3401	1211.15580502249
3402	1250.10404729271
3403	1216.50600168897
3404	1153.12442972444
3405	1090.2988953053
3406	1225.71983103281
3407	1191.96621468527
3408	1202.8490702566
3409	1218.62381495649
3410	1164.18593400013
3411	1153.32834629795
3412	1229.01361410541
3413	1191.69673990069
3414	1206.43131603656
3415	1186.37608420314
3416	1161.54093122639
3417	1209.99786211482
3418	1249.04499393004
3419	1205.34315257913
3420	1098.53494807301
3421	1312.26463810577
3422	1163.48259008814
3423	1193.36817863465
3424	1178.23920892388
3425	1213.80437466998
3426	1194.97706126221
3427	1155.81145228581
3428	1234.24561711868
3429	1155.00025513627
3430	1166.74327614837
3431	1217.98145590956
3432	1159.38801761905
3433	1214.92796503189
3434	1216.14870972368
3435	1256.71347280774
3436	1087.46279197537
3437	1179.05508608376
3438	1156.31393020628
3439	1115.43094863741
3440	1147.36476477827
3441	1193.8250568749
3442	1095.91434349656
3443	1148.0916330217
3444	1191.03130089371
3445	1196.84250368774
3446	1192.14782816804
3447	1231.77413280184
3448	1186.78655940087
3449	1210.26500940235
3450	1195.06609217274
3451	1131.65465073208
3452	1226.62582499175
3453	1212.56458448232
3454	1191.0406004603
3455	1147.54616142337
3456	1216.6154997545
3457	1182.03575468021
3458	1241.5308528021
3459	1207.36248549596
3460	1156.97125548853
3461	1165.53322735759
3462	1175.61333656022
3463	1249.72221181502
3464	1168.38036584169
3465	1215.04182700358
3466	1243.06659965158
3467	1186.90645033611
3468	1192.49889883779
3469	1162.64839973011
3470	1126.20249809166
3471	1161.84763074201
3472	1209.12073790526
3473	1270.08449189743
3474	1254.15054644523
3475	1115.66287000965
3476	1318.2321618831
3477	1228.19231966449
3478	1246.64809008386
3479	1137.58292815101
3480	1287.55228996254
3481	1182.74864492854
3482	1205.44635595604
3483	1206.18518059024
3484	1223.75335335958
3485	1149.98721289984
3486	1175.01558749397
3487	1229.37609412423
3488	1225.69270089878
3489	1139.98300751237
3490	1305.5802723467
3491	1183.81422640549
3492	1251.38070446431
3493	1112.83935152714
3494	1225.35707606712
3495	1224.8317789248
3496	1224.88490754027
3497	1221.06970576714
3498	1208.94441240695
3499	1315.41654565111
3500	1237.8281250965
3501	1209.33222597271
3502	1248.79482871002
3503	1125.43791353744
3504	1310.35045203227
3505	1277.39349540186
3506	1095.99580917781
3507	1187.65731073329
3508	1181.85960777718
3509	1170.37982019788
3510	1191.35329123647
3511	1156.94779717399
3512	1212.38303589848
3513	1162.22891732255
3514	1257.47213515661
3515	1323.74310401418
3516	1142.95728034387
3517	1108.98711085349
3518	1145.6189623904
3519	1182.8504620616
3520	1238.53480652485
3521	1145.23773560536
3522	1182.44867084766
3523	1207.02480516252
3524	1230.8888190551
3525	1225.78824019116
3526	1237.43636484074
3527	1153.70853650368
3528	1113.90921985906
3529	1246.13363502776
3530	1212.78554118192
3531	1232.4849160382
3532	1127.5485078232
3533	1091.83800481429
3534	1250.93291738516
3535	1207.53178123138
3536	1166.2582828496
3537	1206.72094475415
3538	1177.93186848847
3539	1216.37886197782
3540	1202.77505075423
3541	1224.4108394427
3542	1144.06017963948
3543	1150.66850461313
3544	1243.00161479151
3545	1173.71503364336
3546	1194.11506879727
3547	1189.24602657345
3548	1218.88413884664
3549	1285.76415301028
3550	1175.80766132529
3551	1259.98750865021
3552	1183.00489189415
3553	1220.88057289392
3554	1150.03454486128
3555	1096.25390276333
3556	1197.6002496
3557	1233.54555910836
3558	1172.93122139645
3559	1087.25567876514
3560	1241.73775080514
3561	1158.94801770468
3562	1197.70673756705
3563	1282.30077416266
3564	1237.83382270522
3565	1245.73714737007
3566	1231.98523504348
3567	1170.34998697016
3568	1125.57172523785
3569	1167.29850307588
3570	1154.21919531266
3571	1147.4053848447
3572	1167.85150123719
3573	1210.11838332768
3574	1240.31571856942
3575	1200.86694968641
3576	1181.88941569202
3577	1287.47819470737
3578	1253.28242022172
3579	1178.73642281582
3580	1161.53197368456
3581	1255.63680633147
3582	1227.03291244691
3583	1168.39014440676
3584	1175.69496104133
3585	1218.33497540878
3586	1209.31278180992
3587	1202.11675852173
3588	1111.97551318393
3589	1251.23172647882
3590	1144.47043677484
3591	1292.25359182711
3592	1207.29532967654
3593	1146.37400475276
3594	1129.11215626638
3595	1230.11813476779
3596	1195.48142835217
3597	1165.73207223792
3598	1175.3582296695
3599	1236.66261947361
3600	1201.84339806967
3601	1241.94250296335
3602	1188.89648143483
3603	1236.48125856769
3604	1139.1716613116
3605	1115.07255728839
3606	1141.88676632921
3607	1104.97957429275
3608	1182.20590844121
3609	1217.56892781007
3610	1284.64641894094
3611	1300.13124463758
3612	1141.7611159191
3613	1140.74003428687
3614	1263.46703528793
3615	1237.89790548619
3616	1199.47061712371
3617	1127.83725997678
3618	1227.13903102194
3619	1126.86779534683
3620	1213.3483532396
3621	1151.33444629456
3622	1158.78418367315
3623	1283.44066517899
3624	1073.46828214692
3625	1197.34793260136
3626	1185.02084398895
3627	1143.28509270559
3628	1296.14887989267
3629	1217.14546346912
3630	1295.48917667799
3631	1193.5468180187
3632	1237.05284001133
3633	1158.94523843774
3634	1124.51702809995
3635	1140.64276880884
3636	1161.52915000305
3637	1213.24266193994
3638	1192.08213014437
3639	1207.96682839826
3640	1259.33821092306
3641	1139.76683831188
3642	1201.84590408886
3643	1243.02326769159
3644	1239.32839348298
3645	1218.42946629095
3646	1151.55708386649
3647	1215.78061646545
3648	1276.56570137244
3649	1202.15790674041
3650	1131.51058035583
3651	1214.32973913382
3652	1234.89892146396
3653	1227.0919995733
3654	1262.36222587654
3655	1250.87837071654
3656	1198.06991969116
3657	1235.75239041851
3658	1087.83401581177
3659	1203.71395840155
3660	1193.26395623416
3661	1249.23681072024
3662	1192.11354279483
3663	1170.83419754317
3664	1207.22458328127
3665	1183.89008827702
3666	1206.59320921583
3667	1183.10377558846
3668	1184.3225216716
3669	1218.06638062089
3670	1178.08730545952
3671	1127.27899198654
3672	1210.23510837839
3673	1168.90558578721
3674	1170.09617220637
3675	1204.37194096237
3676	1157.34212012443
3677	1224.65060007801
3678	1116.82882825974
3679	1222.79672332682
3680	1261.74719747192
3681	1217.20045629507
3682	1161.35057533248
3683	1198.96114602346
3684	1168.29669180275
3685	1255.52836204445
3686	1132.591820693
3687	1186.96859667538
3688	1289.14422838941
3689	1155.74574335181
3690	1130.50089019018
3691	1200.88086322922
3692	1237.76518380756
3693	1221.55247456467
3694	1206.50797348665
3695	1246.09248684089
3696	1151.37387794312
3697	1214.30724986915
3698	1138.18563602566
3699	1169.70207822297
3700	1168.01945852757
3701	1205.37497671655
3702	1209.55489547996
3703	1194.3324222123
3704	1198.9512812372
3705	1212.76450378958
3706	1200.32070881224
3707	1228.38723222996
3708	1184.73492217817
3709	1248.39806239399
3710	1207.76939555309
3711	1194.35341323524
3712	1242.46456036762
3713	1215.68441110801
3714	1219.35940155815
3715	1143.3021970972
3716	1166.19003666338
3717	1183.0228296338
3718	1290.24897221032
3719	1190.40199749704
3720	1173.49340139815
3721	1174.57429337518
3722	1221.67849393515
3723	1241.84580011883
3724	1266.82349644969
3725	1261.11171592698
3726	1167.4121897009
3727	1157.84292620352
3728	1153.59659330212
3729	1168.00736163961
3730	1253.1084621827
3731	1225.24387501625
3732	1229.04796237805
3733	1147.22208161557
3734	1150.17414458586
3735	1281.15096472251
3736	1182.13743763291
3737	1196.58643776809
3738	1133.63203048952
3739	1153.85890070891
3740	1196.56719183097
3741	1131.37045986737
3742	1091.35746970559
3743	1226.58542982767
3744	1178.90038540036
3745	1142.00499269645
3746	1173.43877423388
3747	1117.91902904942
3748	1271.88142323138
3749	1204.55195317241
3750	1139.0602056336
3751	1114.1991522817
3752	1213.71343561613
3753	1156.3451116137
3754	1141.59651337743
3755	1158.17790788988
3756	1137.45854034977
3757	1130.83506872003
3758	1208.18229079224
3759	1204.8099179204
3760	1203.34035798125
3761	1113.28664140481
3762	1246.5423280014
3763	1098.57389984706
3764	1161.56943072319
3765	1191.87399432167
3766	1243.58757762877
3767	1193.92280584302
3768	1192.18253919416
3769	1177.67035825424
3770	1183.45281576199
3771	1133.80353102497
3772	1222.48698175068
3773	1257.28573088985
3774	1254.89301835516
3775	1129.27771873105
3776	1284.18347638885
3777	1180.93186745374
3778	1181.80551606776
3779	1233.03193160915
3780	1268.39657727131
3781	1230.70270760228
3782	1146.79480552822
3783	1195.94549362977
3784	1168.35543779484
3785	1230.02770541003
3786	1160.55128020479
3787	1211.86199707066
3788	1196.9964748161
3789	1156.62364915861
3790	1176.65912104075
3791	1228.75334359186
3792	1249.91724907893
3793	1172.935820736
3794	1161.84699950904
3795	1264.25075880666
3796	1286.70774003248
3797	1193.4835336507
3798	1308.34762151842
3799	1153.61003450643
3800	1165.98033715144
3801	1147.72258273861
3802	1232.98767729145
3803	1163.91023504515
3804	1141.26081003188
3805	1224.44390243186
3806	1221.06353830246
3807	1165.85899283902
3808	1194.71917950377
3809	1249.66396370656
3810	1211.08068712095
3811	1121.67453462456
3812	1233.27825417668
3813	1202.19143074805
3814	1173.91836647592
3815	1152.91864392128
3816	1291.32548634228
3817	1164.66348141686
3818	1300.33072234692
3819	1177.30841620063
3820	1175.74606352526
3821	1228.83955116114
3822	1159.23427325783
3823	1123.07441288735
3824	1191.24301595839
3825	1222.5882648189
3826	1138.28418843924
3827	1242.80949507581
3828	1097.66287772993
3829	1200.31188320112
3830	1224.28533474544
3831	1195.92201311587
3832	1139.8843602238
3833	1199.61561784184
3834	1105.12360980856
3835	1151.01275330883
3836	1151.92240491563
3837	1196.09091353773
3838	1186.05209355887
3839	1150.37313849771
3840	1157.42710818106
3841	1224.32921791231
3842	1209.157256979
3843	1203.07855395024
3844	1211.16091880728
3845	1200.68040306053
3846	1171.50131738164
3847	1134.3604715056
3848	1150.52018784507
3849	1144.10810053925
3850	1283.37339577069
3851	1131.02038358962
3852	1221.24891385904
3853	1153.42346879072
3854	1196.52760748602
3855	1250.70274266747
3856	1226.72956050829
3857	1097.03257513026
3858	1222.38861672277
3859	1116.22319586455
3860	1239.74158234906
3861	1258.94513100642
3862	1212.59091615395
3863	1156.34972902004
3864	1182.4558901313
3865	1180.7013417796
3866	1188.78113606478
3867	1242.1944096383
3868	1182.79919565857
3869	1204.8507479126
3870	1165.74410871219
3871	1144.04375677583
3872	1184.94724672624
3873	1169.11957786399
3874	1192.89262737985
3875	1283.76485481871
3876	1150.37539501053
3877	1141.19081126031
3878	1283.63932389718
3879	1190.58977144758
3880	1232.60414025488
3881	1195.80414401324
3882	1140.24018571618
3883	1126.08707223156
3884	1205.91812084011
3885	1275.53470993294
3886	1207.0296752847
3887	1174.85032761988
3888	1203.36812199913
3889	1205.78659085756
3890	1232.648228829
3891	1255.76809781341
3892	1209.08358329752
3893	1234.52716126733
3894	1125.96757064428
3895	1150.24759114357
3896	1188.22065174303
3897	1159.48044671453
3898	1274.36884641769
3899	1271.96236501306
3900	1208.38039654317
3901	1234.74510188229
3902	1228.89118377544
3903	1102.15221108206
3904	1183.07698248096
3905	1138.04387737041
3906	1159.54295823349
3907	1210.0896112946
3908	1170.5318338257
3909	1233.93038133409
3910	1184.44002363185
3911	1243.06324416233
3912	1206.62086612478
3913	1203.10955454343
3914	1275.4908250858
3915	1173.98682807033
3916	1273.82476351587
3917	1241.93535241413
3918	1229.97933354454
3919	1204.53389622986
3920	1110.459695395
3921	1221.49106399437
3922	1122.90631763537
3923	1203.03066697282
3924	1188.61394735485
3925	1249.42101923118
3926	1181.48478778315
3927	1146.19161582991
3928	1185.58115713357
3929	1226.5671374864
3930	1113.98662141014
3931	1158.50438392806
3932	1205.11001059847
3933	1176.22876837113
3934	1228.92079906607
3935	1169.23297346886
3936	1140.21095332337
3937	1313.2492654049
3938	1178.32478152004
3939	1163.62684363871
3940	1160.21712020479
3941	1219.62142403931
3942	1176.86646219662
3943	1152.25809053905
3944	1149.5857131046
3945	1219.95286378245
3946	1083.21161641229
3947	1230.64578037579
3948	1177.32505261825
3949	1250.73376088503
3950	1213.58817998832
3951	1100.62354021134
3952	1137.63118868535
3953	1187.10308837456
3954	1132.28196985177
3955	1216.27594020453
3956	1199.00393136816
3957	1175.06632886093
3958	1208.22034791656
3959	1171.00582600497
3960	1222.40595053353
3961	1167.24392849563
3962	1274.51498052427
3963	1184.72600420492
3964	1245.33774723658
3965	1209.54888767643
3966	1223.48477413085
3967	1207.82312370301
3968	1190.70326631438
3969	1128.19418136004
3970	1096.24915607086
3971	1207.28507702975
3972	1152.23109060383
3973	1193.9880982942
3974	1222.61634259283
3975	1259.86256906178
3976	1136.19098266654
3977	1160.32268295974
3978	1134.05407877622
3979	1217.88581398042
3980	1297.77319708643
3981	1227.93405626707
3982	1196.81241048749
3983	1154.02019667778
3984	1186.90950653803
3985	1306.11696406104
3986	1181.60582746903
3987	1258.49739195475
3988	1269.66770637302
3989	1214.85678897634
3990	1145.93836550561
3991	1166.22796634007
3992	1150.2663365082
3993	1174.87745982688
3994	1190.73410074018
3995	1209.61299237706
3996	1181.82991844513
3997	1201.68168385095
3998	1232.88095176162
3999	1238.21237974666
4000	1169.12624621283
