"Iteration"	"tau_Intercept"
1	4.90605736854527
2	4.2783273921165
3	4.80628573977136
4	4.9321463504476
5	4.74911051145226
6	4.90668532554177
7	4.77693756696355
8	7.55593600943936
9	6.64465490289454
10	5.4085758648687
11	5.53333478766024
12	5.24164530695847
13	5.45388136460561
14	4.17765742347841
15	3.75344041508887
16	4.08787146412955
17	5.70434247326213
18	3.8987274880088
19	4.24510577141201
20	5.70572479858062
21	4.44341204059927
22	5.43019899218013
23	3.71671804993505
24	3.84417713774646
25	5.17986694737974
26	4.97075961551156
27	4.30414483728445
28	5.61387091234009
29	4.94963550794054
30	3.73865030555109
31	3.53826776639838
32	4.11308034149298
33	5.06730546064395
34	4.12696791998295
35	4.95608427173032
36	4.5324494429395
37	3.91187615350804
38	3.98959399408055
39	2.93871395440823
40	3.54850393277443
41	4.3693522040983
42	4.08664375877434
43	3.53282366309634
44	3.92749552819513
45	5.78017641040486
46	6.36795264548391
47	4.45301320124806
48	4.91097539173763
49	4.3883925230454
50	7.86736873888613
51	4.65796502342181
52	5.74436284047107
53	4.53074356262025
54	4.90058856530042
55	5.15337525956619
56	5.71153975631842
57	5.75249918922814
58	6.5981860183661
59	5.09829264253897
60	4.41400727933273
61	4.76583989646963
62	4.03014583983309
63	5.12231361568902
64	5.14261288427348
65	4.9820015809538
66	4.38615258855744
67	3.65145191607739
68	3.56757737472494
69	3.33454688880477
70	3.58388814808317
71	3.64432181645115
72	4.91716356910181
73	3.71931629279916
74	4.15545481556763
75	3.13116507024424
76	4.54831834947335
77	4.57303686294798
78	3.59189575405717
79	2.75537130443568
80	3.70228244331633
81	3.34043057340389
82	4.06178984787899
83	6.91312331496692
84	6.85116757719398
85	6.70493028017281
86	4.00409144662761
87	4.68298284273888
88	4.85544217575897
89	4.48034172786519
90	6.34505182294345
91	6.25813829623045
92	5.09006297481838
93	6.54789473100017
94	4.49661852715838
95	3.46421406003651
96	4.84813935956568
97	3.83202733855316
98	4.01504183425027
99	3.95434954897885
100	4.09421513363103
101	3.66724917165074
102	4.55510646095191
103	5.60440325283467
104	5.91896364016946
105	5.07432412885188
106	3.13847355127732
107	4.20694108828443
108	3.28072350567328
109	4.04057225778131
110	4.72846420102139
111	4.54886534946705
112	5.60801471380289
113	3.41723295012883
114	3.16085509161036
115	4.42787578167005
116	3.69897864446338
117	3.55160825270363
118	3.06823850255037
119	3.65523953959653
120	4.26244570502412
121	4.61732236160094
122	3.92051110556623
123	2.89560368430428
124	3.61160153918132
125	4.06239828249926
126	4.56397731747735
127	4.31586368420194
128	5.95746885696921
129	4.416303452305
130	4.57520235521687
131	3.10720324607017
132	3.88582878652699
133	5.35228323595081
134	4.18714320698939
135	5.2909324961859
136	4.86402953320016
137	4.35371514883993
138	4.57217949675092
139	3.39527037079094
140	3.96823355275769
141	4.34787495001685
142	4.38712824963397
143	4.16717607669822
144	3.56570705661068
145	2.74526678940206
146	2.85741128917312
147	4.81398778736067
148	5.08370275572641
149	6.40318607017774
150	4.70814007114057
151	3.97001813926694
152	3.78772096726076
153	4.9717243685617
154	5.22137374521131
155	5.54895573305697
156	8.09119287165152
157	5.29138958407725
158	4.25703574725655
159	4.09780650096262
160	5.56559009469433
161	4.01727822614218
162	4.17499948446498
163	4.29660160246425
164	6.12794410271253
165	3.28002310777376
166	4.94428985296083
167	3.44858243688765
168	3.68846678444654
169	3.72000436781099
170	4.65716829471912
171	3.55864955660425
172	4.54544921065052
173	3.63825719723027
174	3.56378942747583
175	3.17127176328618
176	4.36131564162856
177	2.87567771991416
178	3.9222359643377
179	4.26444770148516
180	3.97566188616862
181	5.2451269313531
182	5.45326689589431
183	5.6927603247078
184	4.38718595691234
185	4.0615235579552
186	3.6265923581846
187	4.14453704458737
188	3.70423087922491
189	5.23026392140087
190	4.56267334944456
191	4.96122757513772
192	4.94308991379824
193	4.53639345236835
194	4.52829124576329
195	3.50972008117239
196	4.5265402623994
197	3.21400317518759
198	5.00474395154272
199	3.51441113142987
200	3.39911182917204
201	3.46911297046553
202	4.80870120074023
203	4.10884604526384
204	4.92140814048284
205	5.21196449966405
206	5.88225716721287
207	5.80749549052053
208	5.91638741271764
209	4.89459697407912
210	5.75339508625498
211	4.38056685294285
212	3.29294958181581
213	4.97799150195402
214	4.63390412486026
215	4.44394816841968
216	4.6906644533895
217	6.04690785807157
218	4.59572378636815
219	4.58055718966493
220	3.69671670433373
221	6.10474493967173
222	5.86700192852093
223	4.83819264784946
224	3.43101181495337
225	5.75278219790421
226	3.95754790374693
227	4.51063162272182
228	4.08574114087291
229	5.45806393729073
230	4.97320734038196
231	3.29377909579773
232	3.68170661779236
233	4.88403188030625
234	5.56043382949898
235	4.46836702260284
236	5.75991918300212
237	5.14033007994115
238	4.89261888426164
239	4.6520918986294
240	6.10198183650007
241	5.136932946615
242	4.37135097568591
243	4.40735957477161
244	3.39789511916552
245	3.65689057984515
246	4.03234351980072
247	4.63603357208273
248	4.05073476996032
249	5.33890062828199
250	4.23028547429854
251	6.2871597156857
252	6.078460470911
253	4.19297553052086
254	3.99397346741873
255	4.62989342316524
256	4.36475301188118
257	4.2964792370437
258	3.6844162723051
259	3.82536742320839
260	3.27712307845504
261	3.23977470420159
262	3.78075952192966
263	5.33191245664743
264	5.55482919677764
265	5.48081182460933
266	5.50901950149193
267	3.5494454364732
268	3.59346133569499
269	2.89077413032156
270	4.7687774480327
271	4.36026097698526
272	3.53264043153932
273	3.70723752068778
274	4.11048025385077
275	5.04464889724912
276	4.64269638501877
277	4.12879858116081
278	3.86406873593909
279	5.1229153330502
280	5.76506016193094
281	4.61290538761426
282	4.10132034000091
283	3.23537977310715
284	4.80143144966222
285	3.36958313803079
286	3.38491788773676
287	3.00300841681328
288	2.99411873065002
289	4.21253816875412
290	4.8333383527763
291	6.15310176925984
292	5.45320548951883
293	3.71172488897691
294	4.1702845361212
295	4.77242361615876
296	4.36399844972018
297	3.85828791399403
298	4.82090992717458
299	4.40012869063666
300	3.78842047468611
301	5.50321282031404
302	4.79127360476696
303	4.2841773364009
304	5.39077105796874
305	4.82759653843963
306	6.3309056543691
307	4.10507385654354
308	3.96447286435151
309	3.06859547306104
310	3.6635332625452
311	3.68374634799042
312	4.40460354268207
313	3.57396646325083
314	5.33996841953727
315	6.0331897293507
316	5.10182116330202
317	5.77184599731706
318	8.67359396882929
319	6.69741176411045
320	5.70373749436576
321	4.81327185621394
322	4.42245817379758
323	4.55278545646867
324	4.86522487537163
325	5.3038495072039
326	4.1940238151585
327	7.21941687201272
328	4.43237151733416
329	3.85178566945337
330	4.11819002217382
331	3.74217945313898
332	3.63836157359214
333	4.20217726290754
334	3.63379892670588
335	4.26915417974471
336	3.21401298377979
337	3.20193317050092
338	3.2209494764237
339	3.79404595599184
340	4.69576368544651
341	4.97133182996091
342	5.5711903820981
343	4.82912297976041
344	4.14683028359605
345	5.59383027434327
346	6.04456108205188
347	4.33653791190564
348	3.94249587123453
349	4.12476196328233
350	4.624377161338
351	4.47165059507035
352	4.54158198268694
353	3.67014307356163
354	3.76301087662079
355	3.95370507366429
356	4.57700907689851
357	4.42704126266322
358	4.73726992540438
359	5.49563131176344
360	5.39215578347316
361	4.54047082716713
362	5.33087533263604
363	4.57338438559395
364	4.91261819551756
365	4.92125324232001
366	5.94289337588673
367	4.28212657037901
368	4.71886346494225
369	3.85253027264979
370	3.54217742512268
371	2.82735792994499
372	3.30548673903479
373	4.25269074784934
374	4.55865189097519
375	3.51120159715057
376	3.17453176997337
377	3.94750056527788
378	3.70897140942021
379	4.46802933881486
380	4.16762558942835
381	4.69632531182379
382	5.81350422614925
383	4.34558459980362
384	5.02744462541202
385	5.8332742510777
386	3.41614111026794
387	3.4749647073673
388	4.34894889203739
389	4.3445080887984
390	4.3407175488689
391	4.78276049882367
392	5.68424741690203
393	5.14236924375556
394	4.29786904794968
395	4.53756901842405
396	3.37152148150001
397	3.78663438329563
398	4.57592627691701
399	3.68760115997653
400	4.39617068995562
401	4.43789566001983
402	3.64281084232643
403	4.04409259146079
404	3.11474494606938
405	3.97784696742395
406	3.83989472154369
407	4.46691533010454
408	4.4793894267687
409	5.67810271312204
410	4.95660195541381
411	4.78740280394571
412	4.87048340514542
413	4.5030284819236
414	4.23627812522917
415	4.25109482139478
416	4.44373854471531
417	6.19407806648837
418	4.15251096655082
419	4.22265937759132
420	4.86079993688449
421	6.2496070740026
422	7.14182565960442
423	6.84974024432611
424	4.79634870956867
425	5.20159770968086
426	3.6479829431764
427	6.33324612493328
428	4.98182955995846
429	3.40452590448699
430	4.27159654194716
431	4.82268174362582
432	5.62461560129951
433	4.64654351829278
434	3.91138033917826
435	3.87101520047645
436	4.31148144093065
437	4.22407140627818
438	4.88490235096998
439	4.90547749595682
440	4.18227851971395
441	4.49184655373284
442	5.05620405275025
443	5.50238100908654
444	4.43408823012938
445	4.41206608221355
446	4.0258375607046
447	3.6920456385141
448	4.26348897981681
449	3.46809215224905
450	3.74252904942585
451	3.27909826838597
452	3.92423872889361
453	4.67881124041366
454	5.17535074227867
455	5.37734046103776
456	3.40752924798784
457	3.27121424199791
458	4.65255485264927
459	4.12608914617515
460	3.97690190206301
461	3.89422287522073
462	3.25952583435483
463	3.80191683108062
464	4.90186766948558
465	5.49479638300809
466	4.40624933798009
467	4.78580201573017
468	3.74411579806952
469	4.04037078807634
470	3.4475138499051
471	3.92588222466365
472	4.0089183472614
473	3.7593070425682
474	3.95882739045464
475	3.69882835107533
476	4.57252015564845
477	5.86740242217274
478	5.99842228036839
479	5.14177410898261
480	4.05636910139288
481	4.34104594162076
482	5.60768707328148
483	4.12551170589631
484	5.49990828597549
485	6.33542152604966
486	5.75093144558374
487	5.63269160362302
488	3.88788078915327
489	4.12830118656404
490	3.35167436331469
491	3.37326863227162
492	4.48269706514075
493	5.08839551557779
494	5.38098165662617
495	3.59856599422456
496	3.89354340890399
497	4.80587905823577
498	4.8751653867828
499	7.49995050612177
500	5.79885497951296
501	4.30501806655311
502	4.0641241994264
503	5.24700018032791
504	5.41943029751615
505	4.9269766788538
506	5.13816635313526
507	3.63693961051232
508	4.96690444044697
509	3.85986401705235
510	4.67386980404638
511	3.75067346283054
512	3.79520826010147
513	3.50844906657185
514	3.50081857322335
515	4.78209350836262
516	4.65030097559716
517	4.22007551139793
518	3.78154795886198
519	3.64771740297413
520	5.21137162458625
521	3.49306194504789
522	3.81645077946005
523	4.73536123029033
524	4.83114881506144
525	5.36912701962193
526	4.91196814767158
527	3.77479390447413
528	3.551985511759
529	4.75396579704254
530	3.85546428372118
531	4.3769731996653
532	6.6027917366955
533	6.24013578419967
534	4.12861955038191
535	3.21765977062632
536	2.8174793043677
537	2.51514632727839
538	2.7841967154958
539	4.12961542671687
540	3.40891133093976
541	4.58411468425537
542	3.66190669883619
543	4.50650495386468
544	4.44123212333439
545	3.58310144734559
546	3.27070372049275
547	4.25185177927105
548	3.87162272821113
549	4.57122770999595
550	3.21989733743688
551	3.99643274552576
552	4.02539051330651
553	4.33859645441094
554	5.74198160022997
555	4.77398042969183
556	4.64802664250868
557	4.36357982163251
558	4.49599515605443
559	5.15121140927076
560	5.58588214570512
561	4.11449656195008
562	3.26220866806432
563	5.26161735634829
564	3.75292217674551
565	3.61671954706294
566	4.74230907074292
567	4.20591045716505
568	4.99497185895504
569	4.37262606459155
570	6.11570936483637
571	6.77777201066855
572	5.96472331076362
573	5.10287240167071
574	4.72537970095826
575	3.568651376465
576	4.29814759689802
577	3.81109589780394
578	4.64181457742593
579	5.46039066764601
580	6.03888521452839
581	6.69595143610633
582	6.03360121568371
583	5.57092915261858
584	4.37889491373754
585	3.22465112018851
586	4.08203874161003
587	5.09477549903029
588	4.25711403641249
589	4.98256597071221
590	5.39344269006685
591	5.9190155281547
592	4.70946398097572
593	4.585967191137
594	3.60147790136336
595	3.71090746373618
596	6.03074197536013
597	3.65353565050411
598	4.16734876075757
599	2.96534401828487
600	3.8381223722175
601	4.83537616304691
602	3.97053230219166
603	3.69545807666308
604	3.78601971674544
605	3.52138723284524
606	3.37554978919849
607	4.35119657180305
608	4.09631940087115
609	3.72951779197291
610	4.36185031313028
611	4.99773823278561
612	4.27831486339556
613	5.39657184662374
614	7.61130053952698
615	5.31854649931883
616	4.19434628974889
617	5.05802086222691
618	4.29195922069278
619	4.98552450235402
620	5.63466305459139
621	5.5189199077693
622	5.87248453508082
623	4.23940360417073
624	4.6204750664005
625	4.21581193579571
626	2.96946407541439
627	3.0585772940646
628	3.39633614356355
629	3.80828542679638
630	3.91693797679382
631	4.1039050817906
632	4.24482438315532
633	3.02327267519885
634	4.27902928078861
635	4.51564322818081
636	3.48643698425595
637	3.78284992298035
638	4.86216676475646
639	5.34364555094092
640	6.00020687698586
641	5.08060918294938
642	5.22979562719078
643	4.63249095721104
644	6.33565086672377
645	5.58993887570707
646	6.22337451070348
647	4.10425577966335
648	3.30595329744481
649	3.31091290175056
650	3.84763551297496
651	4.75496590005971
652	3.18477381721176
653	3.78191143673055
654	3.97910205917984
655	4.36175889502744
656	4.10019364766373
657	4.20707913235385
658	4.40759766504999
659	4.86294798557474
660	3.45818589981433
661	4.82156624989452
662	3.39460986684499
663	3.34991866946153
664	4.50775585667442
665	5.35768243649884
666	6.2170778785711
667	5.99269585197232
668	4.74995654044222
669	5.35282016964683
670	4.28977376019314
671	3.86088421139688
672	3.76190534912887
673	3.42182019520103
674	3.19617098283157
675	3.32766889807554
676	4.01478405216315
677	6.92123504783185
678	5.3132793149311
679	5.9824160802982
680	5.73337118126403
681	5.33220288184886
682	5.44081480362384
683	3.70323798509889
684	3.71045868351168
685	3.69004686036238
686	5.4124519368838
687	4.87115181317001
688	3.13011221555156
689	3.60961946331802
690	6.10169867480973
691	5.75248774140329
692	4.24170781285833
693	4.01045382014237
694	5.51452359019183
695	3.55369409952849
696	3.96463436076193
697	4.03787441399927
698	2.93717799745807
699	3.84747571809906
700	4.03881520061859
701	3.21904826121481
702	3.31738511002505
703	3.36625737863351
704	4.33211274122477
705	4.31955559014421
706	4.99321099487251
707	6.30332881523895
708	5.07705547295737
709	7.60813376142643
710	5.11530511268761
711	5.08754645737384
712	4.81035048707815
713	4.93225054177345
714	5.65523768609105
715	5.19219623275049
716	5.93314417019539
717	5.20052804770957
718	4.65012097408421
719	4.59148043960519
720	4.91472028564827
721	4.52945620514313
722	3.69170446646798
723	4.18786246643645
724	4.22828904651469
725	5.22373475655281
726	4.61923956162624
727	3.91915611110772
728	4.50987983649782
729	6.049004459276
730	4.46844540586588
731	4.42011071605681
732	4.15586146314171
733	4.89347760261455
734	3.91517612295685
735	4.07408310713778
736	4.19991066740953
737	3.2439769700242
738	4.93375614960792
739	4.34077213484715
740	6.26123243660781
741	5.02714951014025
742	5.31899754246478
743	5.63026954411078
744	5.06401272396256
745	5.59720028258253
746	3.94273823158478
747	4.43932178637707
748	5.16466255629844
749	5.73202134682644
750	4.3596095638895
751	3.79092836341422
752	4.25400756363563
753	5.65511045899238
754	6.00333267844642
755	4.61523879136877
756	3.44942118123124
757	4.78249380021252
758	5.70106586190709
759	6.27475503444593
760	5.42080327938268
761	5.74861724888573
762	3.88121214693816
763	4.3451708400663
764	3.80291389294965
765	4.94711760623675
766	4.60154629989753
767	4.42369282945823
768	3.93746456599298
769	3.9468023689559
770	4.2412281299252
771	4.09335369789422
772	5.02975277955989
773	4.47417813567519
774	5.51661858588119
775	4.75591751178712
776	3.33912668715855
777	3.49659211353305
778	4.10764733620423
779	2.97808928448416
780	3.5150008148657
781	3.6417900263346
782	3.84902010122643
783	4.28252526603575
784	5.22449740321279
785	4.99699420711993
786	4.38256645041298
787	4.43745950617147
788	4.34717433554
789	4.30790273322476
790	5.56201356520881
791	4.35867116652419
792	4.19516327325337
793	3.97242999591948
794	3.70666101130584
795	3.2601693815084
796	3.99668935910404
797	3.6666547808746
798	4.44114064686176
799	5.28654778071799
800	6.93830916858404
801	7.56777375257803
802	6.28306058674632
803	4.89784407513094
804	5.45078467143661
805	4.3716081195325
806	3.55490934316805
807	3.6458951404375
808	4.1546911099241
809	4.19962981856276
810	4.47631114115885
811	4.06213527426508
812	4.50848067792057
813	3.64940035648119
814	3.79425739572264
815	2.85483459715891
816	3.63809011015611
817	3.62469455228825
818	4.52312998730674
819	5.98730786214754
820	4.21473637774761
821	4.96458719556826
822	4.73802225616066
823	4.96130626192657
824	5.24167698694732
825	3.85586456483408
826	4.89045188770605
827	4.59649237387149
828	4.47726991946922
829	3.27302641917747
830	3.72270018842094
831	4.48721114346278
832	4.36690940262907
833	4.31619455236592
834	3.93024840585618
835	4.4187308524968
836	4.7041419306842
837	5.40435219322648
838	6.6021335197391
839	4.75821308638297
840	4.69377859939995
841	4.96563440733594
842	5.18336367361298
843	3.64016698982903
844	3.8046709690946
845	4.17283588867596
846	4.27087580669791
847	4.54732338342239
848	5.67573512369924
849	4.67477203926795
850	3.39642064755038
851	4.27855646039447
852	4.05859234798148
853	3.7021240348495
854	3.96806593214704
855	3.17046245083163
856	4.28711590542338
857	3.57908564252242
858	5.48139772038762
859	4.37528025884831
860	4.38103774678973
861	4.06786134297535
862	5.20285003498145
863	6.01326634024935
864	2.84957181815371
865	4.2406292393445
866	4.08085809636546
867	3.78870276252627
868	3.88686672222011
869	3.83724257363317
870	4.40433260658509
871	4.44698721457173
872	3.43235471556282
873	3.78650734722723
874	3.59569919193956
875	3.74465102277345
876	4.09583078914821
877	4.54359468931883
878	6.51921536283806
879	3.51182042117734
880	5.82218430733908
881	5.48372395248571
882	5.45102784499408
883	4.99973951076288
884	4.93581632926199
885	3.61784669103182
886	4.8046421562429
887	3.63066011302447
888	4.62663982356806
889	4.60257321066372
890	4.02296046522433
891	4.18499494351606
892	3.69778399634862
893	4.09846006226146
894	3.65728966194793
895	3.17418998649881
896	4.74499614894923
897	3.95438529623852
898	3.21409466102438
899	5.0021969547886
900	4.62716267347168
901	4.70249491623574
902	4.09693684831626
903	3.75247660390899
904	5.49001803667845
905	7.47281192207736
906	5.08778566333686
907	4.81990816928944
908	5.56505974302043
909	4.09525256979469
910	5.32683441663462
911	4.67406853797182
912	4.29115933807788
913	3.99791911533477
914	4.0921930635466
915	3.78764593626835
916	3.90107402460377
917	3.70068797575104
918	4.18283391172207
919	4.22783618850346
920	4.85428803552452
921	5.01525520793132
922	3.95116619346804
923	4.88645982026482
924	5.25018799532458
925	4.16157723729305
926	4.22449638919569
927	5.06771205888258
928	4.59166163978859
929	5.255409573936
930	4.03811523913893
931	4.14308396027624
932	5.72597423820435
933	4.75855982083667
934	4.38492845759283
935	3.87864254391399
936	4.09570765337453
937	4.83903025686493
938	3.75838471290589
939	5.44402209459216
940	4.48963645393154
941	4.69103130016252
942	3.94754042004455
943	3.90187001067531
944	4.22722715343533
945	4.81825680127042
946	4.12131809136756
947	4.04812656662933
948	3.90544219170978
949	4.15310467936254
950	5.70547887050134
951	4.29549686521058
952	4.16543505620469
953	5.37173086335196
954	5.10247826828324
955	4.25834448702683
956	3.94732637683517
957	3.87105711859542
958	3.38239970330124
959	3.39365029554977
960	4.86129040271533
961	3.59620880751953
962	3.59469312582029
963	4.58774202626799
964	4.19292222231387
965	5.2028471449526
966	4.04166686178653
967	4.72282738950983
968	4.44802524386939
969	4.10667709993472
970	4.65727280020171
971	4.9545631935683
972	3.74100539579397
973	4.47492487480274
974	5.41318457012663
975	5.74367027323662
976	4.59064836639866
977	3.85768758928232
978	4.83984623669489
979	5.40470964557366
980	4.87155450138414
981	4.97898059369754
982	5.2413763913899
983	3.76754777956529
984	5.18032609641284
985	5.92117796702449
986	6.25501917853723
987	5.63155012578128
988	4.6718066672885
989	4.14018509004863
990	3.6666958304481
991	3.01966874161629
992	4.11023196339888
993	5.4170458523989
994	4.56338518361444
995	3.42803269709167
996	4.04101664691606
997	5.19676607315896
998	5.23572655898692
999	4.97383477306823
1000	4.73497084906701
1001	4.56307932899559
1002	5.03952290693684
1003	6.28995228141026
1004	4.48959254109768
1005	4.44724007612302
1006	5.53121440930287
1007	5.87273355045411
1008	6.18766067435276
1009	4.72942511099724
1010	6.02983401505254
1011	4.75133962741193
1012	6.38742736481115
1013	3.76532426222757
1014	4.6516961961625
1015	4.90264542091489
1016	4.16766396699169
1017	3.87274849085968
1018	4.74732166013938
1019	5.09624484802505
1020	3.60941872936786
1021	4.78622762968029
1022	3.87461165620147
1023	3.43539737930865
1024	5.01272311158985
1025	4.55508593071599
1026	4.78396995792534
1027	6.08212126627877
1028	3.93020328700662
1029	4.28215097392322
1030	3.31087043416246
1031	4.27925904893591
1032	4.34290762494706
1033	4.06852402411421
1034	3.79963519575655
1035	3.64230546354161
1036	4.79972182216114
1037	5.20025779081193
1038	5.40055223750968
1039	5.52174166131053
1040	3.68897509241864
1041	4.07927275262793
1042	4.70800455155833
1043	4.39823948492689
1044	4.12993485851815
1045	4.51942944525582
1046	4.82426809883441
1047	4.44637498581937
1048	4.1093027157244
1049	4.14881519522921
1050	5.81107992961847
1051	5.33279733162262
1052	4.80474903577051
1053	4.0288138761627
1054	3.09334030142565
1055	3.74885376178551
1056	3.97300304805412
1057	4.7154321489033
1058	3.63403469757546
1059	5.69619979958225
1060	3.86683621833885
1061	4.61237449713677
1062	5.99037485871155
1063	5.16577566409333
1064	4.94489668724302
1065	3.72442856411374
1066	4.2466091544508
1067	5.4950073665361
1068	5.62196364497635
1069	6.41999024942848
1070	4.90261199819048
1071	3.56036320266218
1072	4.68634916863244
1073	4.76695286213754
1074	5.34216261846551
1075	4.87676838637454
1076	5.23952770280941
1077	4.5950561926585
1078	7.10411121496461
1079	3.4510546139741
1080	4.07601029771735
1081	4.49868420685042
1082	3.97794298890172
1083	3.55015026291288
1084	3.37697036353127
1085	4.21416696870832
1086	3.80612389733582
1087	4.28812080018911
1088	4.51557237179371
1089	4.42612752442514
1090	4.42063737505915
1091	3.94492264218463
1092	4.0930621389905
1093	4.08135150141003
1094	4.5919797632529
1095	4.21147626551549
1096	6.11941659531919
1097	6.03739073586982
1098	5.38252334605528
1099	4.0664841942378
1100	4.43493125629309
1101	4.33228044185057
1102	4.70919116425265
1103	5.57723707347415
1104	5.06048530759057
1105	4.47956315808185
1106	4.9932066700408
1107	4.01678330720184
1108	3.89472323661424
1109	4.61872668094782
1110	4.60791512055533
1111	3.68640312459987
1112	5.68120778893393
1113	5.06371759869182
1114	3.75599778741187
1115	4.11913849332284
1116	4.87669795352907
1117	5.79181560490821
1118	4.60435910057613
1119	4.55746981386311
1120	4.48769592064566
1121	3.16668655790929
1122	4.18017003591228
1123	4.6952371046702
1124	2.81791050803489
1125	3.22447563876059
1126	3.88253467668405
1127	4.1875568944266
1128	4.76730009726617
1129	5.97451641395237
1130	4.6440335384419
1131	4.92930219865373
1132	4.61832126611946
1133	3.77573282466526
1134	3.68828382978915
1135	4.16973852784318
1136	3.56293809072725
1137	4.87848478101653
1138	4.61630736100145
1139	4.58013797711065
1140	5.35747672850152
1141	5.44319657134439
1142	6.02805871704512
1143	5.15183895214719
1144	4.37239832891474
1145	4.96161574239522
1146	4.65678040089797
1147	4.38745538319927
1148	5.2126459870404
1149	3.89857490249477
1150	3.26317489812815
1151	4.30751679080219
1152	4.1879397715683
1153	5.20378172013295
1154	3.75634086443017
1155	4.61716728131348
1156	4.88125141750649
1157	5.33546160565465
1158	5.5137246176855
1159	5.48631991373585
1160	4.54603778828898
1161	4.35464987390954
1162	6.74648502084585
1163	4.5740269847579
1164	5.11189492299129
1165	5.99599881057042
1166	3.99937431142492
1167	4.24416454784856
1168	3.85181113431245
1169	3.7378907824339
1170	4.06290493385141
1171	3.75473184883435
1172	3.93104989183837
1173	3.81786206105048
1174	4.5398871974316
1175	4.0295499097328
1176	4.14251451957156
1177	4.27855839445512
1178	3.56768156596103
1179	4.91801466786843
1180	3.58931856195429
1181	3.66437819624682
1182	4.8186062542052
1183	4.73641501153476
1184	5.04387911379818
1185	3.97651757682968
1186	5.08201070707788
1187	3.94835593790197
1188	3.35549654910809
1189	3.99876143616653
1190	3.47774887332236
1191	4.23386033308041
1192	4.07055799890136
1193	5.02073182162284
1194	3.84813930024279
1195	4.79693248420194
1196	3.22719425276515
1197	5.11321771012045
1198	3.90341428590934
1199	5.28669620307501
1200	4.98943678505984
1201	4.58609139822277
1202	3.73779116109191
1203	3.89639265851789
1204	4.02780607523121
1205	4.03812766137889
1206	3.62219110467613
1207	4.55755503319978
1208	4.62184046989734
1209	4.09673341570581
1210	6.21446149113518
1211	5.41912397352076
1212	5.29776756480133
1213	4.67483521127519
1214	3.66003025548353
1215	3.98842481459941
1216	4.35777422632693
1217	3.54388235297385
1218	3.35934602465787
1219	3.23329872105212
1220	3.67083675698116
1221	3.90654520859691
1222	3.15699160846405
1223	4.4246721440921
1224	4.82891168296753
1225	5.26056625851691
1226	3.35067069238259
1227	4.12456299411714
1228	6.00122375978903
1229	6.29952307568181
1230	8.70176454891095
1231	7.32069967566443
1232	6.14861748097854
1233	7.28086265210223
1234	4.84563266458613
1235	6.46708817011174
1236	4.15832147157394
1237	4.88166519634752
1238	7.59901227926845
1239	5.46691382941059
1240	4.56833532861776
1241	5.87509004522328
1242	4.92500778189123
1243	3.55810368504676
1244	3.42931790911281
1245	3.50458806194817
1246	3.81480605323245
1247	3.7538042242021
1248	4.61462053370117
1249	3.32343853568832
1250	4.53532477132207
1251	5.9322773805988
1252	6.78568648470322
1253	6.20439626878292
1254	4.3914293656823
1255	5.78354866274924
1256	4.59715529438544
1257	4.18021591985334
1258	4.50459153793355
1259	3.7136123614555
1260	3.00128599555784
1261	4.28830780243634
1262	3.58792611156518
1263	3.12005917571342
1264	4.67099432311157
1265	5.34671191820148
1266	4.84219821191607
1267	4.00926864609604
1268	5.23191080938682
1269	3.72933038407771
1270	4.44385050218035
1271	4.10208773369259
1272	3.14313082004335
1273	4.75319996036757
1274	6.54559660390416
1275	4.49642814912653
1276	4.64687097535649
1277	7.41121372065737
1278	5.9486792615386
1279	4.94154527928515
1280	4.06832845825541
1281	3.55294281272741
1282	4.39490315292124
1283	3.98410991010117
1284	4.42693171675114
1285	4.15282926508856
1286	3.35323049275661
1287	3.70555943002855
1288	3.92851720627052
1289	3.79478775648559
1290	4.45253900258196
1291	4.66601827827288
1292	4.32113831418697
1293	4.20046191550605
1294	4.23481896733221
1295	4.16765909340853
1296	3.53134723121609
1297	2.98550601054207
1298	2.87236196778947
1299	3.457970605813
1300	3.76446730680915
1301	3.67100253700128
1302	5.85125761848616
1303	3.87919030749045
1304	3.41174981831074
1305	3.1226566950812
1306	4.45017200161846
1307	4.77923342271798
1308	4.70504875485643
1309	4.76486826740204
1310	4.32400378180231
1311	3.60969611435629
1312	5.4331393973741
1313	4.67755905665069
1314	3.33286899898405
1315	4.66593694742352
1316	3.710288937685
1317	4.32372037558703
1318	3.51444344323111
1319	4.45484077414397
1320	5.35258966658834
1321	4.35149640794842
1322	6.43238178587557
1323	5.65842797299161
1324	3.37353054655584
1325	3.77869371444341
1326	4.25534839719972
1327	4.41442901717852
1328	4.18788020082499
1329	4.54699238644732
1330	5.38149859815528
1331	4.82093687403507
1332	4.96307658875503
1333	3.90260134542196
1334	4.67465316608753
1335	4.97613404636624
1336	4.49865853358116
1337	4.60470745399171
1338	4.20645235723806
1339	3.33431093938674
1340	3.58341551388839
1341	4.38953987692135
1342	4.02248532924182
1343	3.59455443831874
1344	5.48507867517019
1345	3.61356004783957
1346	4.49724555456467
1347	4.92766368046857
1348	4.06519611673333
1349	4.03483292976399
1350	3.82734501404558
1351	3.71606704290518
1352	3.75501715858896
1353	4.59524505282732
1354	4.18693891673441
1355	5.36563038497857
1356	4.78635834494399
1357	3.86179198737876
1358	3.55922085567689
1359	3.73411621969875
1360	3.20624137951288
1361	4.22438368923969
1362	3.55956125328664
1363	4.34717794328599
1364	4.01112824137465
1365	5.3616434461377
1366	5.29802486086677
1367	4.20892909287867
1368	4.57955372446242
1369	6.07022199265202
1370	4.20345866725271
1371	3.81903354928184
1372	4.62041055863096
1373	3.88200744991681
1374	3.77997359304449
1375	4.55546807982277
1376	4.92560220821972
1377	3.63332891767143
1378	4.29046159888133
1379	4.32767782570524
1380	4.19946523094643
1381	4.29808031813813
1382	5.16428453177988
1383	4.42936337308616
1384	4.84409875113025
1385	4.91784963268358
1386	3.89676812287676
1387	3.33895132500416
1388	4.2720030639651
1389	4.10749145095152
1390	5.25254710447829
1391	5.49124590368422
1392	4.86546688583875
1393	4.72934392297914
1394	4.73097561649511
1395	6.71193427650335
1396	6.19588285199968
1397	5.66852044247997
1398	3.67544502992588
1399	3.68523057318865
1400	4.88109720538918
1401	3.97440235696412
1402	4.27369211187723
1403	5.46937535507183
1404	4.82320616940227
1405	5.35444567766411
1406	5.74019558568262
1407	7.5352117745655
1408	5.87535766894196
1409	5.88529594207392
1410	5.66805346333251
1411	4.29123923886622
1412	3.94537370648377
1413	3.32401993286267
1414	3.71184885512019
1415	4.17401648705286
1416	4.03523230110301
1417	3.76801062073897
1418	4.24007188894025
1419	3.25466059443109
1420	3.61153310638009
1421	4.18334762338585
1422	3.99097857449196
1423	4.10574493649105
1424	3.70118362212325
1425	3.4026846287874
1426	3.76574529047066
1427	4.16151384848374
1428	2.98520780569497
1429	3.89471766591325
1430	4.34122376842889
1431	3.8786749651788
1432	4.28838718866566
1433	5.11487750818142
1434	5.02426815235608
1435	6.47067652278757
1436	6.67246391881135
1437	8.69564495872711
1438	8.44587557671959
1439	8.68286391194218
1440	6.27029915582463
1441	4.13397513416969
1442	4.07575101717965
1443	4.19331713781866
1444	4.48186740523229
1445	4.83194936253929
1446	5.30541247461414
1447	4.10361343398475
1448	4.29213627441905
1449	2.85248227679066
1450	3.44376890125478
1451	3.49325806784389
1452	3.7026048498104
1453	3.81405767219894
1454	3.13998178899502
1455	4.08611852437769
1456	3.63450493197521
1457	3.26573021723668
1458	3.44734884264486
1459	5.32069429451241
1460	4.19133823621925
1461	3.68746144004889
1462	4.76819413794436
1463	5.85738719598577
1464	7.05531533410263
1465	6.96850145361999
1466	4.4643356596376
1467	4.61917391736761
1468	4.1015710604874
1469	5.68072652228373
1470	6.06891194898701
1471	4.78921911338352
1472	3.77101160774727
1473	4.37919424118891
1474	4.27931483110842
1475	5.02343401659487
1476	4.45704684281551
1477	5.1638616941243
1478	6.29668650381389
1479	5.28698619454315
1480	6.36732954078429
1481	5.34701758246141
1482	4.12527062493246
1483	5.23376707395803
1484	3.80885270045029
1485	4.9369622213625
1486	5.32365270700248
1487	4.15459127737542
1488	3.76789833306306
1489	4.5708688484853
1490	4.47317809335894
1491	4.51309564382668
1492	4.63345390671654
1493	4.90565414384538
1494	5.19980841687801
1495	5.47329314872927
1496	5.51370283999731
1497	4.39134095275091
1498	5.80087139364244
1499	5.43843791800613
1500	4.5966552101775
1501	4.36469366187395
1502	6.53152167083747
1503	3.84631329909934
1504	4.41366520560632
1505	4.02685882622529
1506	4.71764525277894
1507	3.60722769168111
1508	4.27207487472616
1509	5.75636044725076
1510	4.45067199479732
1511	4.47281506545939
1512	3.26013629586331
1513	4.89319892660924
1514	5.16671228503
1515	4.43559647914709
1516	4.77936005370439
1517	4.17850629319283
1518	5.22423252372064
1519	3.4628764908485
1520	3.95026855983985
1521	4.58867620046659
1522	4.63764317954366
1523	5.30739430382655
1524	5.08245857535624
1525	6.93082300795094
1526	5.04530012403729
1527	4.3747974618214
1528	5.14186728172087
1529	4.38714090989159
1530	4.04215091701959
1531	4.38281941328086
1532	5.17104458285513
1533	4.42929490713003
1534	4.34131721347047
1535	3.798431077031
1536	4.29008156602091
1537	4.32602788694124
1538	6.30718787852574
1539	5.64307650363801
1540	6.6524651743246
1541	5.46424351216492
1542	6.20484536738008
1543	4.87783743678232
1544	5.16188227219792
1545	4.42206933704015
1546	4.40314847214985
1547	5.6458130837453
1548	3.88960289907754
1549	4.10308167689897
1550	3.47301678154651
1551	4.16546770171446
1552	4.9257069798908
1553	4.22259567296167
1554	4.2574382053148
1555	4.54005578809988
1556	5.94211846840854
1557	5.70163170794045
1558	5.53146619165605
1559	5.1864137873336
1560	3.44643095464652
1561	3.71963264763514
1562	3.05731096553509
1563	4.81078796923715
1564	5.66351133449781
1565	4.36407712932593
1566	4.08374097356335
1567	6.06848922841194
1568	5.02088492768466
1569	4.53044891264845
1570	4.77793716052186
1571	5.10385246135174
1572	4.45156155285774
1573	3.81655655432101
1574	3.4747226486237
1575	3.49624141761942
1576	4.95493282382977
1577	5.36043085353599
1578	4.24587476855643
1579	4.41790272949815
1580	4.44698753897191
1581	2.18124842181975
1582	3.43367031883953
1583	4.5156586107201
1584	4.80296166513961
1585	4.45123414319782
1586	5.69983565445041
1587	5.69256956773175
1588	4.66747045929678
1589	4.32092573632392
1590	4.67613211933054
1591	3.52788015690779
1592	3.97634838761956
1593	4.27200674681037
1594	3.69477132570376
1595	3.06252001450825
1596	4.02414185967121
1597	4.09555774729778
1598	4.42986294024388
1599	3.76945015908874
1600	4.8228835842549
1601	5.12590647372825
1602	7.75273497256065
1603	4.90598531921977
1604	5.29780610823654
1605	6.1943988407697
1606	7.59858571819977
1607	3.74885667562301
1608	3.34587921623072
1609	3.96738879565626
1610	4.01129606197725
1611	4.62136728684695
1612	4.52240437418729
1613	7.51480245215938
1614	9.10106105633816
1615	5.32802875010273
1616	5.80889841446838
1617	5.64905523689277
1618	5.49170750586922
1619	4.12993702401683
1620	3.98207788346755
1621	5.19802076733228
1622	4.41129506506444
1623	4.82578428140066
1624	3.64015061049628
1625	3.08481080159149
1626	3.41062778173318
1627	4.03254497453037
1628	4.39747530074127
1629	3.62380522224302
1630	3.96883680676686
1631	3.5474164133528
1632	4.37436124318108
1633	4.44479491686115
1634	3.94387183972019
1635	5.16187429916544
1636	5.92421150983027
1637	5.06706903120001
1638	5.09829755320424
1639	4.05062617134356
1640	3.96884537965567
1641	5.23984047131643
1642	5.19179870422682
1643	3.82189909672905
1644	5.06637603356512
1645	4.81001427219888
1646	5.37175789567572
1647	7.0989811492819
1648	7.25425138919902
1649	8.6363631097669
1650	6.26894894314398
1651	4.21487720706744
1652	3.37189662445864
1653	3.93869406562127
1654	4.57990870362466
1655	3.35412337709205
1656	3.73285882434192
1657	3.20247545905318
1658	3.80671053440671
1659	4.20223305674099
1660	4.18965422266751
1661	5.34332320972572
1662	5.60562644679038
1663	5.60382308999214
1664	4.62816331114859
1665	3.93201529678706
1666	2.96709029186745
1667	3.79293238749596
1668	3.57773629668298
1669	3.36117622756423
1670	4.3357458935949
1671	4.28939172189842
1672	3.93374374825866
1673	3.89282918129868
1674	3.65817537407286
1675	4.42017117573156
1676	4.3324679500782
1677	4.63539818475455
1678	4.6294760016886
1679	4.71517498426427
1680	3.97094506935453
1681	4.06185478254898
1682	4.64689324579426
1683	5.80928665495056
1684	6.25759714251145
1685	4.60686298585649
1686	5.38230503777597
1687	4.18080547211463
1688	4.54464327514836
1689	4.19798676730316
1690	4.65040589244656
1691	3.65698319386271
1692	3.17035372831214
1693	4.52472150993236
1694	4.77701646973101
1695	5.08435175451437
1696	3.23654227206574
1697	4.30126265918416
1698	4.24488643138407
1699	4.28265881777071
1700	4.73112838932301
1701	3.72097550429069
1702	5.01006281267976
1703	4.27069996038111
1704	3.80658798488112
1705	3.99961133533394
1706	4.3921148063549
1707	3.60006132535835
1708	3.25480905014497
1709	3.77840241533643
1710	3.62697589994943
1711	3.35066919933002
1712	3.91524842478509
1713	3.7296480307342
1714	3.22426681912231
1715	4.11723522918286
1716	4.69949910798351
1717	4.80227436526855
1718	5.26122965958422
1719	4.73193699672975
1720	5.92001621160597
1721	5.83307377492403
1722	7.30275069609158
1723	6.98673974493112
1724	4.97096252958817
1725	4.55985903648729
1726	3.69843845543224
1727	5.05651747761437
1728	5.08671733300747
1729	3.66447648253819
1730	3.28593762776212
1731	4.83088451135747
1732	4.89693301811648
1733	6.2409603924353
1734	4.14637801402385
1735	4.16880859343903
1736	3.77601723834609
1737	4.08644796925104
1738	5.01225299500495
1739	5.50955792501829
1740	4.61320371825703
1741	5.34429699443044
1742	4.46958776363374
1743	3.37847807088015
1744	4.76410171469947
1745	5.53385078748128
1746	4.84513861011171
1747	4.20077355376155
1748	4.68065544412229
1749	4.78361082906699
1750	5.20421406387983
1751	4.6851114089038
1752	3.89606338631451
1753	4.25882712044936
1754	4.45265569371041
1755	4.11149652365295
1756	3.98047444056228
1757	4.90551043848501
1758	3.76096828580205
1759	5.22534259063469
1760	5.81525938473966
1761	5.22374456587885
1762	3.85383216293201
1763	2.89056576930027
1764	3.80275602453315
1765	4.37479427337315
1766	4.77079829565317
1767	4.20472678397112
1768	4.62769080455798
1769	5.44496287344598
1770	3.91254359315579
1771	4.13290850116366
1772	5.22924709248213
1773	4.76857630431888
1774	5.46714177268509
1775	5.35721158520645
1776	4.27978191807197
1777	3.68237807474286
1778	3.05765006779652
1779	3.6992284773531
1780	5.71193345902596
1781	6.74040748968783
1782	5.52581894866951
1783	4.08213907647142
1784	3.78250590147262
1785	3.86035059722609
1786	5.01083456586846
1787	3.78732581704913
1788	3.62661725687441
1789	4.23132640586847
1790	5.45258924880269
1791	6.84227432835519
1792	5.07644825692501
1793	3.82427265929608
1794	4.65532813582281
1795	5.84055319855108
1796	4.56175008142704
1797	5.21103771132554
1798	5.35457627726977
1799	4.11494552507057
1800	4.5347618578099
1801	4.83733842649497
1802	4.30317878735176
1803	4.15945287397169
1804	5.3465260144526
1805	5.91799354945707
1806	5.34947241199567
1807	5.18262326241131
1808	5.0777095330983
1809	4.62067216731153
1810	3.42529879952026
1811	5.01297129454127
1812	4.35057596415615
1813	6.24203322267836
1814	7.60699809011657
1815	7.71948594128941
1816	5.23296780498438
1817	5.09609323442881
1818	3.80311530435812
1819	4.40823661824108
1820	5.78874803936024
1821	5.20887788400246
1822	4.33745330473091
1823	3.16207330167356
1824	3.02083750049797
1825	4.09921544542752
1826	3.24471573756785
1827	4.65730389510265
1828	3.66626254263772
1829	4.5020633960278
1830	4.43944172112408
1831	3.65646428371283
1832	4.49639702641985
1833	3.46558967689942
1834	3.56369599830018
1835	5.27452752952857
1836	3.90665347445349
1837	3.36253996245171
1838	4.18446809582386
1839	4.62824315761448
1840	4.11417556232844
1841	3.37870488748554
1842	4.62694679167652
1843	3.83298815162654
1844	4.45661344781666
1845	5.15800108122584
1846	4.21285783543772
1847	4.14036026440547
1848	3.32743395981575
1849	4.41117125647743
1850	4.47765753092564
1851	3.81892534386904
1852	5.88949421303834
1853	4.27182819463744
1854	5.05445293433154
1855	5.96661272367183
1856	4.61285432851028
1857	3.63769055437962
1858	4.13698848657659
1859	3.0289569313188
1860	3.24770802059423
1861	3.74850607949131
1862	3.42610641036583
1863	3.30989997807674
1864	4.22213973791765
1865	5.52006140780895
1866	4.46515349809684
1867	4.47419933598439
1868	5.01977014085369
1869	3.9215702232055
1870	4.47850705615401
1871	3.94566229446716
1872	4.58126538190134
1873	5.58083006414131
1874	5.21212585607328
1875	5.76840398399857
1876	4.15675160034743
1877	3.08257164981826
1878	4.33550566626335
1879	4.57656880577168
1880	4.18754531510791
1881	3.64601150866622
1882	3.4697947681484
1883	4.30904879254608
1884	4.51731941812517
1885	4.69711509039168
1886	5.55396636911514
1887	6.76997488455478
1888	4.21967105286132
1889	6.09725823402564
1890	6.35008079295638
1891	4.32115686094549
1892	2.90208137093522
1893	3.54532028128505
1894	4.24893856886342
1895	4.06251003894675
1896	2.86831356750238
1897	2.92978233910848
1898	3.28720504710728
1899	3.68169759571832
1900	3.46404293589976
1901	3.47447237487797
1902	3.5772793899078
1903	5.28364636636745
1904	4.05267964338685
1905	4.08240343768038
1906	3.79580399805669
1907	5.49590615058376
1908	3.43041769274441
1909	3.84522324530339
1910	2.87713181704385
1911	3.26152648503462
1912	4.08876293736318
1913	3.74943895525835
1914	3.7060704560942
1915	3.96675295847452
1916	3.36253191243897
1917	3.66363808367502
1918	4.24786373230743
1919	5.23823509525203
1920	4.62314785158721
1921	4.8682762316892
1922	5.28702964290294
1923	4.77859840286
1924	4.13147815877726
1925	3.66327162875496
1926	4.0590805306813
1927	4.29874396418152
1928	4.15331224292268
1929	6.359401942857
1930	5.9044705453804
1931	4.50050984298838
1932	3.92586036185173
1933	3.2949826188784
1934	3.89323820834376
1935	3.98485023387477
1936	3.77799671497022
1937	4.67687823021237
1938	6.29589977622243
1939	6.18750203918314
1940	3.5565497261404
1941	4.91666578117293
1942	4.68600150151418
1943	4.47173860513672
1944	4.19613032391949
1945	4.4510900836262
1946	4.11594748211284
1947	4.98827920578814
1948	3.93133320071944
1949	6.05787706779393
1950	4.72339272372093
1951	5.10687942676041
1952	5.36384441193754
1953	5.0757721901564
1954	5.1133783748837
1955	4.65839037546658
1956	5.2004518543104
1957	4.28615892595908
1958	3.99516416607854
1959	4.89356816981717
1960	4.32502180507048
1961	4.63436679512906
1962	4.50320309401679
1963	3.75245821804829
1964	3.96979424610262
1965	3.955470087711
1966	4.7415342705827
1967	4.58205602074512
1968	5.15995342943997
1969	3.79277822264614
1970	3.5801146914832
1971	4.11935339005105
1972	5.21725196777137
1973	4.63567079264493
1974	3.90122329492967
1975	4.17045629168826
1976	4.27652403949567
1977	4.57850318971915
1978	5.41549124600958
1979	4.289840983441
1980	3.57825878588101
1981	3.81997262547478
1982	5.55714348888963
1983	5.31031988396635
1984	6.56426714723779
1985	3.74120739764648
1986	4.58128008732473
1987	3.81125578116635
1988	3.66194533192798
1989	3.31962866664857
1990	3.99310303560546
1991	4.0837756703167
1992	4.96269386690883
1993	4.04470728582266
1994	4.3306446493144
1995	4.05717143031017
1996	6.29796680485985
1997	3.97390445584558
1998	3.96691974374035
1999	3.59561258803055
2000	5.71170748830098
2001	5.98761283225934
2002	3.93314860109928
2003	5.91167995554119
2004	5.86713423739454
2005	3.99299897362923
2006	5.88366127500775
2007	4.02981543972709
2008	4.1502443410794
2009	4.4373893216868
2010	4.71355763672811
2011	5.61853718935413
2012	4.32938236182659
2013	3.02101107594692
2014	3.68234179878265
2015	3.54335632553419
2016	3.61690806666264
2017	4.06603182647565
2018	3.01635071172938
2019	3.65143579142106
2020	4.56214443157991
2021	4.66365042574627
2022	4.26918107743885
2023	4.1688165733394
2024	3.34463904269743
2025	4.29015842224473
2026	3.70584772838096
2027	3.96770916072907
2028	4.27523789985114
2029	5.34898657232087
2030	3.39490211446953
2031	4.3770126965527
2032	5.20302267900102
2033	5.25007901503578
2034	4.62724571528079
2035	4.17946786269999
2036	4.82511020577274
2037	4.45706797134438
2038	3.06861229589455
2039	3.37570295685195
2040	5.30761622658417
2041	4.0837394763445
2042	6.55251347740419
2043	6.82325144432124
2044	6.9217776746948
2045	4.18342524646921
2046	5.05256152599217
2047	3.96664019466929
2048	6.16538027867422
2049	4.30487455519617
2050	4.78764900629932
2051	3.52833537740779
2052	3.76035491053915
2053	4.93913189982113
2054	5.06635892880997
2055	3.82233539836209
2056	5.54927574771727
2057	4.5162672342381
2058	4.25377652997888
2059	5.49805078936566
2060	4.51906205263478
2061	5.05569951898038
2062	3.77951427043647
2063	5.17970909495905
2064	4.82068650707882
2065	5.56094823094896
2066	4.71171605765948
2067	4.78485734133633
2068	4.37109064100431
2069	4.68924618433978
2070	4.33377984191372
2071	5.8191767599235
2072	3.95121120718101
2073	6.05338016105787
2074	6.35696448329328
2075	5.23514224742349
2076	5.04844109588048
2077	4.2558192539857
2078	4.05943662322303
2079	4.92875035037603
2080	4.60930016565765
2081	3.25104306666745
2082	4.39188203908692
2083	5.00415649646523
2084	4.81391850412963
2085	7.25460815870864
2086	3.60035742002734
2087	3.30879520449707
2088	3.73711129202449
2089	3.74206025946194
2090	4.45850049806672
2091	4.09784100298061
2092	5.15274819317013
2093	5.87934950682804
2094	7.30571486188316
2095	6.86105411025947
2096	4.94256786265352
2097	4.20519728070345
2098	4.71678760434917
2099	6.6860391690232
2100	4.91562338516698
2101	5.21635319410662
2102	5.5036797510488
2103	3.75504116057654
2104	3.22459919824033
2105	4.05317347404016
2106	3.01278059144948
2107	4.51108372662679
2108	4.4662771267645
2109	4.17212007067144
2110	3.67330382516512
2111	3.57242608557463
2112	4.69286291816527
2113	5.29623439381792
2114	4.74108708161747
2115	7.02075954116436
2116	5.50883935981121
2117	3.85743276206469
2118	4.02679495989392
2119	5.02804834969364
2120	4.6844468854244
2121	4.78925729627644
2122	3.40813009832974
2123	5.11357440094927
2124	4.64743455862956
2125	4.35587017449041
2126	4.51181327286888
2127	3.90929269300811
2128	4.79972362782852
2129	3.73702461091752
2130	4.40132785701655
2131	4.82049484835117
2132	5.31350076434821
2133	5.10229870591676
2134	7.06776734110943
2135	6.60441121740657
2136	4.54799400242395
2137	2.84146004442957
2138	4.23192610648537
2139	5.12618740459074
2140	2.96731158937181
2141	5.82923256686605
2142	5.16666695481549
2143	3.42157004922655
2144	3.45850146604406
2145	3.56359970471533
2146	3.99337889283083
2147	4.1738655119057
2148	5.75246129519995
2149	4.68379318948761
2150	4.16497253076061
2151	4.14988725543022
2152	3.89475161552716
2153	5.78544398660551
2154	7.4304137503535
2155	6.93060631454338
2156	5.19090443372939
2157	4.42928125526253
2158	5.21283953319694
2159	4.2590720484323
2160	4.92893502810903
2161	5.40645532881225
2162	3.59757964406589
2163	6.61165641493673
2164	4.02126579633859
2165	4.28203891499191
2166	3.64439096426832
2167	5.00073216276628
2168	4.30351019208535
2169	3.97166930372921
2170	4.59997340286507
2171	4.51211708521311
2172	4.8796257566329
2173	4.14495195187559
2174	5.04747374571522
2175	4.28724097800628
2176	5.14245156092615
2177	4.82986665729185
2178	4.90941853827698
2179	5.24858524744465
2180	4.74099181250355
2181	3.33967636725853
2182	4.35052749205569
2183	3.93526639133875
2184	3.15695795965723
2185	4.01116425787347
2186	3.23753326309433
2187	3.72060686653397
2188	3.57496804093756
2189	3.94822959975631
2190	3.92292240365349
2191	4.92197119843767
2192	5.21025428632779
2193	4.44855811412974
2194	3.97769250132657
2195	4.29494219378744
2196	4.47330488589151
2197	5.28428466344595
2198	5.849624053446
2199	5.72920740155536
2200	3.91116327587735
2201	3.3685282821682
2202	3.6427476573531
2203	3.09182812273322
2204	4.63644602955023
2205	4.38610276613518
2206	4.62281671806653
2207	4.17543258620559
2208	4.81364798710016
2209	4.65212811886828
2210	4.75556303531961
2211	5.89212675626001
2212	5.28889591601041
2213	4.7678071854124
2214	8.04530861264413
2215	8.22953278301482
2216	5.47083487399072
2217	4.15197273090936
2218	3.32359225475766
2219	4.25332908367593
2220	3.66676902594
2221	3.36646967300565
2222	4.5226072355295
2223	4.64456574218039
2224	4.18763211549187
2225	4.43523469930399
2226	6.51311063677616
2227	4.37661771283808
2228	4.98776849938542
2229	5.03695936723709
2230	3.33979406287983
2231	3.60997189222481
2232	4.90396024102394
2233	4.26643865538719
2234	4.74397752185
2235	3.16464492225684
2236	3.34615141532524
2237	4.45432253223698
2238	3.86060538360992
2239	3.3174608419918
2240	4.05887003845034
2241	3.30247945121793
2242	3.47013325933226
2243	2.55898019456621
2244	3.85998988540326
2245	3.32093276240826
2246	4.4002718813061
2247	4.30729625520659
2248	5.42040951985052
2249	4.69714203174025
2250	4.96890145784628
2251	4.35386904313649
2252	4.30925093860801
2253	5.53729075503123
2254	4.13071231183607
2255	5.3110326312703
2256	5.36783450133205
2257	6.35582047416357
2258	4.4912809758586
2259	5.74042065125462
2260	7.58664071084258
2261	6.95203753090944
2262	4.74406416735503
2263	3.90285294374405
2264	4.55768323230868
2265	4.49528980977925
2266	5.29187661633009
2267	4.74358837608626
2268	3.49353897014832
2269	4.20211412863382
2270	3.42009425873583
2271	2.93074660758346
2272	3.42448860732025
2273	4.09362047689435
2274	4.36293661222704
2275	5.53647268718114
2276	4.45663687577349
2277	3.77679048577186
2278	4.00915742610731
2279	4.67895834936092
2280	4.3342905247398
2281	3.82408026468295
2282	4.94299684430812
2283	5.08729477371451
2284	3.71575086043547
2285	4.6128295768278
2286	3.90299304464511
2287	4.02920358110846
2288	4.65471891997168
2289	4.52538871748835
2290	3.70690813904772
2291	5.7365426161561
2292	4.51284131400927
2293	3.50938053387807
2294	4.61905775293612
2295	4.82908555114052
2296	4.1136137857171
2297	5.01096908746303
2298	4.04760158591094
2299	4.02346213031324
2300	4.44275355706839
2301	4.95744871368301
2302	4.47149681421796
2303	5.25147551392441
2304	4.54017892875767
2305	4.86587900755885
2306	6.2804015162634
2307	4.57928959367999
2308	5.21233333951887
2309	5.9504933961496
2310	3.78967960314771
2311	3.79816659678774
2312	4.34585962572884
2313	4.8157067552934
2314	3.1711925005792
2315	4.41512167712759
2316	4.89034375282141
2317	4.57000738046247
2318	5.18408818461798
2319	4.11227007718503
2320	3.586983224985
2321	3.35659250944025
2322	3.00493547369837
2323	3.49731893190623
2324	4.44354584434311
2325	4.67392174127339
2326	5.50441304126592
2327	6.69995540203592
2328	6.89018695595298
2329	6.30448840661404
2330	4.20559849517682
2331	4.51674975614857
2332	5.58559053683316
2333	5.03919881307375
2334	4.12828874834615
2335	4.33131645115466
2336	3.97661475898716
2337	3.97382428653529
2338	3.73388096302435
2339	4.8181848961039
2340	3.77427217905845
2341	6.19371333033384
2342	5.15037824315709
2343	6.06268872375878
2344	4.66761528671997
2345	5.48902445516338
2346	5.86636284577657
2347	6.34955117614388
2348	4.07506008225071
2349	3.75113644072209
2350	4.06589465523169
2351	4.27389892077986
2352	3.31695720238505
2353	7.89800821180012
2354	6.68597908817789
2355	7.1462325533377
2356	4.17336410677143
2357	3.90584973501524
2358	4.51105252277845
2359	4.34965424991499
2360	4.30246729478441
2361	3.77055386419889
2362	3.34083005497933
2363	4.93975558453126
2364	3.18578737158005
2365	4.67926549495317
2366	4.77473409268813
2367	5.11545651607595
2368	4.16077072532265
2369	3.9360939727884
2370	5.00276790311004
2371	5.23040690333747
2372	3.92026638027766
2373	4.65824181874418
2374	4.55437156243846
2375	3.73291573166266
2376	5.26045945204926
2377	5.12908660274156
2378	5.15799681429894
2379	3.89668890095366
2380	4.94280169621503
2381	5.81356522379453
2382	6.74703600721187
2383	5.97307485711049
2384	4.33472864125087
2385	3.36179755200769
2386	4.21979448309678
2387	4.65474269825254
2388	5.33301432392031
2389	5.96943676755967
2390	4.84874353061639
2391	5.82897715650109
2392	5.00751975850635
2393	4.19067276166883
2394	3.89576461876597
2395	3.60589039578445
2396	3.98526898268624
2397	5.31473842195507
2398	5.75823969032944
2399	4.96791111109566
2400	3.89984732715284
2401	4.19190011792608
2402	5.94556937169821
2403	4.29211089206066
2404	3.96523472695793
2405	4.36212125396481
2406	4.41021001373333
2407	3.51673269040054
2408	4.11371566866947
2409	4.18268233437119
2410	3.15590164548233
2411	3.03563188903494
2412	4.32048364320335
2413	2.79588557653443
2414	4.40896829995428
2415	5.29416780809894
2416	7.4869873619123
2417	9.74016898095095
2418	5.61717874575262
2419	4.47542678863723
2420	5.01529612893237
2421	5.06180820594548
2422	4.68571462818296
2423	3.74052644114922
2424	4.51689967367296
2425	5.1191765444785
2426	3.87462370435567
2427	3.13428322509995
2428	4.02014140747884
2429	3.81567709274887
2430	5.04470251686246
2431	5.54058524885595
2432	3.96491498081765
2433	5.92913806491724
2434	4.00153878498408
2435	5.07078833155546
2436	4.85988338420367
2437	3.85796701095736
2438	3.90696627729533
2439	4.51513133618019
2440	4.83070666088144
2441	4.90468928546869
2442	4.45915302321122
2443	4.92517607366664
2444	3.65952225639467
2445	4.09947306775347
2446	4.5671101995278
2447	3.98583123217038
2448	3.25099156353196
2449	3.46268043606087
2450	3.47170910324004
2451	4.50411834008856
2452	4.69487236299921
2453	6.47808687919782
2454	5.20586121609085
2455	5.23363274802141
2456	4.74366070596294
2457	5.75013863083554
2458	6.2966513285115
2459	5.11255888384141
2460	4.45617612063397
2461	3.82083953501171
2462	5.02285260165405
2463	4.28802326489614
2464	5.4782503889414
2465	6.34439566587127
2466	5.54622154446495
2467	6.35123760119905
2468	4.06433193126163
2469	3.48311737122644
2470	3.81285684357179
2471	4.47783856587578
2472	3.4808414191439
2473	4.1046002421431
2474	4.01778154306382
2475	4.26410096176083
2476	3.81637178904203
2477	3.49979622217867
2478	3.75354665222445
2479	4.84777907307985
2480	3.61136210912835
2481	3.70689326102411
2482	4.34404766890818
2483	3.06469419651389
2484	3.0434990764542
2485	3.15210089057875
2486	3.6968089348644
2487	3.65916849070234
2488	2.97062729617791
2489	3.42179282354252
2490	3.88483413607311
2491	3.87696420718774
2492	4.14736371176992
2493	4.9213101890802
2494	4.97563291821867
2495	4.22529939690326
2496	3.34160252931612
2497	4.88426360228936
2498	6.03375421372906
2499	4.6025763848243
2500	3.87623409796886
2501	3.81767677680864
2502	3.90672632138883
2503	5.05135912853861
2504	3.69092020390339
2505	3.91305796976726
2506	3.518818772285
2507	6.27446203492625
2508	5.14662834583326
2509	3.25284191105104
2510	3.47016518833725
2511	4.27811164063668
2512	3.75903596860447
2513	4.33734854605575
2514	3.90777775971088
2515	5.59846078701216
2516	4.94963810568138
2517	4.65646501907425
2518	4.3577942764379
2519	4.40658300272217
2520	4.13569639254949
2521	3.5224581077013
2522	3.78791358301898
2523	3.18659914084487
2524	3.99872796052912
2525	4.00082484350785
2526	5.66980031156555
2527	4.79561214899728
2528	4.54132967735932
2529	4.79212801384357
2530	5.88435178671023
2531	6.59752672444066
2532	4.87149711301567
2533	4.51914128292521
2534	3.6961511125348
2535	5.70444244799301
2536	7.98247438780924
2537	8.1414079344797
2538	5.83420562765025
2539	4.33562979413349
2540	3.57828905686738
2541	3.46577054362053
2542	3.84361005676458
2543	4.32639372192175
2544	4.65107369180605
2545	4.95587736152124
2546	5.54243062183644
2547	3.96177251278348
2548	4.35448315328764
2549	4.59314299098609
2550	3.66657851559856
2551	4.50043364400244
2552	3.26316829926898
2553	3.43421225358629
2554	6.17214838499099
2555	6.75606534212058
2556	5.10298479380249
2557	5.64765052787579
2558	5.84045061316323
2559	5.79801888094782
2560	4.53949980641496
2561	4.46198760396518
2562	4.08114651041031
2563	5.20618356739747
2564	5.77678090400945
2565	4.50865653782679
2566	4.9294727562688
2567	5.36861477382722
2568	4.87680623388957
2569	3.82828388905608
2570	4.59728329798497
2571	3.96000908692034
2572	4.03490586885521
2573	3.75265944844285
2574	4.19814699336703
2575	3.8681747999188
2576	3.43318197504549
2577	4.78498144254417
2578	3.24529937692934
2579	5.07489787493591
2580	5.15090715796794
2581	4.1479975938882
2582	4.66423998653339
2583	4.07613546709857
2584	3.88562550099389
2585	5.36056145518676
2586	3.70860980198582
2587	4.5911241398563
2588	5.14817741063952
2589	4.37915960003794
2590	2.78579530224573
2591	2.27478698880485
2592	2.87421483348821
2593	4.65711604293995
2594	3.96313732795848
2595	4.47952737633478
2596	3.77184999958699
2597	4.0628154703501
2598	4.39725122626198
2599	3.98215986237885
2600	3.8978000564639
2601	3.68693569678488
2602	4.17642536474094
2603	5.67161038589123
2604	5.19399656952906
2605	5.67557693761894
2606	4.6700942865539
2607	3.73586497190284
2608	2.8900654447567
2609	3.67126121671095
2610	3.23661496667646
2611	4.35052321031293
2612	4.43407912064673
2613	4.96765828844921
2614	3.7102586375754
2615	3.69498456695946
2616	5.16419071161029
2617	4.40920889861364
2618	4.27658896089702
2619	3.43347249903974
2620	3.67500881089427
2621	3.62572395494032
2622	5.01463087901377
2623	4.30611036716362
2624	4.57267938252263
2625	3.87243991033913
2626	3.03966807826052
2627	4.35742249658044
2628	5.15667748266631
2629	5.3957088011972
2630	3.07465398047674
2631	3.88324159486297
2632	4.8894536520592
2633	3.47849169120164
2634	4.61309605372857
2635	4.2635723280695
2636	3.09773682215228
2637	4.26954823775994
2638	4.89691058304202
2639	5.60114175117822
2640	4.86265418933822
2641	4.13732873682687
2642	5.39848964026467
2643	4.03147083431448
2644	4.04639870971371
2645	4.80407566437854
2646	3.44859442913484
2647	5.18191598039641
2648	4.32579226945962
2649	3.21552765538342
2650	3.89506192453772
2651	4.590349574848
2652	4.53478869154853
2653	3.86315949997348
2654	5.02337511557232
2655	4.68709346157038
2656	3.04843154440003
2657	3.77155862516272
2658	3.72905128396545
2659	5.32701777772864
2660	5.5003729350252
2661	5.37722234312719
2662	6.23750314457044
2663	4.78852998064555
2664	3.96036745198076
2665	3.82500159272471
2666	3.74102020588825
2667	5.2438845755687
2668	5.92584715061569
2669	5.78481670169249
2670	3.81999567697323
2671	3.46924377723764
2672	4.89754975258333
2673	4.85677156820806
2674	4.41375941018131
2675	5.993721979614
2676	5.74824954101135
2677	5.10961259699239
2678	4.14462583680958
2679	3.92735051481276
2680	4.6202871209754
2681	6.70620876883824
2682	5.56360756281207
2683	5.15353961089222
2684	6.20174767521617
2685	5.92872484840213
2686	5.97691214689209
2687	4.7318248598916
2688	6.25569190339647
2689	5.50667436135264
2690	5.94856004417994
2691	3.95285402156247
2692	5.44773948356508
2693	4.35793713771292
2694	3.83403878772588
2695	5.4020362888216
2696	4.83515459207283
2697	4.71852817539897
2698	4.52860706984057
2699	4.41793903090808
2700	4.45735356483463
2701	5.87216481128634
2702	4.92525144920085
2703	3.65774786748842
2704	4.77042176987337
2705	5.80818072250798
2706	5.74815901945031
2707	4.57399983320763
2708	3.87810002426133
2709	3.11345568917105
2710	4.17738970039273
2711	4.57097222232967
2712	4.91367297782159
2713	4.43476156724529
2714	6.67442472102237
2715	6.23605065861863
2716	6.29339432621514
2717	4.6238566294497
2718	4.45781377434925
2719	5.10035787959791
2720	6.87533884483042
2721	5.63231832627955
2722	4.83968378388371
2723	4.01426750214142
2724	5.33122738567047
2725	5.57076618312468
2726	4.89728804372848
2727	4.37604190068329
2728	4.61373564438381
2729	3.02760788824286
2730	4.06246017194543
2731	4.61687325561944
2732	3.57754807733228
2733	4.03088374087331
2734	3.52854888421645
2735	3.92874652413065
2736	4.60137820179197
2737	5.20962614514057
2738	3.9383705171267
2739	3.99398846964765
2740	4.55191019316062
2741	4.20829136111786
2742	4.98244428992958
2743	4.8821393058876
2744	5.24602950378293
2745	5.65839302228168
2746	5.26881388091068
2747	5.90645178506495
2748	5.00005135296419
2749	5.98870507680435
2750	4.73090207540987
2751	5.51483980278203
2752	5.09971215446895
2753	5.24460744993909
2754	5.70717759223445
2755	6.66169981778372
2756	5.04014891965123
2757	5.11993350105652
2758	4.49340500598941
2759	5.14640161765973
2760	3.84624588917832
2761	4.27591698960874
2762	3.8078974326442
2763	2.78439102010845
2764	4.06265797439396
2765	5.42294662723604
2766	4.87778896538106
2767	4.42536284595862
2768	5.56235128239653
2769	4.64033240176704
2770	3.4093844606216
2771	3.40847765775566
2772	3.8173085150119
2773	4.46864900249027
2774	3.34181183789552
2775	3.68460492516452
2776	4.89053405310166
2777	5.88969200760053
2778	6.07819511544146
2779	8.40657897250442
2780	6.16937332902607
2781	4.70877617789357
2782	5.05464317473267
2783	4.77358022545367
2784	5.42834247952817
2785	6.12568910427954
2786	4.45213100947728
2787	3.77649572395719
2788	3.78504844321778
2789	5.12106170121846
2790	4.23227755275906
2791	4.52254158283747
2792	4.1130473925241
2793	4.30767755833905
2794	5.34098227188692
2795	4.88202114243168
2796	4.93320065859749
2797	3.81253689315489
2798	5.26423119457384
2799	3.18239580621074
2800	3.98524347015399
2801	3.77549320572239
2802	3.9642935285974
2803	5.07014643970073
2804	4.03957896092637
2805	5.51171441140081
2806	3.33228826599295
2807	3.9834763432737
2808	6.50243209119305
2809	5.9152609281167
2810	6.1032466011205
2811	4.80602552954277
2812	3.92973319771927
2813	4.8433815020604
2814	4.43093137429432
2815	5.6902404443604
2816	5.59089318769001
2817	5.34091765249685
2818	3.12306670648073
2819	3.80926688049363
2820	4.20973957073045
2821	4.38289919559677
2822	3.1723605893741
2823	5.02942607889731
2824	5.18266631952878
2825	7.8196072019704
2826	7.22868616757604
2827	5.87116246337566
2828	3.89585956267028
2829	5.1026226865017
2830	4.65776379470271
2831	4.63643325765011
2832	4.6205685285418
2833	3.97973136267231
2834	4.27147851914597
2835	3.77529628522484
2836	3.87520810766705
2837	4.70961128725014
2838	4.97631164503235
2839	5.74763573812915
2840	6.05822369988743
2841	5.01156508706297
2842	4.71549417507038
2843	4.12911396741217
2844	4.76598675892926
2845	4.70269293933066
2846	3.49740039571221
2847	3.91017252730891
2848	5.38320734936505
2849	4.73172020620068
2850	3.95865525580456
2851	3.70088835121084
2852	3.83820663599101
2853	2.83014239988341
2854	3.40296369961416
2855	5.03401205946229
2856	3.88134419878484
2857	4.51347296039774
2858	5.06298957274833
2859	6.73479009914002
2860	5.65461199124952
2861	5.20850373738904
2862	5.1728125818189
2863	4.80028114232776
2864	6.61386321192865
2865	8.20621772282438
2866	6.62287147421129
2867	3.59619548605951
2868	4.42928721123079
2869	4.72246354566417
2870	3.14930089261882
2871	5.00691387470854
2872	4.93568094337088
2873	6.32874118404814
2874	4.94650042087143
2875	4.29454818357165
2876	5.15845199769201
2877	5.19699000725458
2878	4.89658357228042
2879	4.69659208035762
2880	5.20363569919171
2881	4.24545326163943
2882	4.88171287400529
2883	4.28117395291378
2884	4.25738955365522
2885	5.10004452818283
2886	3.77063840762819
2887	3.14327646708444
2888	4.42671729994968
2889	5.05937569740282
2890	2.65939955056197
2891	3.52711026926964
2892	3.18401380001615
2893	4.33334553198449
2894	4.39135355009756
2895	4.91745447912837
2896	4.44783774848379
2897	4.4497589575242
2898	3.64097279037861
2899	5.34853122634933
2900	4.61703033163605
2901	4.31754523897857
2902	4.58286891889815
2903	5.44775322056622
2904	5.49489988107079
2905	4.80515811475949
2906	5.41139944803913
2907	5.06485983430951
2908	5.29950612741907
2909	4.41424185616085
2910	4.90851723954388
2911	4.22029749514012
2912	4.00631787569297
2913	4.47002888153873
2914	4.82304328535254
2915	3.97945343546508
2916	4.283657732773
2917	4.31015760808101
2918	3.43758369258853
2919	3.72559802152349
2920	4.72289947897746
2921	2.76130322704695
2922	3.98977769550324
2923	4.10250517995238
2924	4.89162418249885
2925	5.57224510914022
2926	7.15178946408982
2927	5.69473896310068
2928	4.85788629767737
2929	4.75462714422219
2930	5.72339247264989
2931	5.66755887350293
2932	5.89073761895391
2933	6.24307125535106
2934	4.99398485780996
2935	3.90911390573729
2936	5.15754784676262
2937	4.76494059172703
2938	3.67713119766861
2939	5.31220324010143
2940	3.3814869565315
2941	3.63700367568367
2942	4.62013702852185
2943	4.55329047549909
2944	3.69883999899127
2945	3.66633903065334
2946	3.16830853384265
2947	4.36545115576028
2948	5.74125129389779
2949	5.08609804417393
2950	5.24400743961231
2951	5.81983650640325
2952	5.02378294152157
2953	4.57378935296488
2954	4.46121262804706
2955	3.40845883497206
2956	3.70314127421307
2957	3.54102148281541
2958	3.83890722582473
2959	3.69320684752099
2960	3.40752919283614
2961	4.20111631569
2962	3.86345374295058
2963	5.90661997504718
2964	5.02047577378451
2965	3.81020224767808
2966	2.95355899230822
2967	3.46201653830578
2968	4.31072977850173
2969	4.50358423441628
2970	4.49656675784191
2971	4.24778111981774
2972	4.56985163210805
2973	5.23717386764494
2974	4.50143921978724
2975	6.05244614443865
2976	5.10453409998369
2977	3.64548720684122
2978	4.36844989892498
2979	5.26816282027183
2980	5.74523626216706
2981	4.78022409962436
2982	5.54424645984059
2983	5.42256143353409
2984	4.94118363002051
2985	5.22031715679051
2986	3.87791045111087
2987	3.21271947689633
2988	4.17578425572004
2989	4.11472863128573
2990	5.52242303077181
2991	4.81289699583817
2992	2.98295350598276
2993	4.60467049087227
2994	3.7689306944004
2995	4.31917826198883
2996	4.12161480230807
2997	3.83474192892863
2998	3.21131440320407
2999	3.75367975479388
3000	4.65435889497318
3001	4.46962152652959
3002	4.95327907553821
3003	4.75693203874629
3004	4.75798254843673
3005	5.37276891472296
3006	4.40967771623878
3007	3.14354727248754
3008	3.04291432399215
3009	4.13795817891523
3010	4.33575741692955
3011	5.08515239737751
3012	6.33419976394486
3013	6.06450878660941
3014	4.29607922131703
3015	4.95281209745778
3016	4.52460123639493
3017	3.555283206187
3018	4.00594681154425
3019	4.41430785260046
3020	4.66902132443773
3021	6.37001615591166
3022	5.51979986852078
3023	3.49267968816202
3024	4.10367912895808
3025	3.76453509947411
3026	3.41080873001486
3027	3.13409339638185
3028	3.87009650417826
3029	4.12242491842113
3030	3.31086216382819
3031	4.25253325007258
3032	4.35236016454958
3033	4.4506951413139
3034	3.63645159806329
3035	4.05123950891827
3036	4.33554853279075
3037	4.88105616105227
3038	4.54001543091451
3039	4.31851740352073
3040	2.82599040048287
3041	3.62411609948546
3042	4.52069480408636
3043	4.1008529759359
3044	3.9450870351835
3045	4.44920770741611
3046	4.40869844057668
3047	4.31072146734344
3048	3.73621222012831
3049	3.94677969852172
3050	4.40836371133445
3051	6.31663215584714
3052	4.64374058256194
3053	5.49260797399048
3054	5.67032492363997
3055	4.38074242275177
3056	4.32823379236939
3057	3.46499102715617
3058	5.20856040046105
3059	6.18302752391721
3060	6.04980169857016
3061	4.65873990153498
3062	4.01742116985279
3063	4.22386796309314
3064	3.63094153001023
3065	4.22341619530893
3066	4.44722569234319
3067	4.67373768976523
3068	4.74900578532179
3069	4.38497033238271
3070	5.67150918749399
3071	6.26818943019845
3072	4.87424809198162
3073	4.54400903971434
3074	6.17092219691576
3075	5.58494178505337
3076	4.69586644667276
3077	4.07912067912025
3078	4.15015391958703
3079	3.58348065924872
3080	4.09242915022499
3081	4.28410390076274
3082	4.13939660360203
3083	4.83328662646
3084	5.71080987080801
3085	4.98752594529468
3086	5.35171408826155
3087	3.74381184965021
3088	2.97130048750962
3089	3.48984702129873
3090	4.23502872912195
3091	5.68785461593231
3092	4.63359148237756
3093	3.49825433687316
3094	3.37397825462905
3095	3.47277709361601
3096	2.81579320784605
3097	3.98921972641665
3098	4.35825249411343
3099	6.35997408430837
3100	6.24148781881119
3101	8.61607786482613
3102	8.33991297693083
3103	6.03832233300042
3104	5.25796889550304
3105	3.97189583071062
3106	3.36214991956765
3107	5.04043049960627
3108	4.19290805556404
3109	4.74596683385405
3110	5.63434460263886
3111	3.9039796153148
3112	5.01469749385145
3113	3.34841142421374
3114	4.09896637233525
3115	4.07314580920883
3116	5.39813617221452
3117	5.02198901836189
3118	5.81179171885309
3119	3.89538234423716
3120	4.13487911966955
3121	3.88080277241345
3122	4.07295517321188
3123	4.07378421749177
3124	3.07584038833441
3125	3.91716704524336
3126	4.93099737151711
3127	3.82943247116923
3128	4.0797245109143
3129	4.47847905692001
3130	5.13317713497573
3131	4.50039018530078
3132	6.43481906070016
3133	3.57822614987736
3134	5.31375376380177
3135	4.14221010579603
3136	3.39278355498525
3137	4.5682619993996
3138	4.07415638019818
3139	3.55447906489125
3140	4.64105704146086
3141	3.45741239874519
3142	4.20349081734137
3143	4.41123576565836
3144	6.31569895166585
3145	4.70947375301526
3146	5.60287172383652
3147	5.41722462517183
3148	4.3323299853651
3149	4.44614948659699
3150	3.34066965172701
3151	4.28913345524065
3152	5.32055654423387
3153	5.88537748765883
3154	4.34696905002572
3155	4.27775571644164
3156	4.24591219776838
3157	4.38218032742436
3158	4.47647303905968
3159	2.96724086303773
3160	3.84184307709649
3161	5.11543683130458
3162	3.32408628249035
3163	4.4636576475361
3164	4.46625971781586
3165	5.92956513938899
3166	5.15142354767714
3167	5.29355042772406
3168	3.6189725204179
3169	4.82369162746847
3170	4.89376197998928
3171	3.73657826505941
3172	3.9022735748791
3173	4.5763936843195
3174	3.88486139653346
3175	4.56117045094723
3176	3.96006366811485
3177	4.36520778210433
3178	3.77607438289124
3179	3.81724916301574
3180	2.95393324035266
3181	4.42021998077163
3182	3.63108289548684
3183	3.96726732459469
3184	6.64511778431014
3185	5.91266303352391
3186	4.46609452566984
3187	4.19121908886291
3188	4.36244681927799
3189	4.47752734169787
3190	4.09116784145233
3191	5.54035299628063
3192	5.38127248415231
3193	5.56225009083257
3194	3.94970006973755
3195	5.38934426418548
3196	5.93120550386148
3197	5.86427316447558
3198	4.43863402344139
3199	3.69166752452765
3200	3.96114419175154
3201	3.57204886646057
3202	4.57319047007176
3203	4.05817563188209
3204	4.94471792243553
3205	4.58020770568641
3206	4.63834970765453
3207	4.51846645750374
3208	5.52667441328254
3209	4.07893204216317
3210	3.90331380543652
3211	4.78877952808059
3212	4.48495792780976
3213	5.14673548486755
3214	3.4161127398061
3215	3.38793387238373
3216	3.0186456856023
3217	3.35008199950117
3218	5.08523779932817
3219	5.52830185572812
3220	4.8645273296623
3221	3.65848386886353
3222	5.35473738039104
3223	5.72348992131821
3224	5.76758912525281
3225	5.13474617245909
3226	4.67071710773281
3227	4.75208707085131
3228	5.8460019085999
3229	4.40686001851148
3230	4.26147678162312
3231	3.59877616312785
3232	5.30577715934824
3233	3.42185917067142
3234	5.61144459790176
3235	5.45344680082377
3236	6.98256840419304
3237	8.12546564609389
3238	5.09788650995124
3239	6.45168995182559
3240	4.59932611533245
3241	4.81351122216109
3242	4.09031582203896
3243	5.37186635328787
3244	5.95928869878193
3245	3.91895881894312
3246	3.15548095557394
3247	5.07833177949321
3248	4.69750010926848
3249	5.98191369112369
3250	7.59508070526796
3251	3.05066009763963
3252	3.69734159743667
3253	3.49052104473564
3254	3.50961756477107
3255	3.34748656525495
3256	3.80688469519207
3257	4.98744694301376
3258	6.22650979824309
3259	4.88340590873107
3260	5.18824298003754
3261	4.17756121166759
3262	4.31754362880344
3263	4.51082532004434
3264	4.58362768457729
3265	2.75533831745673
3266	3.7050562272415
3267	3.53516431590244
3268	3.59433862486508
3269	4.86895218512764
3270	5.69107397358374
3271	7.06806859267273
3272	4.7841729216143
3273	3.85463071967374
3274	4.89807862025074
3275	3.17378914255614
3276	4.68319778095424
3277	5.03441000071213
3278	5.12084852993177
3279	5.4058639196166
3280	5.95426870202565
3281	4.82824228618273
3282	4.9396075657933
3283	5.47257550527269
3284	3.69985219393347
3285	3.93162246680514
3286	3.47067809482835
3287	3.33483967921098
3288	5.63764682736873
3289	5.25393220393781
3290	4.40488772268273
3291	5.15712109564451
3292	3.7598934147316
3293	4.41859828276929
3294	5.60563394108447
3295	5.31166972066079
3296	4.32579677434395
3297	4.3092124628545
3298	3.32444856801383
3299	3.17397992319836
3300	4.65904942506369
3301	4.27775101892618
3302	4.31661283208556
3303	4.00990917942144
3304	4.44080869877428
3305	5.03168669361145
3306	5.87427256032497
3307	5.17214939738075
3308	4.41207405620952
3309	3.67260945476572
3310	4.11232654283908
3311	4.49844990424198
3312	4.15456450839121
3313	3.79075031323217
3314	4.18025402325261
3315	4.27830934809326
3316	3.94053168812337
3317	4.96768353634624
3318	7.88837839576968
3319	6.53465916952734
3320	5.23839848281062
3321	3.55822484433506
3322	4.16364683898064
3323	3.45151240607946
3324	3.930235140314
3325	4.61925654335368
3326	3.95935743364169
3327	4.57095843965048
3328	4.41752847496314
3329	5.24305616209296
3330	3.92455834058516
3331	4.17199670100634
3332	4.16488205916373
3333	4.9617606855177
3334	4.11234680099974
3335	4.14134546697463
3336	4.25931833988191
3337	4.82369435130276
3338	4.43088730414129
3339	5.21466216926499
3340	5.20888769205468
3341	7.36456978391754
3342	5.1214048270152
3343	4.46451078806591
3344	4.51643604312223
3345	5.4290507549464
3346	4.18790278437518
3347	4.56066467884574
3348	4.2206630505779
3349	4.68955993316465
3350	4.38242807607469
3351	3.86205796115983
3352	6.23947461906805
3353	6.65917498496565
3354	6.41201547826578
3355	4.23401010249612
3356	5.50744519417761
3357	4.6589273088593
3358	2.67763643911645
3359	3.12365696105971
3360	3.92167859079861
3361	3.54873513547637
3362	3.57648261438655
3363	4.20349195848837
3364	3.18975808794313
3365	3.52580900139429
3366	4.54575124334186
3367	4.39621487794123
3368	4.05822507341944
3369	4.40602202889222
3370	4.98309071146041
3371	4.28538175259074
3372	4.37460811036254
3373	5.22302607441848
3374	5.40817087095863
3375	3.91903482027595
3376	4.58287572721436
3377	4.61905346332701
3378	4.37424016170562
3379	3.39864151413689
3380	3.88440647078975
3381	5.36896019779751
3382	4.6490846882832
3383	4.2213389518337
3384	6.1380872310015
3385	5.87955767207759
3386	5.09256472643241
3387	4.43500154593866
3388	3.71263044108799
3389	6.22326808794209
3390	4.23764150860183
3391	5.19054383052429
3392	4.8015541413147
3393	4.97052827285045
3394	7.49645510733857
3395	5.325502566014
3396	3.46144447336926
3397	3.5190201198015
3398	3.60131153129886
3399	2.8687869997029
3400	4.00926767752711
3401	4.58842351858071
3402	5.78886753638161
3403	5.62742422396263
3404	5.7978825959615
3405	2.94433489920271
3406	3.89520158728728
3407	4.99211863333058
3408	3.98155733380393
3409	3.95882784468698
3410	4.50360688470178
3411	3.27127709590747
3412	2.93744093260223
3413	3.81783077187136
3414	3.58001903337318
3415	4.28680119813567
3416	4.32459762852909
3417	4.22530850390647
3418	3.95390794153107
3419	3.42429960893148
3420	4.12062400757306
3421	4.09761794553571
3422	4.27632857318291
3423	4.44239683105888
3424	4.9049539240001
3425	5.12610422235813
3426	3.3200092680095
3427	3.74975305230046
3428	3.96440313944484
3429	6.12132531312818
3430	5.61345923479581
3431	6.58181142182637
3432	5.44914820620692
3433	4.49300944668359
3434	3.41063944449026
3435	4.17145439320028
3436	4.44887893236094
3437	5.43150131689585
3438	3.5908080311892
3439	3.82328294478654
3440	3.68057709265328
3441	4.32371049892457
3442	5.15312951296791
3443	4.09678373467135
3444	7.24785524062138
3445	4.03835912165758
3446	4.18296131238239
3447	4.76209945519927
3448	4.79178616197053
3449	3.58835580909197
3450	4.3300403570492
3451	3.9707482314948
3452	3.65825019318475
3453	3.21228165734057
3454	2.84179338610702
3455	2.91614430985349
3456	3.78713262817001
3457	3.53646548620205
3458	4.35643777974747
3459	4.99146219781016
3460	4.4197230440134
3461	4.31652907178037
3462	4.20325066611884
3463	4.07643891837961
3464	3.49577949635831
3465	2.62124651508762
3466	3.37890724854113
3467	3.19422760586342
3468	3.65912024115493
3469	2.81791103548348
3470	3.32657520001403
3471	3.99315779574751
3472	4.86390059805945
3473	6.14388578086733
3474	5.17295217133883
3475	3.85299488036839
3476	4.42275501999659
3477	4.87242621520804
3478	5.42855003241776
3479	4.47937776222457
3480	5.28411365631949
3481	3.69031020273896
3482	6.54777706082826
3483	6.62604980132474
3484	6.89760958272681
3485	5.49874050857309
3486	5.31854190914193
3487	4.75352675596917
3488	5.13751180263958
3489	3.59168086342887
3490	4.01631240402833
3491	4.14129492692479
3492	5.28817955823533
3493	5.63832629049868
3494	4.54078750908339
3495	3.74058500452174
3496	3.87074867526156
3497	3.68787438629412
3498	6.00470687460041
3499	5.69436512178081
3500	4.68652820132904
3501	6.19928795288092
3502	7.97627211224696
3503	5.83490533247311
3504	5.53729532279504
3505	5.93493802655698
3506	5.51683555948964
3507	5.27218983631654
3508	4.21819053448553
3509	4.01934553241813
3510	4.35053361346868
3511	5.86842258915778
3512	4.81669918539947
3513	4.6373333382704
3514	5.53305463302088
3515	6.59996682278451
3516	5.35164799721119
3517	4.9460583766804
3518	4.13474773279917
3519	4.95619220070409
3520	4.94968270399602
3521	5.56986818464383
3522	5.61376534271177
3523	5.30828965045816
3524	3.82913115731845
3525	3.42442406006564
3526	2.94129123888495
3527	3.62676947657581
3528	4.61484892172668
3529	5.37183689688206
3530	6.46379154089936
3531	6.52093783416729
3532	6.68462469237186
3533	6.55117315830956
3534	5.89451735952865
3535	7.14864150186139
3536	6.82156456470188
3537	5.77897002339258
3538	6.29025793850667
3539	4.48926450812456
3540	3.82811684041888
3541	4.47698633376863
3542	6.09945568051615
3543	6.02240479636922
3544	4.82767095567476
3545	5.12561225538662
3546	4.1522773559859
3547	4.78345941301666
3548	3.96627018326799
3549	3.36434595844402
3550	3.91785224864999
3551	3.18863471444861
3552	4.16654402077163
3553	3.90214853597571
3554	4.51661403611334
3555	4.61531307317141
3556	3.63602523686728
3557	4.29747343198052
3558	4.30014789129072
3559	5.04213425142818
3560	6.02754507156017
3561	5.3485342717146
3562	4.36844038946858
3563	3.46742953222418
3564	4.75536187591807
3565	4.55212576312339
3566	5.38590028473231
3567	3.53028667843685
3568	4.66189111674267
3569	4.06109693626125
3570	2.81987538547733
3571	4.52660317386054
3572	5.33072113339765
3573	4.99496136356133
3574	4.15815048819339
3575	3.6944834396985
3576	4.96566383534859
3577	5.33281587486083
3578	6.08048832369426
3579	4.98516346561005
3580	4.84199138479259
3581	4.96843305524151
3582	5.09370383122767
3583	4.07924761073276
3584	3.7132670934032
3585	4.03090421274473
3586	4.48079496276691
3587	4.62606210670908
3588	4.17529383827474
3589	4.55663927406699
3590	4.47712154343866
3591	8.06174370322315
3592	4.39946305298304
3593	4.33080912398932
3594	4.16694761817291
3595	4.23606927960664
3596	4.9976061293157
3597	3.32578517788327
3598	3.6326149372741
3599	4.40183485916967
3600	3.79775850397294
3601	4.38150083033532
3602	6.43271448316055
3603	8.54508906886199
3604	4.23330544135839
3605	3.77690745893356
3606	3.13392440568177
3607	5.09511870052461
3608	4.58796358459124
3609	3.35303858785294
3610	3.64220255481413
3611	5.07742872272276
3612	5.41833379015436
3613	4.14643920110416
3614	4.12425609846388
3615	4.38990402463094
3616	4.3183342928276
3617	4.06547412208436
3618	4.10914679225679
3619	3.45103386122882
3620	3.98345305083398
3621	4.60194226646563
3622	5.63875224262532
3623	4.28335029378134
3624	3.90306682060982
3625	4.44477056195639
3626	4.69264276771749
3627	6.37213230171893
3628	5.571749153664
3629	5.42322613017449
3630	5.27305118300703
3631	3.6187355161001
3632	4.90867169283194
3633	4.09744642131444
3634	4.65950011560191
3635	4.98779067027011
3636	3.81547847869573
3637	3.20729836988801
3638	4.10721154772923
3639	3.82712632324017
3640	4.4651078946258
3641	5.91891870878286
3642	4.20074866207808
3643	4.07856699789549
3644	3.89611124873913
3645	4.18652263172348
3646	4.45842994018888
3647	3.93658452786046
3648	3.69176103524868
3649	4.04943979172294
3650	3.68889982209178
3651	3.41690447704456
3652	3.24599706636724
3653	2.92384612716617
3654	3.54909873650583
3655	3.22119817250137
3656	4.21878868397794
3657	3.55703049310387
3658	4.03001783992313
3659	3.42784906689518
3660	3.85606615231466
3661	3.75482737722908
3662	3.8361234829116
3663	3.87999243812213
3664	4.11457557174867
3665	5.37144294134654
3666	6.18788738638608
3667	4.53471206936201
3668	4.30384092406501
3669	5.00194398050501
3670	4.41897954277096
3671	3.36995716143377
3672	3.34196587453448
3673	3.29985857307656
3674	4.36750556681957
3675	4.54468208714364
3676	3.73348291662603
3677	4.22417066532907
3678	4.931669063999
3679	4.25098353076041
3680	4.01795187774802
3681	4.28639593723078
3682	3.98829964383298
3683	4.33090837856537
3684	5.28419347442316
3685	4.89382938387578
3686	4.27387291847807
3687	3.70792635376027
3688	4.16272216688458
3689	4.06543029364157
3690	4.61008436880582
3691	5.65416562612406
3692	3.19131952133984
3693	3.95284283448294
3694	4.4538017688126
3695	5.13092733702336
3696	3.82243979264233
3697	4.67436900102453
3698	4.33942408578258
3699	4.75136109198329
3700	5.02428220062155
3701	4.34550410002562
3702	3.60857408910521
3703	5.42538553378238
3704	4.77112984094603
3705	5.34742453561399
3706	5.37809194297564
3707	6.05701025659744
3708	6.70402195990657
3709	5.13596167837412
3710	4.46644031387276
3711	5.03835500150183
3712	4.86759334186135
3713	3.69090696546945
3714	3.54918596472822
3715	3.64732187549299
3716	3.14664372804738
3717	4.76886982739173
3718	4.89654537065879
3719	5.45959441250407
3720	5.10668995551767
3721	4.10611825413279
3722	4.1674445441061
3723	3.84446396645198
3724	4.10919636488561
3725	3.34713943948409
3726	3.01720191715753
3727	3.51949646498324
3728	5.11828078980931
3729	6.61034726873124
3730	5.31423918931379
3731	3.44993816456853
3732	5.07501072265371
3733	4.67839684631334
3734	4.89267633893497
3735	3.95511797531687
3736	4.51153651632199
3737	3.84740858169633
3738	3.48254523142108
3739	4.28700758551012
3740	7.0359561025901
3741	5.15532137252218
3742	4.54790773686876
3743	4.62619862678876
3744	4.92201518639113
3745	5.17991724212303
3746	6.01450308917605
3747	3.90995388972405
3748	3.96797129434651
3749	6.00957964766124
3750	5.07342202503358
3751	5.53072238465039
3752	3.49525144590934
3753	3.26804851164139
3754	4.04201695688067
3755	4.62720215601909
3756	5.62824706862866
3757	4.27559049745962
3758	4.47867173162615
3759	4.18848026739195
3760	3.75454999910204
3761	3.10712369633002
3762	4.45910957811274
3763	4.13104904316892
3764	3.74338034366785
3765	3.98711974737376
3766	5.971173650233
3767	4.8528198093558
3768	3.58628655963886
3769	3.26371044208661
3770	3.98927419227272
3771	4.19288691406761
3772	5.37374803551019
3773	3.99366016460408
3774	4.15295169048293
3775	3.7577510898099
3776	3.30428828658997
3777	4.2596876937053
3778	4.75850489666608
3779	4.44698442496261
3780	4.66825140167467
3781	5.0183750279876
3782	5.18209244513346
3783	3.73285468856686
3784	3.54009708336441
3785	4.79340812281068
3786	4.18435626853542
3787	3.56794622154037
3788	2.73405219037023
3789	3.91497413234049
3790	4.24321838627849
3791	3.53773767781448
3792	4.00936152040837
3793	4.34625138404477
3794	3.95357348302174
3795	4.42722494775234
3796	7.10837585992591
3797	4.88706075774857
3798	3.95704792475235
3799	3.3199042812441
3800	2.87324243699335
3801	5.07874653162507
3802	4.99067101253377
3803	4.57176263313619
3804	4.05291744539185
3805	3.67835871716637
3806	4.77256807904604
3807	4.92665003941742
3808	5.55502714500393
3809	4.66138590749124
3810	4.53885723916332
3811	4.58479097485923
3812	4.69706218240633
3813	4.35471368424284
3814	4.39112931465044
3815	3.70675782032088
3816	3.43413756921184
3817	4.39060086592127
3818	4.18780295920532
3819	4.42267948001127
3820	3.8853691495853
3821	3.9266778390598
3822	4.99394232579957
3823	5.02351486927056
3824	4.05713980547701
3825	3.41099310828955
3826	3.24655151740433
3827	3.53453848854649
3828	5.30644897612666
3829	4.22502872995819
3830	4.52203798628996
3831	4.61125148132981
3832	3.94722996305562
3833	4.4593214393074
3834	2.87669461132641
3835	3.77566511535875
3836	3.49847950504865
3837	3.19975816332128
3838	4.50822872006707
3839	3.56323806285368
3840	4.56391998766274
3841	3.48785443334756
3842	4.33234777770376
3843	5.01250188998106
3844	5.30757869753046
3845	6.95345310124736
3846	6.64123020445866
3847	5.63603033224574
3848	4.64409558190933
3849	4.23032599345953
3850	5.89965474395101
3851	5.45212267980644
3852	5.54503150021737
3853	4.68712553163666
3854	5.80414166485499
3855	5.99534005091952
3856	4.89514301786311
3857	4.58378184494238
3858	4.87949025073044
3859	5.02684559261628
3860	4.21769642469662
3861	6.33686310764712
3862	5.62290338396371
3863	5.46520307158677
3864	3.62655413661214
3865	3.2587583609806
3866	3.56264830226418
3867	3.26861418426197
3868	3.22101313398697
3869	4.11582850354594
3870	3.09430614562952
3871	2.73447632530961
3872	3.1208927445271
3873	3.69523282935306
3874	3.47598311698165
3875	3.7543855086869
3876	4.39732111186713
3877	4.34709404576833
3878	5.03809025989085
3879	5.9799443492814
3880	4.83305600762153
3881	5.13208569203192
3882	4.69845830463579
3883	3.80842347399844
3884	4.08981796166504
3885	5.06067164920869
3886	5.86273230678486
3887	5.552646192194
3888	7.02865126725038
3889	6.87129224329853
3890	5.765615392923
3891	4.39119277871728
3892	3.51816944529876
3893	3.85136380490386
3894	6.16280305096039
3895	5.76720903584248
3896	4.56345060919771
3897	4.36965341212555
3898	4.62532674693429
3899	3.66225463358369
3900	5.42018690073832
3901	4.71004772603529
3902	4.18473220120461
3903	4.4979167398776
3904	3.65660876177636
3905	3.76796200170851
3906	3.76055688396126
3907	4.25966955106691
3908	6.08345275434464
3909	5.30258271992631
3910	5.58543840408271
3911	4.03598409708136
3912	3.36068833446934
3913	4.58214391489412
3914	3.79811991865374
3915	3.10375967131838
3916	3.62730314086663
3917	3.39767388153124
3918	3.45375126644308
3919	4.30189039074084
3920	4.44667768958576
3921	3.84821121899778
3922	5.56584102019506
3923	5.77095191393699
3924	4.51896827910221
3925	4.01864137231738
3926	3.70554968365244
3927	4.33943978522586
3928	5.34613192785113
3929	3.41430261569151
3930	3.95100900665835
3931	5.28024566762382
3932	7.20223776037281
3933	7.56159472698272
3934	6.6587635177288
3935	5.1422607186519
3936	5.43493815057268
3937	4.850303059693
3938	3.94405743182224
3939	4.24188052255223
3940	5.19995388453374
3941	4.75357564592608
3942	3.95886914813167
3943	5.7780843923993
3944	3.72594473165082
3945	3.52340859493944
3946	3.84310521354721
3947	5.01085406729968
3948	5.71376044551952
3949	6.74910520868481
3950	4.43677468311241
3951	4.98768824911661
3952	3.7998314419857
3953	4.97512979827242
3954	5.92255001290198
3955	5.07176146760513
3956	4.12107557501469
3957	7.02521249488768
3958	6.87836568665314
3959	5.64943832680256
3960	5.3725212855823
3961	4.80678492107406
3962	4.11080321816326
3963	3.44957208459871
3964	3.64214437917269
3965	3.7449349361979
3966	3.61434681390372
3967	3.86401331649364
3968	4.88619234892305
3969	6.09130137670252
3970	4.37290960456033
3971	4.51736831045158
3972	5.3834480087972
3973	5.11482271716788
3974	4.46066462024926
3975	3.92238243188681
3976	3.69222363951619
3977	4.95623846047214
3978	3.90346816664113
3979	4.29605203004617
3980	4.2746154667111
3981	4.44685036691554
3982	3.31870651251824
3983	4.07144029843627
3984	4.47604714653272
3985	4.35362764263007
3986	6.08621578485529
3987	5.63836068426344
3988	5.96666852697102
3989	4.35293392359623
3990	3.687224380642
3991	4.70372919433603
3992	4.35458652262268
3993	4.44556787943187
3994	8.14138319691155
3995	5.99690260044998
3996	5.18792985823697
3997	3.89249490428996
3998	3.33974742855497
3999	3.27437408570505
4000	3.72078260922182
