"LogLikelihood"	"Iteration"
-2278.33190006017	1
-2271.36083314633	2
-2285.35965337613	3
-2278.07846803635	4
-2274.6017561957	5
-2271.30067525316	6
-2267.76198592866	7
-2288.52704218708	8
-2282.6952986447	9
-2276.30941957342	10
-2272.1957497385	11
-2283.03904712295	12
-2297.82165620008	13
-2268.11220967945	14
-2288.97747011996	15
-2280.95014620629	16
-2290.34368270664	17
-2273.91080793644	18
-2283.38392909284	19
-2274.41632926128	20
-2280.17127477555	21
-2258.50582968684	22
-2277.98572646415	23
-2273.74242187852	24
-2246.91845714045	25
-2278.44793141721	26
-2270.71589448344	27
-2259.25800378942	28
-2278.67776208493	29
-2279.72228072832	30
-2262.71029419952	31
-2288.98587112257	32
-2266.8858041483	33
-2257.46545016935	34
-2296.2777777868	35
-2270.84643887523	36
-2273.93526626804	37
-2264.96811949253	38
-2278.02053330178	39
-2267.37478904701	40
-2277.40348401781	41
-2281.27905974444	42
-2265.03639070382	43
-2269.41249790964	44
-2301.24026991636	45
-2295.70233825167	46
-2267.54809479985	47
-2279.51584299743	48
-2266.47467082648	49
-2290.3045078687	50
-2274.3319653069	51
-2279.07682291883	52
-2290.52033695717	53
-2266.57303241854	54
-2256.47327671296	55
-2265.24085199741	56
-2263.80605979075	57
-2297.03935945596	58
-2278.26014892263	59
-2269.03825537495	60
-2277.51037127764	61
-2278.8660980749	62
-2290.73451038064	63
-2285.18821278233	64
-2267.46990968909	65
-2286.96232999297	66
-2262.68601429409	67
-2285.14967256133	68
-2275.64682425214	69
-2283.30279457944	70
-2289.21931671915	71
-2267.49309198063	72
-2281.90776405853	73
-2265.7477870016	74
-2269.51863287888	75
-2287.08378416423	76
-2270.52939041219	77
-2277.07861709553	78
-2277.05466056717	79
-2282.79738288885	80
-2281.97085337103	81
-2276.60633739128	82
-2286.4040291939	83
-2275.96856240806	84
-2269.38851300512	85
-2288.70556870005	86
-2261.99101988256	87
-2274.79353966149	88
-2266.68928171368	89
-2264.92183457485	90
-2264.54697901713	91
-2278.86852907406	92
-2289.44181336597	93
-2260.14721929814	94
-2282.38002148889	95
-2277.15352424776	96
-2308.04062014603	97
-2301.50459677031	98
-2299.58889375012	99
-2264.17285828657	100
-2272.42397374275	101
-2277.59814961308	102
-2261.32801649202	103
-2284.02458596006	104
-2282.537750672	105
-2254.65022825287	106
-2275.04873197119	107
-2284.25912504638	108
-2297.3371701798	109
-2304.58098420747	110
-2271.78033392922	111
-2274.40361734778	112
-2267.36780690249	113
-2297.8051396258	114
-2259.82955811118	115
-2292.17324734466	116
-2295.43727464779	117
-2297.94940284516	118
-2271.14895636033	119
-2273.7162652622	120
-2271.02686931823	121
-2266.14970203711	122
-2282.65562687325	123
-2274.69388160413	124
-2264.02422168043	125
-2275.52576389659	126
-2286.16875611591	127
-2276.46441858049	128
-2259.83502117323	129
-2287.73141648609	130
-2268.78999237586	131
-2272.13059458118	132
-2282.46462597187	133
-2268.58083527374	134
-2299.27964041414	135
-2276.5313701674	136
-2288.077104422	137
-2279.32286596085	138
-2260.43329273726	139
-2282.70804164867	140
-2279.8442287866	141
-2262.1395472349	142
-2271.11467818845	143
-2260.17018135084	144
-2270.06329302431	145
-2283.24609516591	146
-2268.78072111541	147
-2266.57989608416	148
-2278.25144311362	149
-2290.75773534441	150
-2272.8323659735	151
-2277.24623392834	152
-2285.44107219406	153
-2269.38739144984	154
-2287.12688551097	155
-2276.60950666619	156
-2270.32923156715	157
-2290.1922675353	158
-2282.81251399348	159
-2277.13148282145	160
-2260.44067415776	161
-2294.94830899835	162
-2282.25249742644	163
-2290.21120818816	164
-2288.74673375473	165
-2267.59159655634	166
-2309.03395918152	167
-2289.18796473952	168
-2269.62416413672	169
-2251.06094516733	170
-2301.91936500107	171
-2285.74332023547	172
-2271.06344221721	173
-2277.95708455837	174
-2267.0266770988	175
-2279.23905070736	176
-2271.60487668328	177
-2284.91300952521	178
-2291.27194371954	179
-2268.85495620438	180
-2273.92814085064	181
-2286.40776550468	182
-2275.82169623993	183
-2289.02803264855	184
-2283.08959111634	185
-2270.956938497	186
-2268.58054139226	187
-2268.00850249802	188
-2289.89334307203	189
-2263.78832043472	190
-2304.16030752044	191
-2276.85588382715	192
-2284.00385531176	193
-2279.23926588131	194
-2284.23414091604	195
-2270.11223556974	196
-2267.39485786683	197
-2285.62400576008	198
-2259.30864350426	199
-2277.34660591687	200
-2284.37461776547	201
-2265.82602198631	202
-2257.22131157181	203
-2268.47672462675	204
-2263.24442461941	205
-2255.69606172529	206
-2267.35013937314	207
-2275.98373456529	208
-2260.58885769191	209
-2282.34197827324	210
-2284.86787337081	211
-2263.18184765187	212
-2267.78144339548	213
-2265.44551928228	214
-2268.04915299493	215
-2273.44611626117	216
-2261.92420535014	217
-2276.29071834646	218
-2270.87739209309	219
-2280.21262160245	220
-2270.28118784596	221
-2279.20646402164	222
-2283.53987417538	223
-2274.10193936265	224
-2280.19268965167	225
-2276.86098388704	226
-2262.89942114124	227
-2280.05887287008	228
-2288.98743276509	229
-2280.45497411794	230
-2244.27454566488	231
-2270.01112086523	232
-2262.32999806866	233
-2282.36854554955	234
-2280.32052316545	235
-2254.7307992084	236
-2284.43312238889	237
-2266.83907368533	238
-2284.22705086686	239
-2270.13264276001	240
-2287.03548681055	241
-2276.84475890843	242
-2273.54843402191	243
-2289.39708847826	244
-2286.28300105139	245
-2278.06287112595	246
-2274.2418422345	247
-2287.50017064315	248
-2291.56407536576	249
-2281.19079314438	250
-2274.65474944253	251
-2272.76874509252	252
-2294.56099194806	253
-2266.82975397495	254
-2300.39959363363	255
-2252.77461672425	256
-2262.32948311367	257
-2275.22927479647	258
-2268.7341233932	259
-2286.42169198957	260
-2239.62368134885	261
-2250.64784150801	262
-2254.62731348489	263
-2279.20592919114	264
-2283.35802833554	265
-2289.84775201386	266
-2272.63821921662	267
-2272.32374623707	268
-2270.65778669497	269
-2259.58085124245	270
-2268.00493628958	271
-2277.48476824776	272
-2274.48633974291	273
-2301.21310337155	274
-2273.98408506392	275
-2286.35054189487	276
-2278.33099429732	277
-2320.33944792715	278
-2257.77529359326	279
-2274.45656622504	280
-2275.46967633876	281
-2290.61783408272	282
-2294.22297766861	283
-2273.1246784339	284
-2251.21061603287	285
-2278.10288125771	286
-2281.07588800089	287
-2285.05224243202	288
-2261.37690455245	289
-2263.03129573015	290
-2302.3817820076	291
-2263.05025577743	292
-2284.50982082575	293
-2287.3852145424	294
-2256.9575529095	295
-2301.60161859338	296
-2276.13184301772	297
-2268.72773063175	298
-2272.96368507753	299
-2271.15238740667	300
-2279.24242879076	301
-2292.00761588799	302
-2269.54628436997	303
-2270.90596476404	304
-2280.80817708695	305
-2282.24826223147	306
-2261.84457087403	307
-2273.92584152889	308
-2275.22555909131	309
-2272.49380514093	310
-2280.79869895833	311
-2297.25487068434	312
-2267.90327429778	313
-2283.07984900373	314
-2280.52211113374	315
-2278.94885885151	316
-2282.01185002911	317
-2277.59277411856	318
-2278.57376254771	319
-2275.79569429585	320
-2283.65408646426	321
-2286.10536846968	322
-2274.26421240688	323
-2304.78178809801	324
-2280.52968273984	325
-2284.31710629529	326
-2279.5531604493	327
-2285.19692044282	328
-2265.96558297948	329
-2273.37923820385	330
-2276.93974109648	331
-2275.79275477263	332
-2254.24176669789	333
-2284.13283075621	334
-2258.83958273473	335
-2260.44617009234	336
-2294.27886678419	337
-2284.04188706926	338
-2290.58204764818	339
-2283.15643798939	340
-2295.35909608932	341
-2301.33877138479	342
-2286.07846403345	343
-2273.33232822155	344
-2273.34515492053	345
-2291.87517351879	346
-2264.8328015041	347
-2259.75776412356	348
-2262.41605019241	349
-2282.91740556919	350
-2285.99641956926	351
-2274.40818239376	352
-2272.7908375084	353
-2268.67903683498	354
-2278.3218269086	355
-2264.75596568448	356
-2271.17806536114	357
-2278.28451361802	358
-2280.67136078972	359
-2270.7296166077	360
-2259.70040972574	361
-2280.61569712045	362
-2271.55767070468	363
-2274.78892290222	364
-2278.32221821891	365
-2303.78654147611	366
-2286.42795188918	367
-2279.06677030276	368
-2270.26469296933	369
-2266.66881953586	370
-2285.46659266528	371
-2279.82425425606	372
-2273.84116685667	373
-2279.57594377653	374
-2274.93163087493	375
-2292.99574626714	376
-2281.64147406525	377
-2281.59565058048	378
-2279.69857971761	379
-2268.59446424369	380
-2261.45309578799	381
-2271.80472127413	382
-2276.21666713738	383
-2260.19874764276	384
-2273.18024126213	385
-2301.51645971063	386
-2276.88126348659	387
-2281.32284086006	388
-2283.83342746594	389
-2277.82850027949	390
-2283.64895604439	391
-2284.78943676122	392
-2271.58196511025	393
-2303.70047348786	394
-2280.62095466039	395
-2260.68547477316	396
-2282.9414552225	397
-2270.65333769984	398
-2273.5039107816	399
-2280.88666831552	400
