"Age"	"Level"	"Iteration"	"AgeIndex"	"LevelIndex"	"Intercept"	"tau_Intercept"	"ar_Intercept"
1	"27.4.aE"	1	1	1	-0.00531039943184662	NA	NA
1	"27.4.aE"	2	1	1	0.00360386864415841	NA	NA
1	"27.4.aE"	3	1	1	-0.000380992461020061	NA	NA
1	"27.4.aE"	4	1	1	0.00698854388377523	NA	NA
1	"27.4.aE"	5	1	1	-0.00308807553070874	NA	NA
1	"27.4.aE"	6	1	1	0.00451669213914979	NA	NA
1	"27.4.aE"	7	1	1	-0.000127863126787993	NA	NA
1	"27.4.aE"	8	1	1	0.00499376183811205	NA	NA
1	"27.4.aE"	9	1	1	0.000440044529675023	NA	NA
1	"27.4.aE"	10	1	1	0.00239200794986914	NA	NA
1	"27.4.aE"	11	1	1	0.00642349620768972	NA	NA
1	"27.4.aE"	12	1	1	0.00172022921277304	NA	NA
1	"27.4.aE"	13	1	1	6.64541032262553e-05	NA	NA
1	"27.4.aE"	14	1	1	0.00482509932432046	NA	NA
1	"27.4.aE"	15	1	1	-0.0100175690807962	NA	NA
1	"27.4.aE"	16	1	1	0.00109623878555655	NA	NA
1	"27.4.aE"	17	1	1	-0.00558846370164779	NA	NA
1	"27.4.aE"	18	1	1	0.00480697152787031	NA	NA
1	"27.4.aE"	19	1	1	-0.00397584852299031	NA	NA
1	"27.4.aE"	20	1	1	0.00253732783382538	NA	NA
1	"27.4.aE"	21	1	1	-0.00545189241855124	NA	NA
1	"27.4.aE"	22	1	1	-0.00492473872977724	NA	NA
1	"27.4.aE"	23	1	1	0.00415376233630965	NA	NA
1	"27.4.aE"	24	1	1	0.000994730943130751	NA	NA
1	"27.4.aE"	25	1	1	0.00436092632029884	NA	NA
1	"27.4.aE"	26	1	1	0.00758357397188268	NA	NA
1	"27.4.aE"	27	1	1	-0.00210358089852615	NA	NA
1	"27.4.aE"	28	1	1	0.000663141964114243	NA	NA
1	"27.4.aE"	29	1	1	-0.00235050010447673	NA	NA
1	"27.4.aE"	30	1	1	0.00687738427812748	NA	NA
1	"27.4.aE"	31	1	1	0.00780742721163916	NA	NA
1	"27.4.aE"	32	1	1	-0.0128770608247863	NA	NA
1	"27.4.aE"	33	1	1	-0.00855071808007579	NA	NA
1	"27.4.aE"	34	1	1	0.00685276455247758	NA	NA
1	"27.4.aE"	35	1	1	-7.88372847437763e-05	NA	NA
1	"27.4.aE"	36	1	1	0.00233294636745261	NA	NA
1	"27.4.aE"	37	1	1	-0.00927968860352308	NA	NA
1	"27.4.aE"	38	1	1	0.00170214864843841	NA	NA
1	"27.4.aE"	39	1	1	0.00916298413506855	NA	NA
1	"27.4.aE"	40	1	1	-0.000958991148918016	NA	NA
1	"27.4.aE"	41	1	1	-0.000240081766943727	NA	NA
1	"27.4.aE"	42	1	1	0.000424288783234945	NA	NA
1	"27.4.aE"	43	1	1	0.000926726694159427	NA	NA
1	"27.4.aE"	44	1	1	-0.00409141111385129	NA	NA
1	"27.4.aE"	45	1	1	-0.0128292023243676	NA	NA
1	"27.4.aE"	46	1	1	0.00596825704672617	NA	NA
1	"27.4.aE"	47	1	1	0.000443165945322111	NA	NA
1	"27.4.aE"	48	1	1	0.00710674569880888	NA	NA
1	"27.4.aE"	49	1	1	-0.00506005960842928	NA	NA
1	"27.4.aE"	50	1	1	-0.00519137211311865	NA	NA
1	"27.4.aE"	51	1	1	-0.00390475321921182	NA	NA
1	"27.4.aE"	52	1	1	0.00124433016496522	NA	NA
1	"27.4.aE"	53	1	1	0.00245490074980924	NA	NA
1	"27.4.aE"	54	1	1	-0.00945893391162861	NA	NA
1	"27.4.aE"	55	1	1	0.0106687594980046	NA	NA
1	"27.4.aE"	56	1	1	-0.000573144674447283	NA	NA
1	"27.4.aE"	57	1	1	-0.000130184006836875	NA	NA
1	"27.4.aE"	58	1	1	-0.00814960310970455	NA	NA
1	"27.4.aE"	59	1	1	-0.00035696543144858	NA	NA
1	"27.4.aE"	60	1	1	0.00684009156450807	NA	NA
1	"27.4.aE"	61	1	1	-0.00330162826555464	NA	NA
1	"27.4.aE"	62	1	1	0.00639881631852906	NA	NA
1	"27.4.aE"	63	1	1	0.00738441238106628	NA	NA
1	"27.4.aE"	64	1	1	0.000150859702180538	NA	NA
1	"27.4.aE"	65	1	1	-0.012127441357565	NA	NA
1	"27.4.aE"	66	1	1	-0.0114671555822302	NA	NA
1	"27.4.aE"	67	1	1	0.00681001385784076	NA	NA
1	"27.4.aE"	68	1	1	-0.00109739376000052	NA	NA
1	"27.4.aE"	69	1	1	-0.0047171343091891	NA	NA
1	"27.4.aE"	70	1	1	0.000821826093889901	NA	NA
1	"27.4.aE"	71	1	1	0.00492933703718263	NA	NA
1	"27.4.aE"	72	1	1	0.000436864101089013	NA	NA
1	"27.4.aE"	73	1	1	0.00241089319216988	NA	NA
1	"27.4.aE"	74	1	1	0.00720211810202253	NA	NA
1	"27.4.aE"	75	1	1	-0.0026702821566678	NA	NA
1	"27.4.aE"	76	1	1	0.00579713359784913	NA	NA
1	"27.4.aE"	77	1	1	-0.00336623527129889	NA	NA
1	"27.4.aE"	78	1	1	0.00871887553406492	NA	NA
1	"27.4.aE"	79	1	1	0.00966751988943415	NA	NA
1	"27.4.aE"	80	1	1	-0.00633468045371879	NA	NA
1	"27.4.aE"	81	1	1	0.00678731225101576	NA	NA
1	"27.4.aE"	82	1	1	0.00215595547203083	NA	NA
1	"27.4.aE"	83	1	1	0.00351521525067085	NA	NA
1	"27.4.aE"	84	1	1	-0.00371996955134777	NA	NA
1	"27.4.aE"	85	1	1	0.00792903056973928	NA	NA
1	"27.4.aE"	86	1	1	0.000982666517103166	NA	NA
1	"27.4.aE"	87	1	1	-0.00199062426893901	NA	NA
1	"27.4.aE"	88	1	1	-0.00232014382768763	NA	NA
1	"27.4.aE"	89	1	1	0.0084628826044051	NA	NA
1	"27.4.aE"	90	1	1	-0.000983431472835512	NA	NA
1	"27.4.aE"	91	1	1	0.00517131688773313	NA	NA
1	"27.4.aE"	92	1	1	-0.0129830951934826	NA	NA
1	"27.4.aE"	93	1	1	-0.0149135437712376	NA	NA
1	"27.4.aE"	94	1	1	-0.00286009444085775	NA	NA
1	"27.4.aE"	95	1	1	0.00469750195332208	NA	NA
1	"27.4.aE"	96	1	1	-0.00154312248494893	NA	NA
1	"27.4.aE"	97	1	1	0.0075675880846685	NA	NA
1	"27.4.aE"	98	1	1	0.00463493770095356	NA	NA
1	"27.4.aE"	99	1	1	0.00939521187091945	NA	NA
1	"27.4.aE"	100	1	1	-0.0102635348201343	NA	NA
1	"27.4.aE"	101	1	1	0.00398822773002336	NA	NA
1	"27.4.aE"	102	1	1	0.000605747195137197	NA	NA
1	"27.4.aE"	103	1	1	-0.00350416672168805	NA	NA
1	"27.4.aE"	104	1	1	0.00147124399211769	NA	NA
1	"27.4.aE"	105	1	1	-0.00038784203649235	NA	NA
1	"27.4.aE"	106	1	1	0.00461995178501582	NA	NA
1	"27.4.aE"	107	1	1	-0.0147303200559416	NA	NA
1	"27.4.aE"	108	1	1	-0.00479521490863253	NA	NA
1	"27.4.aE"	109	1	1	-0.0121008896661473	NA	NA
1	"27.4.aE"	110	1	1	0.00080734958206572	NA	NA
1	"27.4.aE"	111	1	1	0.0165760886809987	NA	NA
1	"27.4.aE"	112	1	1	0.00348501602891183	NA	NA
1	"27.4.aE"	113	1	1	0.00286689205028618	NA	NA
1	"27.4.aE"	114	1	1	-0.00363914390635247	NA	NA
1	"27.4.aE"	115	1	1	-0.0108770354755839	NA	NA
1	"27.4.aE"	116	1	1	0.000903850327980992	NA	NA
1	"27.4.aE"	117	1	1	0.00329015479384853	NA	NA
1	"27.4.aE"	118	1	1	0.00592508580177897	NA	NA
1	"27.4.aE"	119	1	1	-3.25388406223559e-05	NA	NA
1	"27.4.aE"	120	1	1	0.00911566580805746	NA	NA
1	"27.4.aE"	121	1	1	-0.00844468716794295	NA	NA
1	"27.4.aE"	122	1	1	-0.00923913520493713	NA	NA
1	"27.4.aE"	123	1	1	0.00123388780988909	NA	NA
1	"27.4.aE"	124	1	1	0.00717541145201164	NA	NA
1	"27.4.aE"	125	1	1	-0.0111440908209373	NA	NA
1	"27.4.aE"	126	1	1	-0.0270329486466209	NA	NA
1	"27.4.aE"	127	1	1	-0.00119016478809534	NA	NA
1	"27.4.aE"	128	1	1	-0.00538655875694717	NA	NA
1	"27.4.aE"	129	1	1	0.0146681880958109	NA	NA
1	"27.4.aE"	130	1	1	-0.000918577993543124	NA	NA
1	"27.4.aE"	131	1	1	-0.00161405818928208	NA	NA
1	"27.4.aE"	132	1	1	0.00445781621398621	NA	NA
1	"27.4.aE"	133	1	1	0.0124681040417696	NA	NA
1	"27.4.aE"	134	1	1	-0.000559206639521554	NA	NA
1	"27.4.aE"	135	1	1	0.00157466917275291	NA	NA
1	"27.4.aE"	136	1	1	0.00850129803877352	NA	NA
1	"27.4.aE"	137	1	1	0.00542836371236194	NA	NA
1	"27.4.aE"	138	1	1	0.00372774040978989	NA	NA
1	"27.4.aE"	139	1	1	5.09624840897734e-05	NA	NA
1	"27.4.aE"	140	1	1	0.000983681438367823	NA	NA
1	"27.4.aE"	141	1	1	0.00650459489127374	NA	NA
1	"27.4.aE"	142	1	1	-0.00521895977171861	NA	NA
1	"27.4.aE"	143	1	1	0.000117410068304872	NA	NA
1	"27.4.aE"	144	1	1	-0.00420354051530036	NA	NA
1	"27.4.aE"	145	1	1	-0.00421717652605248	NA	NA
1	"27.4.aE"	146	1	1	-0.00763398148789927	NA	NA
1	"27.4.aE"	147	1	1	-0.00275509952685112	NA	NA
1	"27.4.aE"	148	1	1	0.0277391716155756	NA	NA
1	"27.4.aE"	149	1	1	0.0060961271887367	NA	NA
1	"27.4.aE"	150	1	1	0.00271512275758426	NA	NA
1	"27.4.aE"	151	1	1	-0.00528364339082881	NA	NA
1	"27.4.aE"	152	1	1	0.000669032065135452	NA	NA
1	"27.4.aE"	153	1	1	-0.00250951061298385	NA	NA
1	"27.4.aE"	154	1	1	-0.00276498177459252	NA	NA
1	"27.4.aE"	155	1	1	0.00594496450247916	NA	NA
1	"27.4.aE"	156	1	1	0.00460380134829197	NA	NA
1	"27.4.aE"	157	1	1	0.00271901344846795	NA	NA
1	"27.4.aE"	158	1	1	-0.00645422284740552	NA	NA
1	"27.4.aE"	159	1	1	0.00625028748475496	NA	NA
1	"27.4.aE"	160	1	1	0.00118049418255965	NA	NA
1	"27.4.aE"	161	1	1	-0.00148525871316946	NA	NA
1	"27.4.aE"	162	1	1	0.00487126085408901	NA	NA
1	"27.4.aE"	163	1	1	0.00097497365456108	NA	NA
1	"27.4.aE"	164	1	1	-0.00242259822688199	NA	NA
1	"27.4.aE"	165	1	1	0.00146463207610979	NA	NA
1	"27.4.aE"	166	1	1	0.006404875919604	NA	NA
1	"27.4.aE"	167	1	1	-0.00447037843680324	NA	NA
1	"27.4.aE"	168	1	1	-0.0102175415178164	NA	NA
1	"27.4.aE"	169	1	1	-0.00426603545322798	NA	NA
1	"27.4.aE"	170	1	1	0.000370215652132902	NA	NA
1	"27.4.aE"	171	1	1	-0.0107456878337023	NA	NA
1	"27.4.aE"	172	1	1	0.000582327341625977	NA	NA
1	"27.4.aE"	173	1	1	0.00707646523344516	NA	NA
1	"27.4.aE"	174	1	1	0.0128387093319611	NA	NA
1	"27.4.aE"	175	1	1	0.00174569901351258	NA	NA
1	"27.4.aE"	176	1	1	-3.86687485619867e-05	NA	NA
1	"27.4.aE"	177	1	1	-0.000727244826036308	NA	NA
1	"27.4.aE"	178	1	1	-0.00504955530321026	NA	NA
1	"27.4.aE"	179	1	1	-0.0006784423761657	NA	NA
1	"27.4.aE"	180	1	1	-0.00432812350616945	NA	NA
1	"27.4.aE"	181	1	1	0.00781948256651545	NA	NA
1	"27.4.aE"	182	1	1	-0.00794558470558276	NA	NA
1	"27.4.aE"	183	1	1	-0.00244581893788366	NA	NA
1	"27.4.aE"	184	1	1	-0.00433557410406443	NA	NA
1	"27.4.aE"	185	1	1	0.0129070300777087	NA	NA
1	"27.4.aE"	186	1	1	0.00393017346327359	NA	NA
1	"27.4.aE"	187	1	1	0.00925052036683322	NA	NA
1	"27.4.aE"	188	1	1	0.00326794724153027	NA	NA
1	"27.4.aE"	189	1	1	0.0111085973187945	NA	NA
1	"27.4.aE"	190	1	1	-0.00877757352612446	NA	NA
1	"27.4.aE"	191	1	1	0.00261075023252535	NA	NA
1	"27.4.aE"	192	1	1	0.00544628913520365	NA	NA
1	"27.4.aE"	193	1	1	-0.0165399702960109	NA	NA
1	"27.4.aE"	194	1	1	-0.00351754481971875	NA	NA
1	"27.4.aE"	195	1	1	-0.00503298073173443	NA	NA
1	"27.4.aE"	196	1	1	0.0034952605785068	NA	NA
1	"27.4.aE"	197	1	1	-0.00937370659286344	NA	NA
1	"27.4.aE"	198	1	1	-0.0178669429416734	NA	NA
1	"27.4.aE"	199	1	1	0.00644179651366028	NA	NA
1	"27.4.aE"	200	1	1	-0.00712382381458513	NA	NA
1	"27.4.aE"	201	1	1	0.00422631054666116	NA	NA
1	"27.4.aE"	202	1	1	0.00395539540133134	NA	NA
1	"27.4.aE"	203	1	1	-0.00676991963794237	NA	NA
1	"27.4.aE"	204	1	1	-0.00864223215758146	NA	NA
1	"27.4.aE"	205	1	1	0.00258415064970809	NA	NA
1	"27.4.aE"	206	1	1	-0.00110018091542007	NA	NA
1	"27.4.aE"	207	1	1	-0.0114856205956924	NA	NA
1	"27.4.aE"	208	1	1	0.00520622199216631	NA	NA
1	"27.4.aE"	209	1	1	0.00868459477378539	NA	NA
1	"27.4.aE"	210	1	1	0.00969867664322065	NA	NA
1	"27.4.aE"	211	1	1	-0.00161326211235359	NA	NA
1	"27.4.aE"	212	1	1	0.0111501119965645	NA	NA
1	"27.4.aE"	213	1	1	-0.000161713831813179	NA	NA
1	"27.4.aE"	214	1	1	-0.00966766115225415	NA	NA
1	"27.4.aE"	215	1	1	0.010197451374716	NA	NA
1	"27.4.aE"	216	1	1	0.0026350813796465	NA	NA
1	"27.4.aE"	217	1	1	0.00945973637340416	NA	NA
1	"27.4.aE"	218	1	1	-0.00137075192581551	NA	NA
1	"27.4.aE"	219	1	1	0.00582138193987992	NA	NA
1	"27.4.aE"	220	1	1	0.0126034214443458	NA	NA
1	"27.4.aE"	221	1	1	0.0036606845482705	NA	NA
1	"27.4.aE"	222	1	1	-0.0107223851637314	NA	NA
1	"27.4.aE"	223	1	1	0.000715129356319715	NA	NA
1	"27.4.aE"	224	1	1	0.00302713061196118	NA	NA
1	"27.4.aE"	225	1	1	-0.000873855824530886	NA	NA
1	"27.4.aE"	226	1	1	-7.16728508232095e-05	NA	NA
1	"27.4.aE"	227	1	1	0.000904509844964453	NA	NA
1	"27.4.aE"	228	1	1	-0.00296782585483144	NA	NA
1	"27.4.aE"	229	1	1	0.0103155512337549	NA	NA
1	"27.4.aE"	230	1	1	-0.00904839389995843	NA	NA
1	"27.4.aE"	231	1	1	-0.00166815318369757	NA	NA
1	"27.4.aE"	232	1	1	0.00174840023571613	NA	NA
1	"27.4.aE"	233	1	1	0.00148549941746777	NA	NA
1	"27.4.aE"	234	1	1	0.00142147927072398	NA	NA
1	"27.4.aE"	235	1	1	-0.00598764095260543	NA	NA
1	"27.4.aE"	236	1	1	-0.00471434186320405	NA	NA
1	"27.4.aE"	237	1	1	0.0038153100828102	NA	NA
1	"27.4.aE"	238	1	1	0.010368809751935	NA	NA
1	"27.4.aE"	239	1	1	0.00206280378272851	NA	NA
1	"27.4.aE"	240	1	1	-0.00335092614880131	NA	NA
1	"27.4.aE"	241	1	1	-0.00564235992984782	NA	NA
1	"27.4.aE"	242	1	1	0.00762211727530692	NA	NA
1	"27.4.aE"	243	1	1	0.00570997872832502	NA	NA
1	"27.4.aE"	244	1	1	-0.00555686060893747	NA	NA
1	"27.4.aE"	245	1	1	-0.0179700844889254	NA	NA
1	"27.4.aE"	246	1	1	0.00756978127580475	NA	NA
1	"27.4.aE"	247	1	1	0.0114748100661059	NA	NA
1	"27.4.aE"	248	1	1	-0.00105968712631144	NA	NA
1	"27.4.aE"	249	1	1	-0.00208333331302974	NA	NA
1	"27.4.aE"	250	1	1	0.00489674367299764	NA	NA
1	"27.4.aE"	251	1	1	0.00472199076449871	NA	NA
1	"27.4.aE"	252	1	1	0.00795111232006431	NA	NA
1	"27.4.aE"	253	1	1	-0.0132785184060975	NA	NA
1	"27.4.aE"	254	1	1	-0.00869851554636893	NA	NA
1	"27.4.aE"	255	1	1	-0.00620492429517619	NA	NA
1	"27.4.aE"	256	1	1	-0.0111669249354928	NA	NA
1	"27.4.aE"	257	1	1	-0.00417075896376569	NA	NA
1	"27.4.aE"	258	1	1	0.00705318441632265	NA	NA
1	"27.4.aE"	259	1	1	0.00410983628709403	NA	NA
1	"27.4.aE"	260	1	1	-0.0132097629726912	NA	NA
1	"27.4.aE"	261	1	1	0.00610751091127109	NA	NA
1	"27.4.aE"	262	1	1	-0.00534909037516732	NA	NA
1	"27.4.aE"	263	1	1	-0.00843053835380193	NA	NA
1	"27.4.aE"	264	1	1	-0.000455434252466497	NA	NA
1	"27.4.aE"	265	1	1	-0.000809988036884565	NA	NA
1	"27.4.aE"	266	1	1	0.00244630133179335	NA	NA
1	"27.4.aE"	267	1	1	-0.00641583963158244	NA	NA
1	"27.4.aE"	268	1	1	-0.00664858986302706	NA	NA
1	"27.4.aE"	269	1	1	-0.00171693752000853	NA	NA
1	"27.4.aE"	270	1	1	0.00541983459769953	NA	NA
1	"27.4.aE"	271	1	1	-0.0166198364096628	NA	NA
1	"27.4.aE"	272	1	1	0.00132229980339081	NA	NA
1	"27.4.aE"	273	1	1	0.00254386973812962	NA	NA
1	"27.4.aE"	274	1	1	0.00683356574895369	NA	NA
1	"27.4.aE"	275	1	1	0.0018492355890942	NA	NA
1	"27.4.aE"	276	1	1	-0.00128310754615055	NA	NA
1	"27.4.aE"	277	1	1	-0.00168518341761757	NA	NA
1	"27.4.aE"	278	1	1	-0.000807432294450408	NA	NA
1	"27.4.aE"	279	1	1	0.00951443833094043	NA	NA
1	"27.4.aE"	280	1	1	0.00237404762880637	NA	NA
1	"27.4.aE"	281	1	1	0.00564824010910072	NA	NA
1	"27.4.aE"	282	1	1	-0.0157666866952469	NA	NA
1	"27.4.aE"	283	1	1	-0.0110053683960767	NA	NA
1	"27.4.aE"	284	1	1	0.0118577615421819	NA	NA
1	"27.4.aE"	285	1	1	0.00510081226150365	NA	NA
1	"27.4.aE"	286	1	1	0.00672419294814398	NA	NA
1	"27.4.aE"	287	1	1	-0.00370142697026343	NA	NA
1	"27.4.aE"	288	1	1	0.01122507336513	NA	NA
1	"27.4.aE"	289	1	1	0.00492709977215806	NA	NA
1	"27.4.aE"	290	1	1	-0.00769119022110212	NA	NA
1	"27.4.aE"	291	1	1	-0.00584091943548005	NA	NA
1	"27.4.aE"	292	1	1	0.00677923489002799	NA	NA
1	"27.4.aE"	293	1	1	-0.00383144500383211	NA	NA
1	"27.4.aE"	294	1	1	-0.00513177074050052	NA	NA
1	"27.4.aE"	295	1	1	0.00576345963631914	NA	NA
1	"27.4.aE"	296	1	1	-0.00691247870935036	NA	NA
1	"27.4.aE"	297	1	1	0.00249617799670254	NA	NA
1	"27.4.aE"	298	1	1	-0.000748040307133637	NA	NA
1	"27.4.aE"	299	1	1	0.00340087139254806	NA	NA
1	"27.4.aE"	300	1	1	-0.0155710275740012	NA	NA
1	"27.4.aE"	301	1	1	-0.00752002110247774	NA	NA
1	"27.4.aE"	302	1	1	-0.0106639294388313	NA	NA
1	"27.4.aE"	303	1	1	-0.0119062112279555	NA	NA
1	"27.4.aE"	304	1	1	-0.00267362211785886	NA	NA
1	"27.4.aE"	305	1	1	-0.00739621448221236	NA	NA
1	"27.4.aE"	306	1	1	-0.0109535308429929	NA	NA
1	"27.4.aE"	307	1	1	-0.00696110782775762	NA	NA
1	"27.4.aE"	308	1	1	-0.0143240620829813	NA	NA
1	"27.4.aE"	309	1	1	-0.0155335266019543	NA	NA
1	"27.4.aE"	310	1	1	-0.00458532496092698	NA	NA
1	"27.4.aE"	311	1	1	-0.00358989027434999	NA	NA
1	"27.4.aE"	312	1	1	-0.0122469536775599	NA	NA
1	"27.4.aE"	313	1	1	-0.00607393005498451	NA	NA
1	"27.4.aE"	314	1	1	-0.00325554451630842	NA	NA
1	"27.4.aE"	315	1	1	0.00216058415588506	NA	NA
1	"27.4.aE"	316	1	1	-0.00367441488859302	NA	NA
1	"27.4.aE"	317	1	1	-0.00591046304900884	NA	NA
1	"27.4.aE"	318	1	1	0.00262172560850965	NA	NA
1	"27.4.aE"	319	1	1	-0.00485292966103411	NA	NA
1	"27.4.aE"	320	1	1	0.00186581321516539	NA	NA
1	"27.4.aE"	321	1	1	0.000776667894177799	NA	NA
1	"27.4.aE"	322	1	1	-0.000885841783793768	NA	NA
1	"27.4.aE"	323	1	1	-0.0031747207339797	NA	NA
1	"27.4.aE"	324	1	1	0.00053202257827165	NA	NA
1	"27.4.aE"	325	1	1	0.0019697120697878	NA	NA
1	"27.4.aE"	326	1	1	-0.00551785720612131	NA	NA
1	"27.4.aE"	327	1	1	-0.014634627729023	NA	NA
1	"27.4.aE"	328	1	1	0.00754524380225146	NA	NA
1	"27.4.aE"	329	1	1	-0.0103415460581426	NA	NA
1	"27.4.aE"	330	1	1	0.00734200659305321	NA	NA
1	"27.4.aE"	331	1	1	-0.00356551651008068	NA	NA
1	"27.4.aE"	332	1	1	-0.000813324134563208	NA	NA
1	"27.4.aE"	333	1	1	-0.00900019791821533	NA	NA
1	"27.4.aE"	334	1	1	0.00337385485908793	NA	NA
1	"27.4.aE"	335	1	1	-0.00758048590641523	NA	NA
1	"27.4.aE"	336	1	1	0.0102839870987441	NA	NA
1	"27.4.aE"	337	1	1	-0.00323691383872299	NA	NA
1	"27.4.aE"	338	1	1	-0.00252139928585573	NA	NA
1	"27.4.aE"	339	1	1	-0.00824556800964941	NA	NA
1	"27.4.aE"	340	1	1	-0.0112083636416253	NA	NA
1	"27.4.aE"	341	1	1	-0.00391803752437177	NA	NA
1	"27.4.aE"	342	1	1	-0.00765431537821767	NA	NA
1	"27.4.aE"	343	1	1	0.00484452302973205	NA	NA
1	"27.4.aE"	344	1	1	0.00403080339843359	NA	NA
1	"27.4.aE"	345	1	1	-0.00573618372256829	NA	NA
1	"27.4.aE"	346	1	1	0.00104098060406871	NA	NA
1	"27.4.aE"	347	1	1	-0.00438673071733234	NA	NA
1	"27.4.aE"	348	1	1	-0.00592010765215972	NA	NA
1	"27.4.aE"	349	1	1	-0.00180251276562999	NA	NA
1	"27.4.aE"	350	1	1	0.00255879443153531	NA	NA
1	"27.4.aE"	351	1	1	0.000208905094003652	NA	NA
1	"27.4.aE"	352	1	1	0.00590742577560079	NA	NA
1	"27.4.aE"	353	1	1	0.00739540473745146	NA	NA
1	"27.4.aE"	354	1	1	-0.00447956471423288	NA	NA
1	"27.4.aE"	355	1	1	0.00144723815656331	NA	NA
1	"27.4.aE"	356	1	1	-0.000807560893976134	NA	NA
1	"27.4.aE"	357	1	1	-0.00180278460974467	NA	NA
1	"27.4.aE"	358	1	1	-0.00374888357251997	NA	NA
1	"27.4.aE"	359	1	1	0.00318674520357041	NA	NA
1	"27.4.aE"	360	1	1	-0.00285471364056866	NA	NA
1	"27.4.aE"	361	1	1	0.00656446457119319	NA	NA
1	"27.4.aE"	362	1	1	-0.000255810254984018	NA	NA
1	"27.4.aE"	363	1	1	-0.00310844681890315	NA	NA
1	"27.4.aE"	364	1	1	0.00991007059777546	NA	NA
1	"27.4.aE"	365	1	1	0.00550244833253834	NA	NA
1	"27.4.aE"	366	1	1	-0.00723965124346266	NA	NA
1	"27.4.aE"	367	1	1	0.012945636517444	NA	NA
1	"27.4.aE"	368	1	1	-0.00384550101381652	NA	NA
1	"27.4.aE"	369	1	1	0.00415285056856999	NA	NA
1	"27.4.aE"	370	1	1	0.014613481343036	NA	NA
1	"27.4.aE"	371	1	1	-0.00787400618861977	NA	NA
1	"27.4.aE"	372	1	1	-0.0117284565028806	NA	NA
1	"27.4.aE"	373	1	1	0.00493189555055732	NA	NA
1	"27.4.aE"	374	1	1	0.00356838922018595	NA	NA
1	"27.4.aE"	375	1	1	0.00502565705487423	NA	NA
1	"27.4.aE"	376	1	1	-0.0131272396548355	NA	NA
1	"27.4.aE"	377	1	1	-0.00308740561819494	NA	NA
1	"27.4.aE"	378	1	1	-0.00320092231882911	NA	NA
1	"27.4.aE"	379	1	1	-0.00691876928232993	NA	NA
1	"27.4.aE"	380	1	1	0.00485265932777691	NA	NA
1	"27.4.aE"	381	1	1	-0.00435675677363682	NA	NA
1	"27.4.aE"	382	1	1	-0.0138969936407492	NA	NA
1	"27.4.aE"	383	1	1	0.0119600629086023	NA	NA
1	"27.4.aE"	384	1	1	-0.00339291691996989	NA	NA
1	"27.4.aE"	385	1	1	-0.00464712080158235	NA	NA
1	"27.4.aE"	386	1	1	-0.00506702812412451	NA	NA
1	"27.4.aE"	387	1	1	0.00347058635423704	NA	NA
1	"27.4.aE"	388	1	1	0.0103931985190335	NA	NA
1	"27.4.aE"	389	1	1	0.00292260800866437	NA	NA
1	"27.4.aE"	390	1	1	-0.00369381334608725	NA	NA
1	"27.4.aE"	391	1	1	-0.00745003590063366	NA	NA
1	"27.4.aE"	392	1	1	0.00136330785542506	NA	NA
1	"27.4.aE"	393	1	1	-0.00227753246237081	NA	NA
1	"27.4.aE"	394	1	1	-0.00385354355640257	NA	NA
1	"27.4.aE"	395	1	1	-0.00865138289540408	NA	NA
1	"27.4.aE"	396	1	1	-0.00040011046735552	NA	NA
1	"27.4.aE"	397	1	1	0.00972457485118195	NA	NA
1	"27.4.aE"	398	1	1	-0.000331851848787046	NA	NA
1	"27.4.aE"	399	1	1	0.0016984367397638	NA	NA
1	"27.4.aE"	400	1	1	-0.0155313418558	NA	NA
1	"27.4.aW"	1	1	2	0.00531039943184644	NA	NA
1	"27.4.aW"	2	1	2	-0.00360386864415816	NA	NA
1	"27.4.aW"	3	1	2	0.000380992461020187	NA	NA
1	"27.4.aW"	4	1	2	-0.0069885438837752	NA	NA
1	"27.4.aW"	5	1	2	0.00308807553070881	NA	NA
1	"27.4.aW"	6	1	2	-0.00451669213914759	NA	NA
1	"27.4.aW"	7	1	2	0.000127863126783812	NA	NA
1	"27.4.aW"	8	1	2	-0.00499376183811218	NA	NA
1	"27.4.aW"	9	1	2	-0.000440044529675362	NA	NA
1	"27.4.aW"	10	1	2	-0.00239200794986546	NA	NA
1	"27.4.aW"	11	1	2	-0.00642349620768967	NA	NA
1	"27.4.aW"	12	1	2	-0.00172022921277325	NA	NA
1	"27.4.aW"	13	1	2	-6.64541032255285e-05	NA	NA
1	"27.4.aW"	14	1	2	-0.00482509932431965	NA	NA
1	"27.4.aW"	15	1	2	0.0100175690807966	NA	NA
1	"27.4.aW"	16	1	2	-0.00109623878555594	NA	NA
1	"27.4.aW"	17	1	2	0.0055884637016465	NA	NA
1	"27.4.aW"	18	1	2	-0.00480697152786918	NA	NA
1	"27.4.aW"	19	1	2	0.00397584852299001	NA	NA
1	"27.4.aW"	20	1	2	-0.00253732783382594	NA	NA
1	"27.4.aW"	21	1	2	0.00545189241855055	NA	NA
1	"27.4.aW"	22	1	2	0.00492473872977612	NA	NA
1	"27.4.aW"	23	1	2	-0.00415376233630891	NA	NA
1	"27.4.aW"	24	1	2	-0.000994730943129852	NA	NA
1	"27.4.aW"	25	1	2	-0.00436092632029743	NA	NA
1	"27.4.aW"	26	1	2	-0.00758357397188314	NA	NA
1	"27.4.aW"	27	1	2	0.00210358089852593	NA	NA
1	"27.4.aW"	28	1	2	-0.000663141964113412	NA	NA
1	"27.4.aW"	29	1	2	0.00235050010447671	NA	NA
1	"27.4.aW"	30	1	2	-0.00687738427812672	NA	NA
1	"27.4.aW"	31	1	2	-0.00780742721163998	NA	NA
1	"27.4.aW"	32	1	2	0.0128770608247847	NA	NA
1	"27.4.aW"	33	1	2	0.0085507180800737	NA	NA
1	"27.4.aW"	34	1	2	-0.00685276455247758	NA	NA
1	"27.4.aW"	35	1	2	7.88372847419757e-05	NA	NA
1	"27.4.aW"	36	1	2	-0.00233294636745399	NA	NA
1	"27.4.aW"	37	1	2	0.00927968860352487	NA	NA
1	"27.4.aW"	38	1	2	-0.00170214864843477	NA	NA
1	"27.4.aW"	39	1	2	-0.00916298413506695	NA	NA
1	"27.4.aW"	40	1	2	0.00095899114891832	NA	NA
1	"27.4.aW"	41	1	2	0.000240081766943459	NA	NA
1	"27.4.aW"	42	1	2	-0.000424288783236142	NA	NA
1	"27.4.aW"	43	1	2	-0.000926726694160434	NA	NA
1	"27.4.aW"	44	1	2	0.00409141111385134	NA	NA
1	"27.4.aW"	45	1	2	0.0128292023243673	NA	NA
1	"27.4.aW"	46	1	2	-0.00596825704672631	NA	NA
1	"27.4.aW"	47	1	2	-0.000443165945321228	NA	NA
1	"27.4.aW"	48	1	2	-0.00710674569880859	NA	NA
1	"27.4.aW"	49	1	2	0.00506005960842987	NA	NA
1	"27.4.aW"	50	1	2	0.00519137211311818	NA	NA
1	"27.4.aW"	51	1	2	0.00390475321921221	NA	NA
1	"27.4.aW"	52	1	2	-0.00124433016496572	NA	NA
1	"27.4.aW"	53	1	2	-0.00245490074980968	NA	NA
1	"27.4.aW"	54	1	2	0.00945893391162852	NA	NA
1	"27.4.aW"	55	1	2	-0.0106687594980063	NA	NA
1	"27.4.aW"	56	1	2	0.000573144674446086	NA	NA
1	"27.4.aW"	57	1	2	0.000130184006836792	NA	NA
1	"27.4.aW"	58	1	2	0.00814960310970521	NA	NA
1	"27.4.aW"	59	1	2	0.000356965431448297	NA	NA
1	"27.4.aW"	60	1	2	-0.00684009156450796	NA	NA
1	"27.4.aW"	61	1	2	0.00330162826555473	NA	NA
1	"27.4.aW"	62	1	2	-0.00639881631852845	NA	NA
1	"27.4.aW"	63	1	2	-0.0073844123810666	NA	NA
1	"27.4.aW"	64	1	2	-0.000150859702179412	NA	NA
1	"27.4.aW"	65	1	2	0.0121274413575692	NA	NA
1	"27.4.aW"	66	1	2	0.0114671555822322	NA	NA
1	"27.4.aW"	67	1	2	-0.00681001385783839	NA	NA
1	"27.4.aW"	68	1	2	0.00109739375999867	NA	NA
1	"27.4.aW"	69	1	2	0.00471713430919304	NA	NA
1	"27.4.aW"	70	1	2	-0.000821826093887722	NA	NA
1	"27.4.aW"	71	1	2	-0.00492933703718321	NA	NA
1	"27.4.aW"	72	1	2	-0.000436864101088508	NA	NA
1	"27.4.aW"	73	1	2	-0.00241089319217047	NA	NA
1	"27.4.aW"	74	1	2	-0.00720211810202232	NA	NA
1	"27.4.aW"	75	1	2	0.00267028215666959	NA	NA
1	"27.4.aW"	76	1	2	-0.00579713359784914	NA	NA
1	"27.4.aW"	77	1	2	0.00336623527129487	NA	NA
1	"27.4.aW"	78	1	2	-0.00871887553406492	NA	NA
1	"27.4.aW"	79	1	2	-0.00966751988943272	NA	NA
1	"27.4.aW"	80	1	2	0.00633468045371937	NA	NA
1	"27.4.aW"	81	1	2	-0.00678731225101433	NA	NA
1	"27.4.aW"	82	1	2	-0.00215595547203044	NA	NA
1	"27.4.aW"	83	1	2	-0.00351521525067062	NA	NA
1	"27.4.aW"	84	1	2	0.00371996955134586	NA	NA
1	"27.4.aW"	85	1	2	-0.00792903056974041	NA	NA
1	"27.4.aW"	86	1	2	-0.000982666517101518	NA	NA
1	"27.4.aW"	87	1	2	0.00199062426893911	NA	NA
1	"27.4.aW"	88	1	2	0.00232014382768785	NA	NA
1	"27.4.aW"	89	1	2	-0.00846288260440981	NA	NA
1	"27.4.aW"	90	1	2	0.000983431472835906	NA	NA
1	"27.4.aW"	91	1	2	-0.00517131688772919	NA	NA
1	"27.4.aW"	92	1	2	0.0129830951934852	NA	NA
1	"27.4.aW"	93	1	2	0.0149135437712366	NA	NA
1	"27.4.aW"	94	1	2	0.00286009444085779	NA	NA
1	"27.4.aW"	95	1	2	-0.00469750195332347	NA	NA
1	"27.4.aW"	96	1	2	0.00154312248494802	NA	NA
1	"27.4.aW"	97	1	2	-0.00756758808467238	NA	NA
1	"27.4.aW"	98	1	2	-0.004634937700952	NA	NA
1	"27.4.aW"	99	1	2	-0.00939521187092187	NA	NA
1	"27.4.aW"	100	1	2	0.0102635348201337	NA	NA
1	"27.4.aW"	101	1	2	-0.00398822773002425	NA	NA
1	"27.4.aW"	102	1	2	-0.000605747195137692	NA	NA
1	"27.4.aW"	103	1	2	0.00350416672168941	NA	NA
1	"27.4.aW"	104	1	2	-0.00147124399211682	NA	NA
1	"27.4.aW"	105	1	2	0.000387842036496363	NA	NA
1	"27.4.aW"	106	1	2	-0.00461995178501186	NA	NA
1	"27.4.aW"	107	1	2	0.0147303200559415	NA	NA
1	"27.4.aW"	108	1	2	0.00479521490863255	NA	NA
1	"27.4.aW"	109	1	2	0.0121008896661483	NA	NA
1	"27.4.aW"	110	1	2	-0.000807349582065176	NA	NA
1	"27.4.aW"	111	1	2	-0.016576088680999	NA	NA
1	"27.4.aW"	112	1	2	-0.00348501602891413	NA	NA
1	"27.4.aW"	113	1	2	-0.0028668920502856	NA	NA
1	"27.4.aW"	114	1	2	0.00363914390635284	NA	NA
1	"27.4.aW"	115	1	2	0.0108770354755839	NA	NA
1	"27.4.aW"	116	1	2	-0.000903850327979454	NA	NA
1	"27.4.aW"	117	1	2	-0.00329015479384761	NA	NA
1	"27.4.aW"	118	1	2	-0.00592508580178026	NA	NA
1	"27.4.aW"	119	1	2	3.25388406222371e-05	NA	NA
1	"27.4.aW"	120	1	2	-0.00911566580805623	NA	NA
1	"27.4.aW"	121	1	2	0.00844468716794139	NA	NA
1	"27.4.aW"	122	1	2	0.00923913520493721	NA	NA
1	"27.4.aW"	123	1	2	-0.00123388780989304	NA	NA
1	"27.4.aW"	124	1	2	-0.007175411452012	NA	NA
1	"27.4.aW"	125	1	2	0.0111440908209358	NA	NA
1	"27.4.aW"	126	1	2	0.0270329486466214	NA	NA
1	"27.4.aW"	127	1	2	0.00119016478809764	NA	NA
1	"27.4.aW"	128	1	2	0.005386558756949	NA	NA
1	"27.4.aW"	129	1	2	-0.0146681880958135	NA	NA
1	"27.4.aW"	130	1	2	0.000918577993543274	NA	NA
1	"27.4.aW"	131	1	2	0.00161405818927697	NA	NA
1	"27.4.aW"	132	1	2	-0.00445781621398627	NA	NA
1	"27.4.aW"	133	1	2	-0.0124681040417686	NA	NA
1	"27.4.aW"	134	1	2	0.000559206639522485	NA	NA
1	"27.4.aW"	135	1	2	-0.00157466917275298	NA	NA
1	"27.4.aW"	136	1	2	-0.00850129803877198	NA	NA
1	"27.4.aW"	137	1	2	-0.00542836371236208	NA	NA
1	"27.4.aW"	138	1	2	-0.00372774040978987	NA	NA
1	"27.4.aW"	139	1	2	-5.09624840919574e-05	NA	NA
1	"27.4.aW"	140	1	2	-0.000983681438367826	NA	NA
1	"27.4.aW"	141	1	2	-0.00650459489127331	NA	NA
1	"27.4.aW"	142	1	2	0.00521895977171959	NA	NA
1	"27.4.aW"	143	1	2	-0.000117410068304455	NA	NA
1	"27.4.aW"	144	1	2	0.00420354051530138	NA	NA
1	"27.4.aW"	145	1	2	0.00421717652605272	NA	NA
1	"27.4.aW"	146	1	2	0.00763398148789892	NA	NA
1	"27.4.aW"	147	1	2	0.00275509952685218	NA	NA
1	"27.4.aW"	148	1	2	-0.0277391716155755	NA	NA
1	"27.4.aW"	149	1	2	-0.00609612718873579	NA	NA
1	"27.4.aW"	150	1	2	-0.00271512275758286	NA	NA
1	"27.4.aW"	151	1	2	0.00528364339082946	NA	NA
1	"27.4.aW"	152	1	2	-0.000669032065136117	NA	NA
1	"27.4.aW"	153	1	2	0.00250951061298321	NA	NA
1	"27.4.aW"	154	1	2	0.00276498177459171	NA	NA
1	"27.4.aW"	155	1	2	-0.00594496450247941	NA	NA
1	"27.4.aW"	156	1	2	-0.00460380134829132	NA	NA
1	"27.4.aW"	157	1	2	-0.00271901344846924	NA	NA
1	"27.4.aW"	158	1	2	0.00645422284740358	NA	NA
1	"27.4.aW"	159	1	2	-0.0062502874847555	NA	NA
1	"27.4.aW"	160	1	2	-0.00118049418255804	NA	NA
1	"27.4.aW"	161	1	2	0.00148525871316993	NA	NA
1	"27.4.aW"	162	1	2	-0.0048712608540869	NA	NA
1	"27.4.aW"	163	1	2	-0.000974973654557704	NA	NA
1	"27.4.aW"	164	1	2	0.00242259822688138	NA	NA
1	"27.4.aW"	165	1	2	-0.00146463207610512	NA	NA
1	"27.4.aW"	166	1	2	-0.00640487591960512	NA	NA
1	"27.4.aW"	167	1	2	0.00447037843680093	NA	NA
1	"27.4.aW"	168	1	2	0.0102175415178163	NA	NA
1	"27.4.aW"	169	1	2	0.00426603545322788	NA	NA
1	"27.4.aW"	170	1	2	-0.000370215652131064	NA	NA
1	"27.4.aW"	171	1	2	0.0107456878337027	NA	NA
1	"27.4.aW"	172	1	2	-0.0005823273416234	NA	NA
1	"27.4.aW"	173	1	2	-0.00707646523344368	NA	NA
1	"27.4.aW"	174	1	2	-0.0128387093319592	NA	NA
1	"27.4.aW"	175	1	2	-0.00174569901351269	NA	NA
1	"27.4.aW"	176	1	2	3.86687485623531e-05	NA	NA
1	"27.4.aW"	177	1	2	0.000727244826036299	NA	NA
1	"27.4.aW"	178	1	2	0.00504955530320997	NA	NA
1	"27.4.aW"	179	1	2	0.000678442376162003	NA	NA
1	"27.4.aW"	180	1	2	0.00432812350616853	NA	NA
1	"27.4.aW"	181	1	2	-0.00781948256651655	NA	NA
1	"27.4.aW"	182	1	2	0.00794558470558168	NA	NA
1	"27.4.aW"	183	1	2	0.002445818937881	NA	NA
1	"27.4.aW"	184	1	2	0.00433557410406406	NA	NA
1	"27.4.aW"	185	1	2	-0.0129070300777094	NA	NA
1	"27.4.aW"	186	1	2	-0.00393017346327377	NA	NA
1	"27.4.aW"	187	1	2	-0.00925052036683301	NA	NA
1	"27.4.aW"	188	1	2	-0.00326794724153245	NA	NA
1	"27.4.aW"	189	1	2	-0.0111085973187958	NA	NA
1	"27.4.aW"	190	1	2	0.00877757352612421	NA	NA
1	"27.4.aW"	191	1	2	-0.00261075023252534	NA	NA
1	"27.4.aW"	192	1	2	-0.00544628913520317	NA	NA
1	"27.4.aW"	193	1	2	0.0165399702960094	NA	NA
1	"27.4.aW"	194	1	2	0.00351754481972354	NA	NA
1	"27.4.aW"	195	1	2	0.00503298073173464	NA	NA
1	"27.4.aW"	196	1	2	-0.00349526057850682	NA	NA
1	"27.4.aW"	197	1	2	0.00937370659286418	NA	NA
1	"27.4.aW"	198	1	2	0.0178669429416737	NA	NA
1	"27.4.aW"	199	1	2	-0.00644179651366048	NA	NA
1	"27.4.aW"	200	1	2	0.00712382381458287	NA	NA
1	"27.4.aW"	201	1	2	-0.00422631054666114	NA	NA
1	"27.4.aW"	202	1	2	-0.00395539540133029	NA	NA
1	"27.4.aW"	203	1	2	0.00676991963794333	NA	NA
1	"27.4.aW"	204	1	2	0.00864223215758226	NA	NA
1	"27.4.aW"	205	1	2	-0.00258415064970451	NA	NA
1	"27.4.aW"	206	1	2	0.0011001809154205	NA	NA
1	"27.4.aW"	207	1	2	0.0114856205956924	NA	NA
1	"27.4.aW"	208	1	2	-0.00520622199216579	NA	NA
1	"27.4.aW"	209	1	2	-0.00868459477378523	NA	NA
1	"27.4.aW"	210	1	2	-0.00969867664321788	NA	NA
1	"27.4.aW"	211	1	2	0.00161326211235579	NA	NA
1	"27.4.aW"	212	1	2	-0.0111501119965639	NA	NA
1	"27.4.aW"	213	1	2	0.000161713831813656	NA	NA
1	"27.4.aW"	214	1	2	0.00966766115225614	NA	NA
1	"27.4.aW"	215	1	2	-0.0101974513747138	NA	NA
1	"27.4.aW"	216	1	2	-0.00263508137964547	NA	NA
1	"27.4.aW"	217	1	2	-0.00945973637340467	NA	NA
1	"27.4.aW"	218	1	2	0.00137075192581629	NA	NA
1	"27.4.aW"	219	1	2	-0.00582138193987978	NA	NA
1	"27.4.aW"	220	1	2	-0.0126034214443452	NA	NA
1	"27.4.aW"	221	1	2	-0.00366068454827035	NA	NA
1	"27.4.aW"	222	1	2	0.010722385163735	NA	NA
1	"27.4.aW"	223	1	2	-0.0007151293563214	NA	NA
1	"27.4.aW"	224	1	2	-0.00302713061196014	NA	NA
1	"27.4.aW"	225	1	2	0.000873855824530843	NA	NA
1	"27.4.aW"	226	1	2	7.1672850823443e-05	NA	NA
1	"27.4.aW"	227	1	2	-0.000904509844965296	NA	NA
1	"27.4.aW"	228	1	2	0.00296782585483179	NA	NA
1	"27.4.aW"	229	1	2	-0.0103155512337518	NA	NA
1	"27.4.aW"	230	1	2	0.00904839389995813	NA	NA
1	"27.4.aW"	231	1	2	0.00166815318369692	NA	NA
1	"27.4.aW"	232	1	2	-0.00174840023571463	NA	NA
1	"27.4.aW"	233	1	2	-0.00148549941746844	NA	NA
1	"27.4.aW"	234	1	2	-0.00142147927072308	NA	NA
1	"27.4.aW"	235	1	2	0.00598764095260646	NA	NA
1	"27.4.aW"	236	1	2	0.00471434186320174	NA	NA
1	"27.4.aW"	237	1	2	-0.00381531008281106	NA	NA
1	"27.4.aW"	238	1	2	-0.0103688097519328	NA	NA
1	"27.4.aW"	239	1	2	-0.00206280378272867	NA	NA
1	"27.4.aW"	240	1	2	0.00335092614879893	NA	NA
1	"27.4.aW"	241	1	2	0.00564235992984655	NA	NA
1	"27.4.aW"	242	1	2	-0.00762211727530556	NA	NA
1	"27.4.aW"	243	1	2	-0.0057099787283235	NA	NA
1	"27.4.aW"	244	1	2	0.00555686060893852	NA	NA
1	"27.4.aW"	245	1	2	0.0179700844889245	NA	NA
1	"27.4.aW"	246	1	2	-0.00756978127580484	NA	NA
1	"27.4.aW"	247	1	2	-0.0114748100661078	NA	NA
1	"27.4.aW"	248	1	2	0.00105968712631306	NA	NA
1	"27.4.aW"	249	1	2	0.00208333331302939	NA	NA
1	"27.4.aW"	250	1	2	-0.00489674367299788	NA	NA
1	"27.4.aW"	251	1	2	-0.00472199076449666	NA	NA
1	"27.4.aW"	252	1	2	-0.00795111232006326	NA	NA
1	"27.4.aW"	253	1	2	0.0132785184061	NA	NA
1	"27.4.aW"	254	1	2	0.00869851554636776	NA	NA
1	"27.4.aW"	255	1	2	0.00620492429517485	NA	NA
1	"27.4.aW"	256	1	2	0.0111669249354931	NA	NA
1	"27.4.aW"	257	1	2	0.00417075896376576	NA	NA
1	"27.4.aW"	258	1	2	-0.00705318441631938	NA	NA
1	"27.4.aW"	259	1	2	-0.00410983628709031	NA	NA
1	"27.4.aW"	260	1	2	0.0132097629726908	NA	NA
1	"27.4.aW"	261	1	2	-0.00610751091127116	NA	NA
1	"27.4.aW"	262	1	2	0.00534909037516877	NA	NA
1	"27.4.aW"	263	1	2	0.00843053835380136	NA	NA
1	"27.4.aW"	264	1	2	0.000455434252465468	NA	NA
1	"27.4.aW"	265	1	2	0.000809988036885092	NA	NA
1	"27.4.aW"	266	1	2	-0.00244630133179134	NA	NA
1	"27.4.aW"	267	1	2	0.00641583963158669	NA	NA
1	"27.4.aW"	268	1	2	0.00664858986302587	NA	NA
1	"27.4.aW"	269	1	2	0.00171693752000796	NA	NA
1	"27.4.aW"	270	1	2	-0.00541983459769975	NA	NA
1	"27.4.aW"	271	1	2	0.0166198364096626	NA	NA
1	"27.4.aW"	272	1	2	-0.00132229980339188	NA	NA
1	"27.4.aW"	273	1	2	-0.00254386973812776	NA	NA
1	"27.4.aW"	274	1	2	-0.00683356574894939	NA	NA
1	"27.4.aW"	275	1	2	-0.00184923558909408	NA	NA
1	"27.4.aW"	276	1	2	0.00128310754615197	NA	NA
1	"27.4.aW"	277	1	2	0.0016851834176158	NA	NA
1	"27.4.aW"	278	1	2	0.000807432294449824	NA	NA
1	"27.4.aW"	279	1	2	-0.00951443833094473	NA	NA
1	"27.4.aW"	280	1	2	-0.00237404762880442	NA	NA
1	"27.4.aW"	281	1	2	-0.00564824010910068	NA	NA
1	"27.4.aW"	282	1	2	0.0157666866952476	NA	NA
1	"27.4.aW"	283	1	2	0.0110053683960745	NA	NA
1	"27.4.aW"	284	1	2	-0.0118577615421813	NA	NA
1	"27.4.aW"	285	1	2	-0.00510081226150104	NA	NA
1	"27.4.aW"	286	1	2	-0.00672419294814348	NA	NA
1	"27.4.aW"	287	1	2	0.00370142697026136	NA	NA
1	"27.4.aW"	288	1	2	-0.0112250733651312	NA	NA
1	"27.4.aW"	289	1	2	-0.00492709977215933	NA	NA
1	"27.4.aW"	290	1	2	0.00769119022110479	NA	NA
1	"27.4.aW"	291	1	2	0.00584091943548027	NA	NA
1	"27.4.aW"	292	1	2	-0.00677923489002706	NA	NA
1	"27.4.aW"	293	1	2	0.00383144500383071	NA	NA
1	"27.4.aW"	294	1	2	0.00513177074049607	NA	NA
1	"27.4.aW"	295	1	2	-0.0057634596363155	NA	NA
1	"27.4.aW"	296	1	2	0.00691247870935044	NA	NA
1	"27.4.aW"	297	1	2	-0.0024961779967053	NA	NA
1	"27.4.aW"	298	1	2	0.000748040307134747	NA	NA
1	"27.4.aW"	299	1	2	-0.00340087139254797	NA	NA
1	"27.4.aW"	300	1	2	0.0155710275740013	NA	NA
1	"27.4.aW"	301	1	2	0.00752002110247653	NA	NA
1	"27.4.aW"	302	1	2	0.0106639294388351	NA	NA
1	"27.4.aW"	303	1	2	0.0119062112279552	NA	NA
1	"27.4.aW"	304	1	2	0.00267362211786095	NA	NA
1	"27.4.aW"	305	1	2	0.00739621448221231	NA	NA
1	"27.4.aW"	306	1	2	0.0109535308429939	NA	NA
1	"27.4.aW"	307	1	2	0.00696110782775983	NA	NA
1	"27.4.aW"	308	1	2	0.0143240620829827	NA	NA
1	"27.4.aW"	309	1	2	0.0155335266019549	NA	NA
1	"27.4.aW"	310	1	2	0.00458532496092756	NA	NA
1	"27.4.aW"	311	1	2	0.00358989027434891	NA	NA
1	"27.4.aW"	312	1	2	0.0122469536775622	NA	NA
1	"27.4.aW"	313	1	2	0.00607393005498611	NA	NA
1	"27.4.aW"	314	1	2	0.00325554451631311	NA	NA
1	"27.4.aW"	315	1	2	-0.00216058415588663	NA	NA
1	"27.4.aW"	316	1	2	0.00367441488859415	NA	NA
1	"27.4.aW"	317	1	2	0.00591046304901125	NA	NA
1	"27.4.aW"	318	1	2	-0.0026217256085119	NA	NA
1	"27.4.aW"	319	1	2	0.00485292966103663	NA	NA
1	"27.4.aW"	320	1	2	-0.00186581321516539	NA	NA
1	"27.4.aW"	321	1	2	-0.000776667894179017	NA	NA
1	"27.4.aW"	322	1	2	0.000885841783796057	NA	NA
1	"27.4.aW"	323	1	2	0.00317472073397941	NA	NA
1	"27.4.aW"	324	1	2	-0.000532022578272056	NA	NA
1	"27.4.aW"	325	1	2	-0.00196971206978827	NA	NA
1	"27.4.aW"	326	1	2	0.00551785720611899	NA	NA
1	"27.4.aW"	327	1	2	0.0146346277290222	NA	NA
1	"27.4.aW"	328	1	2	-0.00754524380225157	NA	NA
1	"27.4.aW"	329	1	2	0.0103415460581414	NA	NA
1	"27.4.aW"	330	1	2	-0.00734200659305443	NA	NA
1	"27.4.aW"	331	1	2	0.00356551651008124	NA	NA
1	"27.4.aW"	332	1	2	0.000813324134561998	NA	NA
1	"27.4.aW"	333	1	2	0.00900019791821593	NA	NA
1	"27.4.aW"	334	1	2	-0.00337385485908309	NA	NA
1	"27.4.aW"	335	1	2	0.00758048590641492	NA	NA
1	"27.4.aW"	336	1	2	-0.0102839870987442	NA	NA
1	"27.4.aW"	337	1	2	0.00323691383872729	NA	NA
1	"27.4.aW"	338	1	2	0.0025213992858558	NA	NA
1	"27.4.aW"	339	1	2	0.00824556800964935	NA	NA
1	"27.4.aW"	340	1	2	0.0112083636416255	NA	NA
1	"27.4.aW"	341	1	2	0.00391803752437374	NA	NA
1	"27.4.aW"	342	1	2	0.00765431537821976	NA	NA
1	"27.4.aW"	343	1	2	-0.00484452302972969	NA	NA
1	"27.4.aW"	344	1	2	-0.00403080339843368	NA	NA
1	"27.4.aW"	345	1	2	0.00573618372256794	NA	NA
1	"27.4.aW"	346	1	2	-0.0010409806040686	NA	NA
1	"27.4.aW"	347	1	2	0.00438673071733296	NA	NA
1	"27.4.aW"	348	1	2	0.00592010765215822	NA	NA
1	"27.4.aW"	349	1	2	0.00180251276562935	NA	NA
1	"27.4.aW"	350	1	2	-0.00255879443153488	NA	NA
1	"27.4.aW"	351	1	2	-0.0002089050940043	NA	NA
1	"27.4.aW"	352	1	2	-0.00590742577560161	NA	NA
1	"27.4.aW"	353	1	2	-0.00739540473745135	NA	NA
1	"27.4.aW"	354	1	2	0.00447956471423236	NA	NA
1	"27.4.aW"	355	1	2	-0.00144723815656119	NA	NA
1	"27.4.aW"	356	1	2	0.000807560893976807	NA	NA
1	"27.4.aW"	357	1	2	0.0018027846097438	NA	NA
1	"27.4.aW"	358	1	2	0.00374888357251919	NA	NA
1	"27.4.aW"	359	1	2	-0.00318674520356954	NA	NA
1	"27.4.aW"	360	1	2	0.00285471364056926	NA	NA
1	"27.4.aW"	361	1	2	-0.00656446457119307	NA	NA
1	"27.4.aW"	362	1	2	0.000255810254984249	NA	NA
1	"27.4.aW"	363	1	2	0.00310844681890071	NA	NA
1	"27.4.aW"	364	1	2	-0.00991007059777555	NA	NA
1	"27.4.aW"	365	1	2	-0.00550244833253859	NA	NA
1	"27.4.aW"	366	1	2	0.00723965124346233	NA	NA
1	"27.4.aW"	367	1	2	-0.0129456365174432	NA	NA
1	"27.4.aW"	368	1	2	0.00384550101381671	NA	NA
1	"27.4.aW"	369	1	2	-0.00415285056856995	NA	NA
1	"27.4.aW"	370	1	2	-0.0146134813430378	NA	NA
1	"27.4.aW"	371	1	2	0.00787400618862151	NA	NA
1	"27.4.aW"	372	1	2	0.0117284565028842	NA	NA
1	"27.4.aW"	373	1	2	-0.00493189555055639	NA	NA
1	"27.4.aW"	374	1	2	-0.00356838922018386	NA	NA
1	"27.4.aW"	375	1	2	-0.0050256570548739	NA	NA
1	"27.4.aW"	376	1	2	0.0131272396548359	NA	NA
1	"27.4.aW"	377	1	2	0.00308740561819469	NA	NA
1	"27.4.aW"	378	1	2	0.00320092231882963	NA	NA
1	"27.4.aW"	379	1	2	0.00691876928232808	NA	NA
1	"27.4.aW"	380	1	2	-0.00485265932777672	NA	NA
1	"27.4.aW"	381	1	2	0.00435675677363698	NA	NA
1	"27.4.aW"	382	1	2	0.0138969936407488	NA	NA
1	"27.4.aW"	383	1	2	-0.0119600629086056	NA	NA
1	"27.4.aW"	384	1	2	0.00339291691997306	NA	NA
1	"27.4.aW"	385	1	2	0.00464712080158453	NA	NA
1	"27.4.aW"	386	1	2	0.00506702812412476	NA	NA
1	"27.4.aW"	387	1	2	-0.00347058635423207	NA	NA
1	"27.4.aW"	388	1	2	-0.0103931985190341	NA	NA
1	"27.4.aW"	389	1	2	-0.00292260800866352	NA	NA
1	"27.4.aW"	390	1	2	0.00369381334608715	NA	NA
1	"27.4.aW"	391	1	2	0.00745003590063196	NA	NA
1	"27.4.aW"	392	1	2	-0.00136330785542416	NA	NA
1	"27.4.aW"	393	1	2	0.00227753246237069	NA	NA
1	"27.4.aW"	394	1	2	0.00385354355641066	NA	NA
1	"27.4.aW"	395	1	2	0.00865138289540326	NA	NA
1	"27.4.aW"	396	1	2	0.000400110467355447	NA	NA
1	"27.4.aW"	397	1	2	-0.009724574851182	NA	NA
1	"27.4.aW"	398	1	2	0.000331851848789216	NA	NA
1	"27.4.aW"	399	1	2	-0.00169843673976812	NA	NA
1	"27.4.aW"	400	1	2	0.0155313418558002	NA	NA
