"Age"	"Level"	"Iteration"	"AgeIndex"	"LevelIndex"	"Intercept"	"tau_Intercept"	"ar_Intercept"
1	"Q2"	1	1	1	-0.0383693871147405	NA	NA
1	"Q2"	2	1	1	-0.0566395259842456	NA	NA
1	"Q2"	3	1	1	-0.0481336983765343	NA	NA
1	"Q2"	4	1	1	-0.0497550960651372	NA	NA
1	"Q2"	5	1	1	-0.0367162155710497	NA	NA
1	"Q2"	6	1	1	-0.0422434335116037	NA	NA
1	"Q2"	7	1	1	-0.0464225229139675	NA	NA
1	"Q2"	8	1	1	-0.0324421701628814	NA	NA
1	"Q2"	9	1	1	-0.0471543932410985	NA	NA
1	"Q2"	10	1	1	-0.0463811559381876	NA	NA
1	"Q2"	11	1	1	-0.0485744969306731	NA	NA
1	"Q2"	12	1	1	-0.056134234123356	NA	NA
1	"Q2"	13	1	1	-0.0505024769777475	NA	NA
1	"Q2"	14	1	1	-0.0456718381065921	NA	NA
1	"Q2"	15	1	1	-0.0300680632731103	NA	NA
1	"Q2"	16	1	1	-0.0430537786058278	NA	NA
1	"Q2"	17	1	1	-0.0352957420097541	NA	NA
1	"Q2"	18	1	1	-0.0509073043987301	NA	NA
1	"Q2"	19	1	1	-0.0368541233582838	NA	NA
1	"Q2"	20	1	1	-0.042820449633257	NA	NA
1	"Q2"	21	1	1	-0.0445313444647235	NA	NA
1	"Q2"	22	1	1	-0.0387675017689352	NA	NA
1	"Q2"	23	1	1	-0.0337254154618287	NA	NA
1	"Q2"	24	1	1	-0.0474342290837473	NA	NA
1	"Q2"	25	1	1	-0.0439673786624841	NA	NA
1	"Q2"	26	1	1	-0.0460866656375174	NA	NA
1	"Q2"	27	1	1	-0.0331224814667831	NA	NA
1	"Q2"	28	1	1	-0.0445413935736149	NA	NA
1	"Q2"	29	1	1	-0.0451390740940249	NA	NA
1	"Q2"	30	1	1	-0.0473941578800608	NA	NA
1	"Q2"	31	1	1	-0.053128255020027	NA	NA
1	"Q2"	32	1	1	-0.0358078796066559	NA	NA
1	"Q2"	33	1	1	-0.0331739111798394	NA	NA
1	"Q2"	34	1	1	-0.0525728082713865	NA	NA
1	"Q2"	35	1	1	-0.0449306674075001	NA	NA
1	"Q2"	36	1	1	-0.0450292797058063	NA	NA
1	"Q2"	37	1	1	-0.0367252491306075	NA	NA
1	"Q2"	38	1	1	-0.0392590727779791	NA	NA
1	"Q2"	39	1	1	-0.0456458509213007	NA	NA
1	"Q2"	40	1	1	-0.0477263958409462	NA	NA
1	"Q2"	41	1	1	-0.0378891513359492	NA	NA
1	"Q2"	42	1	1	-0.0431290149921997	NA	NA
1	"Q2"	43	1	1	-0.0386277794382864	NA	NA
1	"Q2"	44	1	1	-0.0407480194095337	NA	NA
1	"Q2"	45	1	1	-0.0420438296045392	NA	NA
1	"Q2"	46	1	1	-0.0475682911385057	NA	NA
1	"Q2"	47	1	1	-0.0381303355191446	NA	NA
1	"Q2"	48	1	1	-0.0405607483738642	NA	NA
1	"Q2"	49	1	1	-0.0384308684134872	NA	NA
1	"Q2"	50	1	1	-0.0411630406030133	NA	NA
1	"Q2"	51	1	1	-0.0436730281260285	NA	NA
1	"Q2"	52	1	1	-0.0365542185722748	NA	NA
1	"Q2"	53	1	1	-0.0482807673468633	NA	NA
1	"Q2"	54	1	1	-0.0392693403949795	NA	NA
1	"Q2"	55	1	1	-0.0568367768541877	NA	NA
1	"Q2"	56	1	1	-0.0350241399460802	NA	NA
1	"Q2"	57	1	1	-0.0485357977893589	NA	NA
1	"Q2"	58	1	1	-0.0424879259044311	NA	NA
1	"Q2"	59	1	1	-0.0442078489054373	NA	NA
1	"Q2"	60	1	1	-0.0463584770967277	NA	NA
1	"Q2"	61	1	1	-0.0356031771107977	NA	NA
1	"Q2"	62	1	1	-0.0362371822411248	NA	NA
1	"Q2"	63	1	1	-0.0599500042395757	NA	NA
1	"Q2"	64	1	1	-0.0473070246408398	NA	NA
1	"Q2"	65	1	1	-0.033966309377908	NA	NA
1	"Q2"	66	1	1	-0.0426559043952704	NA	NA
1	"Q2"	67	1	1	-0.0462101312773515	NA	NA
1	"Q2"	68	1	1	-0.0398986549003277	NA	NA
1	"Q2"	69	1	1	-0.0405917625359113	NA	NA
1	"Q2"	70	1	1	-0.0550882969150943	NA	NA
1	"Q2"	71	1	1	-0.0446230894858531	NA	NA
1	"Q2"	72	1	1	-0.0437925839439033	NA	NA
1	"Q2"	73	1	1	-0.0489735888542811	NA	NA
1	"Q2"	74	1	1	-0.0570151518075228	NA	NA
1	"Q2"	75	1	1	-0.0410303347477644	NA	NA
1	"Q2"	76	1	1	-0.0489877851673715	NA	NA
1	"Q2"	77	1	1	-0.0455422075139141	NA	NA
1	"Q2"	78	1	1	-0.0409832443108873	NA	NA
1	"Q2"	79	1	1	-0.0495151382368218	NA	NA
1	"Q2"	80	1	1	-0.0390612654304865	NA	NA
1	"Q2"	81	1	1	-0.0389202739155984	NA	NA
1	"Q2"	82	1	1	-0.0398254693578218	NA	NA
1	"Q2"	83	1	1	-0.055102623648905	NA	NA
1	"Q2"	84	1	1	-0.0295331634222392	NA	NA
1	"Q2"	85	1	1	-0.0402838299156829	NA	NA
1	"Q2"	86	1	1	-0.0439563003926723	NA	NA
1	"Q2"	87	1	1	-0.0392956806796227	NA	NA
1	"Q2"	88	1	1	-0.0473282027229375	NA	NA
1	"Q2"	89	1	1	-0.0490353203421136	NA	NA
1	"Q2"	90	1	1	-0.0490002466127883	NA	NA
1	"Q2"	91	1	1	-0.0398286549619474	NA	NA
1	"Q2"	92	1	1	-0.0501323793875435	NA	NA
1	"Q2"	93	1	1	-0.0372923196954132	NA	NA
1	"Q2"	94	1	1	-0.0387685152837798	NA	NA
1	"Q2"	95	1	1	-0.05322702592303	NA	NA
1	"Q2"	96	1	1	-0.0458879903456902	NA	NA
1	"Q2"	97	1	1	-0.0557054887692417	NA	NA
1	"Q2"	98	1	1	-0.0508271347853738	NA	NA
1	"Q2"	99	1	1	-0.052015057390618	NA	NA
1	"Q2"	100	1	1	-0.0399321070925759	NA	NA
1	"Q2"	101	1	1	-0.0417861541592436	NA	NA
1	"Q2"	102	1	1	-0.037312092665685	NA	NA
1	"Q2"	103	1	1	-0.0559636697412327	NA	NA
1	"Q2"	104	1	1	-0.0477934948142746	NA	NA
1	"Q2"	105	1	1	-0.0448806803309402	NA	NA
1	"Q2"	106	1	1	-0.0455393163174353	NA	NA
1	"Q2"	107	1	1	-0.0346028592613376	NA	NA
1	"Q2"	108	1	1	-0.042846676208532	NA	NA
1	"Q2"	109	1	1	-0.0291902099042891	NA	NA
1	"Q2"	110	1	1	-0.0598563429490901	NA	NA
1	"Q2"	111	1	1	-0.0453974697809792	NA	NA
1	"Q2"	112	1	1	-0.0510586755732587	NA	NA
1	"Q2"	113	1	1	-0.0344840768255128	NA	NA
1	"Q2"	114	1	1	-0.0407887123514702	NA	NA
1	"Q2"	115	1	1	-0.0359162357731064	NA	NA
1	"Q2"	116	1	1	-0.0422979656548763	NA	NA
1	"Q2"	117	1	1	-0.0349648489026636	NA	NA
1	"Q2"	118	1	1	-0.050694975527573	NA	NA
1	"Q2"	119	1	1	-0.0348546258706768	NA	NA
1	"Q2"	120	1	1	-0.0426216723547413	NA	NA
1	"Q2"	121	1	1	-0.0419079081263577	NA	NA
1	"Q2"	122	1	1	-0.0475982425836472	NA	NA
1	"Q2"	123	1	1	-0.0469585108866134	NA	NA
1	"Q2"	124	1	1	-0.0465323714635145	NA	NA
1	"Q2"	125	1	1	-0.0370761174095413	NA	NA
1	"Q2"	126	1	1	-0.0303024930398534	NA	NA
1	"Q2"	127	1	1	-0.0467757247697348	NA	NA
1	"Q2"	128	1	1	-0.0328926610789219	NA	NA
1	"Q2"	129	1	1	-0.0516909586261302	NA	NA
1	"Q2"	130	1	1	-0.0433406025401668	NA	NA
1	"Q2"	131	1	1	-0.0447768464813483	NA	NA
1	"Q2"	132	1	1	-0.0473797892014746	NA	NA
1	"Q2"	133	1	1	-0.0412949171528567	NA	NA
1	"Q2"	134	1	1	-0.0439923768482576	NA	NA
1	"Q2"	135	1	1	-0.0455049669605517	NA	NA
1	"Q2"	136	1	1	-0.0388717342652523	NA	NA
1	"Q2"	137	1	1	-0.0436690889376304	NA	NA
1	"Q2"	138	1	1	-0.0418992412155392	NA	NA
1	"Q2"	139	1	1	-0.0450027215998751	NA	NA
1	"Q2"	140	1	1	-0.0535596504151182	NA	NA
1	"Q2"	141	1	1	-0.0492471147253185	NA	NA
1	"Q2"	142	1	1	-0.0436444113104218	NA	NA
1	"Q2"	143	1	1	-0.0471574939407287	NA	NA
1	"Q2"	144	1	1	-0.0424542922265814	NA	NA
1	"Q2"	145	1	1	-0.047410750281625	NA	NA
1	"Q2"	146	1	1	-0.043995633184969	NA	NA
1	"Q2"	147	1	1	-0.0450862624600729	NA	NA
1	"Q2"	148	1	1	-0.0494760177364206	NA	NA
1	"Q2"	149	1	1	-0.0445153130557641	NA	NA
1	"Q2"	150	1	1	-0.0454285563971772	NA	NA
1	"Q2"	151	1	1	-0.0446999769712518	NA	NA
1	"Q2"	152	1	1	-0.0531659422106211	NA	NA
1	"Q2"	153	1	1	-0.0396536496643493	NA	NA
1	"Q2"	154	1	1	-0.0502704844276448	NA	NA
1	"Q2"	155	1	1	-0.0525623109709544	NA	NA
1	"Q2"	156	1	1	-0.0448161987629576	NA	NA
1	"Q2"	157	1	1	-0.0413542020814831	NA	NA
1	"Q2"	158	1	1	-0.0410637510819489	NA	NA
1	"Q2"	159	1	1	-0.0530004460415243	NA	NA
1	"Q2"	160	1	1	-0.0455884374912762	NA	NA
1	"Q2"	161	1	1	-0.0453842454401053	NA	NA
1	"Q2"	162	1	1	-0.0477507653157082	NA	NA
1	"Q2"	163	1	1	-0.0462419899325543	NA	NA
1	"Q2"	164	1	1	-0.0500598150254997	NA	NA
1	"Q2"	165	1	1	-0.0291441837879994	NA	NA
1	"Q2"	166	1	1	-0.0554004268705303	NA	NA
1	"Q2"	167	1	1	-0.0369335569451689	NA	NA
1	"Q2"	168	1	1	-0.034929730546038	NA	NA
1	"Q2"	169	1	1	-0.043159511200319	NA	NA
1	"Q2"	170	1	1	-0.0494829540608175	NA	NA
1	"Q2"	171	1	1	-0.0463574237608651	NA	NA
1	"Q2"	172	1	1	-0.0296383229419854	NA	NA
1	"Q2"	173	1	1	-0.0491985785058877	NA	NA
1	"Q2"	174	1	1	-0.0537180628063992	NA	NA
1	"Q2"	175	1	1	-0.044719213633397	NA	NA
1	"Q2"	176	1	1	-0.0379257397082403	NA	NA
1	"Q2"	177	1	1	-0.0492935686512235	NA	NA
1	"Q2"	178	1	1	-0.0491026574755122	NA	NA
1	"Q2"	179	1	1	-0.0479671057917766	NA	NA
1	"Q2"	180	1	1	-0.0518495046846208	NA	NA
1	"Q2"	181	1	1	-0.0436866946766623	NA	NA
1	"Q2"	182	1	1	-0.0443842515711761	NA	NA
1	"Q2"	183	1	1	-0.0297001608010692	NA	NA
1	"Q2"	184	1	1	-0.035965910420856	NA	NA
1	"Q2"	185	1	1	-0.0365552864931555	NA	NA
1	"Q2"	186	1	1	-0.0602307744707156	NA	NA
1	"Q2"	187	1	1	-0.0407329820318304	NA	NA
1	"Q2"	188	1	1	-0.0498704758592292	NA	NA
1	"Q2"	189	1	1	-0.0521591441373454	NA	NA
1	"Q2"	190	1	1	-0.0475045035090873	NA	NA
1	"Q2"	191	1	1	-0.0526066948990673	NA	NA
1	"Q2"	192	1	1	-0.0549093493299003	NA	NA
1	"Q2"	193	1	1	-0.0365706396923875	NA	NA
1	"Q2"	194	1	1	-0.0515636354603256	NA	NA
1	"Q2"	195	1	1	-0.042214923161342	NA	NA
1	"Q2"	196	1	1	-0.0514576289495869	NA	NA
1	"Q2"	197	1	1	-0.039751624028528	NA	NA
1	"Q2"	198	1	1	-0.0323805541003618	NA	NA
1	"Q2"	199	1	1	-0.0487174076537223	NA	NA
1	"Q2"	200	1	1	-0.0575726651191809	NA	NA
1	"Q2"	201	1	1	-0.0470476520899874	NA	NA
1	"Q2"	202	1	1	-0.0416181444777943	NA	NA
1	"Q2"	203	1	1	-0.0457018279886174	NA	NA
1	"Q2"	204	1	1	-0.0462109002790326	NA	NA
1	"Q2"	205	1	1	-0.0522795108879058	NA	NA
1	"Q2"	206	1	1	-0.0523556895998467	NA	NA
1	"Q2"	207	1	1	-0.0463191637057384	NA	NA
1	"Q2"	208	1	1	-0.0482790116182641	NA	NA
1	"Q2"	209	1	1	-0.0446823356857297	NA	NA
1	"Q2"	210	1	1	-0.0414782644913864	NA	NA
1	"Q2"	211	1	1	-0.0449129001990434	NA	NA
1	"Q2"	212	1	1	-0.0465369770364986	NA	NA
1	"Q2"	213	1	1	-0.0448106156636996	NA	NA
1	"Q2"	214	1	1	-0.0445988085698793	NA	NA
1	"Q2"	215	1	1	-0.0485654031377588	NA	NA
1	"Q2"	216	1	1	-0.0492637510240764	NA	NA
1	"Q2"	217	1	1	-0.058978652845264	NA	NA
1	"Q2"	218	1	1	-0.0402424941832733	NA	NA
1	"Q2"	219	1	1	-0.0405013301108487	NA	NA
1	"Q2"	220	1	1	-0.0559388573576809	NA	NA
1	"Q2"	221	1	1	-0.0436038882086641	NA	NA
1	"Q2"	222	1	1	-0.0284590762722117	NA	NA
1	"Q2"	223	1	1	-0.0407855648348998	NA	NA
1	"Q2"	224	1	1	-0.0449421324383106	NA	NA
1	"Q2"	225	1	1	-0.0420762260244638	NA	NA
1	"Q2"	226	1	1	-0.0473550020950375	NA	NA
1	"Q2"	227	1	1	-0.0451893489720969	NA	NA
1	"Q2"	228	1	1	-0.0378461344886607	NA	NA
1	"Q2"	229	1	1	-0.0564028042638084	NA	NA
1	"Q2"	230	1	1	-0.0530986184730879	NA	NA
1	"Q2"	231	1	1	-0.041514313340187	NA	NA
1	"Q2"	232	1	1	-0.0454426169435331	NA	NA
1	"Q2"	233	1	1	-0.0483245985954528	NA	NA
1	"Q2"	234	1	1	-0.0370336072233164	NA	NA
1	"Q2"	235	1	1	-0.0460330304072096	NA	NA
1	"Q2"	236	1	1	-0.0409728805292119	NA	NA
1	"Q2"	237	1	1	-0.0409486369854656	NA	NA
1	"Q2"	238	1	1	-0.0568137833232582	NA	NA
1	"Q2"	239	1	1	-0.0384971461258392	NA	NA
1	"Q2"	240	1	1	-0.0413433884410241	NA	NA
1	"Q2"	241	1	1	-0.0340358064903626	NA	NA
1	"Q2"	242	1	1	-0.054363680615738	NA	NA
1	"Q2"	243	1	1	-0.0503949176388909	NA	NA
1	"Q2"	244	1	1	-0.0417907666830951	NA	NA
1	"Q2"	245	1	1	-0.0306251710477998	NA	NA
1	"Q2"	246	1	1	-0.0330369386802126	NA	NA
1	"Q2"	247	1	1	-0.0555944673955082	NA	NA
1	"Q2"	248	1	1	-0.0439275581014928	NA	NA
1	"Q2"	249	1	1	-0.0503324183318077	NA	NA
1	"Q2"	250	1	1	-0.0483119522136115	NA	NA
1	"Q2"	251	1	1	-0.0441939115839458	NA	NA
1	"Q2"	252	1	1	-0.0361324457733184	NA	NA
1	"Q2"	253	1	1	-0.033874823997222	NA	NA
1	"Q2"	254	1	1	-0.0334243805527244	NA	NA
1	"Q2"	255	1	1	-0.0400847894834192	NA	NA
1	"Q2"	256	1	1	-0.0469350379922593	NA	NA
1	"Q2"	257	1	1	-0.0414068686585495	NA	NA
1	"Q2"	258	1	1	-0.0557682674492873	NA	NA
1	"Q2"	259	1	1	-0.0521893708148216	NA	NA
1	"Q2"	260	1	1	-0.0361916657327777	NA	NA
1	"Q2"	261	1	1	-0.0402264906191641	NA	NA
1	"Q2"	262	1	1	-0.040216003999052	NA	NA
1	"Q2"	263	1	1	-0.0593369477837403	NA	NA
1	"Q2"	264	1	1	-0.0378305503921003	NA	NA
1	"Q2"	265	1	1	-0.0525912153195972	NA	NA
1	"Q2"	266	1	1	-0.0405960699298861	NA	NA
1	"Q2"	267	1	1	-0.0432962809125063	NA	NA
1	"Q2"	268	1	1	-0.0468214188854345	NA	NA
1	"Q2"	269	1	1	-0.0334868251643741	NA	NA
1	"Q2"	270	1	1	-0.0468941750066137	NA	NA
1	"Q2"	271	1	1	-0.0381869085440772	NA	NA
1	"Q2"	272	1	1	-0.050306549700172	NA	NA
1	"Q2"	273	1	1	-0.0626939483872464	NA	NA
1	"Q2"	274	1	1	-0.039805623674072	NA	NA
1	"Q2"	275	1	1	-0.0463516667235855	NA	NA
1	"Q2"	276	1	1	-0.0537775784903546	NA	NA
1	"Q2"	277	1	1	-0.0370769566291194	NA	NA
1	"Q2"	278	1	1	-0.036060903826116	NA	NA
1	"Q2"	279	1	1	-0.0508081082795513	NA	NA
1	"Q2"	280	1	1	-0.0505511319981217	NA	NA
1	"Q2"	281	1	1	-0.0400253597219247	NA	NA
1	"Q2"	282	1	1	-0.0395787526119305	NA	NA
1	"Q2"	283	1	1	-0.0530261165938401	NA	NA
1	"Q2"	284	1	1	-0.0479035047280119	NA	NA
1	"Q2"	285	1	1	-0.0409347882329593	NA	NA
1	"Q2"	286	1	1	-0.0529333784450511	NA	NA
1	"Q2"	287	1	1	-0.0499822444956066	NA	NA
1	"Q2"	288	1	1	-0.0448989204884567	NA	NA
1	"Q2"	289	1	1	-0.0449586680314616	NA	NA
1	"Q2"	290	1	1	-0.0457344573763572	NA	NA
1	"Q2"	291	1	1	-0.0366626731732688	NA	NA
1	"Q2"	292	1	1	-0.0519587019731479	NA	NA
1	"Q2"	293	1	1	-0.0395898225376613	NA	NA
1	"Q2"	294	1	1	-0.0453218349741289	NA	NA
1	"Q2"	295	1	1	-0.0417543367162523	NA	NA
1	"Q2"	296	1	1	-0.0435499756870902	NA	NA
1	"Q2"	297	1	1	-0.0447924975002938	NA	NA
1	"Q2"	298	1	1	-0.0436108704646214	NA	NA
1	"Q2"	299	1	1	-0.035290004182098	NA	NA
1	"Q2"	300	1	1	-0.035461125347931	NA	NA
1	"Q2"	301	1	1	-0.0485821462202375	NA	NA
1	"Q2"	302	1	1	-0.0356822960412004	NA	NA
1	"Q2"	303	1	1	-0.0469628806245335	NA	NA
1	"Q2"	304	1	1	-0.03941323062177	NA	NA
1	"Q2"	305	1	1	-0.05220859196931	NA	NA
1	"Q2"	306	1	1	-0.0346973293363596	NA	NA
1	"Q2"	307	1	1	-0.0438966211591106	NA	NA
1	"Q2"	308	1	1	-0.0304064372860396	NA	NA
1	"Q2"	309	1	1	-0.0249531578577577	NA	NA
1	"Q2"	310	1	1	-0.0353313681886683	NA	NA
1	"Q2"	311	1	1	-0.035058320324019	NA	NA
1	"Q2"	312	1	1	-0.0425431969320921	NA	NA
1	"Q2"	313	1	1	-0.0341564955795325	NA	NA
1	"Q2"	314	1	1	-0.0374306466559608	NA	NA
1	"Q2"	315	1	1	-0.0355094489451866	NA	NA
1	"Q2"	316	1	1	-0.0328927831117996	NA	NA
1	"Q2"	317	1	1	-0.0411583441208536	NA	NA
1	"Q2"	318	1	1	-0.0529466880248552	NA	NA
1	"Q2"	319	1	1	-0.0486914872894689	NA	NA
1	"Q2"	320	1	1	-0.0434822498397056	NA	NA
1	"Q2"	321	1	1	-0.044357736270626	NA	NA
1	"Q2"	322	1	1	-0.0379399450619655	NA	NA
1	"Q2"	323	1	1	-0.0505466106808434	NA	NA
1	"Q2"	324	1	1	-0.0395514406042075	NA	NA
1	"Q2"	325	1	1	-0.0383688092356346	NA	NA
1	"Q2"	326	1	1	-0.0418055961169509	NA	NA
1	"Q2"	327	1	1	-0.0318899844705145	NA	NA
1	"Q2"	328	1	1	-0.051093101682986	NA	NA
1	"Q2"	329	1	1	-0.0380390922480197	NA	NA
1	"Q2"	330	1	1	-0.0509894894673721	NA	NA
1	"Q2"	331	1	1	-0.0438306859294429	NA	NA
1	"Q2"	332	1	1	-0.048056501130047	NA	NA
1	"Q2"	333	1	1	-0.0555920128065324	NA	NA
1	"Q2"	334	1	1	-0.0438654001486779	NA	NA
1	"Q2"	335	1	1	-0.0378451365013965	NA	NA
1	"Q2"	336	1	1	-0.0358930665512274	NA	NA
1	"Q2"	337	1	1	-0.0479757567554816	NA	NA
1	"Q2"	338	1	1	-0.0445202886869228	NA	NA
1	"Q2"	339	1	1	-0.0422564709226759	NA	NA
1	"Q2"	340	1	1	-0.0439602758513463	NA	NA
1	"Q2"	341	1	1	-0.0449795440923069	NA	NA
1	"Q2"	342	1	1	-0.0400494730752738	NA	NA
1	"Q2"	343	1	1	-0.0440922305661964	NA	NA
1	"Q2"	344	1	1	-0.0489692521009632	NA	NA
1	"Q2"	345	1	1	-0.0487585217980574	NA	NA
1	"Q2"	346	1	1	-0.0447736010315976	NA	NA
1	"Q2"	347	1	1	-0.0359997293093155	NA	NA
1	"Q2"	348	1	1	-0.0392398050503204	NA	NA
1	"Q2"	349	1	1	-0.0427171029142987	NA	NA
1	"Q2"	350	1	1	-0.0498498829251592	NA	NA
1	"Q2"	351	1	1	-0.0477939517591554	NA	NA
1	"Q2"	352	1	1	-0.0525700526389544	NA	NA
1	"Q2"	353	1	1	-0.0457829824476266	NA	NA
1	"Q2"	354	1	1	-0.0403746558382318	NA	NA
1	"Q2"	355	1	1	-0.0418983281152674	NA	NA
1	"Q2"	356	1	1	-0.042774563914333	NA	NA
1	"Q2"	357	1	1	-0.0405360919686373	NA	NA
1	"Q2"	358	1	1	-0.0363793198061646	NA	NA
1	"Q2"	359	1	1	-0.0416526141490961	NA	NA
1	"Q2"	360	1	1	-0.0380014815181381	NA	NA
1	"Q2"	361	1	1	-0.044332072342912	NA	NA
1	"Q2"	362	1	1	-0.0432626321508826	NA	NA
1	"Q2"	363	1	1	-0.0435749692265898	NA	NA
1	"Q2"	364	1	1	-0.0433109915390885	NA	NA
1	"Q2"	365	1	1	-0.0366413898770918	NA	NA
1	"Q2"	366	1	1	-0.03662976144948	NA	NA
1	"Q2"	367	1	1	-0.0439067752713898	NA	NA
1	"Q2"	368	1	1	-0.0345488515389975	NA	NA
1	"Q2"	369	1	1	-0.0465557501354345	NA	NA
1	"Q2"	370	1	1	-0.0497824589702347	NA	NA
1	"Q2"	371	1	1	-0.04234498913115	NA	NA
1	"Q2"	372	1	1	-0.0506003297547806	NA	NA
1	"Q2"	373	1	1	-0.0453231142826259	NA	NA
1	"Q2"	374	1	1	-0.0399773489520267	NA	NA
1	"Q2"	375	1	1	-0.0450898723707403	NA	NA
1	"Q2"	376	1	1	-0.0333123229289039	NA	NA
1	"Q2"	377	1	1	-0.0401856021010096	NA	NA
1	"Q2"	378	1	1	-0.0347530776937691	NA	NA
1	"Q2"	379	1	1	-0.0475262437973894	NA	NA
1	"Q2"	380	1	1	-0.0464113876740696	NA	NA
1	"Q2"	381	1	1	-0.0447596581362603	NA	NA
1	"Q2"	382	1	1	-0.0383576870730394	NA	NA
1	"Q2"	383	1	1	-0.0573454810643237	NA	NA
1	"Q2"	384	1	1	-0.045282291045536	NA	NA
1	"Q2"	385	1	1	-0.0421050953420064	NA	NA
1	"Q2"	386	1	1	-0.0258384150731439	NA	NA
1	"Q2"	387	1	1	-0.0400881986337136	NA	NA
1	"Q2"	388	1	1	-0.046358259234652	NA	NA
1	"Q2"	389	1	1	-0.0481484447485698	NA	NA
1	"Q2"	390	1	1	-0.0527623155952634	NA	NA
1	"Q2"	391	1	1	-0.049043149594565	NA	NA
1	"Q2"	392	1	1	-0.0479573414754546	NA	NA
1	"Q2"	393	1	1	-0.0373095039516581	NA	NA
1	"Q2"	394	1	1	-0.0389406441115559	NA	NA
1	"Q2"	395	1	1	-0.0456232407190107	NA	NA
1	"Q2"	396	1	1	-0.042536656008789	NA	NA
1	"Q2"	397	1	1	-0.0472455875788798	NA	NA
1	"Q2"	398	1	1	-0.0402459998930858	NA	NA
1	"Q2"	399	1	1	-0.0381132150085926	NA	NA
1	"Q2"	400	1	1	-0.0293188770486209	NA	NA
1	"Q3"	1	1	2	0.0286372229950084	NA	NA
1	"Q3"	2	1	2	0.0212303303165828	NA	NA
1	"Q3"	3	1	2	0.0155161917478181	NA	NA
1	"Q3"	4	1	2	0.0145385225322003	NA	NA
1	"Q3"	5	1	2	0.00977500181328039	NA	NA
1	"Q3"	6	1	2	0.0310976913778869	NA	NA
1	"Q3"	7	1	2	0.0139833466044645	NA	NA
1	"Q3"	8	1	2	0.0198023915493144	NA	NA
1	"Q3"	9	1	2	0.0177776983134773	NA	NA
1	"Q3"	10	1	2	0.0291930088647208	NA	NA
1	"Q3"	11	1	2	0.0165876579957769	NA	NA
1	"Q3"	12	1	2	0.0213576091092495	NA	NA
1	"Q3"	13	1	2	0.031580337071984	NA	NA
1	"Q3"	14	1	2	0.0189467683032266	NA	NA
1	"Q3"	15	1	2	0.0169359731637208	NA	NA
1	"Q3"	16	1	2	0.0130226804319897	NA	NA
1	"Q3"	17	1	2	0.0206824923201079	NA	NA
1	"Q3"	18	1	2	0.00906345306788329	NA	NA
1	"Q3"	19	1	2	0.0110576057559498	NA	NA
1	"Q3"	20	1	2	0.0106971326367781	NA	NA
1	"Q3"	21	1	2	0.00977171489244152	NA	NA
1	"Q3"	22	1	2	0.021384410937787	NA	NA
1	"Q3"	23	1	2	0.0223318676977949	NA	NA
1	"Q3"	24	1	2	0.030470207147533	NA	NA
1	"Q3"	25	1	2	0.00917930349197387	NA	NA
1	"Q3"	26	1	2	0.0187831130495727	NA	NA
1	"Q3"	27	1	2	0.021762181677216	NA	NA
1	"Q3"	28	1	2	0.0204589958185575	NA	NA
1	"Q3"	29	1	2	0.0178087659410857	NA	NA
1	"Q3"	30	1	2	0.0314328159790662	NA	NA
1	"Q3"	31	1	2	0.0270689966023231	NA	NA
1	"Q3"	32	1	2	0.020552413867716	NA	NA
1	"Q3"	33	1	2	0.0302836516245223	NA	NA
1	"Q3"	34	1	2	0.0255491958822071	NA	NA
1	"Q3"	35	1	2	0.0125186366565358	NA	NA
1	"Q3"	36	1	2	0.00982714579037835	NA	NA
1	"Q3"	37	1	2	0.0156601201179828	NA	NA
1	"Q3"	38	1	2	0.0218439777170244	NA	NA
1	"Q3"	39	1	2	0.0183746945904286	NA	NA
1	"Q3"	40	1	2	0.0210414184151302	NA	NA
1	"Q3"	41	1	2	0.0241046905250506	NA	NA
1	"Q3"	42	1	2	0.0268580599219146	NA	NA
1	"Q3"	43	1	2	0.018341809901368	NA	NA
1	"Q3"	44	1	2	0.0288205620378712	NA	NA
1	"Q3"	45	1	2	0.0221108567322213	NA	NA
1	"Q3"	46	1	2	0.0125755450896864	NA	NA
1	"Q3"	47	1	2	0.0065882240891025	NA	NA
1	"Q3"	48	1	2	0.0217841278174958	NA	NA
1	"Q3"	49	1	2	0.0202558029297973	NA	NA
1	"Q3"	50	1	2	0.025521198023057	NA	NA
1	"Q3"	51	1	2	0.0207471721784965	NA	NA
1	"Q3"	52	1	2	0.0191372592062304	NA	NA
1	"Q3"	53	1	2	0.00647624675818303	NA	NA
1	"Q3"	54	1	2	0.0238688162179584	NA	NA
1	"Q3"	55	1	2	0.024518637852298	NA	NA
1	"Q3"	56	1	2	0.0119386906492121	NA	NA
1	"Q3"	57	1	2	0.0197712328600061	NA	NA
1	"Q3"	58	1	2	0.00676739743450968	NA	NA
1	"Q3"	59	1	2	0.0196238104216431	NA	NA
1	"Q3"	60	1	2	0.0225316562508516	NA	NA
1	"Q3"	61	1	2	0.0243219045501763	NA	NA
1	"Q3"	62	1	2	0.0231770004678591	NA	NA
1	"Q3"	63	1	2	0.0323235670281448	NA	NA
1	"Q3"	64	1	2	0.0199518807342706	NA	NA
1	"Q3"	65	1	2	0.0179993381506653	NA	NA
1	"Q3"	66	1	2	0.0237714211386503	NA	NA
1	"Q3"	67	1	2	0.0106535800559195	NA	NA
1	"Q3"	68	1	2	0.0198722342800946	NA	NA
1	"Q3"	69	1	2	0.0188388931036603	NA	NA
1	"Q3"	70	1	2	0.0205685245172602	NA	NA
1	"Q3"	71	1	2	0.0109474598111161	NA	NA
1	"Q3"	72	1	2	0.00773535241276502	NA	NA
1	"Q3"	73	1	2	-0.000376007503825499	NA	NA
1	"Q3"	74	1	2	0.0200960224732267	NA	NA
1	"Q3"	75	1	2	0.018199493089545	NA	NA
1	"Q3"	76	1	2	0.0131512406778235	NA	NA
1	"Q3"	77	1	2	0.00562974973812611	NA	NA
1	"Q3"	78	1	2	0.0241091758434225	NA	NA
1	"Q3"	79	1	2	0.0216079831646282	NA	NA
1	"Q3"	80	1	2	0.023873197277011	NA	NA
1	"Q3"	81	1	2	0.0153107049854469	NA	NA
1	"Q3"	82	1	2	0.0240006262920306	NA	NA
1	"Q3"	83	1	2	0.0153590899230501	NA	NA
1	"Q3"	84	1	2	0.0104037452543075	NA	NA
1	"Q3"	85	1	2	0.0180039132323908	NA	NA
1	"Q3"	86	1	2	0.0142565851938163	NA	NA
1	"Q3"	87	1	2	0.0212409508393793	NA	NA
1	"Q3"	88	1	2	0.0174816466410765	NA	NA
1	"Q3"	89	1	2	0.0138861083109227	NA	NA
1	"Q3"	90	1	2	0.0228558821427116	NA	NA
1	"Q3"	91	1	2	0.0251470395377321	NA	NA
1	"Q3"	92	1	2	0.0296788813733167	NA	NA
1	"Q3"	93	1	2	0.0214801745938465	NA	NA
1	"Q3"	94	1	2	0.00604737997960938	NA	NA
1	"Q3"	95	1	2	0.0114666203788428	NA	NA
1	"Q3"	96	1	2	0.0229264009924919	NA	NA
1	"Q3"	97	1	2	0.0100291377533465	NA	NA
1	"Q3"	98	1	2	0.0264879106163361	NA	NA
1	"Q3"	99	1	2	0.0162440874275042	NA	NA
1	"Q3"	100	1	2	0.0220664894948705	NA	NA
1	"Q3"	101	1	2	0.0251846682494339	NA	NA
1	"Q3"	102	1	2	0.0216310758697577	NA	NA
1	"Q3"	103	1	2	0.0220902798321354	NA	NA
1	"Q3"	104	1	2	0.00694272862682003	NA	NA
1	"Q3"	105	1	2	0.00869364546742984	NA	NA
1	"Q3"	106	1	2	0.00860127179172865	NA	NA
1	"Q3"	107	1	2	0.00807703932403869	NA	NA
1	"Q3"	108	1	2	0.0221721282931323	NA	NA
1	"Q3"	109	1	2	0.0042262591311372	NA	NA
1	"Q3"	110	1	2	0.0182184713289632	NA	NA
1	"Q3"	111	1	2	0.0194049044972442	NA	NA
1	"Q3"	112	1	2	0.0209936797175692	NA	NA
1	"Q3"	113	1	2	0.00706203873840751	NA	NA
1	"Q3"	114	1	2	0.027114258599102	NA	NA
1	"Q3"	115	1	2	0.0124232745800634	NA	NA
1	"Q3"	116	1	2	0.0202785343320736	NA	NA
1	"Q3"	117	1	2	0.00488001632775628	NA	NA
1	"Q3"	118	1	2	0.0243368276178139	NA	NA
1	"Q3"	119	1	2	0.0224753309463612	NA	NA
1	"Q3"	120	1	2	0.00735416457796918	NA	NA
1	"Q3"	121	1	2	0.0142339557891568	NA	NA
1	"Q3"	122	1	2	0.0220143825348975	NA	NA
1	"Q3"	123	1	2	0.0173780976817653	NA	NA
1	"Q3"	124	1	2	0.0165348911969032	NA	NA
1	"Q3"	125	1	2	0.0208503907272128	NA	NA
1	"Q3"	126	1	2	0.0325081760289563	NA	NA
1	"Q3"	127	1	2	0.0245350875250321	NA	NA
1	"Q3"	128	1	2	0.0171229592301252	NA	NA
1	"Q3"	129	1	2	0.0205138860827035	NA	NA
1	"Q3"	130	1	2	0.0227861646271666	NA	NA
1	"Q3"	131	1	2	0.0245707269077449	NA	NA
1	"Q3"	132	1	2	0.0181843545418927	NA	NA
1	"Q3"	133	1	2	0.0152863567709675	NA	NA
1	"Q3"	134	1	2	0.0154922426309317	NA	NA
1	"Q3"	135	1	2	0.0105203167815856	NA	NA
1	"Q3"	136	1	2	0.0328663509814235	NA	NA
1	"Q3"	137	1	2	0.0206149728377927	NA	NA
1	"Q3"	138	1	2	0.0134466192093007	NA	NA
1	"Q3"	139	1	2	0.018506401100512	NA	NA
1	"Q3"	140	1	2	0.029097234872823	NA	NA
1	"Q3"	141	1	2	0.0173734776619522	NA	NA
1	"Q3"	142	1	2	0.0216966080773273	NA	NA
1	"Q3"	143	1	2	0.0148140600160532	NA	NA
1	"Q3"	144	1	2	0.0257514006405928	NA	NA
1	"Q3"	145	1	2	0.0310464925359206	NA	NA
1	"Q3"	146	1	2	0.0196701724352259	NA	NA
1	"Q3"	147	1	2	0.00244869320179087	NA	NA
1	"Q3"	148	1	2	0.00724622724618542	NA	NA
1	"Q3"	149	1	2	0.0161314447047081	NA	NA
1	"Q3"	150	1	2	0.0211013378315002	NA	NA
1	"Q3"	151	1	2	0.0155034469516971	NA	NA
1	"Q3"	152	1	2	0.0198581150401324	NA	NA
1	"Q3"	153	1	2	0.0225011335864128	NA	NA
1	"Q3"	154	1	2	0.00956043006825205	NA	NA
1	"Q3"	155	1	2	0.0174784908185779	NA	NA
1	"Q3"	156	1	2	0.0168900075324253	NA	NA
1	"Q3"	157	1	2	0.0366687907846959	NA	NA
1	"Q3"	158	1	2	0.0226138055954454	NA	NA
1	"Q3"	159	1	2	0.0251011204744748	NA	NA
1	"Q3"	160	1	2	0.0281177715798498	NA	NA
1	"Q3"	161	1	2	0.0206393400351502	NA	NA
1	"Q3"	162	1	2	0.0145274228008364	NA	NA
1	"Q3"	163	1	2	0.0173652992205218	NA	NA
1	"Q3"	164	1	2	0.0212031712131232	NA	NA
1	"Q3"	165	1	2	0.0236733317587515	NA	NA
1	"Q3"	166	1	2	0.0288985306487285	NA	NA
1	"Q3"	167	1	2	0.0171340383909564	NA	NA
1	"Q3"	168	1	2	0.0213884689382629	NA	NA
1	"Q3"	169	1	2	0.0118238695655945	NA	NA
1	"Q3"	170	1	2	0.0186082394421287	NA	NA
1	"Q3"	171	1	2	0.0169903791812132	NA	NA
1	"Q3"	172	1	2	0.0174767794058633	NA	NA
1	"Q3"	173	1	2	0.031258607548532	NA	NA
1	"Q3"	174	1	2	0.00523890554561008	NA	NA
1	"Q3"	175	1	2	0.0141674174542359	NA	NA
1	"Q3"	176	1	2	0.0188778728372167	NA	NA
1	"Q3"	177	1	2	0.0208833635476815	NA	NA
1	"Q3"	178	1	2	0.0116538194361137	NA	NA
1	"Q3"	179	1	2	0.0159299703582694	NA	NA
1	"Q3"	180	1	2	0.00988546289437321	NA	NA
1	"Q3"	181	1	2	0.0226147660215782	NA	NA
1	"Q3"	182	1	2	0.0243155712057237	NA	NA
1	"Q3"	183	1	2	0.0231684659173852	NA	NA
1	"Q3"	184	1	2	0.0206426256644746	NA	NA
1	"Q3"	185	1	2	0.0245741039600194	NA	NA
1	"Q3"	186	1	2	0.0140703992882781	NA	NA
1	"Q3"	187	1	2	0.0212161259065827	NA	NA
1	"Q3"	188	1	2	0.0300281571034325	NA	NA
1	"Q3"	189	1	2	0.00954937480856691	NA	NA
1	"Q3"	190	1	2	0.0265097338072661	NA	NA
1	"Q3"	191	1	2	0.00369657004074101	NA	NA
1	"Q3"	192	1	2	0.0233643410973887	NA	NA
1	"Q3"	193	1	2	0.0296306326262199	NA	NA
1	"Q3"	194	1	2	0.0351980473976541	NA	NA
1	"Q3"	195	1	2	0.0207926013416115	NA	NA
1	"Q3"	196	1	2	0.00915883057928282	NA	NA
1	"Q3"	197	1	2	0.0171180219559308	NA	NA
1	"Q3"	198	1	2	0.00843212478353426	NA	NA
1	"Q3"	199	1	2	0.0187209214392189	NA	NA
1	"Q3"	200	1	2	0.0216236811650682	NA	NA
1	"Q3"	201	1	2	0.01915959380532	NA	NA
1	"Q3"	202	1	2	0.0193895848302197	NA	NA
1	"Q3"	203	1	2	0.0176987198073638	NA	NA
1	"Q3"	204	1	2	0.0263881677603539	NA	NA
1	"Q3"	205	1	2	0.0108848123551223	NA	NA
1	"Q3"	206	1	2	0.0290352555161601	NA	NA
1	"Q3"	207	1	2	0.0262122795315798	NA	NA
1	"Q3"	208	1	2	0.0241732098522543	NA	NA
1	"Q3"	209	1	2	0.0263618326621311	NA	NA
1	"Q3"	210	1	2	0.0220745495442969	NA	NA
1	"Q3"	211	1	2	0.0200954848471245	NA	NA
1	"Q3"	212	1	2	0.0216575511800145	NA	NA
1	"Q3"	213	1	2	0.026292881781915	NA	NA
1	"Q3"	214	1	2	0.015383862003334	NA	NA
1	"Q3"	215	1	2	0.0251804035817713	NA	NA
1	"Q3"	216	1	2	0.02106537362072	NA	NA
1	"Q3"	217	1	2	0.00831139607446766	NA	NA
1	"Q3"	218	1	2	0.0177773610202053	NA	NA
1	"Q3"	219	1	2	0.0233646816246002	NA	NA
1	"Q3"	220	1	2	0.0171818795910914	NA	NA
1	"Q3"	221	1	2	0.0310004166059698	NA	NA
1	"Q3"	222	1	2	0.0248908807371057	NA	NA
1	"Q3"	223	1	2	0.0227283767745415	NA	NA
1	"Q3"	224	1	2	0.0189802198201296	NA	NA
1	"Q3"	225	1	2	0.0195791974708171	NA	NA
1	"Q3"	226	1	2	0.0192081268417161	NA	NA
1	"Q3"	227	1	2	0.0212193917101214	NA	NA
1	"Q3"	228	1	2	0.0215472621660496	NA	NA
1	"Q3"	229	1	2	0.0254942728405932	NA	NA
1	"Q3"	230	1	2	0.019500341005742	NA	NA
1	"Q3"	231	1	2	0.0112711687762333	NA	NA
1	"Q3"	232	1	2	0.0278193547779861	NA	NA
1	"Q3"	233	1	2	0.0209831174642582	NA	NA
1	"Q3"	234	1	2	0.0312291468405941	NA	NA
1	"Q3"	235	1	2	0.0244448041320882	NA	NA
1	"Q3"	236	1	2	0.0203363367300194	NA	NA
1	"Q3"	237	1	2	0.0249498759645001	NA	NA
1	"Q3"	238	1	2	0.0167336111244955	NA	NA
1	"Q3"	239	1	2	0.0157718271458124	NA	NA
1	"Q3"	240	1	2	0.0200888240658316	NA	NA
1	"Q3"	241	1	2	0.0196807023651934	NA	NA
1	"Q3"	242	1	2	0.0187850299345139	NA	NA
1	"Q3"	243	1	2	0.0227831866316424	NA	NA
1	"Q3"	244	1	2	0.027710199043854	NA	NA
1	"Q3"	245	1	2	0.0125106401957278	NA	NA
1	"Q3"	246	1	2	0.0156272765428698	NA	NA
1	"Q3"	247	1	2	0.0302410702494646	NA	NA
1	"Q3"	248	1	2	0.0236454330682399	NA	NA
1	"Q3"	249	1	2	0.0198156674286897	NA	NA
1	"Q3"	250	1	2	0.0168033262574241	NA	NA
1	"Q3"	251	1	2	0.018322214226778	NA	NA
1	"Q3"	252	1	2	0.0173075837531533	NA	NA
1	"Q3"	253	1	2	0.0208159942988445	NA	NA
1	"Q3"	254	1	2	0.01977784471943	NA	NA
1	"Q3"	255	1	2	0.0171574872207023	NA	NA
1	"Q3"	256	1	2	0.0276936662747554	NA	NA
1	"Q3"	257	1	2	0.0136077269470527	NA	NA
1	"Q3"	258	1	2	0.0158875922070292	NA	NA
1	"Q3"	259	1	2	0.0206399912328926	NA	NA
1	"Q3"	260	1	2	0.0242341644631789	NA	NA
1	"Q3"	261	1	2	0.0236187367417102	NA	NA
1	"Q3"	262	1	2	0.0161804560791692	NA	NA
1	"Q3"	263	1	2	0.0259067712080012	NA	NA
1	"Q3"	264	1	2	0.0177330914094544	NA	NA
1	"Q3"	265	1	2	0.012543198129889	NA	NA
1	"Q3"	266	1	2	0.0146054869883608	NA	NA
1	"Q3"	267	1	2	0.0218456935989032	NA	NA
1	"Q3"	268	1	2	0.0284244619313269	NA	NA
1	"Q3"	269	1	2	0.0159625320176541	NA	NA
1	"Q3"	270	1	2	0.0285937279195597	NA	NA
1	"Q3"	271	1	2	0.0224544425222884	NA	NA
1	"Q3"	272	1	2	0.0200588792012255	NA	NA
1	"Q3"	273	1	2	0.0231691595086027	NA	NA
1	"Q3"	274	1	2	0.0196779255308622	NA	NA
1	"Q3"	275	1	2	0.0189693063980096	NA	NA
1	"Q3"	276	1	2	0.0223797047896125	NA	NA
1	"Q3"	277	1	2	0.0239574916905517	NA	NA
1	"Q3"	278	1	2	0.0171910842524443	NA	NA
1	"Q3"	279	1	2	0.0276216661606878	NA	NA
1	"Q3"	280	1	2	0.00938683840311278	NA	NA
1	"Q3"	281	1	2	0.0257514921651035	NA	NA
1	"Q3"	282	1	2	0.0257633096422271	NA	NA
1	"Q3"	283	1	2	0.0230125899756002	NA	NA
1	"Q3"	284	1	2	0.0115776120623266	NA	NA
1	"Q3"	285	1	2	0.0137825142259582	NA	NA
1	"Q3"	286	1	2	0.0207199057583463	NA	NA
1	"Q3"	287	1	2	0.00893812777727645	NA	NA
1	"Q3"	288	1	2	0.0254132958982009	NA	NA
1	"Q3"	289	1	2	0.0251960503054441	NA	NA
1	"Q3"	290	1	2	0.0248589922798494	NA	NA
1	"Q3"	291	1	2	0.0185667874613453	NA	NA
1	"Q3"	292	1	2	0.0161660348382417	NA	NA
1	"Q3"	293	1	2	0.0219980521491297	NA	NA
1	"Q3"	294	1	2	0.0164188790084128	NA	NA
1	"Q3"	295	1	2	0.0230232271106072	NA	NA
1	"Q3"	296	1	2	0.0213920479811428	NA	NA
1	"Q3"	297	1	2	0.00671085369056778	NA	NA
1	"Q3"	298	1	2	0.0250238964761963	NA	NA
1	"Q3"	299	1	2	0.011316613683781	NA	NA
1	"Q3"	300	1	2	0.0207005179287858	NA	NA
1	"Q3"	301	1	2	0.00784066149297144	NA	NA
1	"Q3"	302	1	2	0.0120430670999698	NA	NA
1	"Q3"	303	1	2	0.0106168348315709	NA	NA
1	"Q3"	304	1	2	0.0124312587793519	NA	NA
1	"Q3"	305	1	2	0.0199755469703502	NA	NA
1	"Q3"	306	1	2	0.0344655166940159	NA	NA
1	"Q3"	307	1	2	0.0180176135657588	NA	NA
1	"Q3"	308	1	2	0.0140327843451976	NA	NA
1	"Q3"	309	1	2	0.0080804621979073	NA	NA
1	"Q3"	310	1	2	0.0204926858321787	NA	NA
1	"Q3"	311	1	2	0.0183077004047105	NA	NA
1	"Q3"	312	1	2	0.0200829437771264	NA	NA
1	"Q3"	313	1	2	0.0221005830623348	NA	NA
1	"Q3"	314	1	2	0.0138443943343347	NA	NA
1	"Q3"	315	1	2	0.0225971655513599	NA	NA
1	"Q3"	316	1	2	0.0156225461849271	NA	NA
1	"Q3"	317	1	2	0.0230314326359516	NA	NA
1	"Q3"	318	1	2	0.0270654906464302	NA	NA
1	"Q3"	319	1	2	0.0185132684498746	NA	NA
1	"Q3"	320	1	2	0.00697486084147758	NA	NA
1	"Q3"	321	1	2	0.0265191546419179	NA	NA
1	"Q3"	322	1	2	0.0200554072067178	NA	NA
1	"Q3"	323	1	2	0.0224710790004027	NA	NA
1	"Q3"	324	1	2	0.0216268298263289	NA	NA
1	"Q3"	325	1	2	0.0181200639767902	NA	NA
1	"Q3"	326	1	2	0.0142559696357785	NA	NA
1	"Q3"	327	1	2	0.0194733886249139	NA	NA
1	"Q3"	328	1	2	0.0236796867434155	NA	NA
1	"Q3"	329	1	2	0.0183458315335909	NA	NA
1	"Q3"	330	1	2	0.0151242959820616	NA	NA
1	"Q3"	331	1	2	0.0241779098036991	NA	NA
1	"Q3"	332	1	2	0.0178664687586548	NA	NA
1	"Q3"	333	1	2	0.0252238817799653	NA	NA
1	"Q3"	334	1	2	0.0108131013268688	NA	NA
1	"Q3"	335	1	2	0.0226538013788465	NA	NA
1	"Q3"	336	1	2	0.0245514490997976	NA	NA
1	"Q3"	337	1	2	0.0238108437487193	NA	NA
1	"Q3"	338	1	2	0.0160932889098281	NA	NA
1	"Q3"	339	1	2	0.0170814373538789	NA	NA
1	"Q3"	340	1	2	0.0252138316450044	NA	NA
1	"Q3"	341	1	2	0.0126287003142887	NA	NA
1	"Q3"	342	1	2	0.0165721410103921	NA	NA
1	"Q3"	343	1	2	0.0225545995125476	NA	NA
1	"Q3"	344	1	2	0.0118662934477665	NA	NA
1	"Q3"	345	1	2	0.0180675670994374	NA	NA
1	"Q3"	346	1	2	0.0191311819973058	NA	NA
1	"Q3"	347	1	2	0.0256052095876427	NA	NA
1	"Q3"	348	1	2	0.0263385400051732	NA	NA
1	"Q3"	349	1	2	0.0189703067096299	NA	NA
1	"Q3"	350	1	2	0.0224834268662724	NA	NA
1	"Q3"	351	1	2	0.0353342842485687	NA	NA
1	"Q3"	352	1	2	0.033274557011341	NA	NA
1	"Q3"	353	1	2	0.0184335843037871	NA	NA
1	"Q3"	354	1	2	0.0097551341649399	NA	NA
1	"Q3"	355	1	2	0.0257698423746006	NA	NA
1	"Q3"	356	1	2	0.0151878753364514	NA	NA
1	"Q3"	357	1	2	0.0208689511553451	NA	NA
1	"Q3"	358	1	2	0.0301292630392324	NA	NA
1	"Q3"	359	1	2	0.0168485383381143	NA	NA
1	"Q3"	360	1	2	0.0267807585061019	NA	NA
1	"Q3"	361	1	2	0.00950580489362479	NA	NA
1	"Q3"	362	1	2	0.0187957419718366	NA	NA
1	"Q3"	363	1	2	0.0130487345526552	NA	NA
1	"Q3"	364	1	2	0.0131564161289021	NA	NA
1	"Q3"	365	1	2	0.0186987781027443	NA	NA
1	"Q3"	366	1	2	0.0223182177325715	NA	NA
1	"Q3"	367	1	2	0.0174242421566309	NA	NA
1	"Q3"	368	1	2	0.0152845860081746	NA	NA
1	"Q3"	369	1	2	0.0141103371126339	NA	NA
1	"Q3"	370	1	2	0.027984877363582	NA	NA
1	"Q3"	371	1	2	0.0226996178841729	NA	NA
1	"Q3"	372	1	2	0.0181641455721968	NA	NA
1	"Q3"	373	1	2	0.0193871201613805	NA	NA
1	"Q3"	374	1	2	0.00716975608881257	NA	NA
1	"Q3"	375	1	2	0.0154766371864149	NA	NA
1	"Q3"	376	1	2	0.0237003778399378	NA	NA
1	"Q3"	377	1	2	0.0163727620341917	NA	NA
1	"Q3"	378	1	2	0.0237761838821829	NA	NA
1	"Q3"	379	1	2	0.0157668023134544	NA	NA
1	"Q3"	380	1	2	0.0293160550838699	NA	NA
1	"Q3"	381	1	2	0.0199408105565528	NA	NA
1	"Q3"	382	1	2	0.0288613843643816	NA	NA
1	"Q3"	383	1	2	0.0260238814545186	NA	NA
1	"Q3"	384	1	2	0.0165961380712429	NA	NA
1	"Q3"	385	1	2	0.0132772899108664	NA	NA
1	"Q3"	386	1	2	0.0165188676508365	NA	NA
1	"Q3"	387	1	2	0.0207179369920112	NA	NA
1	"Q3"	388	1	2	0.0252476269265399	NA	NA
1	"Q3"	389	1	2	0.0102980931973287	NA	NA
1	"Q3"	390	1	2	0.0225356864123668	NA	NA
1	"Q3"	391	1	2	0.0172054869791438	NA	NA
1	"Q3"	392	1	2	0.0220162815754714	NA	NA
1	"Q3"	393	1	2	0.0338783908019336	NA	NA
1	"Q3"	394	1	2	0.0114141649581887	NA	NA
1	"Q3"	395	1	2	0.0340514821103823	NA	NA
1	"Q3"	396	1	2	0.0233509478008203	NA	NA
1	"Q3"	397	1	2	0.0177623457964474	NA	NA
1	"Q3"	398	1	2	0.0055775253085172	NA	NA
1	"Q3"	399	1	2	0.0165423417694284	NA	NA
1	"Q3"	400	1	2	0.00767370165191303	NA	NA
1	"Q4"	1	1	3	0.00973216411973008	NA	NA
1	"Q4"	2	1	3	0.0354091956676637	NA	NA
1	"Q4"	3	1	3	0.0326175066287157	NA	NA
1	"Q4"	4	1	3	0.0352165735329369	NA	NA
1	"Q4"	5	1	3	0.0269412137577696	NA	NA
1	"Q4"	6	1	3	0.0111457421337211	NA	NA
1	"Q4"	7	1	3	0.0324391763094951	NA	NA
1	"Q4"	8	1	3	0.012639778613566	NA	NA
1	"Q4"	9	1	3	0.0293766949276201	NA	NA
1	"Q4"	10	1	3	0.017188147073473	NA	NA
1	"Q4"	11	1	3	0.0319868389348967	NA	NA
1	"Q4"	12	1	3	0.034776625014105	NA	NA
1	"Q4"	13	1	3	0.0189221399057716	NA	NA
1	"Q4"	14	1	3	0.0267250698033682	NA	NA
1	"Q4"	15	1	3	0.0131320901093902	NA	NA
1	"Q4"	16	1	3	0.0300310981738392	NA	NA
1	"Q4"	17	1	3	0.0146132496896425	NA	NA
1	"Q4"	18	1	3	0.0418438513308498	NA	NA
1	"Q4"	19	1	3	0.0257965176023333	NA	NA
1	"Q4"	20	1	3	0.0321233169964778	NA	NA
1	"Q4"	21	1	3	0.0347596295722784	NA	NA
1	"Q4"	22	1	3	0.0173830908311389	NA	NA
1	"Q4"	23	1	3	0.0113935477640379	NA	NA
1	"Q4"	24	1	3	0.0169640219362191	NA	NA
1	"Q4"	25	1	3	0.0347880751705139	NA	NA
1	"Q4"	26	1	3	0.0273035525879386	NA	NA
1	"Q4"	27	1	3	0.0113602997895672	NA	NA
1	"Q4"	28	1	3	0.024082397755063	NA	NA
1	"Q4"	29	1	3	0.0273303081529408	NA	NA
1	"Q4"	30	1	3	0.0159613419009975	NA	NA
1	"Q4"	31	1	3	0.0260592584176975	NA	NA
1	"Q4"	32	1	3	0.0152554657389328	NA	NA
1	"Q4"	33	1	3	0.00289025955531118	NA	NA
1	"Q4"	34	1	3	0.0270236123891791	NA	NA
1	"Q4"	35	1	3	0.0324120307509568	NA	NA
1	"Q4"	36	1	3	0.035202133915423	NA	NA
1	"Q4"	37	1	3	0.0210651290126305	NA	NA
1	"Q4"	38	1	3	0.0174150950609589	NA	NA
1	"Q4"	39	1	3	0.0272711563308775	NA	NA
1	"Q4"	40	1	3	0.0266849774258174	NA	NA
1	"Q4"	41	1	3	0.0137844608108959	NA	NA
1	"Q4"	42	1	3	0.0162709550702794	NA	NA
1	"Q4"	43	1	3	0.0202859695369166	NA	NA
1	"Q4"	44	1	3	0.0119274573716626	NA	NA
1	"Q4"	45	1	3	0.0199329728723183	NA	NA
1	"Q4"	46	1	3	0.034992746048819	NA	NA
1	"Q4"	47	1	3	0.0315421114300485	NA	NA
1	"Q4"	48	1	3	0.0187766205563723	NA	NA
1	"Q4"	49	1	3	0.0181750654836971	NA	NA
1	"Q4"	50	1	3	0.0156418425799583	NA	NA
1	"Q4"	51	1	3	0.0229258559475351	NA	NA
1	"Q4"	52	1	3	0.0174169593660425	NA	NA
1	"Q4"	53	1	3	0.0418045205886797	NA	NA
1	"Q4"	54	1	3	0.0154005241770208	NA	NA
1	"Q4"	55	1	3	0.0323181390018845	NA	NA
1	"Q4"	56	1	3	0.0230854492968648	NA	NA
1	"Q4"	57	1	3	0.02876456492935	NA	NA
1	"Q4"	58	1	3	0.0357205284699236	NA	NA
1	"Q4"	59	1	3	0.0245840384837902	NA	NA
1	"Q4"	60	1	3	0.0238268208458773	NA	NA
1	"Q4"	61	1	3	0.0112812725606213	NA	NA
1	"Q4"	62	1	3	0.0130601817732714	NA	NA
1	"Q4"	63	1	3	0.027626437211418	NA	NA
1	"Q4"	64	1	3	0.0273551439065728	NA	NA
1	"Q4"	65	1	3	0.0159669712272516	NA	NA
1	"Q4"	66	1	3	0.018884483256629	NA	NA
1	"Q4"	67	1	3	0.0355565512214397	NA	NA
1	"Q4"	68	1	3	0.0200264206202302	NA	NA
1	"Q4"	69	1	3	0.021752869432258	NA	NA
1	"Q4"	70	1	3	0.0345197723978365	NA	NA
1	"Q4"	71	1	3	0.033675629674736	NA	NA
1	"Q4"	72	1	3	0.0360572315311417	NA	NA
1	"Q4"	73	1	3	0.0493495963581038	NA	NA
1	"Q4"	74	1	3	0.0369191293342969	NA	NA
1	"Q4"	75	1	3	0.0228308416582219	NA	NA
1	"Q4"	76	1	3	0.0358365444895496	NA	NA
1	"Q4"	77	1	3	0.0399124577757772	NA	NA
1	"Q4"	78	1	3	0.0168740684674647	NA	NA
1	"Q4"	79	1	3	0.0279071550721978	NA	NA
1	"Q4"	80	1	3	0.0151880681534802	NA	NA
1	"Q4"	81	1	3	0.0236095689301561	NA	NA
1	"Q4"	82	1	3	0.0158248430657916	NA	NA
1	"Q4"	83	1	3	0.039743533725858	NA	NA
1	"Q4"	84	1	3	0.0191294181679282	NA	NA
1	"Q4"	85	1	3	0.0222799166832898	NA	NA
1	"Q4"	86	1	3	0.0296997151988662	NA	NA
1	"Q4"	87	1	3	0.0180547298402437	NA	NA
1	"Q4"	88	1	3	0.0298465560818613	NA	NA
1	"Q4"	89	1	3	0.0351492120311796	NA	NA
1	"Q4"	90	1	3	0.026144364470084	NA	NA
1	"Q4"	91	1	3	0.0146816154242211	NA	NA
1	"Q4"	92	1	3	0.0204534980142323	NA	NA
1	"Q4"	93	1	3	0.0158121451015631	NA	NA
1	"Q4"	94	1	3	0.0327211353041745	NA	NA
1	"Q4"	95	1	3	0.041760405544177	NA	NA
1	"Q4"	96	1	3	0.0229615893531953	NA	NA
1	"Q4"	97	1	3	0.0456763510158882	NA	NA
1	"Q4"	98	1	3	0.0243392241690445	NA	NA
1	"Q4"	99	1	3	0.035770969963107	NA	NA
1	"Q4"	100	1	3	0.0178656175977011	NA	NA
1	"Q4"	101	1	3	0.016601485909805	NA	NA
1	"Q4"	102	1	3	0.0156810167959272	NA	NA
1	"Q4"	103	1	3	0.0338733899091016	NA	NA
1	"Q4"	104	1	3	0.0408507661874607	NA	NA
1	"Q4"	105	1	3	0.0361870348635149	NA	NA
1	"Q4"	106	1	3	0.0369380445257199	NA	NA
1	"Q4"	107	1	3	0.0265258199372979	NA	NA
1	"Q4"	108	1	3	0.0206745479154001	NA	NA
1	"Q4"	109	1	3	0.0249639507731551	NA	NA
1	"Q4"	110	1	3	0.0416378716201292	NA	NA
1	"Q4"	111	1	3	0.0259925652837351	NA	NA
1	"Q4"	112	1	3	0.0300649958556802	NA	NA
1	"Q4"	113	1	3	0.0274220380871067	NA	NA
1	"Q4"	114	1	3	0.0136744537523723	NA	NA
1	"Q4"	115	1	3	0.0234929611930371	NA	NA
1	"Q4"	116	1	3	0.0220194313228074	NA	NA
1	"Q4"	117	1	3	0.0300848325749076	NA	NA
1	"Q4"	118	1	3	0.026358147909754	NA	NA
1	"Q4"	119	1	3	0.012379294924309	NA	NA
1	"Q4"	120	1	3	0.0352675077767761	NA	NA
1	"Q4"	121	1	3	0.0276739523371957	NA	NA
1	"Q4"	122	1	3	0.0255838600487508	NA	NA
1	"Q4"	123	1	3	0.0295804132048351	NA	NA
1	"Q4"	124	1	3	0.0299974802666044	NA	NA
1	"Q4"	125	1	3	0.0162257266823235	NA	NA
1	"Q4"	126	1	3	-0.00220568298909825	NA	NA
1	"Q4"	127	1	3	0.0222406372447072	NA	NA
1	"Q4"	128	1	3	0.0157697018488027	NA	NA
1	"Q4"	129	1	3	0.0311770725434206	NA	NA
1	"Q4"	130	1	3	0.0205544379130004	NA	NA
1	"Q4"	131	1	3	0.0202061195735926	NA	NA
1	"Q4"	132	1	3	0.0291954346595798	NA	NA
1	"Q4"	133	1	3	0.0260085603818922	NA	NA
1	"Q4"	134	1	3	0.0285001342173324	NA	NA
1	"Q4"	135	1	3	0.0349846501789669	NA	NA
1	"Q4"	136	1	3	0.00600538328383422	NA	NA
1	"Q4"	137	1	3	0.0230541160998356	NA	NA
1	"Q4"	138	1	3	0.0284526220062395	NA	NA
1	"Q4"	139	1	3	0.0264963204993561	NA	NA
1	"Q4"	140	1	3	0.024462415542295	NA	NA
1	"Q4"	141	1	3	0.0318736370633707	NA	NA
1	"Q4"	142	1	3	0.0219478032330986	NA	NA
1	"Q4"	143	1	3	0.0323434339246821	NA	NA
1	"Q4"	144	1	3	0.0167028915860034	NA	NA
1	"Q4"	145	1	3	0.0163642577457051	NA	NA
1	"Q4"	146	1	3	0.024325460749742	NA	NA
1	"Q4"	147	1	3	0.0426375692582846	NA	NA
1	"Q4"	148	1	3	0.0422297904902319	NA	NA
1	"Q4"	149	1	3	0.0283838683510577	NA	NA
1	"Q4"	150	1	3	0.0243272185656816	NA	NA
1	"Q4"	151	1	3	0.0291965300195567	NA	NA
1	"Q4"	152	1	3	0.0333078271704856	NA	NA
1	"Q4"	153	1	3	0.0171525160779347	NA	NA
1	"Q4"	154	1	3	0.040710054359391	NA	NA
1	"Q4"	155	1	3	0.0350838201523775	NA	NA
1	"Q4"	156	1	3	0.0279261912305345	NA	NA
1	"Q4"	157	1	3	0.00468541129678355	NA	NA
1	"Q4"	158	1	3	0.0184499454864973	NA	NA
1	"Q4"	159	1	3	0.0278993255670482	NA	NA
1	"Q4"	160	1	3	0.0174706659114317	NA	NA
1	"Q4"	161	1	3	0.0247449054049568	NA	NA
1	"Q4"	162	1	3	0.0332233425148762	NA	NA
1	"Q4"	163	1	3	0.0288766907120435	NA	NA
1	"Q4"	164	1	3	0.028856643812374	NA	NA
1	"Q4"	165	1	3	0.00547085202925683	NA	NA
1	"Q4"	166	1	3	0.0265018962217995	NA	NA
1	"Q4"	167	1	3	0.019799518554205	NA	NA
1	"Q4"	168	1	3	0.0135412616077746	NA	NA
1	"Q4"	169	1	3	0.0313356416347224	NA	NA
1	"Q4"	170	1	3	0.0308747146186952	NA	NA
1	"Q4"	171	1	3	0.0293670445796533	NA	NA
1	"Q4"	172	1	3	0.0121615435361276	NA	NA
1	"Q4"	173	1	3	0.0179399709573613	NA	NA
1	"Q4"	174	1	3	0.0484791572607952	NA	NA
1	"Q4"	175	1	3	0.0305517961791598	NA	NA
1	"Q4"	176	1	3	0.0190478668710274	NA	NA
1	"Q4"	177	1	3	0.0284102051035362	NA	NA
1	"Q4"	178	1	3	0.0374488380393957	NA	NA
1	"Q4"	179	1	3	0.0320371354335046	NA	NA
1	"Q4"	180	1	3	0.0419640417902469	NA	NA
1	"Q4"	181	1	3	0.021071928655082	NA	NA
1	"Q4"	182	1	3	0.020068680365448	NA	NA
1	"Q4"	183	1	3	0.00653169488367852	NA	NA
1	"Q4"	184	1	3	0.0153232847563784	NA	NA
1	"Q4"	185	1	3	0.0119811825331339	NA	NA
1	"Q4"	186	1	3	0.046160375182437	NA	NA
1	"Q4"	187	1	3	0.019516856125259	NA	NA
1	"Q4"	188	1	3	0.0198423187557908	NA	NA
1	"Q4"	189	1	3	0.0426097693287749	NA	NA
1	"Q4"	190	1	3	0.0209947697018154	NA	NA
1	"Q4"	191	1	3	0.0489101248583246	NA	NA
1	"Q4"	192	1	3	0.0315450082325165	NA	NA
1	"Q4"	193	1	3	0.00694000706616262	NA	NA
1	"Q4"	194	1	3	0.0163655880626817	NA	NA
1	"Q4"	195	1	3	0.0214223218197309	NA	NA
1	"Q4"	196	1	3	0.0422987983702987	NA	NA
1	"Q4"	197	1	3	0.0226336020726021	NA	NA
1	"Q4"	198	1	3	0.023948429316828	NA	NA
1	"Q4"	199	1	3	0.0299964862144952	NA	NA
1	"Q4"	200	1	3	0.0359489839541081	NA	NA
1	"Q4"	201	1	3	0.0278880582846662	NA	NA
1	"Q4"	202	1	3	0.0222285596475779	NA	NA
1	"Q4"	203	1	3	0.0280031081812572	NA	NA
1	"Q4"	204	1	3	0.0198227325186817	NA	NA
1	"Q4"	205	1	3	0.0413946985327884	NA	NA
1	"Q4"	206	1	3	0.0233204340836875	NA	NA
1	"Q4"	207	1	3	0.0201068841741585	NA	NA
1	"Q4"	208	1	3	0.0241058017660097	NA	NA
1	"Q4"	209	1	3	0.0183205030235988	NA	NA
1	"Q4"	210	1	3	0.0194037149470976	NA	NA
1	"Q4"	211	1	3	0.024817415351926	NA	NA
1	"Q4"	212	1	3	0.0248794258564857	NA	NA
1	"Q4"	213	1	3	0.0185177338817893	NA	NA
1	"Q4"	214	1	3	0.0292149465665535	NA	NA
1	"Q4"	215	1	3	0.0233849995559883	NA	NA
1	"Q4"	216	1	3	0.0281983774033597	NA	NA
1	"Q4"	217	1	3	0.0506672567707946	NA	NA
1	"Q4"	218	1	3	0.0224651331630714	NA	NA
1	"Q4"	219	1	3	0.0171366484862522	NA	NA
1	"Q4"	220	1	3	0.0387569777665906	NA	NA
1	"Q4"	221	1	3	0.0126034716026952	NA	NA
1	"Q4"	222	1	3	0.00356819553511193	NA	NA
1	"Q4"	223	1	3	0.0180571880603528	NA	NA
1	"Q4"	224	1	3	0.0259619126181847	NA	NA
1	"Q4"	225	1	3	0.0224970285536458	NA	NA
1	"Q4"	226	1	3	0.0281468752533221	NA	NA
1	"Q4"	227	1	3	0.0239699572619635	NA	NA
1	"Q4"	228	1	3	0.0162988723226122	NA	NA
1	"Q4"	229	1	3	0.0309085314232252	NA	NA
1	"Q4"	230	1	3	0.0335982774673431	NA	NA
1	"Q4"	231	1	3	0.0302431445639463	NA	NA
1	"Q4"	232	1	3	0.0176232621655523	NA	NA
1	"Q4"	233	1	3	0.0273414811311891	NA	NA
1	"Q4"	234	1	3	0.00580446038272497	NA	NA
1	"Q4"	235	1	3	0.0215882262751246	NA	NA
1	"Q4"	236	1	3	0.0206365437991814	NA	NA
1	"Q4"	237	1	3	0.0159987610209627	NA	NA
1	"Q4"	238	1	3	0.0400801721987668	NA	NA
1	"Q4"	239	1	3	0.0227253189800229	NA	NA
1	"Q4"	240	1	3	0.0212545643751882	NA	NA
1	"Q4"	241	1	3	0.0143551041251651	NA	NA
1	"Q4"	242	1	3	0.0355786506812283	NA	NA
1	"Q4"	243	1	3	0.0276117310072536	NA	NA
1	"Q4"	244	1	3	0.0140805676392508	NA	NA
1	"Q4"	245	1	3	0.0181145308520691	NA	NA
1	"Q4"	246	1	3	0.0174096621373414	NA	NA
1	"Q4"	247	1	3	0.0253533971460401	NA	NA
1	"Q4"	248	1	3	0.0202821250332573	NA	NA
1	"Q4"	249	1	3	0.0305167509031163	NA	NA
1	"Q4"	250	1	3	0.0315086259561866	NA	NA
1	"Q4"	251	1	3	0.0258716973571716	NA	NA
1	"Q4"	252	1	3	0.0188248620201644	NA	NA
1	"Q4"	253	1	3	0.013058829698383	NA	NA
1	"Q4"	254	1	3	0.0136465358332848	NA	NA
1	"Q4"	255	1	3	0.0229273022627124	NA	NA
1	"Q4"	256	1	3	0.0192413717175098	NA	NA
1	"Q4"	257	1	3	0.0277991417114985	NA	NA
1	"Q4"	258	1	3	0.039880675242267	NA	NA
1	"Q4"	259	1	3	0.0315493795819362	NA	NA
1	"Q4"	260	1	3	0.011957501269596	NA	NA
1	"Q4"	261	1	3	0.016607753877448	NA	NA
1	"Q4"	262	1	3	0.0240355479198877	NA	NA
1	"Q4"	263	1	3	0.0334301765757382	NA	NA
1	"Q4"	264	1	3	0.0200974589826293	NA	NA
1	"Q4"	265	1	3	0.0400480171897099	NA	NA
1	"Q4"	266	1	3	0.0259905829415354	NA	NA
1	"Q4"	267	1	3	0.0214505873136093	NA	NA
1	"Q4"	268	1	3	0.0183969569541028	NA	NA
1	"Q4"	269	1	3	0.017524293146719	NA	NA
1	"Q4"	270	1	3	0.0183004470870526	NA	NA
1	"Q4"	271	1	3	0.0157324660217821	NA	NA
1	"Q4"	272	1	3	0.0302476704989439	NA	NA
1	"Q4"	273	1	3	0.0395247888786498	NA	NA
1	"Q4"	274	1	3	0.020127698143218	NA	NA
1	"Q4"	275	1	3	0.0273823603255761	NA	NA
1	"Q4"	276	1	3	0.0313978737007458	NA	NA
1	"Q4"	277	1	3	0.0131194649385614	NA	NA
1	"Q4"	278	1	3	0.0188698195736679	NA	NA
1	"Q4"	279	1	3	0.0231864421188545	NA	NA
1	"Q4"	280	1	3	0.0411642935950153	NA	NA
1	"Q4"	281	1	3	0.0142738675568215	NA	NA
1	"Q4"	282	1	3	0.0138154429697058	NA	NA
1	"Q4"	283	1	3	0.030013526618231	NA	NA
1	"Q4"	284	1	3	0.0363258926656893	NA	NA
1	"Q4"	285	1	3	0.0271522740070057	NA	NA
1	"Q4"	286	1	3	0.0322134726867099	NA	NA
1	"Q4"	287	1	3	0.0410441167183264	NA	NA
1	"Q4"	288	1	3	0.019485624590252	NA	NA
1	"Q4"	289	1	3	0.0197626177260143	NA	NA
1	"Q4"	290	1	3	0.0208754650965146	NA	NA
1	"Q4"	291	1	3	0.0180958857119259	NA	NA
1	"Q4"	292	1	3	0.0357926671349093	NA	NA
1	"Q4"	293	1	3	0.0175917703885267	NA	NA
1	"Q4"	294	1	3	0.0289029559657018	NA	NA
1	"Q4"	295	1	3	0.0187311096056512	NA	NA
1	"Q4"	296	1	3	0.0221579277059477	NA	NA
1	"Q4"	297	1	3	0.0380816438097153	NA	NA
1	"Q4"	298	1	3	0.0185869739884286	NA	NA
1	"Q4"	299	1	3	0.0239733904983173	NA	NA
1	"Q4"	300	1	3	0.0147606074191481	NA	NA
1	"Q4"	301	1	3	0.0407414847272627	NA	NA
1	"Q4"	302	1	3	0.0236392289412428	NA	NA
1	"Q4"	303	1	3	0.0363460457929602	NA	NA
1	"Q4"	304	1	3	0.0269819718424244	NA	NA
1	"Q4"	305	1	3	0.0322330449989554	NA	NA
1	"Q4"	306	1	3	0.000231812642352701	NA	NA
1	"Q4"	307	1	3	0.0258790075933594	NA	NA
1	"Q4"	308	1	3	0.016373652940845	NA	NA
1	"Q4"	309	1	3	0.0168726956598518	NA	NA
1	"Q4"	310	1	3	0.0148386823564946	NA	NA
1	"Q4"	311	1	3	0.0167506199193051	NA	NA
1	"Q4"	312	1	3	0.0224602531549736	NA	NA
1	"Q4"	313	1	3	0.0120559125172034	NA	NA
1	"Q4"	314	1	3	0.0235862523216359	NA	NA
1	"Q4"	315	1	3	0.0129122833938216	NA	NA
1	"Q4"	316	1	3	0.0172702369268762	NA	NA
1	"Q4"	317	1	3	0.0181269114849069	NA	NA
1	"Q4"	318	1	3	0.0258811973784177	NA	NA
1	"Q4"	319	1	3	0.0301782188395993	NA	NA
1	"Q4"	320	1	3	0.036507388998228	NA	NA
1	"Q4"	321	1	3	0.0178385816287056	NA	NA
1	"Q4"	322	1	3	0.0178845378552551	NA	NA
1	"Q4"	323	1	3	0.0280755316804406	NA	NA
1	"Q4"	324	1	3	0.0179246107778773	NA	NA
1	"Q4"	325	1	3	0.0202487452588354	NA	NA
1	"Q4"	326	1	3	0.027549626481166	NA	NA
1	"Q4"	327	1	3	0.012416595845599	NA	NA
1	"Q4"	328	1	3	0.0274134149395678	NA	NA
1	"Q4"	329	1	3	0.0196932607144232	NA	NA
1	"Q4"	330	1	3	0.0358651934853057	NA	NA
1	"Q4"	331	1	3	0.0196527761257484	NA	NA
1	"Q4"	332	1	3	0.0301900323713896	NA	NA
1	"Q4"	333	1	3	0.0303681310265683	NA	NA
1	"Q4"	334	1	3	0.0330522988218154	NA	NA
1	"Q4"	335	1	3	0.0151913351225462	NA	NA
1	"Q4"	336	1	3	0.0113416174514296	NA	NA
1	"Q4"	337	1	3	0.0241649130067701	NA	NA
1	"Q4"	338	1	3	0.0284269997770935	NA	NA
1	"Q4"	339	1	3	0.0251750335687928	NA	NA
1	"Q4"	340	1	3	0.018746444206345	NA	NA
1	"Q4"	341	1	3	0.0323508437780247	NA	NA
1	"Q4"	342	1	3	0.0234773320648883	NA	NA
1	"Q4"	343	1	3	0.0215376310536533	NA	NA
1	"Q4"	344	1	3	0.037102958653196	NA	NA
1	"Q4"	345	1	3	0.0306909546986188	NA	NA
1	"Q4"	346	1	3	0.0256424190342926	NA	NA
1	"Q4"	347	1	3	0.0103945197216742	NA	NA
1	"Q4"	348	1	3	0.0129012650451424	NA	NA
1	"Q4"	349	1	3	0.0237467962046667	NA	NA
1	"Q4"	350	1	3	0.0273664560588874	NA	NA
1	"Q4"	351	1	3	0.0124596675105793	NA	NA
1	"Q4"	352	1	3	0.0192954956276103	NA	NA
1	"Q4"	353	1	3	0.0273493981438388	NA	NA
1	"Q4"	354	1	3	0.0306195216732882	NA	NA
1	"Q4"	355	1	3	0.0161284857406737	NA	NA
1	"Q4"	356	1	3	0.0275866885778895	NA	NA
1	"Q4"	357	1	3	0.0196671408132894	NA	NA
1	"Q4"	358	1	3	0.00625005676693012	NA	NA
1	"Q4"	359	1	3	0.0248040758109837	NA	NA
1	"Q4"	360	1	3	0.0112207230120373	NA	NA
1	"Q4"	361	1	3	0.0348262674492867	NA	NA
1	"Q4"	362	1	3	0.0244668901790477	NA	NA
1	"Q4"	363	1	3	0.0305262346739258	NA	NA
1	"Q4"	364	1	3	0.0301545754101827	NA	NA
1	"Q4"	365	1	3	0.0179426117743453	NA	NA
1	"Q4"	366	1	3	0.014311543716905	NA	NA
1	"Q4"	367	1	3	0.0264825331147646	NA	NA
1	"Q4"	368	1	3	0.0192642655308232	NA	NA
1	"Q4"	369	1	3	0.0324454130228015	NA	NA
1	"Q4"	370	1	3	0.0217975816066493	NA	NA
1	"Q4"	371	1	3	0.0196453712469885	NA	NA
1	"Q4"	372	1	3	0.0324361841825893	NA	NA
1	"Q4"	373	1	3	0.0259359941212467	NA	NA
1	"Q4"	374	1	3	0.0328075928632181	NA	NA
1	"Q4"	375	1	3	0.029613235184334	NA	NA
1	"Q4"	376	1	3	0.00961194508896595	NA	NA
1	"Q4"	377	1	3	0.0238128400668171	NA	NA
1	"Q4"	378	1	3	0.0109768938115879	NA	NA
1	"Q4"	379	1	3	0.0317594414839299	NA	NA
1	"Q4"	380	1	3	0.0170953325902004	NA	NA
1	"Q4"	381	1	3	0.0248188475797086	NA	NA
1	"Q4"	382	1	3	0.00949630270864592	NA	NA
1	"Q4"	383	1	3	0.0313215996097944	NA	NA
1	"Q4"	384	1	3	0.0286861529743034	NA	NA
1	"Q4"	385	1	3	0.0288278054311471	NA	NA
1	"Q4"	386	1	3	0.009319547422312	NA	NA
1	"Q4"	387	1	3	0.0193702616417136	NA	NA
1	"Q4"	388	1	3	0.021110632308107	NA	NA
1	"Q4"	389	1	3	0.037850351551243	NA	NA
1	"Q4"	390	1	3	0.0302266291828935	NA	NA
1	"Q4"	391	1	3	0.0318376626154139	NA	NA
1	"Q4"	392	1	3	0.025941059899987	NA	NA
1	"Q4"	393	1	3	0.00343111314972455	NA	NA
1	"Q4"	394	1	3	0.0275264791533814	NA	NA
1	"Q4"	395	1	3	0.0115717586086259	NA	NA
1	"Q4"	396	1	3	0.0191857082079721	NA	NA
1	"Q4"	397	1	3	0.0294832417824322	NA	NA
1	"Q4"	398	1	3	0.0346684745845757	NA	NA
1	"Q4"	399	1	3	0.021570873239156	NA	NA
1	"Q4"	400	1	3	0.0216451753967118	NA	NA
