"Iteration"	"tau_Intercept"
1	1.10074506467795
2	1.07052474564233
3	1.11905004133578
4	1.25350242680536
5	1.00113290469566
6	0.955019802392496
7	1.09377030364668
8	1.03029295644035
9	0.885812569216282
10	0.99374388555081
11	1.13936587027472
12	1.03346686187756
13	1.10023792190878
14	1.0399153495872
15	1.22067747136414
16	0.99780186239687
17	1.12868149727581
18	1.17498949176379
19	1.09595827257066
20	1.10128989758989
21	1.05018681013241
22	1.01191761222193
23	1.021490120712
24	0.950788042108143
25	1.23382748531237
26	1.05216552407935
27	1.10623168684112
28	0.987041642090036
29	1.30739499481567
30	1.24192660523031
31	1.17686154225757
32	1.21787754914443
33	1.10929586853166
34	0.996747227834824
35	1.04870948283926
36	1.29626691290057
37	1.12496631529904
38	0.976548572086641
39	1.09714611204058
40	1.08557935898792
41	0.934316405478287
42	1.20671520267381
43	1.07088707229479
44	1.16323584114076
45	1.37480308051937
46	1.11900804920602
47	1.2231698211565
48	1.08978016738627
49	1.02413905393891
50	1.18249452054608
51	1.16381924663453
52	1.11852057085186
53	1.17810158019494
54	1.01572255843002
55	1.04595755804884
56	1.09881141082643
57	1.32211214687513
58	1.06945173314025
59	1.09634522546403
60	1.08218585577555
61	1.1296841479298
62	1.2416053371519
63	1.11356330468645
64	1.111130125917
65	1.03349351146434
66	0.960353328501487
67	1.12249656734188
68	1.02644301399167
69	1.26607160171442
70	1.0458883520593
71	1.11528317868485
72	1.24549776224524
73	1.14407858671972
74	1.34121416817322
75	0.973823202661039
76	1.01857062093787
77	1.23360391156525
78	1.09302775336801
79	1.17056622278576
80	1.13911040957601
81	1.10773031528405
82	0.997428490492846
83	1.10368689992761
84	0.904091784670258
85	1.1532545307365
86	1.30059891452695
87	1.12928326055992
88	1.05732256592972
89	1.2191212904377
90	1.12439354461199
91	0.994359608761286
92	1.13359495420105
93	1.30743068172861
94	1.09433242807526
95	1.111723334077
96	1.24583079267155
97	1.15406028290025
98	1.14576120118165
99	1.05108691950009
100	1.21609336099455
101	1.10422018624534
102	1.00244802011858
103	1.05392775788865
104	1.14489837662532
105	1.09151843943569
106	1.18983090195423
107	1.09680955207647
108	0.965690621264703
109	1.28914557997814
110	1.0447502505275
111	1.23437784674044
112	0.911315797302729
113	1.09987046265279
114	1.27667915394044
115	1.07825910015868
116	1.17143616506493
117	1.17792829619825
118	1.35346732048396
119	1.17391023612948
120	0.912609247233716
121	1.05970046005383
122	0.976756759862765
123	1.05811604057353
124	1.12810909349752
125	1.04256990091387
126	1.01021889026793
127	1.07729443015874
128	1.05593714087197
129	1.00554003241254
130	1.19820338526951
131	1.19333349444461
132	1.20501147987321
133	1.11190446377444
134	1.09899459936737
135	1.06148713185088
136	1.21359883923169
137	1.21659835062501
138	1.08577192594058
139	0.960910504217139
140	0.993928589196446
141	1.13832736462143
142	1.20083328762505
143	1.03185716613186
144	1.22833407936602
145	1.11024548282108
146	1.05527541031546
147	1.09347892508506
148	1.16751368754989
149	1.21838165086625
150	1.17779736119428
151	0.972026644727534
152	1.10894193153497
153	1.30827107724182
154	1.11460144994945
155	1.0937038961849
156	1.07838124192862
157	1.19422641810731
158	1.26126569564073
159	1.12330094879886
160	1.15263569213231
161	1.11057907633973
162	1.1630137416099
163	1.04589590780248
164	1.11400935820459
165	1.19517505129849
166	1.10374628222136
167	1.03754588564486
168	1.12319063353661
169	1.22563947260374
170	1.58125681808564
171	1.23332007961172
172	1.0038662146008
173	1.20927123327138
174	1.04194257890437
175	1.0440767515312
176	1.1233165214442
177	1.21130390666378
178	1.16437590938592
179	1.15406240666174
180	1.01764227480047
181	0.995830321046817
182	1.09314619981487
183	0.906152807242306
184	1.1423433350687
185	0.956335827230669
186	1.10479242817424
187	1.19555445406501
188	1.12434314047059
189	1.08258508507697
190	1.16305809199541
191	1.32730009615984
192	1.08280566750979
193	1.24983741476157
194	1.05564465010343
195	1.02033868631098
196	0.938782495664871
197	1.10572667752186
198	0.993411637004848
199	0.964313584244866
200	1.03485976334119
201	1.00989937305479
202	1.26066178496568
203	1.18034897447434
204	1.08033014540598
205	1.1460221075649
206	1.10523942714694
207	1.09321681012459
208	1.13331959932101
209	1.18544213052309
210	1.33511456342323
211	1.23209230315753
212	1.21692032431626
213	1.10901551297871
214	1.24722405066773
215	0.945081831160954
216	0.976746066727413
217	1.13209421708499
218	1.18154542192074
219	1.19579503959861
220	1.2306666983093
221	1.04438724864321
222	1.16715957567508
223	1.02829811414627
224	1.14913369309041
225	1.13207483902075
226	1.0221991198236
227	1.32332390152649
228	1.32805701627327
229	1.0514517365698
230	1.13676371134856
231	1.0285302101584
232	1.10916217893512
233	1.04460296901436
234	1.02759558701795
235	0.962999527322892
236	1.17103067685791
237	0.967105531058374
238	1.12996195572904
239	1.02118988783186
240	1.1300782638345
241	1.03331633560567
242	1.22699633683526
243	1.00673553737359
244	1.0538737919301
245	1.11255151778295
246	1.1206114780607
247	1.18187689992433
248	1.06852940560615
249	1.0611301761351
250	1.19085125531792
251	1.06807215070379
252	1.04857960048655
253	1.27684933379969
254	1.04386053529682
255	1.00652290120763
256	1.03022577508429
257	1.03858399038155
258	1.16900513339494
259	1.0131180100702
260	1.10692146615298
261	1.03552002249556
262	1.13009854340646
263	1.17659700955468
264	1.08177892363093
265	1.19277021161445
266	1.12928262938107
267	1.27058507505871
268	1.19639778705086
269	1.03610266810416
270	1.03639196422661
271	1.00692648747912
272	1.09198003194081
273	1.13560047565126
274	1.20872017845049
275	1.13320199167867
276	1.29409696855647
277	1.05805331535295
278	1.0715880298201
279	1.05041069913439
280	0.960923882170591
281	1.12509050507347
282	1.11872143467346
283	1.14868248037431
284	1.11076801484156
285	1.12663716068412
286	1.11105105105514
287	1.10774498212866
288	1.05102212937458
289	1.1298306140351
290	1.18896954403954
291	0.968435173485383
292	1.11018006127725
293	1.08242904616385
294	0.938187117577451
295	1.10880724873607
296	1.22914161350126
297	1.15097365386335
298	1.11423120231173
299	1.14171105114102
300	1.04886348505744
301	1.14707045877753
302	1.14091190757626
303	1.0582461305795
304	0.989571183140771
305	1.12018344109053
306	1.10098182516056
307	1.06632409503132
308	1.30488661252197
309	1.16328635278054
310	0.948432276630104
311	1.14098296239553
312	1.14744814875507
313	0.999429650358539
314	1.08439824127247
315	1.05936869082591
316	1.07902342646066
317	1.03217017585646
318	1.09003428062444
319	0.99518954596153
320	1.17143620135461
321	0.95203796746742
322	1.0141548687012
323	1.05581044786031
324	1.00269939488929
325	1.1625840484111
326	1.08574907663988
327	1.18238340291382
328	0.93061553617179
329	1.069440670545
330	0.890064135223938
331	1.03806445047968
332	1.07518698033854
333	1.34287309376417
334	1.14056330116607
335	1.03651096328319
336	0.980204598970566
337	1.18438021264808
338	1.09363473884463
339	1.01193446366115
340	1.2016630645655
341	1.08074775744299
342	1.01901843147712
343	1.11664649065402
344	1.20959504648858
345	1.04889990521296
346	0.956938017701054
347	1.2128536954698
348	1.04161467170319
349	1.00656145116483
350	1.01494430655045
351	1.22982073250932
352	1.0450994386977
353	1.1144789119877
354	1.07426017140591
355	1.25539186430827
356	1.04843996058552
357	1.02965836437264
358	1.09604347510334
359	1.11232385416157
360	1.15244730017217
361	0.983503831580984
362	1.06076302027151
363	0.98206664124275
364	1.27013376604773
365	1.06587952267832
366	1.10391683787307
367	1.07835717969167
368	1.00888212294039
369	1.14923342518396
370	1.0424785644373
371	1.12466233555905
372	1.16905844087718
373	1.18094803725241
374	1.27813565984489
375	1.02669926845667
376	1.13520453703776
377	1.0278026336687
378	1.18870218077712
379	1.0658814934231
380	0.956954272302853
381	0.951078276028243
382	1.04565102736615
383	1.13570428160707
384	1.02023198823968
385	1.21350370908882
386	1.13020422056196
387	1.14591022119711
388	0.940775742896175
389	1.10846152412452
390	1.11390167265277
391	1.10466821247094
392	1.18889815376262
393	1.05475189926885
394	1.04767239511618
395	1.1940227360094
396	1.27772451802851
397	1.13962735380814
398	1.22286396670211
399	1.01504996572988
400	1.14575266842206
