"Age"	"Level"	"Iteration"	"AgeIndex"	"LevelIndex"	"Slope"	"tau_Slope"	"ar_Slope"	"Intercept"	"tau_Intercept"	"ar_Intercept"
1	"LevelIndex_1"	1	1	1	2.78035757953957	NA	NA	-10.932987430967	NA	NA
1	"LevelIndex_1"	2	1	1	2.7645239407255	NA	NA	-10.8568011028598	NA	NA
1	"LevelIndex_1"	3	1	1	2.83968175912482	NA	NA	-11.117509072898	NA	NA
1	"LevelIndex_1"	4	1	1	2.79068285178124	NA	NA	-10.9541442616661	NA	NA
1	"LevelIndex_1"	5	1	1	2.80812005798788	NA	NA	-11.0067748605862	NA	NA
1	"LevelIndex_1"	6	1	1	2.78201576692564	NA	NA	-10.9315891619143	NA	NA
1	"LevelIndex_1"	7	1	1	2.79815334958055	NA	NA	-10.9833622524726	NA	NA
1	"LevelIndex_1"	8	1	1	2.78165880649745	NA	NA	-10.9295792022279	NA	NA
1	"LevelIndex_1"	9	1	1	2.77428078487251	NA	NA	-10.8995204823787	NA	NA
1	"LevelIndex_1"	10	1	1	2.7949879530871	NA	NA	-10.9789089390292	NA	NA
1	"LevelIndex_1"	11	1	1	2.7707645808803	NA	NA	-10.8944338736075	NA	NA
1	"LevelIndex_1"	12	1	1	2.78581189179489	NA	NA	-10.9372725898055	NA	NA
1	"LevelIndex_1"	13	1	1	2.79047015668203	NA	NA	-10.9598266835311	NA	NA
1	"LevelIndex_1"	14	1	1	2.76588780025348	NA	NA	-10.8628538736821	NA	NA
1	"LevelIndex_1"	15	1	1	2.79568520459002	NA	NA	-10.9615881095631	NA	NA
1	"LevelIndex_1"	16	1	1	2.76922129621097	NA	NA	-10.8853934416795	NA	NA
1	"LevelIndex_1"	17	1	1	2.81572817105747	NA	NA	-11.0138241634393	NA	NA
1	"LevelIndex_1"	18	1	1	2.80557136870359	NA	NA	-11.0047387490006	NA	NA
1	"LevelIndex_1"	19	1	1	2.77370274534607	NA	NA	-10.8989788544427	NA	NA
1	"LevelIndex_1"	20	1	1	2.79748439247011	NA	NA	-10.970830755167	NA	NA
1	"LevelIndex_1"	21	1	1	2.77179652471795	NA	NA	-10.8911766761087	NA	NA
1	"LevelIndex_1"	22	1	1	2.79935175707702	NA	NA	-10.9883931739365	NA	NA
1	"LevelIndex_1"	23	1	1	2.78554908094952	NA	NA	-10.9237632648742	NA	NA
1	"LevelIndex_1"	24	1	1	2.79668627341869	NA	NA	-10.982086680819	NA	NA
1	"LevelIndex_1"	25	1	1	2.80165353093331	NA	NA	-10.9853665367683	NA	NA
1	"LevelIndex_1"	26	1	1	2.79488453486076	NA	NA	-10.9582568960477	NA	NA
1	"LevelIndex_1"	27	1	1	2.79096761853106	NA	NA	-10.9538946470903	NA	NA
1	"LevelIndex_1"	28	1	1	2.77041396177981	NA	NA	-10.898480180755	NA	NA
1	"LevelIndex_1"	29	1	1	2.80477035753769	NA	NA	-11.0006494857471	NA	NA
1	"LevelIndex_1"	30	1	1	2.78166232864236	NA	NA	-10.9171642206329	NA	NA
1	"LevelIndex_1"	31	1	1	2.80113375931778	NA	NA	-11.0015358750106	NA	NA
1	"LevelIndex_1"	32	1	1	2.77561798547106	NA	NA	-10.9072010999147	NA	NA
1	"LevelIndex_1"	33	1	1	2.78278319507001	NA	NA	-10.9293480440796	NA	NA
1	"LevelIndex_1"	34	1	1	2.77201646552949	NA	NA	-10.8777478298415	NA	NA
1	"LevelIndex_1"	35	1	1	2.77855257486479	NA	NA	-10.9160475635385	NA	NA
1	"LevelIndex_1"	36	1	1	2.79542796697521	NA	NA	-10.9701177862287	NA	NA
1	"LevelIndex_1"	37	1	1	2.75334221471127	NA	NA	-10.8222472976639	NA	NA
1	"LevelIndex_1"	38	1	1	2.80249340012956	NA	NA	-10.9912782881921	NA	NA
1	"LevelIndex_1"	39	1	1	2.80008561857125	NA	NA	-10.9815303184723	NA	NA
1	"LevelIndex_1"	40	1	1	2.80324759594706	NA	NA	-10.9890146544203	NA	NA
1	"LevelIndex_1"	41	1	1	2.76152703839677	NA	NA	-10.8689751297472	NA	NA
1	"LevelIndex_1"	42	1	1	2.79234350552624	NA	NA	-10.9552580938784	NA	NA
1	"LevelIndex_1"	43	1	1	2.79267888848361	NA	NA	-10.9426783232388	NA	NA
1	"LevelIndex_1"	44	1	1	2.78800103083425	NA	NA	-10.9473874692726	NA	NA
1	"LevelIndex_1"	45	1	1	2.80713127030773	NA	NA	-11.0223598226778	NA	NA
1	"LevelIndex_1"	46	1	1	2.77065956793973	NA	NA	-10.8937641432676	NA	NA
1	"LevelIndex_1"	47	1	1	2.79279873429608	NA	NA	-10.9550056942419	NA	NA
1	"LevelIndex_1"	48	1	1	2.81232597493538	NA	NA	-11.0228050870506	NA	NA
1	"LevelIndex_1"	49	1	1	2.81543700455981	NA	NA	-11.0414644020209	NA	NA
1	"LevelIndex_1"	50	1	1	2.7663618562294	NA	NA	-10.8778750206042	NA	NA
1	"LevelIndex_1"	51	1	1	2.7962035545372	NA	NA	-10.9684617127427	NA	NA
1	"LevelIndex_1"	52	1	1	2.7991387269165	NA	NA	-10.9907899659318	NA	NA
1	"LevelIndex_1"	53	1	1	2.79580487776845	NA	NA	-10.9704906705656	NA	NA
1	"LevelIndex_1"	54	1	1	2.77279771975789	NA	NA	-10.8905035927901	NA	NA
1	"LevelIndex_1"	55	1	1	2.75444279576429	NA	NA	-10.8393574347018	NA	NA
1	"LevelIndex_1"	56	1	1	2.76948452329209	NA	NA	-10.8780030339268	NA	NA
1	"LevelIndex_1"	57	1	1	2.81381693159213	NA	NA	-11.0332916068203	NA	NA
1	"LevelIndex_1"	58	1	1	2.79183525007767	NA	NA	-10.9536003400954	NA	NA
1	"LevelIndex_1"	59	1	1	2.80644088080913	NA	NA	-11.006134809275	NA	NA
1	"LevelIndex_1"	60	1	1	2.79469912195789	NA	NA	-10.9683193800484	NA	NA
1	"LevelIndex_1"	61	1	1	2.79819616969291	NA	NA	-10.9940047251899	NA	NA
1	"LevelIndex_1"	62	1	1	2.81908401979426	NA	NA	-11.0508001800883	NA	NA
1	"LevelIndex_1"	63	1	1	2.76818491322582	NA	NA	-10.8635056547679	NA	NA
1	"LevelIndex_1"	64	1	1	2.78882577092736	NA	NA	-10.9462997529658	NA	NA
1	"LevelIndex_1"	65	1	1	2.7840730573831	NA	NA	-10.9485552463426	NA	NA
1	"LevelIndex_1"	66	1	1	2.82031261463884	NA	NA	-11.0580065304022	NA	NA
1	"LevelIndex_1"	67	1	1	2.82420539791731	NA	NA	-11.0517948199417	NA	NA
1	"LevelIndex_1"	68	1	1	2.77864946267901	NA	NA	-10.9137053133631	NA	NA
1	"LevelIndex_1"	69	1	1	2.78083638923532	NA	NA	-10.9302717940009	NA	NA
1	"LevelIndex_1"	70	1	1	2.79030448648928	NA	NA	-10.9591484176276	NA	NA
1	"LevelIndex_1"	71	1	1	2.76419838815199	NA	NA	-10.8647859743538	NA	NA
1	"LevelIndex_1"	72	1	1	2.8010164776761	NA	NA	-10.9870592405353	NA	NA
1	"LevelIndex_1"	73	1	1	2.80158805024359	NA	NA	-10.9898031716921	NA	NA
1	"LevelIndex_1"	74	1	1	2.7877535847089	NA	NA	-10.9476183749001	NA	NA
1	"LevelIndex_1"	75	1	1	2.80380947633596	NA	NA	-11.0119348971329	NA	NA
1	"LevelIndex_1"	76	1	1	2.7695495357266	NA	NA	-10.8904722527752	NA	NA
1	"LevelIndex_1"	77	1	1	2.79777913693516	NA	NA	-10.9955273986751	NA	NA
1	"LevelIndex_1"	78	1	1	2.78245861147687	NA	NA	-10.9423198346764	NA	NA
1	"LevelIndex_1"	79	1	1	2.7768400698868	NA	NA	-10.9123240517491	NA	NA
1	"LevelIndex_1"	80	1	1	2.79252590292532	NA	NA	-10.9586410265591	NA	NA
1	"LevelIndex_1"	81	1	1	2.77253636557677	NA	NA	-10.8996158314432	NA	NA
1	"LevelIndex_1"	82	1	1	2.78328166633034	NA	NA	-10.9207676482205	NA	NA
1	"LevelIndex_1"	83	1	1	2.77876541196832	NA	NA	-10.9249550301972	NA	NA
1	"LevelIndex_1"	84	1	1	2.80147532664098	NA	NA	-10.9869319902212	NA	NA
1	"LevelIndex_1"	85	1	1	2.80382990661047	NA	NA	-10.9988836066847	NA	NA
1	"LevelIndex_1"	86	1	1	2.78224157383938	NA	NA	-10.9309864124076	NA	NA
1	"LevelIndex_1"	87	1	1	2.78603541357732	NA	NA	-10.9429721454333	NA	NA
1	"LevelIndex_1"	88	1	1	2.76655504380568	NA	NA	-10.8941443665184	NA	NA
1	"LevelIndex_1"	89	1	1	2.80370226317116	NA	NA	-10.9869149304163	NA	NA
1	"LevelIndex_1"	90	1	1	2.80927727574872	NA	NA	-11.012165606033	NA	NA
1	"LevelIndex_1"	91	1	1	2.79124559631388	NA	NA	-10.9613755642522	NA	NA
1	"LevelIndex_1"	92	1	1	2.82422514293737	NA	NA	-11.075012800756	NA	NA
1	"LevelIndex_1"	93	1	1	2.77961509748984	NA	NA	-10.9240250323677	NA	NA
1	"LevelIndex_1"	94	1	1	2.76846552206514	NA	NA	-10.8936440750785	NA	NA
1	"LevelIndex_1"	95	1	1	2.78114074292536	NA	NA	-10.914657470407	NA	NA
1	"LevelIndex_1"	96	1	1	2.76284506002976	NA	NA	-10.8525816261693	NA	NA
1	"LevelIndex_1"	97	1	1	2.79553896140922	NA	NA	-10.9687511593956	NA	NA
1	"LevelIndex_1"	98	1	1	2.7662118524028	NA	NA	-10.8930612974007	NA	NA
1	"LevelIndex_1"	99	1	1	2.79116190542098	NA	NA	-10.9549111680441	NA	NA
1	"LevelIndex_1"	100	1	1	2.76630605705712	NA	NA	-10.8813272130079	NA	NA
1	"LevelIndex_1"	101	1	1	2.79396544790526	NA	NA	-10.9762281004761	NA	NA
1	"LevelIndex_1"	102	1	1	2.798004216715	NA	NA	-10.9703139803038	NA	NA
1	"LevelIndex_1"	103	1	1	2.79322827379725	NA	NA	-10.9699710847135	NA	NA
1	"LevelIndex_1"	104	1	1	2.79106466437862	NA	NA	-10.9551137036742	NA	NA
1	"LevelIndex_1"	105	1	1	2.77274451214179	NA	NA	-10.9062901999995	NA	NA
1	"LevelIndex_1"	106	1	1	2.77630267197526	NA	NA	-10.9180405368169	NA	NA
1	"LevelIndex_1"	107	1	1	2.78237615489258	NA	NA	-10.9217724932709	NA	NA
1	"LevelIndex_1"	108	1	1	2.78512562426923	NA	NA	-10.9450132755838	NA	NA
1	"LevelIndex_1"	109	1	1	2.79741624402151	NA	NA	-10.9771440741692	NA	NA
1	"LevelIndex_1"	110	1	1	2.80648476266136	NA	NA	-11.0131849666536	NA	NA
1	"LevelIndex_1"	111	1	1	2.77124059353375	NA	NA	-10.8871563297715	NA	NA
1	"LevelIndex_1"	112	1	1	2.79944606171663	NA	NA	-10.9935530200866	NA	NA
1	"LevelIndex_1"	113	1	1	2.79568618686292	NA	NA	-10.9731233039498	NA	NA
1	"LevelIndex_1"	114	1	1	2.77589389650804	NA	NA	-10.9103206973928	NA	NA
1	"LevelIndex_1"	115	1	1	2.76672511516952	NA	NA	-10.8829652597606	NA	NA
1	"LevelIndex_1"	116	1	1	2.78152446331501	NA	NA	-10.9247719169565	NA	NA
1	"LevelIndex_1"	117	1	1	2.79103355671562	NA	NA	-10.9499351903244	NA	NA
1	"LevelIndex_1"	118	1	1	2.81668990012944	NA	NA	-11.0467909591489	NA	NA
1	"LevelIndex_1"	119	1	1	2.79935133613328	NA	NA	-10.9836074755841	NA	NA
1	"LevelIndex_1"	120	1	1	2.79689914673476	NA	NA	-10.9677876937134	NA	NA
1	"LevelIndex_1"	121	1	1	2.79636173951073	NA	NA	-10.9611850811691	NA	NA
1	"LevelIndex_1"	122	1	1	2.79443487572595	NA	NA	-10.9654764917948	NA	NA
1	"LevelIndex_1"	123	1	1	2.80955905345508	NA	NA	-11.0056707690271	NA	NA
1	"LevelIndex_1"	124	1	1	2.80274192344947	NA	NA	-11.0056902801012	NA	NA
1	"LevelIndex_1"	125	1	1	2.77656691116145	NA	NA	-10.9094838804844	NA	NA
1	"LevelIndex_1"	126	1	1	2.7798726687872	NA	NA	-10.9189225033452	NA	NA
1	"LevelIndex_1"	127	1	1	2.78527085497676	NA	NA	-10.9385542969586	NA	NA
1	"LevelIndex_1"	128	1	1	2.79965072009499	NA	NA	-10.9907826659553	NA	NA
1	"LevelIndex_1"	129	1	1	2.81105386390915	NA	NA	-11.0153145157143	NA	NA
1	"LevelIndex_1"	130	1	1	2.79768381064922	NA	NA	-10.973567661674	NA	NA
1	"LevelIndex_1"	131	1	1	2.77805873308585	NA	NA	-10.9150203045776	NA	NA
1	"LevelIndex_1"	132	1	1	2.78763543882958	NA	NA	-10.9545979277466	NA	NA
1	"LevelIndex_1"	133	1	1	2.7988586904633	NA	NA	-10.9790550768158	NA	NA
1	"LevelIndex_1"	134	1	1	2.7923856650148	NA	NA	-10.974209994803	NA	NA
1	"LevelIndex_1"	135	1	1	2.77797727079383	NA	NA	-10.9177199958294	NA	NA
1	"LevelIndex_1"	136	1	1	2.79299421288003	NA	NA	-10.9572775461096	NA	NA
1	"LevelIndex_1"	137	1	1	2.77792624833481	NA	NA	-10.9237041163729	NA	NA
1	"LevelIndex_1"	138	1	1	2.78624889626071	NA	NA	-10.9480708384285	NA	NA
1	"LevelIndex_1"	139	1	1	2.73306520166237	NA	NA	-10.7605485100041	NA	NA
1	"LevelIndex_1"	140	1	1	2.75970058412561	NA	NA	-10.8500736181484	NA	NA
1	"LevelIndex_1"	141	1	1	2.76619693680368	NA	NA	-10.8680590678486	NA	NA
1	"LevelIndex_1"	142	1	1	2.79027164418772	NA	NA	-10.9416359862294	NA	NA
1	"LevelIndex_1"	143	1	1	2.78917291712699	NA	NA	-10.946645380318	NA	NA
1	"LevelIndex_1"	144	1	1	2.79941707811866	NA	NA	-10.9820973217959	NA	NA
1	"LevelIndex_1"	145	1	1	2.78973717719341	NA	NA	-10.9593000994897	NA	NA
1	"LevelIndex_1"	146	1	1	2.81324759355213	NA	NA	-11.0161345976675	NA	NA
1	"LevelIndex_1"	147	1	1	2.76627707375099	NA	NA	-10.8617769538576	NA	NA
1	"LevelIndex_1"	148	1	1	2.7809123271488	NA	NA	-10.9154289978701	NA	NA
1	"LevelIndex_1"	149	1	1	2.76964418044333	NA	NA	-10.8891214306071	NA	NA
1	"LevelIndex_1"	150	1	1	2.81298505548486	NA	NA	-11.0483664783087	NA	NA
1	"LevelIndex_1"	151	1	1	2.8004032990997	NA	NA	-10.9895132354002	NA	NA
1	"LevelIndex_1"	152	1	1	2.81837075275015	NA	NA	-11.0566933342539	NA	NA
1	"LevelIndex_1"	153	1	1	2.76264635945527	NA	NA	-10.8724673419553	NA	NA
1	"LevelIndex_1"	154	1	1	2.79667181430887	NA	NA	-10.9709296807886	NA	NA
1	"LevelIndex_1"	155	1	1	2.79717381360815	NA	NA	-10.9696453778843	NA	NA
1	"LevelIndex_1"	156	1	1	2.79456973773685	NA	NA	-10.9580983450101	NA	NA
1	"LevelIndex_1"	157	1	1	2.78648033369965	NA	NA	-10.942781111426	NA	NA
1	"LevelIndex_1"	158	1	1	2.80202124745778	NA	NA	-11.0077493260264	NA	NA
1	"LevelIndex_1"	159	1	1	2.77767760736722	NA	NA	-10.8850933924294	NA	NA
1	"LevelIndex_1"	160	1	1	2.80443177658146	NA	NA	-10.9941824541165	NA	NA
1	"LevelIndex_1"	161	1	1	2.8067233113812	NA	NA	-11.0036075432209	NA	NA
1	"LevelIndex_1"	162	1	1	2.81354802647689	NA	NA	-11.03975377746	NA	NA
1	"LevelIndex_1"	163	1	1	2.7690916108167	NA	NA	-10.8938552715437	NA	NA
1	"LevelIndex_1"	164	1	1	2.77909275507659	NA	NA	-10.9310374683589	NA	NA
1	"LevelIndex_1"	165	1	1	2.77945461576629	NA	NA	-10.9252243664731	NA	NA
1	"LevelIndex_1"	166	1	1	2.77721961404818	NA	NA	-10.9047595537311	NA	NA
1	"LevelIndex_1"	167	1	1	2.78152492701662	NA	NA	-10.9340443289215	NA	NA
1	"LevelIndex_1"	168	1	1	2.78475878685586	NA	NA	-10.9393782845014	NA	NA
1	"LevelIndex_1"	169	1	1	2.79195976175272	NA	NA	-10.9677515609852	NA	NA
1	"LevelIndex_1"	170	1	1	2.80330869165136	NA	NA	-10.9950586493563	NA	NA
1	"LevelIndex_1"	171	1	1	2.81964842050832	NA	NA	-11.0409965341901	NA	NA
1	"LevelIndex_1"	172	1	1	2.80347079697253	NA	NA	-10.9874938212599	NA	NA
1	"LevelIndex_1"	173	1	1	2.81948774710724	NA	NA	-11.05709186465	NA	NA
1	"LevelIndex_1"	174	1	1	2.77785311526416	NA	NA	-10.9157728488781	NA	NA
1	"LevelIndex_1"	175	1	1	2.79086413724797	NA	NA	-10.9577151926043	NA	NA
1	"LevelIndex_1"	176	1	1	2.80595849689146	NA	NA	-11.0245201581777	NA	NA
1	"LevelIndex_1"	177	1	1	2.77072500333878	NA	NA	-10.8954096183498	NA	NA
1	"LevelIndex_1"	178	1	1	2.77398555401513	NA	NA	-10.9029303364256	NA	NA
1	"LevelIndex_1"	179	1	1	2.81692496077955	NA	NA	-11.0367707701441	NA	NA
1	"LevelIndex_1"	180	1	1	2.80196375836919	NA	NA	-10.9945621924178	NA	NA
1	"LevelIndex_1"	181	1	1	2.80874211193289	NA	NA	-10.9947268481083	NA	NA
1	"LevelIndex_1"	182	1	1	2.7827252869215	NA	NA	-10.9263822180322	NA	NA
1	"LevelIndex_1"	183	1	1	2.81392751441038	NA	NA	-11.0155402570175	NA	NA
1	"LevelIndex_1"	184	1	1	2.81544302313957	NA	NA	-11.0482207954236	NA	NA
1	"LevelIndex_1"	185	1	1	2.78041156178525	NA	NA	-10.9312973942604	NA	NA
1	"LevelIndex_1"	186	1	1	2.80483173006549	NA	NA	-11.0087027098182	NA	NA
1	"LevelIndex_1"	187	1	1	2.77191560319392	NA	NA	-10.8957344992988	NA	NA
1	"LevelIndex_1"	188	1	1	2.7685185458631	NA	NA	-10.8753581058446	NA	NA
1	"LevelIndex_1"	189	1	1	2.76656059048881	NA	NA	-10.8751156645502	NA	NA
1	"LevelIndex_1"	190	1	1	2.78919963053166	NA	NA	-10.9598036418103	NA	NA
1	"LevelIndex_1"	191	1	1	2.82001761755288	NA	NA	-11.0504615415447	NA	NA
1	"LevelIndex_1"	192	1	1	2.77437400074909	NA	NA	-10.9013477346886	NA	NA
1	"LevelIndex_1"	193	1	1	2.78810649752504	NA	NA	-10.9428873042907	NA	NA
1	"LevelIndex_1"	194	1	1	2.77721818819577	NA	NA	-10.932294469938	NA	NA
1	"LevelIndex_1"	195	1	1	2.78281854037712	NA	NA	-10.9455489895638	NA	NA
1	"LevelIndex_1"	196	1	1	2.80450056778371	NA	NA	-11.000319396002	NA	NA
1	"LevelIndex_1"	197	1	1	2.76892813715998	NA	NA	-10.875113025562	NA	NA
1	"LevelIndex_1"	198	1	1	2.80561995273715	NA	NA	-11.0094253930268	NA	NA
1	"LevelIndex_1"	199	1	1	2.77222272886664	NA	NA	-10.8875059372232	NA	NA
1	"LevelIndex_1"	200	1	1	2.75863890589587	NA	NA	-10.8588615583568	NA	NA
1	"LevelIndex_1"	201	1	1	2.77610488998445	NA	NA	-10.9042468456418	NA	NA
1	"LevelIndex_1"	202	1	1	2.79267223598552	NA	NA	-10.9685022512356	NA	NA
1	"LevelIndex_1"	203	1	1	2.78150729202817	NA	NA	-10.9411034104971	NA	NA
1	"LevelIndex_1"	204	1	1	2.78143982179903	NA	NA	-10.9217504378649	NA	NA
1	"LevelIndex_1"	205	1	1	2.81026197349401	NA	NA	-11.012271679458	NA	NA
1	"LevelIndex_1"	206	1	1	2.79498344515669	NA	NA	-10.9654500131715	NA	NA
1	"LevelIndex_1"	207	1	1	2.78261595886825	NA	NA	-10.9275616663961	NA	NA
1	"LevelIndex_1"	208	1	1	2.77011140716601	NA	NA	-10.8980948805848	NA	NA
1	"LevelIndex_1"	209	1	1	2.7997684312246	NA	NA	-10.9829117707164	NA	NA
1	"LevelIndex_1"	210	1	1	2.78922461041568	NA	NA	-10.9605978324995	NA	NA
1	"LevelIndex_1"	211	1	1	2.78972363767227	NA	NA	-10.9678965375408	NA	NA
1	"LevelIndex_1"	212	1	1	2.77776949216867	NA	NA	-10.931363317365	NA	NA
1	"LevelIndex_1"	213	1	1	2.79594060466138	NA	NA	-10.9804137173634	NA	NA
1	"LevelIndex_1"	214	1	1	2.77488322063628	NA	NA	-10.9081447802464	NA	NA
1	"LevelIndex_1"	215	1	1	2.78787564124341	NA	NA	-10.9498990989146	NA	NA
1	"LevelIndex_1"	216	1	1	2.81810260127594	NA	NA	-11.0302719843153	NA	NA
1	"LevelIndex_1"	217	1	1	2.8320490779476	NA	NA	-11.082475331387	NA	NA
1	"LevelIndex_1"	218	1	1	2.80304266522147	NA	NA	-11.0170709225696	NA	NA
1	"LevelIndex_1"	219	1	1	2.76453143375789	NA	NA	-10.8692811927081	NA	NA
1	"LevelIndex_1"	220	1	1	2.78218127189771	NA	NA	-10.9284345025755	NA	NA
1	"LevelIndex_1"	221	1	1	2.82863362297772	NA	NA	-11.0798709303258	NA	NA
1	"LevelIndex_1"	222	1	1	2.77443631285906	NA	NA	-10.8907764004863	NA	NA
1	"LevelIndex_1"	223	1	1	2.80478928146762	NA	NA	-10.997516125628	NA	NA
1	"LevelIndex_1"	224	1	1	2.76890393192989	NA	NA	-10.8762515549362	NA	NA
1	"LevelIndex_1"	225	1	1	2.80382780281344	NA	NA	-11.0033081188989	NA	NA
1	"LevelIndex_1"	226	1	1	2.78525193254955	NA	NA	-10.9500250899176	NA	NA
1	"LevelIndex_1"	227	1	1	2.79509032326969	NA	NA	-10.9779114199907	NA	NA
1	"LevelIndex_1"	228	1	1	2.75555041831677	NA	NA	-10.8428046160424	NA	NA
1	"LevelIndex_1"	229	1	1	2.80315434045925	NA	NA	-10.9850696860992	NA	NA
1	"LevelIndex_1"	230	1	1	2.7715053653615	NA	NA	-10.9071865458035	NA	NA
1	"LevelIndex_1"	231	1	1	2.79469410637482	NA	NA	-10.9740066297485	NA	NA
1	"LevelIndex_1"	232	1	1	2.80707613271538	NA	NA	-11.021777845025	NA	NA
1	"LevelIndex_1"	233	1	1	2.79011570656892	NA	NA	-10.9446453985748	NA	NA
1	"LevelIndex_1"	234	1	1	2.79773266784654	NA	NA	-10.9642863779129	NA	NA
1	"LevelIndex_1"	235	1	1	2.78744544642902	NA	NA	-10.9430775045695	NA	NA
1	"LevelIndex_1"	236	1	1	2.76667364090537	NA	NA	-10.8741701871733	NA	NA
1	"LevelIndex_1"	237	1	1	2.76998260274559	NA	NA	-10.8946695547101	NA	NA
1	"LevelIndex_1"	238	1	1	2.79274090968788	NA	NA	-10.9752403638263	NA	NA
1	"LevelIndex_1"	239	1	1	2.82293956039696	NA	NA	-11.0577745878273	NA	NA
1	"LevelIndex_1"	240	1	1	2.79529875814287	NA	NA	-10.9668629421433	NA	NA
1	"LevelIndex_1"	241	1	1	2.78303281483636	NA	NA	-10.9265147991856	NA	NA
1	"LevelIndex_1"	242	1	1	2.7806964744837	NA	NA	-10.917673784317	NA	NA
1	"LevelIndex_1"	243	1	1	2.79354016315756	NA	NA	-10.9576772049832	NA	NA
1	"LevelIndex_1"	244	1	1	2.79155930464119	NA	NA	-10.9676734269198	NA	NA
1	"LevelIndex_1"	245	1	1	2.80543833473912	NA	NA	-11.0061956507202	NA	NA
1	"LevelIndex_1"	246	1	1	2.80239903911875	NA	NA	-10.9922276775551	NA	NA
1	"LevelIndex_1"	247	1	1	2.79287396464416	NA	NA	-10.9770809190409	NA	NA
1	"LevelIndex_1"	248	1	1	2.78470914019063	NA	NA	-10.9384356218723	NA	NA
1	"LevelIndex_1"	249	1	1	2.77316851045738	NA	NA	-10.8900200840731	NA	NA
1	"LevelIndex_1"	250	1	1	2.80559028589951	NA	NA	-11.0023309292678	NA	NA
1	"LevelIndex_1"	251	1	1	2.7950829786092	NA	NA	-10.9813709847812	NA	NA
1	"LevelIndex_1"	252	1	1	2.81634920236759	NA	NA	-11.0140096783614	NA	NA
1	"LevelIndex_1"	253	1	1	2.77228546675001	NA	NA	-10.8816640714312	NA	NA
1	"LevelIndex_1"	254	1	1	2.77224115872118	NA	NA	-10.9010375028575	NA	NA
1	"LevelIndex_1"	255	1	1	2.78670892402825	NA	NA	-10.9462204837543	NA	NA
1	"LevelIndex_1"	256	1	1	2.78837917692016	NA	NA	-10.9491428988446	NA	NA
1	"LevelIndex_1"	257	1	1	2.76192989481228	NA	NA	-10.848455110489	NA	NA
1	"LevelIndex_1"	258	1	1	2.79944358750831	NA	NA	-10.981690637975	NA	NA
1	"LevelIndex_1"	259	1	1	2.77197964887123	NA	NA	-10.9003055433532	NA	NA
1	"LevelIndex_1"	260	1	1	2.80183122650144	NA	NA	-10.9821718996521	NA	NA
1	"LevelIndex_1"	261	1	1	2.78593328722831	NA	NA	-10.9325135947863	NA	NA
1	"LevelIndex_1"	262	1	1	2.7617385893144	NA	NA	-10.8590651934101	NA	NA
1	"LevelIndex_1"	263	1	1	2.80133484155643	NA	NA	-10.9816988872987	NA	NA
1	"LevelIndex_1"	264	1	1	2.80477861176802	NA	NA	-10.9999704286709	NA	NA
1	"LevelIndex_1"	265	1	1	2.80378023884167	NA	NA	-11.0004263393035	NA	NA
1	"LevelIndex_1"	266	1	1	2.76832116688081	NA	NA	-10.8580880852929	NA	NA
1	"LevelIndex_1"	267	1	1	2.78100903464774	NA	NA	-10.9331949098856	NA	NA
1	"LevelIndex_1"	268	1	1	2.79117870611739	NA	NA	-10.9501261835343	NA	NA
1	"LevelIndex_1"	269	1	1	2.7961240600513	NA	NA	-10.962935417277	NA	NA
1	"LevelIndex_1"	270	1	1	2.80215466198265	NA	NA	-11.0067808809242	NA	NA
1	"LevelIndex_1"	271	1	1	2.7918413621403	NA	NA	-10.9677957658524	NA	NA
1	"LevelIndex_1"	272	1	1	2.7690753246288	NA	NA	-10.8874067600148	NA	NA
1	"LevelIndex_1"	273	1	1	2.77810834504067	NA	NA	-10.9224830402161	NA	NA
1	"LevelIndex_1"	274	1	1	2.7738327828249	NA	NA	-10.892782743567	NA	NA
1	"LevelIndex_1"	275	1	1	2.77518540218615	NA	NA	-10.9229398717738	NA	NA
1	"LevelIndex_1"	276	1	1	2.78895858846376	NA	NA	-10.9449156407799	NA	NA
1	"LevelIndex_1"	277	1	1	2.77475313274836	NA	NA	-10.9048091020439	NA	NA
1	"LevelIndex_1"	278	1	1	2.81228942875538	NA	NA	-11.0146282177305	NA	NA
1	"LevelIndex_1"	279	1	1	2.79935685393733	NA	NA	-10.9888363228836	NA	NA
1	"LevelIndex_1"	280	1	1	2.79184404057993	NA	NA	-10.9528689277752	NA	NA
1	"LevelIndex_1"	281	1	1	2.79431638538553	NA	NA	-10.9682153298596	NA	NA
1	"LevelIndex_1"	282	1	1	2.79833861662639	NA	NA	-10.9884480617756	NA	NA
1	"LevelIndex_1"	283	1	1	2.78208364066679	NA	NA	-10.9178547501465	NA	NA
1	"LevelIndex_1"	284	1	1	2.7632467541452	NA	NA	-10.8722935103686	NA	NA
1	"LevelIndex_1"	285	1	1	2.7761905317105	NA	NA	-10.9256471682475	NA	NA
1	"LevelIndex_1"	286	1	1	2.7771682222295	NA	NA	-10.9110851957423	NA	NA
1	"LevelIndex_1"	287	1	1	2.77636928815587	NA	NA	-10.919937782329	NA	NA
1	"LevelIndex_1"	288	1	1	2.78916875174888	NA	NA	-10.9623972966553	NA	NA
1	"LevelIndex_1"	289	1	1	2.78592381810164	NA	NA	-10.9393978558958	NA	NA
1	"LevelIndex_1"	290	1	1	2.80506170312926	NA	NA	-11.0101872716002	NA	NA
1	"LevelIndex_1"	291	1	1	2.75953477482286	NA	NA	-10.849744530188	NA	NA
1	"LevelIndex_1"	292	1	1	2.80174857035983	NA	NA	-10.9870780096688	NA	NA
1	"LevelIndex_1"	293	1	1	2.76794658587452	NA	NA	-10.8779171204707	NA	NA
1	"LevelIndex_1"	294	1	1	2.80006461381872	NA	NA	-10.9852416632547	NA	NA
1	"LevelIndex_1"	295	1	1	2.79986757672519	NA	NA	-10.9932861570104	NA	NA
1	"LevelIndex_1"	296	1	1	2.79074938783304	NA	NA	-10.9701173239384	NA	NA
1	"LevelIndex_1"	297	1	1	2.78931593967377	NA	NA	-10.9526020410681	NA	NA
1	"LevelIndex_1"	298	1	1	2.80702111099099	NA	NA	-11.0132113962403	NA	NA
1	"LevelIndex_1"	299	1	1	2.80311216734928	NA	NA	-11.0080373648395	NA	NA
1	"LevelIndex_1"	300	1	1	2.75888526689548	NA	NA	-10.8605067652232	NA	NA
1	"LevelIndex_1"	301	1	1	2.79187810157613	NA	NA	-10.9557940602117	NA	NA
1	"LevelIndex_1"	302	1	1	2.7883711331037	NA	NA	-10.9686461118007	NA	NA
1	"LevelIndex_1"	303	1	1	2.82106964209402	NA	NA	-11.0485777399567	NA	NA
1	"LevelIndex_1"	304	1	1	2.7497445109965	NA	NA	-10.8222501963143	NA	NA
1	"LevelIndex_1"	305	1	1	2.78766859071135	NA	NA	-10.9600401262503	NA	NA
1	"LevelIndex_1"	306	1	1	2.77539963692846	NA	NA	-10.9270535988851	NA	NA
1	"LevelIndex_1"	307	1	1	2.81402761264927	NA	NA	-11.036413151553	NA	NA
1	"LevelIndex_1"	308	1	1	2.78959030832614	NA	NA	-10.940776754269	NA	NA
1	"LevelIndex_1"	309	1	1	2.79680331090995	NA	NA	-10.986903765288	NA	NA
1	"LevelIndex_1"	310	1	1	2.77720634188368	NA	NA	-10.9145386015415	NA	NA
1	"LevelIndex_1"	311	1	1	2.82986759513171	NA	NA	-11.1006813046676	NA	NA
1	"LevelIndex_1"	312	1	1	2.78305211457811	NA	NA	-10.9200455881821	NA	NA
1	"LevelIndex_1"	313	1	1	2.80957985759649	NA	NA	-11.0171480438605	NA	NA
1	"LevelIndex_1"	314	1	1	2.74973667252988	NA	NA	-10.8128754351464	NA	NA
1	"LevelIndex_1"	315	1	1	2.77742452280044	NA	NA	-10.9403436887555	NA	NA
1	"LevelIndex_1"	316	1	1	2.78766318770667	NA	NA	-10.9385999841983	NA	NA
1	"LevelIndex_1"	317	1	1	2.75416632307932	NA	NA	-10.8409759001206	NA	NA
1	"LevelIndex_1"	318	1	1	2.78867911843663	NA	NA	-10.9556276270579	NA	NA
1	"LevelIndex_1"	319	1	1	2.79575246272082	NA	NA	-10.9770039156959	NA	NA
1	"LevelIndex_1"	320	1	1	2.79491049503297	NA	NA	-10.947621564382	NA	NA
1	"LevelIndex_1"	321	1	1	2.7818424047967	NA	NA	-10.9172628971023	NA	NA
1	"LevelIndex_1"	322	1	1	2.77479014204813	NA	NA	-10.9044247264471	NA	NA
1	"LevelIndex_1"	323	1	1	2.81712353104118	NA	NA	-11.0431707270906	NA	NA
1	"LevelIndex_1"	324	1	1	2.77067142659623	NA	NA	-10.9107066173583	NA	NA
1	"LevelIndex_1"	325	1	1	2.79485258477904	NA	NA	-10.9670575725675	NA	NA
1	"LevelIndex_1"	326	1	1	2.79248496367392	NA	NA	-10.9751815266575	NA	NA
1	"LevelIndex_1"	327	1	1	2.79346022373522	NA	NA	-10.9764263977877	NA	NA
1	"LevelIndex_1"	328	1	1	2.80644013753623	NA	NA	-11.0143212316586	NA	NA
1	"LevelIndex_1"	329	1	1	2.80697370943105	NA	NA	-11.017726825797	NA	NA
1	"LevelIndex_1"	330	1	1	2.80116846884709	NA	NA	-10.9827704481299	NA	NA
1	"LevelIndex_1"	331	1	1	2.78376011072254	NA	NA	-10.9374581331223	NA	NA
1	"LevelIndex_1"	332	1	1	2.79149912426694	NA	NA	-10.9598779079588	NA	NA
1	"LevelIndex_1"	333	1	1	2.79372287444466	NA	NA	-10.9660250614999	NA	NA
1	"LevelIndex_1"	334	1	1	2.79760497384655	NA	NA	-11.0008432181945	NA	NA
1	"LevelIndex_1"	335	1	1	2.75555289164811	NA	NA	-10.8429278358883	NA	NA
1	"LevelIndex_1"	336	1	1	2.82425127115152	NA	NA	-11.0689490759198	NA	NA
1	"LevelIndex_1"	337	1	1	2.78757814709844	NA	NA	-10.9438832955283	NA	NA
1	"LevelIndex_1"	338	1	1	2.79051170719866	NA	NA	-10.9530597977254	NA	NA
1	"LevelIndex_1"	339	1	1	2.75808538415357	NA	NA	-10.8436604077995	NA	NA
1	"LevelIndex_1"	340	1	1	2.76517226773756	NA	NA	-10.872755621093	NA	NA
1	"LevelIndex_1"	341	1	1	2.78001045492188	NA	NA	-10.9228294625496	NA	NA
1	"LevelIndex_1"	342	1	1	2.78573865836135	NA	NA	-10.9411688845031	NA	NA
1	"LevelIndex_1"	343	1	1	2.8112106421551	NA	NA	-11.0103507256013	NA	NA
1	"LevelIndex_1"	344	1	1	2.78090232750915	NA	NA	-10.8961965698421	NA	NA
1	"LevelIndex_1"	345	1	1	2.76627943089366	NA	NA	-10.873283998379	NA	NA
1	"LevelIndex_1"	346	1	1	2.78093878726447	NA	NA	-10.9269519256023	NA	NA
1	"LevelIndex_1"	347	1	1	2.77874390237312	NA	NA	-10.9169922004393	NA	NA
1	"LevelIndex_1"	348	1	1	2.79318529416608	NA	NA	-10.9572357923298	NA	NA
1	"LevelIndex_1"	349	1	1	2.74314311202104	NA	NA	-10.8062788267344	NA	NA
1	"LevelIndex_1"	350	1	1	2.78851190715688	NA	NA	-10.9607433391666	NA	NA
1	"LevelIndex_1"	351	1	1	2.78120192128724	NA	NA	-10.9320454326479	NA	NA
1	"LevelIndex_1"	352	1	1	2.80280064599082	NA	NA	-10.9895722881071	NA	NA
1	"LevelIndex_1"	353	1	1	2.78019794119338	NA	NA	-10.9190333019984	NA	NA
1	"LevelIndex_1"	354	1	1	2.76151456470493	NA	NA	-10.8614831753519	NA	NA
1	"LevelIndex_1"	355	1	1	2.76584826355254	NA	NA	-10.8637674588319	NA	NA
1	"LevelIndex_1"	356	1	1	2.78483521569105	NA	NA	-10.9534294956926	NA	NA
1	"LevelIndex_1"	357	1	1	2.76847593282707	NA	NA	-10.8805695892713	NA	NA
1	"LevelIndex_1"	358	1	1	2.8014067867028	NA	NA	-10.995052312465	NA	NA
1	"LevelIndex_1"	359	1	1	2.78330908565505	NA	NA	-10.9436460173277	NA	NA
1	"LevelIndex_1"	360	1	1	2.77962335186898	NA	NA	-10.9290057330745	NA	NA
1	"LevelIndex_1"	361	1	1	2.77835224178496	NA	NA	-10.9184304801071	NA	NA
1	"LevelIndex_1"	362	1	1	2.80124055020891	NA	NA	-10.9833428419904	NA	NA
1	"LevelIndex_1"	363	1	1	2.78987818499388	NA	NA	-10.9684960371092	NA	NA
1	"LevelIndex_1"	364	1	1	2.79908655130841	NA	NA	-10.9767151762601	NA	NA
1	"LevelIndex_1"	365	1	1	2.78522560174521	NA	NA	-10.9520596780783	NA	NA
1	"LevelIndex_1"	366	1	1	2.79615111676654	NA	NA	-10.9738503307556	NA	NA
1	"LevelIndex_1"	367	1	1	2.78727318732047	NA	NA	-10.9590439685825	NA	NA
1	"LevelIndex_1"	368	1	1	2.78132973780793	NA	NA	-10.9098444795633	NA	NA
1	"LevelIndex_1"	369	1	1	2.78634167605701	NA	NA	-10.9517070440011	NA	NA
1	"LevelIndex_1"	370	1	1	2.79481442418194	NA	NA	-10.974411172632	NA	NA
1	"LevelIndex_1"	371	1	1	2.77745814722772	NA	NA	-10.9325577926571	NA	NA
1	"LevelIndex_1"	372	1	1	2.78503187710366	NA	NA	-10.9362038811157	NA	NA
1	"LevelIndex_1"	373	1	1	2.78599420812843	NA	NA	-10.9514436295015	NA	NA
1	"LevelIndex_1"	374	1	1	2.78278443290869	NA	NA	-10.9348839663898	NA	NA
1	"LevelIndex_1"	375	1	1	2.79064312902885	NA	NA	-10.9625937021141	NA	NA
1	"LevelIndex_1"	376	1	1	2.77415444849927	NA	NA	-10.9067907882038	NA	NA
1	"LevelIndex_1"	377	1	1	2.7752496833241	NA	NA	-10.9168223091998	NA	NA
1	"LevelIndex_1"	378	1	1	2.77891723831585	NA	NA	-10.9239770387297	NA	NA
1	"LevelIndex_1"	379	1	1	2.79826493458847	NA	NA	-10.9850723583438	NA	NA
1	"LevelIndex_1"	380	1	1	2.78530909278642	NA	NA	-10.9332863049107	NA	NA
1	"LevelIndex_1"	381	1	1	2.76579446136253	NA	NA	-10.8750612166849	NA	NA
1	"LevelIndex_1"	382	1	1	2.77246492960221	NA	NA	-10.8864991794146	NA	NA
1	"LevelIndex_1"	383	1	1	2.79778683192995	NA	NA	-10.9834196376083	NA	NA
1	"LevelIndex_1"	384	1	1	2.76597896274661	NA	NA	-10.8811014178181	NA	NA
1	"LevelIndex_1"	385	1	1	2.81073975728027	NA	NA	-11.0348204318005	NA	NA
1	"LevelIndex_1"	386	1	1	2.77907508432347	NA	NA	-10.9190536140509	NA	NA
1	"LevelIndex_1"	387	1	1	2.77232523505454	NA	NA	-10.8831190235331	NA	NA
1	"LevelIndex_1"	388	1	1	2.76731932079804	NA	NA	-10.8809878853854	NA	NA
1	"LevelIndex_1"	389	1	1	2.80869304026675	NA	NA	-11.0178477843308	NA	NA
1	"LevelIndex_1"	390	1	1	2.80000089444298	NA	NA	-10.9792249779298	NA	NA
1	"LevelIndex_1"	391	1	1	2.77667894666643	NA	NA	-10.8934747008012	NA	NA
1	"LevelIndex_1"	392	1	1	2.77257584072924	NA	NA	-10.8879588353819	NA	NA
1	"LevelIndex_1"	393	1	1	2.79263835388091	NA	NA	-10.9575348458637	NA	NA
1	"LevelIndex_1"	394	1	1	2.82602651863126	NA	NA	-11.0787165225203	NA	NA
1	"LevelIndex_1"	395	1	1	2.77584263916816	NA	NA	-10.9009691596589	NA	NA
1	"LevelIndex_1"	396	1	1	2.78049409998752	NA	NA	-10.9100278476833	NA	NA
1	"LevelIndex_1"	397	1	1	2.81060759435799	NA	NA	-11.0238009730798	NA	NA
1	"LevelIndex_1"	398	1	1	2.8113243367133	NA	NA	-11.0366542430896	NA	NA
1	"LevelIndex_1"	399	1	1	2.77214071408177	NA	NA	-10.8885065162033	NA	NA
1	"LevelIndex_1"	400	1	1	2.78843326193583	NA	NA	-10.9405300144647	NA	NA
