"LogLikelihood"	"Iteration"
4599.7469877004	1
4596.73706161296	2
4601.43990277911	3
4601.27501072995	4
4603.50609128815	5
4606.20634516699	6
4593.36775884087	7
4607.12956159377	8
4603.98087396018	9
4605.83919284757	10
4601.40696502239	11
4602.96560885627	12
4607.34225731045	13
4615.87582523234	14
4618.70176037299	15
4616.38299919566	16
4606.44166566735	17
4610.6564668473	18
4611.43158573588	19
4614.63638764346	20
4602.05529538443	21
4612.44239269285	22
4605.42821543837	23
4594.73142807129	24
4608.02316591648	25
4608.04131268534	26
4605.93638194704	27
4606.30807557982	28
4610.4598946305	29
4612.33699368767	30
4602.16611149663	31
4617.42660005529	32
4619.03673186938	33
4609.28317145634	34
4604.30442583055	35
4604.13500575737	36
4607.25668410164	37
4602.43613641793	38
4610.59431079633	39
4615.27951447715	40
4607.67300448829	41
4609.37583118901	42
4603.69699853115	43
4607.24570163579	44
4607.89253426684	45
4614.80520195049	46
4604.84102594668	47
4615.37391066797	48
4604.81033776793	49
4602.23923221417	50
4603.68355884131	51
4597.66324758781	52
4598.68123309498	53
4603.45567351869	54
4608.40636607315	55
4608.53664132819	56
4592.04653677221	57
4606.07705560237	58
4604.07107977082	59
4608.05852545129	60
4608.06013409345	61
4597.4032527968	62
4598.24590404591	63
4611.5049758068	64
4607.84216096912	65
4608.57433117988	66
4600.58083570649	67
4613.76638632751	68
4619.9692655611	69
4609.17880782629	70
4614.81265187074	71
4604.15297352961	72
4609.80095558141	73
4612.43517352538	74
4609.15475400622	75
4606.94317971621	76
4616.44372911562	77
4610.43719058493	78
4603.45925718713	79
4597.82698863969	80
4603.42155155465	81
4617.10807718694	82
4596.42712982631	83
4610.32699605758	84
4607.08861777873	85
4613.45687869138	86
4610.5208240362	87
4602.19038351858	88
4605.01145043425	89
4602.6417655588	90
4610.25495374138	91
4610.47643243275	92
4606.45739395413	93
4602.17859120502	94
4596.40964696483	95
4594.93537253202	96
4598.64286676303	97
4603.74858685478	98
4612.3582264968	99
4604.60661309169	100
4603.90392731341	101
4593.95069022754	102
4600.4798938846	103
4609.77198681067	104
4615.27580009504	105
4611.00327933783	106
4616.74489884311	107
4610.13024061967	108
4614.57012732279	109
4599.39284426874	110
4590.27974466852	111
4605.97945962727	112
4609.8384648378	113
4609.62550414486	114
4611.74728911441	115
4596.23579524267	116
4604.15897264169	117
4612.74187378075	118
4600.84132895353	119
4615.25093146316	120
4614.28662494996	121
4620.89865314979	122
4605.70963961296	123
4604.59059278138	124
4615.57110366745	125
4601.73278425611	126
4616.23530104078	127
4619.88075364516	128
4604.25245765972	129
4597.53816045393	130
4587.54019790902	131
4610.80029201322	132
4611.13924337382	133
4610.64587173981	134
4611.88110175081	135
4602.86291940304	136
4596.2602654601	137
4611.96738376209	138
4604.30385700906	139
4612.61992590722	140
4614.89839133512	141
4606.2897461966	142
4604.05464050418	143
4612.61840700181	144
4618.87917166621	145
4615.61224074527	146
4595.72605010013	147
4599.15490297696	148
4608.62816194666	149
4616.18017721234	150
4618.5270462716	151
4599.54462701447	152
4602.9006651784	153
4609.62214983065	154
4608.82079827178	155
4600.84814287262	156
4606.26486315235	157
4606.37122179786	158
4611.66831170088	159
4609.84695620771	160
4593.81819654723	161
4602.50632883729	162
4605.80271775497	163
4604.64460714137	164
4612.97051369442	165
4610.89039497062	166
4606.59789962448	167
4622.15736436317	168
4611.83357562522	169
4611.7762030611	170
4596.34293801655	171
4608.86745863166	172
4607.15285310763	173
4608.25407316987	174
4612.9572730033	175
4606.15955023187	176
4614.13344437898	177
4598.23473304012	178
4615.29561738947	179
4605.17125712204	180
4604.77301183494	181
4604.18306613888	182
4600.00681074043	183
4601.38882464081	184
4606.97384921393	185
4603.63561956924	186
4594.22324823447	187
4612.54249571953	188
4612.67205724169	189
4605.71801460652	190
4608.75826990867	191
4603.56855760345	192
4613.18975664859	193
4603.38419891817	194
4610.61331956404	195
4606.32198332958	196
4602.91941973469	197
4601.15009278008	198
4612.61350851979	199
4605.68343257404	200
4612.0056542124	201
4610.1248504918	202
4608.43912983102	203
4616.29450350826	204
4606.81352824784	205
4611.71703640466	206
4616.93234144393	207
4618.24856878527	208
4613.61056891964	209
4609.92144771678	210
4603.17955616806	211
4603.53248184549	212
4603.07428261658	213
4595.84910943323	214
4618.66707965063	215
4607.71165843907	216
4606.58997287619	217
4607.66620861205	218
4615.35059384868	219
4595.22911594326	220
4596.93136080533	221
4609.95237210193	222
4606.28467298345	223
4609.8949475577	224
4608.33253134224	225
4601.23548685695	226
4608.02601119372	227
4601.06341328708	228
4608.57772645109	229
4617.80467063149	230
4615.17322893584	231
4588.03768572592	232
4612.64905135076	233
4617.27006633537	234
4607.19458858677	235
4614.02670904543	236
4598.24206343087	237
4610.39557941989	238
4605.75183868692	239
4619.38540795115	240
4607.68145176482	241
4610.73337824045	242
4601.38861712822	243
4611.07483020289	244
4606.57675290395	245
4608.65918483482	246
4608.09579722192	247
4612.45358946593	248
4594.27232567666	249
4604.80372720074	250
4604.9177401398	251
4601.8220564147	252
4614.47474462834	253
4606.66237492258	254
4613.51137306306	255
4598.09703692409	256
4608.36522173056	257
4598.21425961553	258
4608.76813664033	259
4602.81562157779	260
4598.53895692931	261
4601.04572040486	262
4600.52077820683	263
4615.77256020411	264
4601.35757926183	265
4612.03787432269	266
4594.75808293055	267
4599.37243996174	268
4606.09640028038	269
4598.55728649311	270
4610.1321286021	271
4601.29890572525	272
4607.09839900596	273
4605.92105849379	274
4600.78631424118	275
4619.45106451101	276
4600.89652789965	277
4614.57114384113	278
4615.65409910197	279
4601.46926948207	280
4614.5290822328	281
4606.42957492636	282
4606.02964921995	283
4609.17825108233	284
4620.81209361845	285
4597.53603070509	286
4600.70758942601	287
4619.70266699595	288
4605.75988072082	289
4599.81637663875	290
4610.06330123621	291
4597.85752894673	292
4609.38648528166	293
4618.74368503734	294
4607.36127842717	295
4617.46648744987	296
4605.72781271373	297
4598.64978032428	298
4607.59646196294	299
4613.70643097124	300
4610.91194983898	301
4610.47024514718	302
4602.56336353888	303
4612.45126805613	304
4610.74390182385	305
4610.59571081746	306
4601.94292005827	307
4598.72526891279	308
4607.72027493728	309
4611.97505112589	310
4604.08976708376	311
4603.33951550003	312
4601.14496760059	313
4607.84367016687	314
4608.63204095479	315
4612.65282329732	316
4599.8929792297	317
4607.81841717542	318
4607.30285161284	319
4603.5997978182	320
4605.71370991572	321
4606.17257444716	322
4607.96597498084	323
4607.23853922724	324
4602.94870305894	325
4601.13867273775	326
4605.58857967859	327
4607.61575003221	328
4615.89219898218	329
4610.86557310604	330
4601.70909614285	331
4613.73243662996	332
4615.00000357223	333
4611.29504818552	334
4611.4792849042	335
4610.0334282392	336
4616.19950858684	337
4610.82825069452	338
4610.52132074946	339
4605.34574426222	340
4615.28389175635	341
4602.40843515322	342
4605.18222597982	343
4607.58624996978	344
4610.07050382105	345
4600.01472059531	346
4603.94504629672	347
4617.23629028977	348
4614.96541469111	349
4612.376216416	350
4608.6367110385	351
4606.6074056161	352
4605.31585355874	353
4609.04765073706	354
4612.32073441713	355
4608.86119123011	356
4590.59415468863	357
4610.6600521608	358
4612.65338694966	359
4621.4823134861	360
4608.22007648928	361
4598.32088145188	362
4595.41900152721	363
4607.40176339294	364
4608.40498935268	365
4608.70817827414	366
4609.15063017222	367
4598.40943815042	368
4603.82912010537	369
4617.05257121006	370
4600.90690023319	371
4614.22882468412	372
4607.72942956768	373
4615.38331971954	374
4607.60024499263	375
4612.82540166058	376
4600.13310211305	377
4618.27316102458	378
4610.89011548001	379
4607.44653397739	380
4616.15260674726	381
4609.35288020876	382
4598.26281445019	383
4613.56422487151	384
4608.39310995187	385
4615.01880058112	386
4597.63467135542	387
4609.98865939296	388
4599.07391990275	389
4605.59558934192	390
4611.43222304502	391
4599.50106794419	392
4616.67063293109	393
4601.00717622112	394
4598.3234464944	395
4598.71425270595	396
4592.99091257869	397
4611.54205839946	398
4612.36924352038	399
4599.81852850002	400
