"Iteration"	"tau_Intercept"
1	1020.53956288588
2	942.392838201461
3	964.020320149472
4	999.827684858654
5	976.330679875226
6	961.913943465118
7	924.821978096811
8	983.191451328223
9	912.485664977505
10	924.199646939985
11	902.921335319625
12	900.244111260369
13	994.216171011956
14	951.56749426522
15	911.339162203395
16	1012.81642739875
17	943.997607619489
18	858.262734780357
19	961.937248096416
20	942.853963312885
21	948.496157535275
22	1013.47904633654
23	913.862660082406
24	920.016196171415
25	1065.20813724345
26	944.071852662726
27	944.605195954482
28	894.782183065622
29	964.461227271853
30	1015.21145992639
31	945.080166832313
32	892.591228222976
33	906.383312649429
34	902.351147288178
35	980.936243191246
36	955.874774727466
37	930.851561857684
38	960.936072130303
39	948.032080976269
40	933.550176562921
41	909.403709896117
42	914.867430120331
43	903.618940422288
44	969.393459843903
45	977.995231048845
46	913.762669098441
47	910.98537594226
48	937.72605076569
49	939.176628537615
50	1006.81690771562
51	948.686976327514
52	982.776661038236
53	1010.66451016378
54	950.057046119874
55	929.066875213815
56	916.732336778249
57	984.023374426417
58	904.891501112045
59	933.29211546031
60	950.028987447334
61	957.602162047585
62	949.08095700104
63	1033.59582716335
64	995.495020584713
65	937.677996670211
66	944.653070386088
67	927.720297832632
68	948.900149061651
69	995.406829837364
70	982.777546866177
71	981.773165184838
72	901.869380391956
73	908.445910651045
74	946.885625812339
75	944.242878356862
76	934.327850153132
77	922.202578009936
78	979.199044430836
79	918.252694067544
80	961.063127373513
81	898.640444339794
82	915.654841201494
83	990.536638883236
84	944.550922236459
85	952.371074727774
86	971.238116066283
87	889.651950348924
88	956.160103741182
89	980.136208118244
90	971.192649190073
91	913.935091107837
92	972.516967467342
93	920.781902897486
94	946.932840032856
95	951.322774990684
96	1012.45180724883
97	1017.81392842006
98	935.456519116762
99	882.059072468707
100	1003.56622017927
101	950.271947900935
102	1013.18868626978
103	912.840662609575
104	941.841865134971
105	938.895961395595
106	998.1597498913
107	959.557781785634
108	963.919420649913
109	883.108582538448
110	938.717481697002
111	897.926147868926
112	962.47150681088
113	958.519086485441
114	934.913562849325
115	943.850393167708
116	976.904336691122
117	927.410006568026
118	991.0579235431
119	976.571608358851
120	943.822204767886
121	967.652608010816
122	957.945720272334
123	889.502756103213
124	983.187005565594
125	909.169262041973
126	939.959523208214
127	878.031722719565
128	942.48334653133
129	906.200807981647
130	924.174047631251
131	954.599057420991
132	954.801732232524
133	976.521156155689
134	1010.49136085743
135	958.440236225785
136	958.172912464951
137	891.438817438749
138	926.709299520568
139	1002.62729628028
140	913.826023088555
141	976.95707007986
142	960.115838397627
143	898.24186942981
144	978.984856616484
145	931.003161493295
146	955.423809418387
147	934.752844557647
148	993.041636802173
149	898.705363258622
150	972.326418721091
151	985.314907752701
152	915.896912678491
153	992.374850059776
154	933.894095874492
155	917.745487901571
156	931.923087325933
157	908.095847707393
158	931.895436935135
159	972.094722197979
160	937.687319079049
161	952.101003501736
162	1001.02521581706
163	939.658433408251
164	990.129169775778
165	1003.1166602555
166	937.946131508791
167	979.295676623146
168	900.767240091192
169	916.912611580249
170	956.460955716921
171	944.9864748547
172	942.772468361212
173	1022.8651686779
174	944.104942615865
175	995.446653050828
176	997.526387714867
177	964.770577145067
178	922.628554519684
179	999.885747225802
180	1053.49680117178
181	954.206309665418
182	920.554323887806
183	916.621424912881
184	932.142777144645
185	970.529905906717
186	914.876233663784
187	938.720092368292
188	916.351986833151
189	987.034878489878
190	945.057071615998
191	963.178926004886
192	978.637457157212
193	971.18784025448
194	974.490064078345
195	972.935453683806
196	1017.24783130957
197	911.88425740453
198	952.894368420315
199	935.26396452845
200	932.555839363958
201	912.314042199038
202	955.569543549328
203	946.074517035382
204	877.160392825754
205	923.488053407188
206	986.843273378465
207	993.618686804725
208	1002.65321954296
209	920.258862690693
210	907.09244330996
211	912.446616020681
212	901.047877164482
213	910.06218529572
214	918.34436861356
215	948.601114974741
216	960.770185145384
217	933.303844431785
218	950.672754937341
219	884.028513182197
220	1043.89276804454
221	940.190919164506
222	841.512645753605
223	1012.83526791377
224	954.661416392238
225	951.486450059972
226	991.593361074801
227	922.361170985056
228	1050.85256620296
229	934.995864476426
230	955.598390526934
231	978.029137802814
232	976.429877706667
233	954.571884681886
234	929.093531627906
235	968.735331887259
236	943.332872197713
237	998.540757383518
238	935.401693105192
239	950.867647836638
240	1027.22845800427
241	934.547265127826
242	931.283620038334
243	927.915418988646
244	916.032365924274
245	1008.96116952216
246	1043.49594258249
247	951.704128849492
248	938.424477981862
249	966.090884156131
250	955.797022069849
251	943.101733876568
252	968.727209755407
253	975.682245459596
254	963.5066906931
255	985.03152112959
256	873.049103436583
257	954.578129435935
258	940.130720103335
259	925.92850723478
260	973.726457805512
261	969.359488204604
262	917.72054747956
263	933.317806280726
264	879.633385139294
265	945.688528646649
266	918.888099102528
267	944.795664576788
268	963.982369596153
269	920.234915817851
270	1019.81223443976
271	990.365417148637
272	955.240175767894
273	966.927233989875
274	1028.65647473041
275	967.171704660941
276	940.998629424362
277	976.550717195184
278	963.62721720947
279	1030.1783153892
280	1012.23520106027
281	931.432543025501
282	1030.89415458918
283	943.098548552272
284	980.185723966252
285	921.9899556416
286	956.133132276371
287	949.025658754342
288	955.94170719013
289	949.33635506901
290	944.730240922393
291	996.115759311907
292	994.662981658863
293	897.272059870074
294	954.88347139664
295	980.02975213436
296	919.396473233353
297	973.650557882384
298	962.408949215195
299	980.582702162874
300	948.273271858219
301	958.875384431823
302	962.165512976428
303	907.10836997275
304	959.860385287254
305	977.611123474847
306	873.213095612315
307	937.123450012205
308	978.916929768626
309	950.414519710961
310	983.848948926716
311	938.441710870315
312	944.785186044927
313	875.428732483904
314	919.989971747465
315	1004.82893095059
316	1009.79355087914
317	965.753931772908
318	916.574063088551
319	878.009034946429
320	934.063101320181
321	969.962362741547
322	920.602947907628
323	978.833064791525
324	1020.17039054968
325	852.245386343074
326	906.459585308117
327	926.312935185983
328	952.584354803124
329	933.887309552212
330	915.549557461805
331	993.032024384346
332	963.657189844042
333	942.088703506394
334	909.077285555963
335	965.107637707701
336	961.75495884646
337	980.36764618616
338	911.330362820581
339	904.219132749962
340	981.140596084394
341	985.106901061781
342	995.613925010758
343	888.996732130137
344	966.237043597538
345	946.582601955373
346	923.202401890476
347	935.995263670476
348	979.476952720716
349	932.490115448934
350	952.768130457469
351	903.356096393521
352	923.105915208214
353	949.527766793696
354	890.317586186975
355	955.21681918163
356	921.334635039577
357	896.548458716337
358	919.060676247894
359	1036.5777058075
360	1023.69699172533
361	950.701858542679
362	938.734789830022
363	892.309362163302
364	994.317098407064
365	948.762101261626
366	864.560968874173
367	960.065516569409
368	986.106454265469
369	923.323867974418
370	957.70873572064
371	964.001795179739
372	990.124256434874
373	962.882742087122
374	939.432193158926
375	953.769429012217
376	948.274524601417
377	929.843384188585
378	968.389284791832
379	858.397675676018
380	972.57065516119
381	905.55402265436
382	889.88530322281
383	888.304929525129
384	970.530265089939
385	965.999483626029
386	992.952896935599
387	1037.36654689694
388	865.29081877216
389	970.991440507228
390	921.994999475089
391	1020.0451517654
392	1004.21689507943
393	868.343313879176
394	916.84693622388
395	942.378920350967
396	924.229035329457
397	933.963523556592
398	889.551931112565
399	937.495913073682
400	1009.99266719561
401	927.167834878935
402	936.54966730038
403	915.822415982607
404	965.099074453511
405	967.554279276581
406	920.802343142311
407	953.100345977787
408	963.4124569719
409	839.602753028815
410	973.288493557913
411	943.128287226345
412	986.239483672844
413	946.950111226892
414	990.126816992956
415	975.046309837456
416	926.351240250899
417	1041.62267891281
418	934.641396569764
419	964.226501118979
420	893.355675450338
421	1011.81064080549
422	912.271329489646
423	924.795025952836
424	924.851213193642
425	945.582509761158
426	899.108714539169
427	915.463842375065
428	973.266521619062
429	977.418703504962
430	927.590072622984
431	936.585372048738
432	863.658706732283
433	958.448369537676
434	981.114234000673
435	858.46971637466
436	952.597119189024
437	941.502289934171
438	974.846703299584
439	993.705204258755
440	1000.73431633944
441	972.729654443822
442	868.89231647257
443	925.4845562312
444	1009.58014071126
445	883.030175712197
446	1003.31126986652
447	996.314997676273
448	962.260189870041
449	958.603345595163
450	962.23989128601
451	966.770481523799
452	956.28890269036
453	978.795714647654
454	1052.81819995128
455	957.238108643469
456	982.219451193076
457	1022.97387370026
458	984.152410888578
459	902.055253266515
460	1001.05613728463
461	972.317690743966
462	916.984649406642
463	936.005540330161
464	895.171610167441
465	941.255467038206
466	941.777989750835
467	1084.7659602791
468	1023.20476732389
469	936.293790151631
470	968.565251524049
471	938.071602849936
472	929.525165061102
473	953.610032840713
474	941.98087517775
475	1045.49425875804
476	853.10345458395
477	973.549053750189
478	941.777579427855
479	1032.93574667318
480	942.951871273927
481	963.998678694313
482	902.793877083792
483	880.297659603454
484	920.453651191366
485	915.821643011601
486	987.762903511568
487	992.266497736581
488	868.392205649716
489	950.584625585901
490	952.110453391816
491	913.154681395736
492	975.635017090616
493	953.733901923694
494	936.729903364663
495	1000.50700409534
496	992.260081331973
497	914.631155415153
498	949.34148110134
499	951.073283751796
500	956.621810339747
501	1004.55773569799
502	977.028764273454
503	918.967762910935
504	973.637701326308
505	936.434151197934
506	918.414401815495
507	945.757583643953
508	870.915604607623
509	936.262825942717
510	1001.56913975643
511	959.309419170786
512	934.977295999249
513	1002.99715978725
514	965.682599843986
515	947.518511370638
516	1000.77704172794
517	883.155703760543
518	982.550844727714
519	919.611223059157
520	988.588672553914
521	979.242634744669
522	926.444782762571
523	910.11976874963
524	903.07162012969
525	914.820413254048
526	913.306704522436
527	921.863312824
528	921.693139799988
529	908.880784525254
530	912.374726896175
531	935.45485824577
532	915.801599790074
533	960.922468642751
534	937.237333539146
535	924.751115714452
536	943.660430149102
537	979.256084303999
538	925.843781336576
539	942.834558328033
540	944.774883910173
541	970.182166125254
542	918.714739648443
543	980.315013713233
544	940.680744444329
545	923.173999420512
546	980.705245024166
547	944.15801654267
548	1019.85703601836
549	994.91654218243
550	904.570925136546
551	891.451935024506
552	991.260023868281
553	963.598927082023
554	890.327059873967
555	856.18012378554
556	930.350327391592
557	1027.65513886219
558	941.104959107184
559	991.369875030121
560	965.90313517398
561	990.812130344174
562	972.382731290366
563	938.154006776268
564	964.143080028862
565	896.894523346973
566	916.068198203328
567	909.706488987488
568	918.941113834906
569	931.795628903488
570	948.249166428633
571	898.929294299957
572	938.461883531452
573	886.553835302986
574	962.556167589725
575	922.207129626564
576	950.58615641942
577	952.521163713116
578	938.007321132404
579	930.812418544604
580	973.987768651577
581	989.059229257652
582	977.477568933253
583	966.023341786844
584	980.518944224596
585	963.33686009438
586	924.344360091566
587	1001.00112718014
588	925.401486164078
589	977.126960914375
590	951.673745871343
591	959.256751341727
592	978.535958826819
593	966.610643423625
594	964.625951912987
595	929.274249184627
596	943.240644861668
597	932.383601845275
598	975.802021415738
599	978.285298091904
600	910.164808059838
601	943.339348248604
602	938.295246778395
603	975.65025794267
604	963.931850678186
605	1012.9284939504
606	955.807613082493
607	921.382724692997
608	997.920608295031
609	890.577967016635
610	932.967614824286
611	994.090240510048
612	930.427548520454
613	968.426650364261
614	911.466806031515
615	972.58773667984
616	951.651013382955
617	1001.98210310474
618	922.46777081697
619	968.110771290189
620	915.887852121542
621	944.117182646556
622	944.727074369474
623	991.282533810006
624	878.820100757103
625	970.957865704316
626	925.005933410739
627	933.388870399779
628	984.407682470025
629	986.924315322224
630	940.756329107082
631	866.111871142843
632	929.833163502003
633	978.129980604041
634	958.428966729368
635	923.398019704098
636	923.281887889801
637	980.468816800001
638	929.521684743014
639	946.843398529276
640	964.621692749791
641	965.158913129388
642	958.580663810699
643	941.915606439313
644	938.635134784549
645	995.866491709291
646	975.036325338374
647	1003.15547216926
648	929.101074790522
649	886.04590759551
650	941.893384383007
651	933.671978349863
652	956.130473327434
653	959.99788825125
654	940.265272365639
655	929.678840826434
656	1028.2480589296
657	877.599504184709
658	875.238763669143
659	952.9118207736
660	982.553853702444
661	941.3266618136
662	935.496197070732
663	988.597317936724
664	951.93686694531
665	942.521341533598
666	1010.67648311278
667	964.698164328446
668	1001.49250856153
669	932.206157352969
670	986.595371336683
671	955.819833495511
672	944.903098450258
673	984.821619419119
674	908.606644869517
675	969.725237308545
676	977.39779016534
677	914.385611506616
678	899.325448589291
679	896.557585892414
680	961.288013176304
681	979.753694235601
682	917.514967691992
683	919.804332764253
684	924.284499906359
685	967.45203784352
686	923.998231589509
687	1008.36712981819
688	989.974194229536
689	1094.45105330437
690	931.306105375452
691	962.964935644182
692	970.853927528342
693	978.854770440283
694	997.901873959353
695	880.061560553756
696	975.194052154982
697	973.121648829565
698	967.539422509243
699	958.767132211128
700	976.02539602101
701	1085.26800218477
702	895.525953912773
703	981.874259570526
704	973.959374980465
705	927.033648296636
706	934.040387301916
707	898.811363405529
708	901.129951711931
709	1004.64376920088
710	875.181086819005
711	858.181207935106
712	843.842108670161
713	980.769444728991
714	980.323479641597
715	961.26181806978
716	937.787958747309
717	960.083428188842
718	941.568932369674
719	920.294476391156
720	991.393205076927
721	928.156796283268
722	952.50945408758
723	826.79178832207
724	1037.36485922941
725	857.006992372203
726	975.912350658828
727	1000.68898045197
728	918.271740168524
729	953.517522846084
730	914.460856052956
731	957.165336364409
732	962.600740890055
733	919.033718848836
734	941.027257894226
735	979.650829505644
736	922.808430153665
737	995.927374652958
738	933.392616246911
739	941.254988199746
740	924.59426342083
741	929.649936225506
742	894.201160018724
743	987.540478443322
744	972.763184644162
745	987.777726765154
746	938.167230722316
747	958.193476495458
748	961.662150268951
749	939.877139176525
750	956.324571420229
751	905.354404052068
752	949.579100617285
753	859.731437532773
754	947.564865694389
755	975.172481032827
756	932.876099638168
757	980.930845214393
758	930.323359287631
759	970.8515952978
760	979.269270979805
761	978.943788549859
762	967.183728820324
763	992.156322486064
764	910.923370865738
765	910.326902471107
766	944.644816760517
767	895.869040570451
768	947.158419410135
769	933.977292766205
770	928.80522703544
771	958.249127789418
772	933.194807073126
773	975.119899134521
774	960.215485412556
775	943.647556962689
776	937.499258335984
777	1023.9724474387
778	943.572566556348
779	975.265591927546
780	953.884237879654
781	994.105642096752
782	886.797873054179
783	930.106917759803
784	949.360225488375
785	915.698375104725
786	950.719755724003
787	998.521040105963
788	993.186944263596
789	985.844024499158
790	941.49197948695
791	931.746093805946
792	1008.60995220412
793	926.826389311023
794	985.102474759231
795	995.842479282132
796	1023.4372916297
797	934.550403503502
798	894.801497943014
799	985.611471211222
800	946.051046793937
801	895.073938287684
802	937.848244011759
803	994.589189296444
804	989.033223191118
805	953.069196423548
806	970.344649742495
807	921.639942566249
808	870.830721950869
809	937.410180914518
810	972.35781539144
811	1012.55468773559
812	912.9441487153
813	967.455165122072
814	980.357250875885
815	977.88762806831
816	903.907680767523
817	947.106566252328
818	888.440170273512
819	985.612473908438
820	970.23463338688
821	946.10798239418
822	927.104753534027
823	1039.28766993482
824	1015.9447762111
825	935.102011344824
826	983.489172327955
827	987.959528557406
828	1030.93662664856
829	903.831937280781
830	1006.08595709439
831	919.668315416904
832	954.009092682224
833	906.452627582195
834	960.159590073382
835	986.860898668107
836	943.192676413077
837	905.541395250829
838	921.554100681892
839	882.907855945851
840	907.696175188879
841	950.205767591432
842	1015.72368482527
843	920.680286222345
844	966.617760800413
845	898.416234320382
846	950.88726661947
847	1023.68966426948
848	943.320468214924
849	976.755166887691
850	945.46402291747
851	903.684786611247
852	958.567867520933
853	978.224894297641
854	952.556127093914
855	938.904192646651
856	983.515349116639
857	912.919096604061
858	959.815058857214
859	944.05131413372
860	997.741110643262
861	960.162243846356
862	988.927698247291
863	966.670431206648
864	922.940558810494
865	1040.0709143313
866	897.175399999234
867	962.925874130008
868	929.699490044538
869	975.069300031186
870	946.72745557479
871	964.054805774042
872	940.544548689869
873	887.965083551292
874	1034.63125668883
875	989.649146675137
876	936.220243816089
877	952.071590422702
878	1045.42360488174
879	895.002171577882
880	928.876445319497
881	921.31228497119
882	962.218697949055
883	978.999751417387
884	971.891103397087
885	954.145915728041
886	940.859619911406
887	927.399391077491
888	904.740543225943
889	968.526069188131
890	930.393539027852
891	988.743870664759
892	973.1812064059
893	918.446622424224
894	891.787506324405
895	940.809878516903
896	954.765368909879
897	991.845677572916
898	957.777086464116
899	958.36089026021
900	972.488114232503
901	921.24536836825
902	874.785631994991
903	932.656738462511
904	984.357656070981
905	973.567148614241
906	934.133337036851
907	932.92236251514
908	928.605064408136
909	880.125137616728
910	1007.03361107263
911	893.90279444278
912	908.42226335988
913	974.125489978742
914	949.975442106498
915	970.961096888253
916	994.573403482823
917	937.132609522149
918	924.958803448955
919	973.242518763595
920	926.197337252329
921	976.795396691263
922	928.206413003163
923	997.74989471253
924	901.573526927172
925	980.286813502676
926	924.262242636427
927	866.996623957014
928	1066.8642409704
929	922.848976073336
930	948.078989357312
931	895.72037988491
932	1039.82673364058
933	913.935133281117
934	926.996085717381
935	866.839751451605
936	936.546583612502
937	952.9661216592
938	961.843582814225
939	951.980559048624
940	928.741239532276
941	964.160900744512
942	1018.10052670621
943	988.400285015634
944	940.661334828714
945	927.955728110309
946	912.832276507299
947	931.658749594764
948	1002.06559305372
949	893.826755325845
950	956.324453596732
951	904.964469189547
952	951.852515086773
953	974.732120576881
954	905.749817634224
955	899.666730246874
956	1051.2309209928
957	923.904279236191
958	967.665287638347
959	1018.31412990289
960	915.389626394086
961	895.469937258634
962	974.028331790942
963	1024.52596443002
964	950.808282510274
965	915.864654997713
966	982.876154473285
967	934.573162389319
968	922.46531575944
969	907.838113614065
970	963.067728470269
971	979.734187060423
972	952.914884116134
973	899.922223751053
974	910.447011005333
975	1011.26846844044
976	958.025677263444
977	993.145735240073
978	1024.59166439569
979	974.196079454982
980	934.883961711238
981	904.741182686365
982	981.340644167916
983	938.64795015945
984	944.534044394908
985	950.98663439146
986	948.050808189669
987	989.199686819025
988	950.083545996115
989	947.730158247912
990	938.715912152185
991	945.5642401652
992	1004.96069388053
993	924.861864198227
994	953.89362205953
995	908.757366822155
996	942.534425358848
997	934.792249064998
998	977.988244430432
999	983.923058271605
1000	887.546701502845
1001	959.180099676546
1002	991.667134399278
1003	1003.3642669449
1004	1000.38414089169
1005	963.746898048859
1006	913.629255760777
1007	1005.54075524966
1008	931.695987284426
1009	966.709997832661
1010	904.74217635333
1011	916.788762795889
1012	925.66840034939
1013	875.58549944879
1014	908.457805952809
1015	994.716778505659
1016	943.945144860931
1017	974.404716066975
1018	958.070048379586
1019	969.284336368565
1020	963.475937698035
1021	944.661196387286
1022	1003.57056607748
1023	960.916124393081
1024	964.402121170853
1025	894.155113895506
1026	914.90138884063
1027	933.717718490947
1028	986.414429099928
1029	1004.68520244662
1030	975.628858476156
1031	922.020845608503
1032	939.974215004291
1033	910.461966010929
1034	939.066564169455
1035	907.826964919207
1036	999.209786444574
1037	972.38450335045
1038	977.297344660882
1039	905.077060903318
1040	939.358569387229
1041	939.750512728509
1042	1007.43115296615
1043	944.586787936318
1044	1007.89604356982
1045	928.726106301956
1046	931.023465261074
1047	967.505561111504
1048	1068.19661011172
1049	978.848704647073
1050	945.538932230567
1051	901.307257516667
1052	961.685224460719
1053	942.139255131422
1054	893.873683733466
1055	997.450197513967
1056	942.182508164427
1057	907.67513802017
1058	961.096741933193
1059	920.102570472717
1060	913.443621641618
1061	971.624019557506
1062	964.835300363584
1063	991.030307888455
1064	977.6289957692
1065	984.357239077597
1066	897.906132982291
1067	946.09315910402
1068	907.072244759783
1069	932.450441666449
1070	946.746124429567
1071	985.70202710919
1072	941.162106819458
1073	908.757492444063
1074	962.525082263273
1075	928.158648418449
1076	1018.78956945138
1077	938.706628004521
1078	984.850816066196
1079	951.170973536071
1080	942.951089024998
1081	899.873463539396
1082	937.827418569645
1083	961.595428567826
1084	984.925528107295
1085	987.469033938854
1086	997.952839097988
1087	977.779705791211
1088	929.559286679772
1089	962.361448729678
1090	980.335360132419
1091	913.46777696993
1092	965.26155570064
1093	967.147520284687
1094	918.611908361983
1095	1011.90269290432
1096	990.044102918767
1097	963.322191951957
1098	945.855808917798
1099	1010.17666385111
1100	1004.76207637037
1101	901.606278604544
1102	1034.41353787157
1103	1006.75313829865
1104	943.251414321421
1105	918.237168189791
1106	1054.02341562967
1107	990.555927858398
1108	924.794558378384
1109	935.09614346133
1110	930.648196210519
1111	1070.22759080405
1112	930.015353640802
1113	943.621494158352
1114	965.181465989528
1115	938.641385212206
1116	973.248774589533
1117	889.858545083438
1118	917.013270001404
1119	960.661027782453
1120	979.85476467139
1121	934.294608788263
1122	932.33934984868
1123	1037.15451973782
1124	956.678339764264
1125	918.964491106724
1126	936.58153226384
1127	995.574107555304
1128	828.804261579929
1129	959.615975226938
1130	1004.7206499179
1131	950.013300679892
1132	961.147086587128
1133	903.180184316835
1134	976.076266798303
1135	1023.90183371274
1136	955.055196948251
1137	895.017233723475
1138	971.103334593255
1139	935.232611581311
1140	935.834380003323
1141	972.451923937869
1142	931.634967564979
1143	993.203841466905
1144	938.953503102876
1145	991.381054937704
1146	942.664012773022
1147	956.150837238765
1148	945.735826902547
1149	932.726599536576
1150	937.876310304618
1151	990.633561976859
1152	970.981562170512
1153	995.842789212164
1154	940.704498848037
1155	928.152230862736
1156	985.542152421903
1157	963.133761075181
1158	924.360823493892
1159	855.706431360152
1160	959.257144747371
1161	906.154790523018
1162	981.274148149642
1163	1003.71658077658
1164	901.313158549066
1165	1019.62846291868
1166	890.603738918528
1167	998.46264889763
1168	917.65651146418
1169	952.47089928618
1170	934.478620335047
1171	980.746425835038
1172	923.679332340354
1173	943.625321720876
1174	962.762578611254
1175	886.473483135904
1176	898.497557542234
1177	979.808170996107
1178	954.824391316653
1179	976.784682780211
1180	917.620073492819
1181	971.951077172295
1182	942.856223121746
1183	900.650138967004
1184	947.795935341635
1185	916.196677364048
1186	889.295784424313
1187	986.682281549791
1188	945.169715317201
1189	965.061939187625
1190	983.560933151114
1191	998.876046501417
1192	999.005683052758
1193	884.136269069382
1194	978.713604710076
1195	981.815599930554
1196	928.075076777838
1197	913.394072757424
1198	964.583418885343
1199	923.261421560764
1200	946.985608383395
1201	942.189177209668
1202	949.414437942484
1203	930.395986181104
1204	977.806659061872
1205	883.172013082026
1206	1004.02056339466
1207	946.01419255282
1208	932.960248646716
1209	968.410655702378
1210	953.285720510195
1211	957.304136290477
1212	957.710074250434
1213	949.337375005734
1214	1012.97710245497
1215	987.064644830826
1216	945.019052002219
1217	904.258081260897
1218	936.965049135921
1219	929.602759287658
1220	914.10014451011
1221	899.368411391573
1222	941.664772635901
1223	874.868209010285
1224	953.965093154948
1225	981.467378566503
1226	939.005358518822
1227	987.474574869993
1228	916.73655322059
1229	909.001340619635
1230	926.244852627876
1231	986.11303594933
1232	972.156395676633
1233	953.596827031062
1234	915.665888305885
1235	933.706622870474
1236	988.863988008288
1237	983.596010303833
1238	939.719109084468
1239	897.537603448586
1240	965.640609360709
1241	984.327179742199
1242	949.203588623082
1243	957.661479646566
1244	945.264716768823
1245	944.046003140224
1246	925.633691123939
1247	926.025937535718
1248	948.380877012671
1249	931.56552715516
1250	972.213187198968
1251	915.347799324828
1252	945.524230918971
1253	991.899167101684
1254	949.440929232073
1255	947.060615650257
1256	976.693436375299
1257	910.393228478318
1258	925.129886397192
1259	911.099949938568
1260	1008.67600095311
1261	928.190634828612
1262	959.565652501893
1263	959.434606425827
1264	918.679015075022
1265	953.40100125392
1266	893.573916675195
1267	943.936280796128
1268	897.041812080662
1269	994.347412517956
1270	906.859176034707
1271	949.649263303161
1272	958.982639439584
1273	946.366275666561
1274	988.483257181476
1275	979.379660407413
1276	1011.51536466465
1277	937.794792987398
1278	996.952721376582
1279	954.251718502701
1280	923.197397988372
1281	958.040358103205
1282	947.947649345669
1283	995.646638879684
1284	918.745638270878
1285	965.026928600344
1286	893.982002021188
1287	904.194114323296
1288	921.322969850011
1289	957.047817269732
1290	1029.23788106722
1291	961.998287967359
1292	990.509363017938
1293	968.184838613201
1294	1005.804110902
1295	1000.65785492332
1296	949.91901170067
1297	1009.57029705658
1298	963.514432122592
1299	909.810194910313
1300	967.313812506909
1301	943.139316362148
1302	938.910785105421
1303	947.037977547241
1304	956.323673934423
1305	897.626916393372
1306	1018.56611089688
1307	914.422794136075
1308	958.523196119746
1309	956.301317594848
1310	943.364032795175
1311	945.752788131847
1312	972.191135624352
1313	943.811744781102
1314	1027.92457254346
1315	899.696843443344
1316	947.140085514543
1317	962.805232654475
1318	993.842350342531
1319	954.926837948873
1320	997.529141732335
1321	964.572721614956
1322	999.335587099138
1323	907.486459466354
1324	913.154867226389
1325	965.950993034144
1326	890.722398050737
1327	862.315425306439
1328	969.155250895574
1329	949.22816356768
1330	904.642701303743
1331	955.085281660547
1332	877.349429176643
1333	989.560745892368
1334	989.074327352426
1335	956.848922757215
1336	956.771779188185
1337	969.377815766533
1338	982.872548692954
1339	923.251007357534
1340	1026.37997700576
1341	917.526067043604
1342	970.268987668455
1343	991.732965780134
1344	912.126658484253
1345	943.832942858708
1346	924.7227356036
1347	962.046214006579
1348	971.327993881117
1349	963.044685760857
1350	942.174911829717
1351	899.864601580413
1352	938.184231800575
1353	1011.57028532196
1354	970.519007388482
1355	936.100593298799
1356	919.504703670395
1357	1015.48357727642
1358	980.012463425742
1359	898.004214319279
1360	900.420723065296
1361	1036.51486023579
1362	938.585612672406
1363	936.80888584205
1364	965.386886918823
1365	917.092598124922
1366	1011.5425425249
1367	895.009304887018
1368	928.950694594522
1369	975.611849538294
1370	966.595052593613
1371	948.381242526044
1372	933.048310722106
1373	999.111935528865
1374	977.155489692947
1375	963.974085412506
1376	952.420177292917
1377	919.607679617592
1378	925.252117236812
1379	993.750430996928
1380	922.294951878428
1381	918.781704752843
1382	972.701444781979
1383	945.300614476371
1384	912.314929265732
1385	1031.73474520973
1386	983.129576124015
1387	944.675937058156
1388	965.382827546622
1389	955.382617481807
1390	970.384257553687
1391	911.779428421689
1392	1019.74381322848
1393	949.709877568157
1394	947.422898856779
1395	910.504390790524
1396	846.711732101786
1397	1028.46326602448
1398	931.800479349453
1399	908.457094641263
1400	937.942284122928
1401	949.996597342706
1402	871.944362075779
1403	960.157717664466
1404	912.174300656045
1405	986.268558080844
1406	977.713998638066
1407	966.772980699969
1408	913.630678337934
1409	923.121338544903
1410	1014.35274921176
1411	1027.13156810899
1412	938.791938610797
1413	915.846722468835
1414	1037.35752539535
1415	973.247416154945
1416	916.978460392878
1417	931.755897341563
1418	963.98840761353
1419	919.741718438562
1420	970.839117711598
1421	963.537320615113
1422	969.526197474256
1423	980.528696343465
1424	959.827795265133
1425	1050.55994161894
1426	956.604144991506
1427	914.310616214188
1428	948.969696704905
1429	894.041457727913
1430	931.069597278757
1431	1029.46214666186
1432	921.949749948466
1433	884.244900487548
1434	908.256565768646
1435	978.627507367407
1436	945.816632557725
1437	1006.05839995188
1438	1008.16688679464
1439	981.185138531709
1440	883.390141782813
1441	951.035025961674
1442	939.035273248626
1443	982.459753661908
1444	887.056974641636
1445	913.414665274931
1446	945.783826001524
1447	946.498406159252
1448	953.068390658608
1449	990.338665781742
1450	1038.90232542954
1451	878.604959378346
1452	978.157328303696
1453	987.085698020788
1454	898.462668312936
1455	910.217432735798
1456	1000.30507624416
1457	1010.81220696758
1458	1067.9135565136
1459	966.587118718897
1460	975.704390330794
1461	994.892270410926
1462	926.617151995372
1463	912.288756181141
1464	956.282110451494
1465	997.8539267416
1466	950.165559955668
1467	925.398834170613
1468	954.203056515913
1469	931.778786041586
1470	947.41217475312
1471	933.868105714852
1472	1003.72748837893
1473	982.454654473841
1474	902.771964829321
1475	984.838008448506
1476	978.588868395591
1477	1021.13543042903
1478	974.677191012383
1479	924.717055927967
1480	996.744644983624
1481	927.6043577411
1482	937.142932685986
1483	898.627174101439
1484	953.289918789365
1485	896.692408636902
1486	888.946575478274
1487	951.180768865122
1488	975.625105688743
1489	1061.05675997459
1490	960.153077989242
1491	941.793390914127
1492	865.206533563788
1493	887.513944292695
1494	910.319530315636
1495	1007.3508388812
1496	953.818975070105
1497	935.162172718509
1498	964.66606179205
1499	948.627185724916
1500	953.774578633703
1501	944.614850939639
1502	928.328951018365
1503	968.754276403452
1504	1010.91606516473
1505	984.020642183205
1506	972.85368666018
1507	932.040870326769
1508	933.473155314801
1509	907.251771722982
1510	1010.85999608299
1511	893.296892703689
1512	978.334078192976
1513	915.620988024163
1514	963.460265543164
1515	903.696577099678
1516	952.321542720833
1517	1013.42549246566
1518	991.070153895773
1519	962.619701520187
1520	925.181962029158
1521	960.479460469129
1522	961.548769093615
1523	1005.73855705591
1524	955.249497591276
1525	947.871885022835
1526	951.592910601536
1527	945.960365413496
1528	943.396974967472
1529	915.88839039884
1530	912.822375698543
1531	978.548999713931
1532	899.678636998221
1533	887.742883492968
1534	911.61713008805
1535	946.63226342086
1536	958.272434331358
1537	932.137049740059
1538	911.109862974591
1539	915.982863337747
1540	969.635148405111
1541	973.194271331194
1542	949.263665884512
1543	947.5460735552
1544	849.740329186039
1545	916.042443751
1546	1044.59298545266
1547	946.082740043657
1548	1009.59450455607
1549	916.509740446923
1550	944.31517900976
1551	906.326919831044
1552	973.517462227646
1553	932.601255393901
1554	910.022531093038
1555	922.724277905055
1556	894.008662704598
1557	970.221952180921
1558	914.007852947571
1559	866.150444311193
1560	858.329812432503
1561	1028.51438012318
1562	952.060311995122
1563	943.135683471652
1564	938.782601109453
1565	920.389708145059
1566	956.17186230221
1567	932.343762225048
1568	1004.75960654614
1569	952.872342999823
1570	944.72255651474
1571	975.209812587439
1572	939.858977404601
1573	1015.27937032939
1574	937.517393390322
1575	938.344446014252
1576	957.005339038852
1577	964.127707222059
1578	952.267309969894
1579	914.252156973371
1580	958.144850683066
1581	911.244381191449
1582	994.627443338188
1583	925.414327406341
1584	877.891423915517
1585	936.195889113164
1586	995.131679723914
1587	999.815769875323
1588	974.37751916297
1589	960.712958552126
1590	947.002611615746
1591	980.629888961271
1592	924.687603693697
1593	911.441431460527
1594	929.72299592268
1595	952.754075256606
1596	975.661434352955
1597	888.702300356187
1598	954.942743970962
1599	993.070910188914
1600	990.495957142138
1601	936.950531992974
1602	993.65322756459
1603	1008.88861260705
1604	934.797467971567
1605	1015.80424195212
1606	1007.80288807039
1607	961.124594045998
1608	963.784028787706
1609	945.005900668572
1610	959.535033659137
1611	953.922625335293
1612	922.299955873266
1613	1007.33652561518
1614	873.050313254458
1615	939.110326032372
1616	950.734891076643
1617	952.24944784347
1618	833.971437809431
1619	1000.54379773567
1620	972.849835491187
1621	870.766816748296
1622	1022.33189656729
1623	962.353051334546
1624	980.451402739
1625	978.056567112318
1626	978.33054293991
1627	913.306617326054
1628	958.624022312505
1629	967.890307518223
1630	964.947083882444
1631	956.200434939891
1632	997.987290580188
1633	938.408598460683
1634	1004.33776518079
1635	982.745136380881
1636	920.605210692692
1637	899.605430265053
1638	959.32020968697
1639	883.478408811134
1640	978.266964548331
1641	937.411480582432
1642	926.631679890891
1643	983.173932086621
1644	927.044464182622
1645	992.799147219858
1646	874.212028700857
1647	864.011088621472
1648	925.904122515177
1649	963.546676708489
1650	954.994602852845
1651	895.178516653506
1652	913.554288900271
1653	961.467472433955
1654	955.823528493254
1655	917.058946400122
1656	932.568203218597
1657	992.010740173759
1658	905.866970319081
1659	917.534128594372
1660	991.675406241962
1661	1020.6199353199
1662	1001.16247138931
1663	1032.48188933043
1664	970.352254313185
1665	948.82265811376
1666	885.714533747315
1667	957.733814500294
1668	1025.41673528533
1669	963.731701832163
1670	926.791290905933
1671	926.087894206004
1672	969.254654884908
1673	917.950107598751
1674	994.510760684684
1675	1011.86096031413
1676	950.780629987371
1677	965.136101207985
1678	891.574133028063
1679	943.915579398307
1680	963.52651962516
1681	884.396298098689
1682	864.265863666097
1683	870.822587683569
1684	911.090170294868
1685	953.75042383173
1686	887.388205540659
1687	917.015660635595
1688	982.14790400818
1689	917.864800157856
1690	908.671848128458
1691	994.684192244307
1692	994.396348227349
1693	952.017747755528
1694	987.073316023294
1695	953.703829361108
1696	1032.35847104779
1697	1008.12320636389
1698	973.044178058084
1699	911.103936213974
1700	937.686824786719
1701	905.067910792349
1702	933.575085076242
1703	943.839166098896
1704	878.589788758064
1705	890.553025104464
1706	965.543190059753
1707	980.459568857386
1708	1048.1266895547
1709	940.19629022835
1710	1003.27951799799
1711	973.465715818336
1712	978.295593692704
1713	948.167094768394
1714	928.337293934465
1715	886.622248477753
1716	943.741562243881
1717	993.251949718518
1718	950.347466059399
1719	953.549059240383
1720	1030.54898471975
1721	948.95628136637
1722	989.256234304771
1723	888.189516604949
1724	945.79430362011
1725	922.161700212535
1726	993.05270606125
1727	968.405414016078
1728	903.127374389108
1729	957.896916493083
1730	950.793725335852
1731	954.139479973805
1732	1015.13562871768
1733	948.395224153901
1734	870.884838893511
1735	906.064053153351
1736	968.755590560539
1737	949.186624594225
1738	1005.40521559777
1739	924.222970414878
1740	956.181613376736
1741	960.190121119794
1742	869.379036416213
1743	972.904510288284
1744	948.415600621774
1745	959.173736774322
1746	945.816757102658
1747	968.713945344634
1748	907.701973671267
1749	970.85786199286
1750	1039.86136952431
1751	894.108633111792
1752	903.53809351375
1753	968.711337943021
1754	935.145109234375
1755	918.458743263401
1756	968.6840029065
1757	860.616615368217
1758	938.579289016219
1759	988.305270980421
1760	942.139440533046
1761	931.677925578989
1762	974.057138461159
1763	980.767967005787
1764	871.024972386034
1765	925.881089184818
1766	911.863535139355
1767	1024.2356079746
1768	934.584994383993
1769	928.01307895922
1770	896.860662494175
1771	996.416980913322
1772	954.479289255407
1773	951.320013240455
1774	936.990019665834
1775	896.658939105156
1776	963.811190092703
1777	955.74480923906
1778	944.612446277718
1779	954.061159934999
1780	975.977842070585
1781	944.408682588529
1782	897.129815352489
1783	1001.14131642829
1784	943.543109501869
1785	937.850404466288
1786	888.915323763952
1787	975.084677238308
1788	884.310234301594
1789	1014.23480412565
1790	915.624075016308
1791	876.808435655484
1792	873.500604921649
1793	916.222087663405
1794	957.988683903783
1795	944.341358306802
1796	975.134221094997
1797	962.44365385695
1798	978.626686974531
1799	936.024716322049
1800	941.720172484464
1801	901.684921293357
1802	1004.0430519918
1803	890.390435928958
1804	920.839693556859
1805	985.426863827883
1806	949.300518937346
1807	908.895620523596
1808	893.134510727012
1809	890.022411494766
1810	984.572491168314
1811	876.495547366233
1812	1017.53000506505
1813	900.790155389798
1814	922.025200185099
1815	946.839361808069
1816	1007.30535548606
1817	962.334143924225
1818	990.366858700035
1819	938.741976492257
1820	932.25212948424
1821	960.608767978716
1822	897.633979946101
1823	952.502908851947
1824	941.14332437193
1825	948.948871928866
1826	987.273331233248
1827	864.054954447055
1828	924.388718982854
1829	985.798835495809
1830	987.485325729501
1831	955.105471030086
1832	991.987262845367
1833	952.335705815078
1834	955.47816630388
1835	1006.76180605844
1836	905.485642984918
1837	983.751690925411
1838	912.80178708089
1839	860.402412400353
1840	894.603658474092
1841	921.736169852865
1842	931.251325359836
1843	940.007873327169
1844	989.450958703522
1845	886.480314548562
1846	956.935973315195
1847	946.713287698458
1848	978.694126343228
1849	970.316957096412
1850	890.670518515826
1851	874.586274358191
1852	938.030460816025
1853	925.350658234261
1854	1058.04637941987
1855	918.536439416383
1856	908.419560698608
1857	871.516978580949
1858	993.632251971009
1859	903.801913588226
1860	938.671909934778
1861	1012.51090276437
1862	965.419251597911
1863	968.704286522587
1864	931.230990005155
1865	933.133476397673
1866	939.569518947481
1867	921.349782952506
1868	967.828726364611
1869	922.549710258013
1870	934.037234383849
1871	994.704904225442
1872	886.914624853788
1873	986.762770153776
1874	972.638427043157
1875	992.78397078577
1876	988.199791435275
1877	933.845592041878
1878	948.507536802506
1879	887.291489477969
1880	948.305931824036
1881	961.77576940211
1882	922.248086017127
1883	946.100075326883
1884	928.886135485967
1885	979.901806862423
1886	963.063413059068
1887	912.135254981617
1888	957.896278037305
1889	900.071967131877
1890	922.771908980103
1891	936.054567063725
1892	933.99885357206
1893	926.324040881641
1894	929.48332279629
1895	989.435896477712
1896	962.761772509711
1897	973.277897208743
1898	918.868772613041
1899	909.340125734854
1900	963.811056091623
1901	985.764245165512
1902	924.887981226801
1903	944.415914155175
1904	989.744462045149
1905	956.492183593795
1906	919.925178396798
1907	931.002536393305
1908	896.471672208227
1909	895.121865403257
1910	913.353308533382
1911	933.95277624758
1912	960.785907733831
1913	923.343206709192
1914	1008.06835417513
1915	990.82547634235
1916	939.005397249007
1917	1027.27947520257
1918	937.049154843244
1919	938.694151499644
1920	985.096324149309
1921	961.727114795087
1922	904.074866717388
1923	984.436181942595
1924	943.421387309159
1925	951.987236843737
1926	954.678163193377
1927	992.082087640702
1928	911.284002176406
1929	1015.53553934119
1930	972.792176500931
1931	909.127476351676
1932	895.838867078706
1933	908.894406867954
1934	882.930006595309
1935	920.440077829916
1936	974.189247064526
1937	945.573969624882
1938	930.742805517847
1939	1010.93939784634
1940	914.511602220202
1941	947.891526033015
1942	962.736152333147
1943	895.558132340008
1944	984.555988461916
1945	942.483346056347
1946	995.313223126919
1947	974.458487345112
1948	1050.39873362383
1949	893.967338449889
1950	987.87182933798
1951	925.952895647907
1952	941.049263959052
1953	997.769990097024
1954	1003.67398861545
1955	919.303316599253
1956	934.104783756724
1957	959.651681812941
1958	920.62817207048
1959	924.653890401013
1960	897.500896453411
1961	939.97293988216
1962	992.86594785508
1963	1013.56606918662
1964	896.962055370995
1965	881.814006794716
1966	977.81004999302
1967	924.615457529795
1968	976.070836412988
1969	918.300615074863
1970	905.614513330171
1971	946.04947887669
1972	996.90936729343
1973	964.777469001178
1974	1016.07621327315
1975	993.571632054805
1976	927.985287793384
1977	889.932403663973
1978	959.224271409275
1979	1014.87408423124
1980	962.013354249198
1981	1019.30892307843
1982	1018.47556701172
1983	897.938215442374
1984	947.585566236279
1985	955.537489938827
1986	945.983539859769
1987	919.28129637446
1988	986.783248712498
1989	913.268588805862
1990	1002.56738192645
1991	945.592234959473
1992	892.32764899901
1993	886.68993384161
1994	871.31418100453
1995	923.669073606013
1996	888.769707269411
1997	956.603819788864
1998	977.501927348409
1999	969.170048942316
2000	948.585413349613
2001	933.287066215541
2002	937.871285636
2003	939.272369741648
2004	998.142766934407
2005	984.896015312708
2006	925.802450177529
2007	993.227915654073
2008	962.059243767531
2009	986.345466865583
2010	879.287205817151
2011	930.13327111039
2012	942.559499893464
2013	973.856797236297
2014	959.057093381885
2015	952.876029065644
2016	908.909548110444
2017	975.070618815969
2018	1010.30133384647
2019	992.011763217288
2020	967.949379247482
2021	950.446656467989
2022	950.630642816157
2023	1010.39068565188
2024	963.366302170428
2025	985.619286804822
2026	918.946846147855
2027	974.445153737841
2028	907.124249189149
2029	964.857328726699
2030	1017.72238253397
2031	929.877576253119
2032	931.839667614115
2033	977.012484063859
2034	909.393203494158
2035	967.415047786802
2036	988.73941894566
2037	910.499666004817
2038	938.969761283365
2039	944.807656409494
2040	976.111107282108
2041	956.516746099592
2042	992.307913335618
2043	968.945758580295
2044	903.99845617007
2045	900.518874494578
2046	971.675083112838
2047	989.100632568923
2048	992.631296797146
2049	927.804233371571
2050	1006.12039621246
2051	980.107386094078
2052	927.974888392365
2053	932.434043663184
2054	939.910451283912
2055	989.167701392169
2056	944.466013356118
2057	927.657385565504
2058	959.988239877874
2059	920.1052631224
2060	909.114975077925
2061	975.52236092244
2062	952.420138300449
2063	975.707916264266
2064	953.710932797878
2065	901.418944351834
2066	1000.65968432538
2067	986.726318139555
2068	938.741596116495
2069	937.831803194118
2070	920.168780375625
2071	1016.97211867741
2072	921.048056069077
2073	917.468838293108
2074	980.993208885398
2075	895.196372279706
2076	958.085058608786
2077	905.173979494432
2078	891.373240619205
2079	995.207144389495
2080	913.574474269722
2081	1053.15080093344
2082	975.376470871016
2083	920.260926365199
2084	992.755542717574
2085	956.958838941458
2086	916.698924327062
2087	1039.82268014725
2088	982.748201577915
2089	955.562209673149
2090	940.172383653832
2091	975.05457843392
2092	927.264599364984
2093	928.698117102489
2094	952.102201835543
2095	949.677911235977
2096	922.371787298707
2097	961.547688648201
2098	981.710297685139
2099	939.802644803053
2100	966.567419754239
2101	907.2361307423
2102	892.380146874527
2103	915.651860244606
2104	929.890231904046
2105	961.280900211141
2106	892.707497880661
2107	969.479924461766
2108	1010.98917409119
2109	949.83991069549
2110	921.361282045206
2111	905.148394759483
2112	966.933148810401
2113	945.246647251363
2114	909.328466454295
2115	919.344492549796
2116	873.072213897383
2117	926.251998474562
2118	883.836252304351
2119	992.073897824296
2120	912.06611283392
2121	928.09173309198
2122	930.216122105119
2123	934.230435655842
2124	964.017191198391
2125	973.786045971467
2126	952.981176730384
2127	992.699681495224
2128	912.122200816806
2129	943.981781649002
2130	944.742278489106
2131	968.318892094118
2132	880.671378278121
2133	880.336847843752
2134	938.193982597251
2135	909.135634674198
2136	1033.92674367341
2137	942.525571635686
2138	964.46840478094
2139	971.340430080626
2140	943.926786463091
2141	951.318560128602
2142	998.159383094925
2143	905.429540097347
2144	965.557583183361
2145	990.240730751099
2146	943.73727802697
2147	1022.79994020916
2148	946.533512794169
2149	997.606981659691
2150	974.679129734192
2151	1007.33394191297
2152	905.351010223385
2153	1016.54399298233
2154	929.661007643608
2155	950.725291167441
2156	993.790905505496
2157	978.589195088961
2158	930.525792638732
2159	920.422785710563
2160	949.523316576879
2161	927.597986225106
2162	1060.54505572403
2163	928.89594980431
2164	994.176062216908
2165	922.422915044938
2166	975.193716215324
2167	997.808233890746
2168	997.862631849375
2169	934.663896656618
2170	1006.37812974491
2171	901.639483882145
2172	949.349879226271
2173	936.780047864666
2174	929.021798384101
2175	945.429782992659
2176	916.573315152698
2177	914.906560641653
2178	907.711627265318
2179	972.512638040525
2180	959.523867914177
2181	965.286010872379
2182	911.177955945303
2183	906.051487484632
2184	994.507016134429
2185	998.562151203003
2186	916.907476110949
2187	962.274378239145
2188	845.991923946742
2189	948.807081443409
2190	998.107299762989
2191	997.464712037076
2192	875.180405667523
2193	956.380023967375
2194	949.104894698867
2195	1029.93004690994
2196	994.88295226381
2197	931.842488789349
2198	982.09463424884
2199	978.88383969849
2200	959.635999394349
2201	942.362292168962
2202	941.061472687872
2203	964.353735785055
2204	1020.79545006912
2205	957.838203101732
2206	929.68873200007
2207	962.972685704233
2208	954.661650962804
2209	961.925096885119
2210	961.16876882747
2211	950.336126613262
2212	917.418816294299
2213	972.893442697356
2214	1006.350540746
2215	954.891751543407
2216	1007.00134712846
2217	946.331283896158
2218	927.771402383101
2219	885.991597472975
2220	976.537094256044
2221	899.403364539862
2222	1008.32851575087
2223	944.92319029104
2224	1015.94306782974
2225	955.499958147759
2226	939.311747496977
2227	960.613789183294
2228	913.360593159404
2229	977.31161220899
2230	928.806028831122
2231	967.56412871525
2232	993.627636939721
2233	944.67497982306
2234	996.498485652776
2235	969.414611805162
2236	912.610380668691
2237	948.690770749041
2238	890.55204511815
2239	898.756637480341
2240	969.891233148562
2241	962.905978891899
2242	956.656336774242
2243	943.632083307597
2244	980.992831649259
2245	968.126622934243
2246	908.618759294397
2247	949.951828045399
2248	983.409788075343
2249	962.484845650465
2250	1017.93526518521
2251	946.310969150671
2252	964.944559310033
2253	971.776628104658
2254	967.393866756185
2255	951.197215286282
2256	936.597175030606
2257	957.53269352533
2258	967.768954915379
2259	1005.55781274863
2260	941.361691214891
2261	949.106999944976
2262	971.07708224153
2263	922.720894457311
2264	898.906030705281
2265	890.79203128084
2266	950.09784553348
2267	1007.46561568573
2268	890.05690526178
2269	920.634604489565
2270	959.333716059077
2271	917.739958737827
2272	938.934114232733
2273	955.195944370192
2274	894.807391927948
2275	938.559266672824
2276	949.663648680831
2277	943.606071694392
2278	941.265879801052
2279	928.737816854133
2280	979.26177040939
2281	861.539498176463
2282	957.468027213177
2283	999.095127150884
2284	932.056368648673
2285	912.381528676487
2286	1020.71835275506
2287	980.829270891816
2288	1058.31859088187
2289	906.997542793552
2290	942.340353060793
2291	958.9161425237
2292	976.377302348843
2293	945.570455328643
2294	979.516142773555
2295	965.158758205363
2296	979.793634045295
2297	959.382955863269
2298	976.619633375567
2299	972.46155719326
2300	946.22113463265
2301	979.209457238516
2302	967.285665913147
2303	922.826286173544
2304	918.843891088665
2305	881.343149374006
2306	969.028720229586
2307	990.051443662878
2308	908.843498295306
2309	909.838919231833
2310	968.828839558839
2311	896.790407164786
2312	924.192897136152
2313	899.443899078738
2314	936.349144052882
2315	961.931917373438
2316	938.163715952142
2317	903.730871564491
2318	949.689517434962
2319	869.299402941802
2320	889.760911863746
2321	857.651474771719
2322	949.530409694771
2323	998.858408860371
2324	948.759014044589
2325	899.316385404377
2326	1015.41219119103
2327	878.428777647367
2328	905.08873653826
2329	946.182046446401
2330	940.251802908636
2331	976.801366034686
2332	990.144999966758
2333	918.707563476455
2334	978.464342141577
2335	941.892931945287
2336	936.598211799985
2337	998.410393329037
2338	1030.33903333998
2339	886.296664627417
2340	905.446372233616
2341	890.936529653147
2342	927.174906510333
2343	984.922024948522
2344	986.809881580796
2345	993.979583176299
2346	952.574561899031
2347	946.513985559984
2348	912.163698757512
2349	969.493220946788
2350	994.239833714725
2351	1032.00284224551
2352	989.451359042627
2353	895.706894338687
2354	894.776880504112
2355	952.059991129308
2356	988.707668087823
2357	1040.21605524156
2358	958.711272438738
2359	957.602526653291
2360	947.769706960513
2361	1015.89245960057
2362	992.410018791039
2363	893.35403979397
2364	973.436393000541
2365	897.684455141734
2366	1004.86357571719
2367	1008.13173278942
2368	984.642443952726
2369	973.056622923309
2370	934.962651726773
2371	995.499869247304
2372	904.491689326412
2373	925.757646530139
2374	977.86580551928
2375	912.019070275414
2376	955.696270795033
2377	907.972860264332
2378	921.292040180919
2379	911.673753024811
2380	939.953817325035
2381	920.187807614323
2382	1002.48658222427
2383	1013.08665461929
2384	1039.49770112621
2385	901.833193585948
2386	983.94767125314
2387	992.388328360577
2388	909.804375763819
2389	977.104798692565
2390	950.580871556251
2391	979.053536662874
2392	873.885193103584
2393	1024.80383210199
2394	983.041318554562
2395	918.243597306312
2396	936.902550142444
2397	947.099696742508
2398	983.7123541965
2399	955.857684125196
2400	948.974144498092
2401	905.924214346045
2402	941.328604140187
2403	996.22286717071
2404	948.207917796959
2405	912.843550333894
2406	996.270096884792
2407	896.581176458794
2408	954.526226954391
2409	971.780344145202
2410	914.390789976852
2411	952.428613267394
2412	972.825692150027
2413	977.423203063661
2414	997.497155905149
2415	999.634450138196
2416	967.916989353081
2417	933.278373269952
2418	952.006676056915
2419	974.63333342117
2420	958.791571970099
2421	984.330296413273
2422	1015.79787139251
2423	969.132646569094
2424	943.217576155568
2425	908.102159995049
2426	946.218564634992
2427	1040.5710619282
2428	925.855965647952
2429	910.407315141242
2430	949.474909157863
2431	906.471925129262
2432	948.110780240024
2433	972.404862538319
2434	1041.69624473766
2435	981.936798225033
2436	989.942679738587
2437	989.624394475951
2438	964.188545118452
2439	914.058019059746
2440	960.7254285932
2441	964.496986170858
2442	1002.61211466893
2443	916.625880758707
2444	878.835811628155
2445	945.417583506166
2446	919.507271763211
2447	1007.33956741444
2448	948.990887570533
2449	1010.48806638888
2450	948.164573237205
2451	937.622811790104
2452	953.109948757188
2453	878.554667650677
2454	933.044444265764
2455	939.423901938734
2456	882.796116190338
2457	922.088252746441
2458	1020.26417782999
2459	986.728894156884
2460	932.242785684519
2461	920.677987910277
2462	1036.82854718499
2463	918.708769961075
2464	957.180499967683
2465	936.005530009825
2466	949.367032760839
2467	973.062699128593
2468	940.513874302918
2469	900.81673282922
2470	923.951477753892
2471	931.068816173639
2472	925.507831468067
2473	944.630287969559
2474	954.8767308369
2475	992.551957177
2476	910.790842519209
2477	936.712861248023
2478	928.188161042599
2479	937.770293212029
2480	960.187475681874
2481	992.154006748289
2482	971.744794831746
2483	952.741968015947
2484	981.115854063415
2485	946.612061272901
2486	957.432452116175
2487	909.521152825869
2488	985.902428195157
2489	955.326102183478
2490	977.956398637701
2491	1020.04867702014
2492	999.16825741795
2493	884.837028469688
2494	961.373945584987
2495	1000.49534543118
2496	972.986076031187
2497	886.983753254006
2498	958.927255303173
2499	956.592019546265
2500	952.921329740318
2501	979.547694914602
2502	970.439091943742
2503	992.465318646483
2504	1004.81088545106
2505	952.011574677072
2506	1003.51028884182
2507	971.658646436562
2508	952.978259718096
2509	938.848911788863
2510	936.737557979007
2511	997.832754659244
2512	952.089162605947
2513	970.125354537955
2514	1001.086450293
2515	950.888716518404
2516	964.991523137881
2517	937.853264022919
2518	942.915087338386
2519	970.47627887146
2520	979.45687712287
2521	960.411192959337
2522	972.230907954128
2523	945.147979371713
2524	991.088347248012
2525	1032.27081227116
2526	995.571803038446
2527	992.866376547769
2528	874.110110083596
2529	930.798209732164
2530	958.282121269374
2531	950.519841700717
2532	988.498407466241
2533	890.88059222805
2534	920.026132068911
2535	952.716087812584
2536	1029.33494560028
2537	1054.62486614009
2538	961.519603272131
2539	943.256815506771
2540	891.563796551688
2541	940.561761993549
2542	932.510421490303
2543	1028.04005691573
2544	964.073072462739
2545	890.587314606909
2546	953.517639584056
2547	941.610967578993
2548	1017.23663570778
2549	949.196449848005
2550	976.940382837758
2551	945.622218311616
2552	907.98490313667
2553	951.834992510685
2554	898.042263104148
2555	1011.34978267393
2556	969.684476259283
2557	958.802989076442
2558	885.244314260448
2559	938.881326889006
2560	968.374507377911
2561	944.243038606692
2562	952.39510715829
2563	971.775970504866
2564	915.027294724926
2565	900.353315651615
2566	919.302519154284
2567	1041.84932773304
2568	915.855640571012
2569	925.490930950403
2570	1013.02128166579
2571	1004.20903605329
2572	990.176265227612
2573	969.605108519872
2574	976.392612078695
2575	924.638959307249
2576	984.761235526948
2577	950.835022231984
2578	961.780543462159
2579	976.291123667509
2580	957.425425516349
2581	999.937616365042
2582	927.638002844642
2583	962.262309679053
2584	981.940908664472
2585	947.432870364377
2586	976.734460973382
2587	992.381791744213
2588	993.025850335872
2589	954.618460206129
2590	993.820660721435
2591	965.944367746674
2592	981.896881426243
2593	968.269338823803
2594	977.928764425473
2595	940.430429158894
2596	862.538144582795
2597	952.303829316806
2598	963.243859910822
2599	954.557637458598
2600	923.255429073415
2601	932.275919579581
2602	966.775142073134
2603	968.793439813794
2604	904.778715185506
2605	940.069624926061
2606	955.699609084438
2607	897.950808314007
2608	979.906468737739
2609	962.593265362201
2610	910.02940259485
2611	1034.82581571509
2612	972.142926825377
2613	936.637379958561
2614	993.471503269785
2615	1015.83980854245
2616	968.831769382351
2617	929.703195497718
2618	972.823653064675
2619	983.255126203939
2620	922.415174901341
2621	1002.69744860091
2622	1019.21965644824
2623	987.547876377467
2624	974.703035947366
2625	918.274914980592
2626	939.627349823329
2627	990.166031877681
2628	975.291742270374
2629	963.345035764376
2630	915.367329729414
2631	938.697289995726
2632	962.253326987786
2633	881.675564917654
2634	889.050746893348
2635	983.193133560769
2636	948.040905159729
2637	872.48497731661
2638	975.5652376779
2639	946.68634201648
2640	1044.58057443035
2641	959.089273084855
2642	996.102799723442
2643	955.710454324756
2644	920.588699158081
2645	929.723859165461
2646	910.359557872984
2647	956.419354499993
2648	927.112572466368
2649	956.170412217432
2650	904.672027515953
2651	942.053093745408
2652	1039.79886852352
2653	935.276331596427
2654	940.882952252113
2655	982.821209512066
2656	996.749844511854
2657	939.197488840791
2658	948.278644991026
2659	1022.68950985167
2660	1024.34597687844
2661	1067.54352799538
2662	1013.40084322573
2663	971.390158573818
2664	898.796754525812
2665	909.942756378626
2666	933.698534484493
2667	996.250183164235
2668	955.266190245867
2669	916.757418647597
2670	914.28106850182
2671	1031.73884630246
2672	914.939216730438
2673	946.103657022688
2674	1080.95444886197
2675	969.988232786257
2676	904.031444044952
2677	943.774950521184
2678	986.764093568525
2679	894.922075546647
2680	877.048568721865
2681	1031.78364935184
2682	963.177586595759
2683	932.287192198196
2684	962.518541007162
2685	911.971994935874
2686	987.283432640299
2687	910.770508040082
2688	949.625987566429
2689	998.065543766596
2690	1015.88748815699
2691	956.615824240966
2692	950.263733630003
2693	1012.27503146446
2694	924.174890174457
2695	982.314830307778
2696	938.805043029529
2697	1011.76628724985
2698	932.752013873657
2699	915.399304336416
2700	910.630652569026
2701	898.013671278812
2702	929.162932543645
2703	1032.01693135792
2704	1013.97469267711
2705	976.66898992384
2706	954.516924158208
2707	1062.49032421816
2708	889.732916671022
2709	961.032124970776
2710	972.736935915878
2711	981.430150782788
2712	953.843313537485
2713	909.122986951367
2714	921.122485771898
2715	941.343195853587
2716	947.271453666085
2717	951.193487512339
2718	976.406391632481
2719	951.95498705153
2720	928.100299799404
2721	974.739390869612
2722	986.190701282013
2723	937.211613416337
2724	953.276079631171
2725	948.554170960525
2726	938.678793592284
2727	950.520205093673
2728	982.942672738063
2729	974.908936017467
2730	936.986855155277
2731	1001.34273073839
2732	926.850106335774
2733	860.524111787469
2734	965.434415209727
2735	985.818135462749
2736	945.846517405982
2737	1016.22947686301
2738	997.122810629502
2739	924.314247282802
2740	916.056581557544
2741	888.299930842234
2742	923.568127052149
2743	987.065419300688
2744	937.812308502361
2745	1049.14933024322
2746	901.290477540871
2747	966.451858202348
2748	936.239320471285
2749	931.215477543618
2750	948.341334472362
2751	935.741839498627
2752	918.21008480497
2753	874.46249213271
2754	948.354310509325
2755	927.717127682238
2756	952.475278989318
2757	965.319218068234
2758	930.188766714215
2759	909.010614247751
2760	961.037085368456
2761	945.4596138613
2762	964.523647076082
2763	984.33557885646
2764	994.04631015492
2765	937.824934099353
2766	910.961452774614
2767	966.267647999139
2768	987.646538572296
2769	955.080653742851
2770	901.738058403326
2771	967.312583805788
2772	943.539962570642
2773	942.735465368857
2774	873.44852308391
2775	941.664545647718
2776	910.150993605171
2777	918.434397778135
2778	960.419277594458
2779	966.278152819887
2780	1007.5765499225
2781	976.367079535268
2782	957.001599368041
2783	870.04828867508
2784	935.5110346407
2785	992.670025672058
2786	933.712652942022
2787	977.422085058627
2788	908.166356270015
2789	997.327191633114
2790	995.176701446701
2791	907.176632202573
2792	902.044598356592
2793	977.56002784116
2794	971.625406887238
2795	868.330350643918
2796	921.714756010211
2797	950.643400081087
2798	992.652835252918
2799	989.330544124853
2800	1001.35157551179
2801	931.511998815494
2802	974.943209194601
2803	924.629292278263
2804	980.051394388238
2805	1007.47217101995
2806	899.93850368961
2807	983.780764772607
2808	972.033234065738
2809	959.613660411945
2810	956.242140443829
2811	945.397134520434
2812	962.284434439169
2813	895.121908195894
2814	928.822485231722
2815	919.365257837745
2816	923.142960550205
2817	932.455969715633
2818	1020.09281223306
2819	920.934795988345
2820	1061.46505886411
2821	997.842675791751
2822	985.052244014317
2823	934.976541237708
2824	1021.59951006073
2825	982.820286266515
2826	905.361934697096
2827	949.686608476215
2828	960.383255951473
2829	944.997428054896
2830	958.612336685617
2831	981.553515083583
2832	1056.29974806937
2833	955.723302209609
2834	984.724231092807
2835	1014.48322576082
2836	973.693440969371
2837	1028.85460676553
2838	967.874411576955
2839	1016.78408766311
2840	1037.06116426205
2841	956.436439099049
2842	952.73454443078
2843	891.066734803049
2844	928.618411818906
2845	961.85796590421
2846	965.549503057139
2847	931.736362349484
2848	1040.95368714086
2849	885.547539150882
2850	1074.75095770211
2851	997.920590997365
2852	965.752553525388
2853	1016.57131628007
2854	962.377957182218
2855	935.100175305779
2856	949.692547998827
2857	942.761484410619
2858	976.265946534703
2859	1004.42203448637
2860	900.424393876336
2861	986.641050710135
2862	899.921373053672
2863	1008.92330939374
2864	975.708131211199
2865	958.513422246162
2866	925.012850782683
2867	967.263712158737
2868	978.457784369868
2869	973.632621412094
2870	892.275532333554
2871	1008.54553842392
2872	962.725451563345
2873	1026.47510317986
2874	980.135072858801
2875	957.859594564188
2876	916.3168952459
2877	978.038783779766
2878	939.214930509609
2879	887.192896769485
2880	930.477318174718
2881	965.457848512216
2882	908.400343486594
2883	969.899840514763
2884	980.103649166472
2885	954.909449452861
2886	941.630205403573
2887	905.440870947027
2888	936.577274821473
2889	969.46666374065
2890	946.512922465006
2891	935.606749759233
2892	899.213834747743
2893	971.289385781145
2894	941.91270978669
2895	929.387637026673
2896	966.093210225559
2897	993.388402578534
2898	932.426261446757
2899	939.373490750004
2900	950.548624922075
2901	1030.3843304302
2902	1017.97112068119
2903	937.237763588074
2904	907.14447750695
2905	990.75861190562
2906	998.793970704913
2907	932.049895571734
2908	991.345690050266
2909	980.615342900953
2910	961.018830762642
2911	992.941532208269
2912	931.838158891196
2913	990.067436393898
2914	888.174651268599
2915	972.070806800414
2916	947.404258715389
2917	971.404384176818
2918	915.39085625856
2919	930.839936688992
2920	978.102060179225
2921	971.042723014743
2922	949.322855267514
2923	985.459905237619
2924	920.472863419417
2925	954.762093035507
2926	937.423744579533
2927	910.624875761333
2928	1035.61099151104
2929	1036.96614737176
2930	947.013743468051
2931	986.665183044057
2932	969.668065938194
2933	877.33928556392
2934	909.090285756711
2935	981.734332237586
2936	996.659100211537
2937	894.487177395645
2938	958.990846305047
2939	966.884949774026
2940	1003.75405624787
2941	893.223161932859
2942	988.898887016935
2943	905.116075069234
2944	990.855301254953
2945	964.285993465447
2946	934.877240918195
2947	880.80055617546
2948	990.803000217414
2949	937.923179815759
2950	949.088966053685
2951	953.716795045381
2952	928.540260096357
2953	965.546767884922
2954	935.641318054289
2955	1007.34333899876
2956	940.862604010756
2957	982.242427215775
2958	994.350702497804
2959	924.425192643364
2960	908.375369362815
2961	907.270515108927
2962	953.063497395349
2963	951.326133164879
2964	1010.03144011719
2965	1006.3043295501
2966	964.412753424341
2967	926.065597873053
2968	927.177109401359
2969	975.833350435937
2970	1019.27538907456
2971	857.80170696245
2972	952.686415250474
2973	980.772998378575
2974	999.491009773254
2975	919.478022696153
2976	870.991485955011
2977	931.310880418068
2978	974.732113324678
2979	935.680962856099
2980	900.239263452986
2981	966.447222357702
2982	934.387615248157
2983	965.738241307556
2984	926.129321690903
2985	1001.88747685338
2986	883.783152197596
2987	950.514035174326
2988	957.354757368329
2989	945.095519488302
2990	888.290743445911
2991	964.025303092043
2992	989.323334793805
2993	910.026092288069
2994	936.925413022747
2995	931.568214351518
2996	980.575063737011
2997	986.810975424551
2998	1032.42828329059
2999	852.385782714341
3000	906.623536677512
3001	948.866174906457
3002	965.58226325034
3003	1013.79363173967
3004	938.704962634338
3005	979.077557560224
3006	947.288463896369
3007	924.721523025427
3008	1068.88903769097
3009	969.888854504473
3010	926.509752284766
3011	950.361698633628
3012	909.444274414603
3013	951.306630324678
3014	967.588092851402
3015	911.178567554093
3016	1001.28198032511
3017	973.291436695957
3018	926.627122093671
3019	917.067114854797
3020	992.902071219632
3021	940.792737926479
3022	946.217663725211
3023	916.963193038462
3024	996.434006224765
3025	890.294651965787
3026	893.012145261097
3027	875.179482757238
3028	908.774803392458
3029	960.47196152138
3030	915.395177121091
3031	893.914138289337
3032	883.698698102758
3033	957.861616616353
3034	953.619240742054
3035	1012.83907033156
3036	930.016303688233
3037	981.4921914102
3038	976.837692035683
3039	946.922478368237
3040	1118.01498804714
3041	983.317371465611
3042	910.443195770699
3043	978.158275665693
3044	967.859962283738
3045	936.390569591978
3046	984.274912113096
3047	941.412852053411
3048	932.74565099826
3049	940.969865370124
3050	936.264784075583
3051	938.152376403577
3052	896.592776268007
3053	969.919663918074
3054	987.623097018925
3055	989.136506598662
3056	850.90187254863
3057	941.886322390653
3058	981.212732245243
3059	1011.10632670113
3060	910.512551418992
3061	938.795124403311
3062	944.532868049591
3063	1018.36930120585
3064	941.143703000604
3065	983.731987604337
3066	925.218823957048
3067	941.443519072172
3068	942.466806688303
3069	940.239594899334
3070	903.682033167117
3071	990.302128303838
3072	975.790411330477
3073	978.641714917744
3074	931.876920031394
3075	972.12343099292
3076	1020.39577493536
3077	904.466438119866
3078	1004.17047756239
3079	961.303908090057
3080	1045.55471579535
3081	995.667677396191
3082	928.493342023287
3083	988.527262807241
3084	944.486296822018
3085	912.041842366945
3086	937.199522980983
3087	917.946760059733
3088	976.092431781485
3089	1013.5181161736
3090	974.347992049851
3091	968.268913727067
3092	1010.15678275161
3093	942.664076018732
3094	948.184056212385
3095	1014.86179705802
3096	884.35771161966
3097	974.81963114352
3098	933.797924878559
3099	879.743243634425
3100	931.646286367521
3101	940.870972649002
3102	1013.26936815611
3103	966.366270252442
3104	927.988859721204
3105	1016.26317011143
3106	919.688603019518
3107	1007.57231419203
3108	897.256781857838
3109	950.723705304068
3110	942.170570289783
3111	909.682745941585
3112	908.384526081133
3113	936.995520337652
3114	901.499753686446
3115	896.518313554678
3116	894.444910810029
3117	912.040651711639
3118	884.933702910426
3119	918.966824687694
3120	1080.95838491448
3121	991.866223242442
3122	970.100689168851
3123	899.825577556019
3124	932.995599970844
3125	951.276385915693
3126	990.702165943733
3127	950.613077386162
3128	921.964897450288
3129	926.996907679546
3130	866.050478781012
3131	964.88789969396
3132	989.769142174871
3133	983.376791629324
3134	968.177118228938
3135	978.745547105698
3136	916.723307139496
3137	917.080832654924
3138	961.348794360565
3139	913.257249781622
3140	1012.09559071075
3141	945.877775755392
3142	921.409934527865
3143	934.839091177552
3144	1021.97494914792
3145	910.025902819127
3146	919.496429981201
3147	919.347573566469
3148	909.808905909615
3149	951.265601962949
3150	942.621043538869
3151	960.92058187045
3152	904.49486867591
3153	950.767707025163
3154	932.801533425605
3155	987.877668901232
3156	957.562732270488
3157	929.48449289039
3158	893.578809642743
3159	962.17843135466
3160	925.194351022881
3161	939.400772801997
3162	938.211387356672
3163	985.647491484558
3164	909.064040616985
3165	923.331451822125
3166	1001.9544138857
3167	958.267780269375
3168	970.362777089239
3169	857.169432482915
3170	958.613370186941
3171	931.813693393413
3172	980.069133047082
3173	903.188567355493
3174	822.686233902523
3175	959.68191978428
3176	935.573244654435
3177	1034.44186484733
3178	955.401819921721
3179	1004.98979392747
3180	940.64975839065
3181	940.303218293036
3182	944.328277811714
3183	956.339586907463
3184	994.472572025657
3185	923.829338495261
3186	966.870006051894
3187	982.505493968955
3188	943.37690316076
3189	926.825480432815
3190	991.557073244408
3191	1029.10883093436
3192	1036.72417887422
3193	1056.34839554706
3194	901.691094010827
3195	963.496647562912
3196	1014.55039132385
3197	965.329438881156
3198	908.655656460198
3199	919.174339865719
3200	966.450691323219
3201	953.152729948417
3202	962.562223426179
3203	1059.55789509572
3204	911.461115748958
3205	936.677818541799
3206	968.687522850457
3207	980.758643650161
3208	959.231220297828
3209	901.312249531051
3210	979.801422081142
3211	963.331520552821
3212	898.245420349377
3213	888.337473825813
3214	922.316235321416
3215	932.913580232213
3216	914.37431410506
3217	946.564278692085
3218	917.929439713893
3219	1000.92378288233
3220	1013.96066599739
3221	913.853650726886
3222	1020.90548701895
3223	984.200964041524
3224	960.198349198955
3225	968.574102421696
3226	965.511961592124
3227	974.147968889909
3228	921.07446078438
3229	932.635394418043
3230	950.067953987799
3231	970.716339842003
3232	921.203204951865
3233	907.940210830949
3234	960.158396999343
3235	893.361403073034
3236	973.526358828404
3237	916.504995206826
3238	942.661684185467
3239	987.163034449442
3240	989.370159085509
3241	1058.22987925972
3242	973.635504215007
3243	928.56610766623
3244	1003.30155138426
3245	923.444284824844
3246	906.923568929323
3247	1060.28453396856
3248	929.293367457915
3249	947.850472715943
3250	906.317050789066
3251	962.738082122197
3252	1014.68419430343
3253	952.032056487849
3254	953.286461706483
3255	966.166375041412
3256	998.725870992437
3257	903.111982778855
3258	898.831521075529
3259	949.277889319601
3260	972.895429985819
3261	884.784979482153
3262	946.589064509068
3263	992.134892889165
3264	935.864835543523
3265	1019.81313417153
3266	1000.06885666459
3267	938.034628623
3268	975.562938297391
3269	911.510448941928
3270	972.81790964535
3271	966.8723328939
3272	990.864692341393
3273	988.786300057772
3274	911.162776362529
3275	975.576951474917
3276	986.038903943743
3277	972.422909983014
3278	910.318817642348
3279	876.433286360232
3280	928.87606778193
3281	940.783308086726
3282	917.176981604191
3283	915.673248440613
3284	1058.45750471348
3285	1002.03022421968
3286	904.152455412067
3287	992.569520551722
3288	1001.91257516148
3289	910.854444342294
3290	953.793017580718
3291	838.630566784968
3292	1011.46135191078
3293	1000.53827024843
3294	986.119351804137
3295	903.25216813089
3296	991.174689103751
3297	970.672424460906
3298	939.709093503765
3299	1078.89728401051
3300	958.167588995646
3301	964.561085448821
3302	926.894936186372
3303	936.870499979522
3304	977.880642359562
3305	982.530988614985
3306	954.830079149617
3307	912.085096031701
3308	931.704259489808
3309	966.898201293923
3310	948.798046726507
3311	951.491353435465
3312	948.541137815432
3313	955.639713256787
3314	922.703500785134
3315	1010.4166613406
3316	918.149248713064
3317	974.900950108079
3318	958.900132674096
3319	1047.10208743021
3320	983.432182195938
3321	937.672175315736
3322	952.687176153994
3323	932.237562167625
3324	963.880306238396
3325	985.815462573659
3326	919.778622682569
3327	904.470536866923
3328	921.135732998671
3329	928.909192743735
3330	987.999304905001
3331	953.773002541546
3332	905.067485475439
3333	929.828546279879
3334	910.963760250691
3335	888.370039744805
3336	994.493049575425
3337	912.075826970302
3338	966.245234619041
3339	965.721311435929
3340	961.666213029966
3341	1016.87263877043
3342	1007.92917565998
3343	1007.59138630463
3344	962.296687992939
3345	895.280850763241
3346	979.384276535938
3347	848.614979252612
3348	1010.23141564886
3349	937.880081636433
3350	960.552454731732
3351	961.31811710812
3352	1026.39766144754
3353	896.918719448449
3354	953.615464847448
3355	957.863616878237
3356	867.980095848539
3357	1010.14477402497
3358	964.819873124825
3359	935.774855156425
3360	957.715843038121
3361	983.276765736758
3362	974.399190729888
3363	941.224554781313
3364	965.080224821835
3365	1008.87855132984
3366	967.566171817348
3367	993.895999539127
3368	945.705533678528
3369	872.499789749382
3370	966.600320634804
3371	947.597354401776
3372	960.229711669549
3373	907.221667126299
3374	919.879332792853
3375	943.449520881544
3376	942.532114953679
3377	965.745228049422
3378	900.335241595701
3379	935.287838151
3380	951.338371276425
3381	944.814687070797
3382	925.258397874721
3383	891.049540346018
3384	969.179111982448
3385	985.216547961198
3386	919.694788810645
3387	896.579880808325
3388	988.560491945261
3389	935.657434448097
3390	886.610080290036
3391	966.926618490959
3392	960.943343716579
3393	914.859736849698
3394	941.202553097085
3395	903.705439203568
3396	961.440761992652
3397	961.282821510995
3398	921.031411905566
3399	938.637673712952
3400	950.460694616495
3401	936.108322724415
3402	907.180068382147
3403	907.207198422413
3404	999.154638077494
3405	898.262518103762
3406	969.270390234655
3407	967.409621585398
3408	937.013852113111
3409	951.481271310045
3410	971.973027944787
3411	974.887058294095
3412	981.873054515541
3413	1002.01067649467
3414	935.366583280513
3415	878.94586421731
3416	952.714682434454
3417	916.639821693075
3418	957.47342635409
3419	983.864545852798
3420	978.182353770911
3421	957.482179401047
3422	929.379455905013
3423	914.890307626195
3424	920.325226681935
3425	1006.48017157637
3426	969.459324546069
3427	916.605081813971
3428	995.757580624588
3429	1006.56910465346
3430	915.780957959679
3431	934.80692822252
3432	913.72881118196
3433	905.099701341025
3434	1044.54011141487
3435	913.630005452662
3436	907.687352492435
3437	960.161182303661
3438	967.567363724175
3439	925.138357945528
3440	914.554056904576
3441	1004.4033086442
3442	973.341535921888
3443	1018.83920819643
3444	954.368246725741
3445	999.290321003121
3446	920.854727878856
3447	1004.27874155188
3448	934.472219392284
3449	977.896850345498
3450	962.127094795667
3451	915.446385577374
3452	947.756679548929
3453	902.137788267841
3454	974.882793191487
3455	962.183409011969
3456	958.20608525667
3457	938.500349035992
3458	957.799309583925
3459	954.793770802935
3460	909.380717297434
3461	960.624089470991
3462	1032.34073371476
3463	856.67587188739
3464	1020.3323567439
3465	937.577979390371
3466	946.70451456474
3467	965.947526790976
3468	943.744264644864
3469	1026.16071437362
3470	1057.94680628481
3471	966.075853637872
3472	955.478077175856
3473	996.882499253426
3474	1028.65975685802
3475	908.601655268755
3476	948.647775846281
3477	964.437304504093
3478	972.159943481278
3479	913.215677436676
3480	1015.19020558547
3481	952.901171022821
3482	903.628242289114
3483	951.770971624408
3484	956.668119486698
3485	989.019393897275
3486	949.530174714012
3487	943.449320358232
3488	921.170854464986
3489	906.904746404651
3490	939.107487085104
3491	930.174777007611
3492	969.992636576611
3493	971.113879913129
3494	951.810931477345
3495	1054.78647853318
3496	1016.56996991015
3497	1027.35579178692
3498	970.570706645374
3499	1017.98933836535
3500	868.709776202437
3501	981.399266500928
3502	954.069362532016
3503	992.257796311389
3504	961.791082942255
3505	950.584645880717
3506	942.020802842704
3507	889.892804356171
3508	940.429094679929
3509	959.655028304005
3510	956.805236274696
3511	931.979309858473
3512	952.412232062509
3513	973.102771786435
3514	967.010629139337
3515	920.475592594725
3516	955.667128244835
3517	895.423173911984
3518	907.312348514753
3519	1042.0927256485
3520	1031.32329343574
3521	985.903197542404
3522	940.320720437647
3523	926.550465453915
3524	961.363626468905
3525	846.178065641627
3526	915.816620041064
3527	940.231019305745
3528	951.75630768713
3529	901.331379945504
3530	911.70247177544
3531	982.506292791334
3532	974.785846032163
3533	949.702317414893
3534	961.779603593994
3535	1004.13946685205
3536	930.892439422286
3537	928.210198792675
3538	1004.36885945324
3539	924.143712204933
3540	853.896143453167
3541	893.654913642066
3542	946.30996609173
3543	894.866741036095
3544	956.951272152747
3545	915.924199005858
3546	963.975154306056
3547	867.127744650989
3548	927.880243231333
3549	907.451386940422
3550	890.85503873508
3551	910.172981978071
3552	879.416213579221
3553	978.430546790484
3554	1019.33028454515
3555	1006.3163856344
3556	1001.22149689134
3557	977.292897595609
3558	972.909075522938
3559	961.390112231746
3560	954.251146483564
3561	894.532549160632
3562	998.6248896158
3563	936.678520712759
3564	1016.76243513572
3565	937.517216772007
3566	968.293540063781
3567	994.181050724684
3568	963.386029433704
3569	910.314824324005
3570	959.216053571021
3571	965.208530838305
3572	982.715225585107
3573	963.00043648912
3574	994.271368882045
3575	944.466768350057
3576	857.560439045467
3577	955.271781970807
3578	912.92490642177
3579	1005.67394919439
3580	966.009010621952
3581	899.194890224968
3582	953.064084739718
3583	929.886466839347
3584	1014.8895140786
3585	904.438745388497
3586	1004.60970116637
3587	899.086840204816
3588	959.166345604721
3589	903.982377226404
3590	923.147519640937
3591	903.379251457831
3592	946.71860664654
3593	961.85137368234
3594	970.906864562831
3595	928.075801189987
3596	868.001216176273
3597	958.895817721877
3598	1029.27405794977
3599	981.966605920885
3600	945.279160392698
3601	918.694999892558
3602	906.173206186892
3603	931.116924547623
3604	1005.40098905669
3605	911.307776586067
3606	1038.97490331933
3607	933.063532816992
3608	981.904777656425
3609	940.712643183214
3610	949.028754176642
3611	994.803347261323
3612	988.375200007933
3613	846.015669718244
3614	906.60973452412
3615	955.826064396608
3616	899.369872891488
3617	972.006086808432
3618	956.48088571176
3619	937.005908827684
3620	939.370574137894
3621	971.471652157486
3622	875.545705565311
3623	942.277515151323
3624	951.431978836384
3625	981.729265850252
3626	977.706240676068
3627	972.177001834751
3628	935.615661158788
3629	985.301932786287
3630	924.498986066382
3631	908.419774501821
3632	974.318873602326
3633	942.787341718684
3634	986.012351545891
3635	939.167330926169
3636	920.80533269798
3637	1025.4502618618
3638	985.235534459162
3639	989.67405559352
3640	1039.8449664146
3641	1087.20934115971
3642	969.545290744515
3643	996.985376491848
3644	962.480388509856
3645	900.643773471368
3646	926.214387410631
3647	935.526266135542
3648	939.764009552807
3649	913.576298448228
3650	961.919857047054
3651	945.784270621918
3652	994.502004067241
3653	989.200280589322
3654	966.208629640426
3655	979.93841739928
3656	941.855286103095
3657	1006.98851337008
3658	969.973381235397
3659	942.640002593203
3660	913.083547367653
3661	1007.6663775975
3662	956.303016540584
3663	924.751863130579
3664	977.905429515959
3665	896.63308390574
3666	949.936494253072
3667	950.956213767143
3668	888.565251892812
3669	1026.87287094021
3670	891.388245255919
3671	1006.25687016054
3672	954.234615191674
3673	925.179757846353
3674	904.842710166552
3675	973.993544311816
3676	1024.00539357997
3677	890.999613012608
3678	991.205302913522
3679	974.011199026063
3680	971.058218159341
3681	930.864899601045
3682	912.566757541824
3683	937.027236333622
3684	918.268876699917
3685	974.359604906036
3686	931.426001000019
3687	931.858175554994
3688	991.690743391906
3689	989.965517721021
3690	942.784438360015
3691	1000.57615942317
3692	973.54531549246
3693	969.656788737023
3694	970.710877548304
3695	914.740429664912
3696	933.916889407525
3697	980.02673979279
3698	964.220281282967
3699	922.340346259283
3700	937.749038345265
3701	887.675584262201
3702	946.919007925439
3703	961.562977576272
3704	922.11411202461
3705	977.460215224255
3706	954.332855050085
3707	869.943118104775
3708	952.348904195277
3709	1009.50491539364
3710	977.047424759463
3711	962.281127512061
3712	967.540252628342
3713	923.805840663349
3714	939.464660091942
3715	1010.35556075249
3716	902.930371643081
3717	942.045000093997
3718	948.275179523856
3719	954.065760389983
3720	923.265267796705
3721	894.974558583127
3722	968.136649820037
3723	1017.96108547841
3724	987.071452451189
3725	1019.67201738087
3726	924.699168661972
3727	929.012669464636
3728	892.056468757143
3729	961.148800400717
3730	904.144771309711
3731	989.86429728036
3732	957.21886765685
3733	976.710489088372
3734	1066.30657691701
3735	943.545848712742
3736	969.950225712432
3737	863.086990758923
3738	923.006379788394
3739	1043.0269629783
3740	897.287345755349
3741	1045.69925661246
3742	896.289526566123
3743	978.259315427232
3744	963.947286684746
3745	1017.73373477255
3746	1015.88135749636
3747	950.479784493942
3748	997.576757629889
3749	1015.81456441146
3750	947.718225140067
3751	974.607303408164
3752	953.220683754405
3753	964.473688882833
3754	911.394623178208
3755	992.702430197829
3756	952.367046625227
3757	880.236551096046
3758	1001.7882302771
3759	953.776906283368
3760	1005.63691642457
3761	1003.35621157663
3762	875.477090657466
3763	965.197023731223
3764	884.690829030784
3765	961.24471921747
3766	912.996208243973
3767	1000.92298953185
3768	951.86461676882
3769	951.236909761298
3770	988.086577754565
3771	960.676072358292
3772	929.358764716561
3773	1004.50314719429
3774	962.189537234237
3775	976.030985754252
3776	946.808613767655
3777	985.445493678817
3778	965.270122456049
3779	1008.2627514473
3780	949.137814206592
3781	961.887696101858
3782	934.108085204372
3783	993.516579055771
3784	929.904258256494
3785	988.349805463374
3786	976.660598907961
3787	997.135868374381
3788	1017.35815070601
3789	983.18464545039
3790	981.928976384684
3791	978.088279366661
3792	971.231273028605
3793	917.51768050326
3794	965.120106724191
3795	885.593261714137
3796	940.75338043966
3797	926.341439726338
3798	952.376066008297
3799	984.323696575889
3800	975.266697321989
3801	928.758482865612
3802	984.067310897647
3803	1045.04877625616
3804	953.217297785705
3805	932.638666099115
3806	888.669783980588
3807	923.863828438859
3808	902.399239442047
3809	937.898994266006
3810	923.850647502569
3811	1000.35670831859
3812	973.998754306569
3813	910.950227842566
3814	961.037912311521
3815	870.560394075456
3816	1000.36259077732
3817	1021.00766051976
3818	966.113505755447
3819	988.664213263894
3820	957.757597628897
3821	930.872417610319
3822	946.683076275889
3823	931.971980400124
3824	914.85074102272
3825	935.061018039977
3826	920.034166997191
3827	943.217112635351
3828	950.652480814236
3829	981.59360589856
3830	913.393735107021
3831	927.650921735595
3832	964.769133566237
3833	902.909567199092
3834	866.070411039869
3835	985.343895658345
3836	964.663183819487
3837	981.38525437092
3838	962.710502328578
3839	982.880453867891
3840	896.707120022665
3841	967.209687690379
3842	871.267493261471
3843	994.295203633843
3844	974.207618196894
3845	892.968324875113
3846	816.308053147843
3847	854.581215338421
3848	920.170106024942
3849	953.033201018579
3850	860.368678603571
3851	964.91215756013
3852	934.179077837331
3853	921.423384735885
3854	924.386987285236
3855	988.992673304853
3856	920.203722646715
3857	894.541136677354
3858	1009.97252903689
3859	975.526443828695
3860	965.295817075266
3861	898.332712293471
3862	955.458616775226
3863	971.292273145782
3864	931.726049915714
3865	933.672611750458
3866	991.122649047223
3867	940.684652076286
3868	980.662245268099
3869	910.344703697628
3870	922.121532871043
3871	966.00221664796
3872	915.878293572886
3873	978.790064202348
3874	982.299679159669
3875	971.435218485697
3876	953.018258705668
3877	973.586610019587
3878	970.328636751699
3879	890.999265148118
3880	972.832443575147
3881	939.060290753675
3882	966.034716760829
3883	943.250810944082
3884	950.446887314415
3885	949.463607263928
3886	933.026231661043
3887	965.339129539276
3888	964.740758273403
3889	999.531536678001
3890	947.52711697661
3891	955.061008822888
3892	984.680610145607
3893	941.882685210758
3894	964.226192535492
3895	1006.38522476446
3896	890.450491489917
3897	891.13760328145
3898	921.716699124728
3899	937.586173948816
3900	954.476615029023
3901	898.792715857945
3902	948.141599179089
3903	980.531986039687
3904	1004.39882513305
3905	950.936090784692
3906	975.183244097879
3907	897.85231854974
3908	953.035824609257
3909	941.287380790983
3910	968.866808326698
3911	936.830064083221
3912	1029.68539141294
3913	979.403126693878
3914	987.082509427666
3915	1026.93391593579
3916	878.190405340221
3917	975.542160836696
3918	967.541225514942
3919	933.529044099603
3920	952.028289736387
3921	975.476980961396
3922	962.29156570727
3923	942.970135934906
3924	944.261881666554
3925	910.747083186498
3926	969.08714720045
3927	984.970941407964
3928	979.89551322381
3929	960.256429439677
3930	980.151062636802
3931	1015.94275072204
3932	999.051529308049
3933	999.715599207622
3934	982.174264394643
3935	932.78321998803
3936	963.122541238863
3937	1037.87844775999
3938	948.462463894392
3939	975.747610377524
3940	950.373398654825
3941	923.325919995044
3942	950.039649822866
3943	1064.83650795982
3944	939.219669827798
3945	993.002076687419
3946	951.354461334298
3947	922.854280674744
3948	932.831968993725
3949	965.807705661053
3950	937.702440737536
3951	913.33474094004
3952	887.840764028929
3953	1033.04693242023
3954	969.783674873651
3955	936.476295852056
3956	1040.50839458641
3957	930.029887608265
3958	974.210163107236
3959	912.097872049665
3960	986.388525492572
3961	966.972462755698
3962	927.324587221335
3963	943.40605103911
3964	898.47779725284
3965	952.664155473583
3966	879.342497086222
3967	970.99976331586
3968	934.417091907263
3969	901.132259010947
3970	873.971401879665
3971	888.38149208734
3972	989.470256570678
3973	925.445152414249
3974	981.249230547718
3975	964.546391376754
3976	967.293520934635
3977	948.256441881074
3978	959.454007234296
3979	931.156426026096
3980	970.917500167802
3981	974.761727871608
3982	979.588597889476
3983	858.85265864873
3984	877.010285089778
3985	942.296853245852
3986	949.971259375154
3987	947.264415185081
3988	970.095135817905
3989	861.75888172381
3990	921.796498171668
3991	988.887285652237
3992	899.99992839906
3993	935.844284599649
3994	928.901832968348
3995	924.692510887092
3996	912.333066893614
3997	996.833075282298
3998	941.641573884301
3999	873.037954272085
4000	963.743116429414
