"LogLikelihood"	"Iteration"
2444.39556460777	1
2449.14544554367	2
2438.33662513304	3
2450.35042562192	4
2447.87780747616	5
2445.34132742518	6
2444.43362592915	7
2442.38236054475	8
2443.92558336016	9
2448.29116368985	10
2437.16771988272	11
2441.88347882851	12
2433.9089659401	13
2433.18510870199	14
2449.29237312342	15
2448.15677484902	16
2437.50411383077	17
2443.6543190749	18
2441.47915384612	19
2444.15728854557	20
2443.6409318116	21
2446.83588745418	22
2428.04453501278	23
2439.50538261725	24
2446.94911579322	25
2445.22138256247	26
2439.3597010402	27
2442.92591972317	28
2441.49048099954	29
2445.75657904941	30
2439.07362011798	31
2446.67138794438	32
2442.54144193203	33
2435.98204959491	34
2442.90794649496	35
2443.13696276951	36
2439.54459478078	37
2434.56967649379	38
2436.02395476722	39
2443.43432987385	40
2449.27145906856	41
2442.85744664471	42
2441.48643627751	43
2447.15628353859	44
2439.30226294622	45
2435.34333197715	46
2442.6651913079	47
2446.98439288388	48
2443.79282804686	49
2449.66287106958	50
2442.93535847123	51
2442.2957997872	52
2442.25694514537	53
2440.7750773673	54
2450.84942008132	55
2436.67297265349	56
2445.82042719596	57
2441.10372580206	58
2444.38503581203	59
2445.79118597909	60
2443.90187594521	61
2441.92497469949	62
2453.20716855662	63
2446.62128304652	64
2442.77105538363	65
2441.83752284705	66
2442.12553081173	67
2440.87776107125	68
2445.70918813559	69
2441.19412235844	70
2441.70708839286	71
2434.69220366593	72
2441.03364683236	73
2450.60737049722	74
2445.7429377364	75
2442.31905843361	76
2446.6306671692	77
2450.39504936457	78
2439.70794969008	79
2449.92603480072	80
2436.78631518526	81
2445.10249663535	82
2445.12642642186	83
2439.45643529143	84
2440.52583859718	85
2448.4958875806	86
2440.77071163062	87
2444.94560733829	88
2450.86675253965	89
2439.84738844436	90
2434.2354197989	91
2447.0644218976	92
2446.59286440551	93
2442.70338118266	94
2433.409611903	95
2435.31720107034	96
2438.77233461829	97
2449.47570631929	98
2436.07689967839	99
2446.08038211068	100
2443.4862988932	101
2449.93316968432	102
2441.44158534066	103
2442.57811010756	104
2445.84452596952	105
2443.1774842699	106
2440.55730554332	107
2437.31685155915	108
2436.52651455934	109
2438.55382431154	110
2429.99775511323	111
2446.1682735829	112
2448.09020245278	113
2443.0455805936	114
2447.46420469441	115
2445.24398283581	116
2444.19659684051	117
2436.95728052513	118
2449.45650149412	119
2439.12607939859	120
2446.36891743331	121
2448.07168067644	122
2437.43195451562	123
2444.00943924598	124
2440.94725747883	125
2444.21774266587	126
2442.23708149277	127
2447.07084847632	128
2444.49812766875	129
2436.65253408292	130
2443.26273428868	131
2441.26921099339	132
2446.82044601995	133
2445.36446994744	134
2445.31757971441	135
2448.87220382956	136
2431.24854818556	137
2441.89286718097	138
2453.79397897844	139
2441.12551941144	140
2439.99673767017	141
2451.39057525966	142
2444.47418031396	143
2438.60015555918	144
2441.30695791893	145
2442.08228379797	146
2448.54614654781	147
2448.2444021676	148
2441.0671951261	149
2438.56778284917	150
2441.17380038739	151
2446.07737019357	152
2438.48334565566	153
2447.99468262552	154
2440.46109455673	155
2443.69857591764	156
2440.52536797726	157
2434.52117289944	158
2451.0957509608	159
2439.26867044695	160
2444.84482757557	161
2435.8127604169	162
2445.0548740551	163
2445.93134481673	164
2448.65727683484	165
2441.6759582388	166
2441.43112734739	167
2440.17788830115	168
2440.05405789103	169
2440.45886031943	170
2444.69042060688	171
2444.95081602306	172
2447.03817295503	173
2448.71481744115	174
2434.89611088077	175
2440.59945559526	176
2442.24733199876	177
2445.24246667559	178
2446.16665912358	179
2443.58470853307	180
2448.13365281462	181
2447.95784096247	182
2447.91834979326	183
2440.66231598391	184
2444.46128585349	185
2446.85757186305	186
2439.05541306516	187
2439.59240576425	188
2445.81221150451	189
2448.03467699738	190
2440.66262990246	191
2444.14589337548	192
2439.65997856164	193
2447.63220381547	194
2451.00317158761	195
2451.92886954763	196
2451.89559590892	197
2445.71299153331	198
2437.98194544712	199
2442.24329307894	200
2445.38499393888	201
2441.27447408408	202
2439.29344813038	203
2434.36765105932	204
2447.93614790986	205
2438.23408191662	206
2446.41903986299	207
2449.30249914874	208
2446.52447558507	209
2446.79490119748	210
2445.87252705864	211
2438.29456745474	212
2440.33489034199	213
2436.79369196669	214
2445.93144868965	215
2448.45593184926	216
2430.17827691316	217
2442.7004420786	218
2444.98845296305	219
2446.56640096235	220
2446.51439319281	221
2437.97020342235	222
2441.81815956579	223
2440.68862601812	224
2444.65695366444	225
2444.53678737043	226
2442.93672817329	227
2440.374290925	228
2440.58662992196	229
2441.79049347857	230
2448.34260781332	231
2450.25062873813	232
2443.21918962584	233
2435.39799384627	234
2445.69827404299	235
2449.97066500187	236
2442.73866818759	237
2445.64169159074	238
2446.11074492815	239
2451.40448336341	240
2444.52166931821	241
2445.19700423121	242
2446.98684254497	243
2441.89721820136	244
2442.33133481508	245
2443.29382386005	246
2441.68136349066	247
2445.55195272393	248
2447.23320625599	249
2443.83168811179	250
2443.98854352789	251
2445.85018962849	252
2443.61737501587	253
2448.16586962549	254
2431.41121941486	255
2441.47583151359	256
2432.84778797009	257
2447.48131504055	258
2440.69906166894	259
2445.26335260441	260
2452.34041021304	261
2439.57192407517	262
2438.8021895035	263
2442.94066838418	264
2449.49719966944	265
2437.0418490137	266
2447.94621687543	267
2444.96286249608	268
2441.99012518534	269
2442.98183928237	270
2447.58158036109	271
2441.42026585771	272
2443.87445275509	273
2438.50498684042	274
2442.3617970602	275
2430.56438927166	276
2443.02811495876	277
2434.85063720836	278
2440.17885265959	279
2441.37437739931	280
2427.51736560578	281
2450.19754627454	282
2437.71981489838	283
2441.03635962977	284
2438.86618431423	285
2442.64260578081	286
2447.99634120376	287
2442.42475844579	288
2449.40980181317	289
2444.00182653425	290
2451.10113858906	291
2446.58203194026	292
2444.58748927848	293
2441.74832682982	294
2437.73985283375	295
2441.73614710786	296
2442.50090108873	297
2447.29623340975	298
2442.42711886563	299
2441.55616065681	300
2455.07064281017	301
2441.78233399243	302
2442.30606586076	303
2445.16863284415	304
2438.48969744571	305
2438.89447562552	306
2445.97253051577	307
2443.89616029247	308
2444.05489597987	309
2445.89940126477	310
2444.37165876451	311
2446.89339270821	312
2440.30336297433	313
2442.54409359638	314
2443.59051903753	315
2439.2861869854	316
2446.84031355216	317
2440.93515641756	318
2436.82009536265	319
2448.25680955236	320
2441.71013119997	321
2447.56432235255	322
2445.9866224273	323
2443.81527543318	324
2431.45783391352	325
2433.80963274049	326
2441.31803383668	327
2443.58920311993	328
2449.92822668925	329
2440.60080720504	330
2449.99211580933	331
2447.69402800361	332
2438.96132041357	333
2440.70520409903	334
2452.56944287684	335
2440.32596114032	336
2449.63632805268	337
2447.43483954364	338
2444.66639926469	339
2445.84308991977	340
2441.15039722299	341
2448.28575513422	342
2438.48275137315	343
2435.31584929394	344
2445.53576523951	345
2439.47284073331	346
2450.23964142934	347
2441.60328558464	348
2432.87218053318	349
2445.3062597833	350
2435.58222961645	351
2443.45177773842	352
2427.0843743146	353
2443.65928195459	354
2445.06818702305	355
2441.70590744775	356
2442.3151382489	357
2447.43280694922	358
2450.0391243522	359
2443.16317369023	360
2445.68226661362	361
2446.79804518097	362
2443.98136203391	363
2444.1671294149	364
2447.38572029838	365
2431.21429052368	366
2443.89607158944	367
2441.43718855288	368
2438.92190368817	369
2438.98097037523	370
2439.59251068364	371
2451.38419953614	372
2439.63682552693	373
2435.70770463788	374
2446.0321815441	375
2438.6219698807	376
2435.72581949278	377
2440.12463270065	378
2442.07713495278	379
2445.57878265227	380
2437.17762251146	381
2438.89368690085	382
2437.38546534966	383
2442.87063289091	384
2448.44241696948	385
2444.04424753137	386
2442.42050163816	387
2437.71425176049	388
2450.52421004424	389
2440.35042462543	390
2443.30428690427	391
2433.29656404535	392
2428.02283235462	393
2439.67042668634	394
2443.24332337674	395
2442.05822215296	396
2445.35126151606	397
2440.38478204937	398
2442.92027244304	399
2437.60184247778	400
2440.59983899258	401
2444.54479361207	402
2441.95307538189	403
2443.62226073211	404
2438.82900129457	405
2444.92165264069	406
2443.41819514503	407
2445.82458286558	408
2433.63339108432	409
2445.0944031339	410
2437.78031582628	411
2446.58871323642	412
2435.23546025469	413
2439.76826722646	414
2445.78916184839	415
2439.83898062701	416
2442.09770509657	417
2449.19020511658	418
2444.24276404833	419
2444.54561339983	420
2448.5640620677	421
2444.02740868958	422
2445.48383108709	423
2439.09382507	424
2442.8548761557	425
2443.5253563761	426
2442.41611759153	427
2451.87667645266	428
2435.86878525815	429
2444.93142596377	430
2433.74683110733	431
2437.07817830479	432
2448.17230010839	433
2441.30501271142	434
2438.7926897685	435
2442.35770701157	436
2449.39449224654	437
2442.94845009641	438
2449.02691807796	439
2449.23383041686	440
2441.5882436466	441
2427.39254432527	442
2442.80438485318	443
2446.29327985813	444
2439.83414348443	445
2445.17057459097	446
2452.99556046478	447
2439.63435501726	448
2433.29726668589	449
2447.62041215305	450
2446.42083095371	451
2443.24571949166	452
2445.11722925707	453
2444.51628787969	454
2442.49447919099	455
2451.08042861433	456
2447.50965388521	457
2449.22588832542	458
2442.88919570487	459
2438.93201707613	460
2445.95353449099	461
2440.625856933	462
2450.66077067453	463
2439.72604033004	464
2436.90916177904	465
2432.91196208406	466
2444.59093848031	467
2452.06501403527	468
2440.12321350549	469
2434.39852756336	470
2437.34453621742	471
2448.81568619552	472
2450.33355453241	473
2441.01577223525	474
2447.04505670943	475
2440.13676648715	476
2438.93086986015	477
2440.96478751521	478
2445.31701975297	479
2441.30050595466	480
2446.55571983669	481
2439.26256159671	482
2443.76367320382	483
2447.04706123008	484
2440.728755913	485
2442.83997329783	486
2446.14162622246	487
2438.4781338963	488
2440.85535839995	489
2442.57994283057	490
2431.70065832166	491
2437.99336888994	492
2446.0543263972	493
2435.00537064407	494
2447.25875413222	495
2447.97381620955	496
2438.42467618143	497
2444.16011796135	498
2434.90431119414	499
2436.60893352395	500
2444.34418551829	501
2446.14134602582	502
2441.4092470377	503
2445.305455898	504
2444.94463957654	505
2445.02680643225	506
2440.06117420258	507
2439.78852564418	508
2447.18358885392	509
2451.26817939826	510
2438.55333417657	511
2443.74887940464	512
2444.20287478853	513
2447.6158640845	514
2438.03865281999	515
2447.03502237611	516
2441.10571765835	517
2442.19402840693	518
2436.6425813391	519
2448.62968601237	520
2444.54806394924	521
2447.52191211698	522
2451.96070994251	523
2444.91459975969	524
2439.49810770297	525
2437.28255472751	526
2442.62097390438	527
2447.01820204843	528
2444.71511916224	529
2443.31397293884	530
2434.18196192061	531
2440.93893824753	532
2438.76806305591	533
2439.29755523641	534
2444.88735686819	535
2446.90965710569	536
2445.51283901469	537
2443.35842669986	538
2439.37178495376	539
2445.7529109489	540
2442.11315761862	541
2441.34071482275	542
2440.39733515418	543
2441.4169738463	544
2440.3359138514	545
2428.66287157959	546
2444.16987117126	547
2446.37040257965	548
2443.03625037485	549
2447.48272954773	550
2443.47366202444	551
2441.89188797803	552
2448.34285537813	553
2439.20062392355	554
2438.93746775215	555
2442.17230989993	556
2449.71092170765	557
2442.84873890231	558
2449.29019950776	559
2443.4166182763	560
2438.06363525558	561
2435.66248956673	562
2448.34502022947	563
2446.9843147323	564
2439.34017314474	565
2436.43984843894	566
2439.80663346241	567
2428.29107095989	568
2444.17501135181	569
2436.31473756588	570
2444.70146261638	571
2438.52651939094	572
2443.37438287345	573
2444.42273370146	574
2448.19713446409	575
2447.51573220726	576
2443.59143592106	577
2446.90352124483	578
2444.98847839024	579
2442.46802389125	580
2446.78759584051	581
2435.06323661471	582
2445.58614475417	583
2442.10073405618	584
2434.89340033518	585
2437.96323609847	586
2447.21395303713	587
2439.99925633258	588
2439.87248272288	589
2446.05045690092	590
2445.52305537606	591
2437.90627653509	592
2434.94465537549	593
2440.7907753881	594
2444.78275868393	595
2436.57100862273	596
2448.48416698543	597
2433.1301731904	598
2443.34456570852	599
2448.53079896996	600
2443.59973259724	601
2445.31259481607	602
2445.06787953647	603
2444.1557608038	604
2444.39906999907	605
2448.11266100583	606
2448.92127218868	607
2452.09247373841	608
2435.61266696624	609
2446.1999621908	610
2446.17837131187	611
2440.6381477241	612
2446.64111026102	613
2444.82568620691	614
2451.77750742572	615
2440.88242263408	616
2448.83646940838	617
2438.55283697625	618
2443.85045548277	619
2446.90607626546	620
2445.59230059737	621
2445.11157559957	622
2446.4897816685	623
2437.05739291715	624
2446.73283437703	625
2444.23409038322	626
2444.41384852227	627
2445.77338702198	628
2446.49044327867	629
2445.36021891759	630
2442.45534781336	631
2446.7915854773	632
2435.32259716634	633
2446.2093849404	634
2441.71561743456	635
2449.48115205237	636
2441.6973861844	637
2440.48799209549	638
2440.25634059225	639
2443.56410722561	640
2445.5172664859	641
2445.59192918827	642
2444.284946019	643
2440.3717856029	644
2440.46215970159	645
2444.25347237963	646
2453.3078006255	647
2432.65748867901	648
2450.40191607735	649
2439.56723174337	650
2444.13759792586	651
2442.79744721505	652
2447.73746961656	653
2444.6150309327	654
2443.05783706581	655
2448.53849488909	656
2442.75314895006	657
2442.71957184789	658
2446.02071041405	659
2443.62650466593	660
2445.95590232174	661
2445.94622223794	662
2444.05877091729	663
2436.41085288466	664
2446.56025854697	665
2444.375894645	666
2443.84218299342	667
2445.89844407712	668
2431.23930002675	669
2449.47930762362	670
2448.90018305758	671
2443.53523989273	672
2447.20179283733	673
2439.14907260398	674
2444.50051873143	675
2446.14129732682	676
2443.82386568349	677
2439.42942819685	678
2421.32537740607	679
2445.50471011869	680
2445.22483376984	681
2434.91889828293	682
2439.85698246986	683
2437.25741525762	684
2441.61610293413	685
2431.86803248196	686
2448.08115023473	687
2443.88555850991	688
2445.7230706405	689
2445.067400601	690
2448.36889782436	691
2439.8448262311	692
2436.93666363716	693
2440.91407367793	694
2436.79706462459	695
2442.6850456524	696
2440.88562945723	697
2448.55535182036	698
2438.26700440951	699
2438.96115331797	700
2444.15234126021	701
2443.5629340361	702
2445.67152864812	703
2445.50347849409	704
2438.84483529341	705
2446.47309359128	706
2443.6619996102	707
2441.08611875972	708
2443.38978494135	709
2440.48228698563	710
2445.66273476611	711
2433.75868915195	712
2449.57443055142	713
2446.49360053323	714
2444.36680071813	715
2441.31674089279	716
2446.30085890392	717
2438.65179895527	718
2443.11555197592	719
2451.35199520022	720
2441.53240637525	721
2448.45445453526	722
2433.59211132564	723
2441.32735446389	724
2439.19288576925	725
2446.59065994419	726
2446.76434094998	727
2441.16589369029	728
2439.58224039564	729
2443.80569265936	730
2449.43117408919	731
2450.26942461316	732
2438.6653746109	733
2445.05891624713	734
2439.42781800842	735
2444.55855135721	736
2451.57081428647	737
2438.71867506939	738
2431.57537860323	739
2436.0670022227	740
2438.51571954756	741
2445.79681751816	742
2445.49219447935	743
2446.9867054843	744
2445.42475586609	745
2448.35688853606	746
2434.73660101375	747
2445.52375254325	748
2438.14119492089	749
2447.19266030146	750
2440.58315704546	751
2432.24859584658	752
2439.68049974167	753
2445.14441676383	754
2437.45426272292	755
2449.86560488097	756
2437.76646646316	757
2449.06636675244	758
2442.56086871909	759
2442.86200847998	760
2436.02649095183	761
2436.66077315447	762
2442.7621948173	763
2441.29357296862	764
2441.55572162779	765
2442.40365582604	766
2430.4264831744	767
2442.47075986837	768
2432.76673047708	769
2446.31044608824	770
2444.59290706503	771
2448.28674420267	772
2449.27906727409	773
2445.17006794275	774
2439.00532403196	775
2445.5360875286	776
2448.19848761195	777
2446.77013002832	778
2440.73108811733	779
2446.15024420179	780
2448.4775275177	781
2436.3225092045	782
2440.70600078712	783
2446.63988840413	784
2444.04390314813	785
2443.60575946341	786
2441.73646167538	787
2445.6745218269	788
2453.29881628174	789
2447.12896981708	790
2438.55074920345	791
2438.34184264274	792
2444.29620297077	793
2444.47472300795	794
2442.15944183591	795
2446.53070510286	796
2444.96032218432	797
2431.42345173006	798
2448.3346270954	799
2442.33767176786	800
2445.05446746354	801
2439.58085811174	802
2444.79468393287	803
2450.29302758261	804
2447.73083261865	805
2444.70749166776	806
2437.85499391689	807
2436.95630051788	808
2444.19980226023	809
2440.88506882115	810
2451.75682619335	811
2444.17036519809	812
2444.57428505877	813
2442.89223495465	814
2442.31111419908	815
2429.1426707111	816
2444.5942979363	817
2437.93166530624	818
2441.23667065409	819
2450.85000497393	820
2444.67357262673	821
2445.38783282609	822
2451.41621328134	823
2438.87976700515	824
2447.20964270052	825
2447.37557694033	826
2441.41709552262	827
2439.88872914723	828
2435.78883007079	829
2444.38703036523	830
2432.5702070617	831
2446.36684998722	832
2443.75669839021	833
2444.40877217794	834
2443.15018047611	835
2442.23751284651	836
2438.57478149378	837
2438.58761326134	838
2439.74404271818	839
2443.402427186	840
2449.76354491038	841
2445.15433930522	842
2443.63122737639	843
2445.31156557737	844
2439.16925746653	845
2444.83056792067	846
2448.35345342683	847
2442.05371253568	848
2439.06318468952	849
2444.95018406985	850
2443.87050471891	851
2453.20226972777	852
2438.69976693652	853
2442.44328743909	854
2444.50423819033	855
2441.1253809129	856
2447.25893190432	857
2448.29619003184	858
2438.03361325694	859
2447.81818957268	860
2447.85276198411	861
2435.86668711101	862
2452.46188383575	863
2442.09728701342	864
2444.67046245567	865
2445.61908473488	866
2445.03152212234	867
2441.54845719527	868
2438.05086692475	869
2440.08308406154	870
2441.50473229167	871
2445.06149195504	872
2444.67188257088	873
2440.16680626556	874
2441.69482449507	875
2447.49818301737	876
2449.93747987696	877
2442.51112236229	878
2437.45753150421	879
2437.39252531404	880
2448.9937584266	881
2442.29639608085	882
2447.36290246875	883
2441.55066316236	884
2438.2163086585	885
2446.11453741151	886
2439.74610948894	887
2439.36359344235	888
2444.25957359231	889
2445.10811229768	890
2451.47563271384	891
2441.83184070182	892
2449.61425732337	893
2442.56976985352	894
2439.27374420824	895
2447.13511776606	896
2450.06409492483	897
2448.16204189361	898
2444.80992654626	899
2444.16312519588	900
2438.61898903373	901
2439.18569288218	902
2448.84130270923	903
2449.82917290274	904
2444.73919665923	905
2441.37195488912	906
2440.6739423449	907
2445.08392066524	908
2445.42154622941	909
2441.70611243071	910
2441.30710667961	911
2443.04395481645	912
2448.61658403887	913
2440.82117979309	914
2445.30199426715	915
2448.02414774227	916
2430.96092377318	917
2433.98705794064	918
2438.47724274711	919
2442.06702449739	920
2442.23462550298	921
2453.15451674939	922
2448.70652729888	923
2444.13759636129	924
2451.31209367304	925
2430.59803449099	926
2442.44048976108	927
2446.21479058395	928
2442.56245707887	929
2446.84467623779	930
2442.31216659614	931
2443.34775604239	932
2449.04843763308	933
2435.34681062996	934
2436.68011507243	935
2432.61867692594	936
2442.55254927551	937
2448.57053463583	938
2437.85586966772	939
2443.14746000052	940
2440.3542153595	941
2449.52627903351	942
2441.35778160752	943
2434.60405971237	944
2437.08479121608	945
2443.67568943305	946
2443.79129142751	947
2440.39361405986	948
2443.5661018404	949
2447.89570016777	950
2439.0783715796	951
2446.5844418263	952
2442.68794432713	953
2440.59785636507	954
2443.41635330013	955
2444.22572615154	956
2438.49659671391	957
2441.14426371941	958
2445.54710572389	959
2443.33623343392	960
2437.3802717155	961
2450.37074350139	962
2445.92010831387	963
2438.7393919933	964
2437.62077399635	965
2443.96947510869	966
2443.06884449437	967
2445.20626985611	968
2446.28538271506	969
2445.23730297641	970
2449.60034210915	971
2439.23006601628	972
2445.23855902488	973
2432.45373695666	974
2447.73040134509	975
2449.20835060637	976
2441.7200203676	977
2444.5681642712	978
2437.93057543383	979
2438.66381752206	980
2433.07148181354	981
2446.9923228385	982
2441.75286445563	983
2439.77831094725	984
2448.46355802677	985
2433.40856011068	986
2449.74498957486	987
2442.14416413274	988
2441.08928022427	989
2444.67261845827	990
2435.47740440421	991
2448.54652025343	992
2443.09680229957	993
2445.41503781838	994
2449.70735427248	995
2433.60437896409	996
2444.20647121761	997
2449.15029088062	998
2439.51314653236	999
2443.09793792459	1000
2444.97276276853	1001
2444.88277404443	1002
2444.89270133355	1003
2443.99532551418	1004
2451.7112011885	1005
2446.64228759882	1006
2446.47499281473	1007
2440.92009425145	1008
2451.63675255902	1009
2441.39528309631	1010
2440.25950103405	1011
2446.5037545459	1012
2437.42981880979	1013
2443.5673697228	1014
2447.47999892165	1015
2441.21224299597	1016
2440.48527641121	1017
2445.76342796765	1018
2448.9987397783	1019
2453.33807679626	1020
2443.33132272596	1021
2449.467244522	1022
2440.76251860078	1023
2442.30157505649	1024
2440.69219653133	1025
2435.81148257001	1026
2443.09705415135	1027
2433.45884195019	1028
2446.10030109614	1029
2450.46642635801	1030
2443.01528923015	1031
2447.69915414146	1032
2447.80597158935	1033
2443.69999753199	1034
2438.84420433295	1035
2446.64162824092	1036
2441.40535845193	1037
2443.0859997936	1038
2424.20753803725	1039
2449.05764384864	1040
2449.62118780669	1041
2449.0499426266	1042
2447.33807848976	1043
2450.02025024291	1044
2441.65322427564	1045
2438.09296677414	1046
2444.10041432308	1047
2439.71520067361	1048
2445.51356507473	1049
2439.36203302456	1050
2445.74097709139	1051
2438.2077138174	1052
2440.91440090477	1053
2437.98939800202	1054
2446.50068949797	1055
2449.1062836454	1056
2437.93219544068	1057
2440.28559418381	1058
2441.53120156902	1059
2443.21414880761	1060
2445.28771014474	1061
2444.43885347684	1062
2445.65084585563	1063
2444.80248155394	1064
2446.34595374395	1065
2442.69435685645	1066
2444.1999486523	1067
2444.09248948996	1068
2438.41510271472	1069
2432.53284473526	1070
2452.43503749954	1071
2438.68947932573	1072
2440.08460032016	1073
2446.73368990183	1074
2435.64682571707	1075
2445.17775952884	1076
2445.77535105229	1077
2447.03536024435	1078
2440.39668947402	1079
2444.44935550917	1080
2434.46517751349	1081
2446.99509118224	1082
2432.4302418577	1083
2450.48429795965	1084
2445.98884125929	1085
2443.03344301066	1086
2439.45927103423	1087
2444.66331468344	1088
2439.28233355238	1089
2451.27199343453	1090
2439.81447810164	1091
2449.76808270743	1092
2438.91171741937	1093
2438.54417688391	1094
2450.0284699905	1095
2443.66266184057	1096
2444.35018349492	1097
2441.69288757381	1098
2446.93232058732	1099
2451.03231824306	1100
2447.8193545143	1101
2445.71378101269	1102
2438.18643743466	1103
2437.74933345732	1104
2447.37452408826	1105
2444.64246334461	1106
2448.02829376137	1107
2445.43205045749	1108
2441.32453367619	1109
2442.28459374791	1110
2446.01528837312	1111
2436.50985081159	1112
2447.94166390207	1113
2444.78025251787	1114
2444.71161115383	1115
2445.75432968581	1116
2446.4092010156	1117
2448.16288514515	1118
2435.18706586345	1119
2448.78973756209	1120
2440.16726369402	1121
2443.15714043402	1122
2451.19931366983	1123
2445.5461215143	1124
2441.78170536117	1125
2450.36426670365	1126
2448.68034430626	1127
2429.41505402119	1128
2444.40865653983	1129
2448.09937973297	1130
2444.31524283862	1131
2441.02556041222	1132
2435.40611216276	1133
2435.88797818703	1134
2454.22927013131	1135
2448.0541071858	1136
2442.2804952962	1137
2440.45306473103	1138
2440.65595332727	1139
2438.06011805422	1140
2447.10091669832	1141
2446.47186566707	1142
2443.91826201513	1143
2446.3965341091	1144
2447.84288908542	1145
2443.75350414794	1146
2448.38375858745	1147
2451.14399980168	1148
2447.32918048868	1149
2434.35887831499	1150
2449.1373322871	1151
2442.161985432	1152
2441.50691216034	1153
2446.9677491856	1154
2445.04886167165	1155
2440.28181945674	1156
2446.26701853122	1157
2440.10041330873	1158
2441.70134205224	1159
2443.29768844379	1160
2446.1312832994	1161
2447.96406329742	1162
2440.46814656337	1163
2437.06156867657	1164
2447.02074081868	1165
2447.58749407892	1166
2448.13294222876	1167
2431.45337224107	1168
2449.294734282	1169
2432.82086118597	1170
2440.10470130086	1171
2445.59495948036	1172
2440.10662385003	1173
2442.72232116041	1174
2437.26092988179	1175
2438.76049303765	1176
2435.95787786319	1177
2448.3727305207	1178
2444.08032017689	1179
2434.59088436258	1180
2447.23072269569	1181
2439.86240281778	1182
2447.64635472686	1183
2442.33796089189	1184
2445.96621005108	1185
2437.6443149655	1186
2439.36531732452	1187
2445.27551845597	1188
2446.80841404104	1189
2449.04137488056	1190
2449.93458750753	1191
2444.28240387441	1192
2445.74014568995	1193
2437.56842859157	1194
2447.64211104264	1195
2432.53429188479	1196
2436.12996638168	1197
2449.65593547851	1198
2442.96480783577	1199
2446.47896003893	1200
2443.03639391997	1201
2445.6909066039	1202
2444.49522379767	1203
2444.74955473284	1204
2435.58167918839	1205
2448.83302262889	1206
2451.61756067413	1207
2440.36654104573	1208
2444.19193065235	1209
2447.85085621725	1210
2437.41699818707	1211
2443.73237147724	1212
2445.09258078822	1213
2451.85524180306	1214
2452.06198525437	1215
2449.98834227362	1216
2450.2884168105	1217
2447.5707783623	1218
2438.71201093951	1219
2443.29027060859	1220
2442.92565905119	1221
2437.12211080758	1222
2444.2081060381	1223
2447.82639220686	1224
2442.53856316247	1225
2446.42061102923	1226
2440.12417053192	1227
2432.58343280981	1228
2447.56975175733	1229
2436.20252006391	1230
2441.02590289274	1231
2451.75758925231	1232
2450.91745032205	1233
2435.72350922823	1234
2440.2728909604	1235
2442.8021497379	1236
2449.97398587633	1237
2439.35228495093	1238
2440.33792243823	1239
2447.35517440038	1240
2440.3858021641	1241
2445.7013888549	1242
2446.77140142224	1243
2447.92996063143	1244
2443.32938103042	1245
2442.89946136558	1246
2439.58215409936	1247
2442.73641478913	1248
2447.99310853182	1249
2448.42700360547	1250
2446.05280893247	1251
2450.73179087148	1252
2440.39714067393	1253
2444.84357547016	1254
2445.47179742494	1255
2438.49650162011	1256
2446.92204167348	1257
2448.26002949561	1258
2442.119982739	1259
2452.95649466922	1260
2434.8232812229	1261
2442.48115022841	1262
2445.26026605713	1263
2442.81296274019	1264
2439.00655384174	1265
2436.75927780554	1266
2449.85318543683	1267
2448.16114509086	1268
2442.59730835674	1269
2438.01449622341	1270
2449.046763972	1271
2442.54911813984	1272
2449.34214269203	1273
2446.58191173372	1274
2446.50796842461	1275
2442.05993696696	1276
2440.522212707	1277
2438.16505527716	1278
2446.46193001546	1279
2431.658557898	1280
2444.4548778105	1281
2441.93955467572	1282
2437.15519365386	1283
2443.46300374	1284
2447.79141037714	1285
2450.32408445093	1286
2439.53575947377	1287
2442.97238322146	1288
2443.00996317615	1289
2448.27412277754	1290
2450.15666326907	1291
2446.97788130478	1292
2444.44071652613	1293
2445.88789307996	1294
2447.28449728887	1295
2443.87465716003	1296
2445.87431891334	1297
2440.80883810427	1298
2445.4572708011	1299
2449.628077074	1300
2441.77225287691	1301
2444.39145777604	1302
2445.72606576375	1303
2450.67339255161	1304
2446.70566028914	1305
2438.88993547991	1306
2450.49819082605	1307
2440.12665718774	1308
2448.89033876068	1309
2449.77117066142	1310
2440.83421823111	1311
2447.11415502735	1312
2446.63675992397	1313
2453.14560770936	1314
2445.20533445763	1315
2448.89002957518	1316
2443.30569654793	1317
2445.40511757909	1318
2447.09221985037	1319
2444.35069853159	1320
2442.33781905154	1321
2448.40542575423	1322
2435.61398377321	1323
2441.83133751125	1324
2449.59790378024	1325
2436.71561469916	1326
2430.19821738852	1327
2444.49444003999	1328
2448.24113042451	1329
2443.33624879357	1330
2449.56934432893	1331
2435.1678524204	1332
2436.81309722466	1333
2445.74085255184	1334
2445.1181938997	1335
2444.69063653145	1336
2436.97611582948	1337
2441.38859313923	1338
2435.79908961098	1339
2441.50443492946	1340
2440.63983786819	1341
2436.78459077707	1342
2439.0326538118	1343
2450.01215648809	1344
2442.39950819455	1345
2436.22390316646	1346
2449.85827742416	1347
2446.21790683403	1348
2451.58869487591	1349
2446.37161903303	1350
2442.46456642291	1351
2444.82427011645	1352
2439.22308417966	1353
2447.40667098924	1354
2444.22923721228	1355
2440.69600230398	1356
2442.20698274918	1357
2447.2455885915	1358
2445.57243613984	1359
2439.16446940782	1360
2448.54735452061	1361
2442.31861612322	1362
2439.9909378638	1363
2440.66759729957	1364
2443.22119510509	1365
2434.69761293383	1366
2436.98850138804	1367
2442.04495397006	1368
2436.9791519446	1369
2446.17819976108	1370
2437.17564313887	1371
2440.20374105402	1372
2440.99046495395	1373
2443.78798024865	1374
2448.40850907465	1375
2446.01267641992	1376
2445.88733086576	1377
2449.7634994369	1378
2438.64057287409	1379
2441.95726700206	1380
2422.04377436	1381
2445.50548984169	1382
2449.21561880565	1383
2440.59586172307	1384
2446.2644737486	1385
2443.4544513202	1386
2438.88430636296	1387
2445.09321801392	1388
2450.53552794503	1389
2452.93049567737	1390
2443.16840655691	1391
2440.84859736133	1392
2443.89210990223	1393
2448.64012343815	1394
2439.85545496919	1395
2437.63675093455	1396
2451.60080473322	1397
2437.39862807431	1398
2441.11709362299	1399
2449.7986339066	1400
2436.3531873829	1401
2439.97298017334	1402
2442.60869080935	1403
2441.59793751655	1404
2432.51541875057	1405
2440.54390256284	1406
2444.07565522	1407
2441.01663033443	1408
2446.01033736991	1409
2447.41162119436	1410
2435.69823433531	1411
2448.05022300647	1412
2441.6911278923	1413
2443.39106303387	1414
2443.32363586965	1415
2440.01199179908	1416
2441.74063603203	1417
2441.55458806706	1418
2437.13419910158	1419
2445.54802230479	1420
2453.49184061414	1421
2445.51709313792	1422
2440.85319408946	1423
2442.47081064895	1424
2447.10592287781	1425
2443.15515964831	1426
2439.908075628	1427
2447.21746834971	1428
2441.34609148535	1429
2443.39096389722	1430
2445.5836297377	1431
2443.14993079419	1432
2442.68472812949	1433
2440.58588383127	1434
2444.31966778165	1435
2450.33321774798	1436
2445.43525683658	1437
2447.0300504601	1438
2448.76264828276	1439
2443.08605339583	1440
2439.56623291275	1441
2444.07665143959	1442
2444.70403921954	1443
2442.32768669302	1444
2441.92794455336	1445
2444.15739465679	1446
2440.37705778725	1447
2442.00766552859	1448
2444.3955650671	1449
2441.5286782876	1450
2434.63838750387	1451
2441.98270905991	1452
2450.67154978995	1453
2443.48567034625	1454
2435.32650365755	1455
2449.39862301524	1456
2447.21004919668	1457
2446.26806046302	1458
2440.08722162707	1459
2445.09232205881	1460
2448.4321934459	1461
2437.39970406463	1462
2443.11508423209	1463
2437.89869683623	1464
2447.45824285489	1465
2436.35799016266	1466
2439.25600282654	1467
2441.84455829578	1468
2441.07440423038	1469
2448.16068361178	1470
2446.474179827	1471
2451.65211877545	1472
2439.37258145864	1473
2437.41514198454	1474
2446.27588116301	1475
2439.12952176492	1476
2446.57486114216	1477
2449.54822836349	1478
2440.74431394797	1479
2446.63201945864	1480
2442.90263603817	1481
2444.10950739987	1482
2446.17415738341	1483
2450.25649524435	1484
2439.72212994626	1485
2438.07150557013	1486
2438.29512291288	1487
2443.4011715101	1488
2448.64122828525	1489
2451.32360965464	1490
2443.57418145636	1491
2437.0509122044	1492
2441.89216325285	1493
2434.93220748398	1494
2440.65460540149	1495
2433.22055915055	1496
2444.39351903594	1497
2443.71190774714	1498
2425.98879630172	1499
2443.15050673088	1500
2436.79629151191	1501
2448.3781763424	1502
2445.99748385469	1503
2447.76197886226	1504
2437.02757413137	1505
2449.80665480337	1506
2439.66469165515	1507
2434.09443572203	1508
2439.69464119965	1509
2451.09780760564	1510
2434.91725770705	1511
2445.98758610209	1512
2443.49475015507	1513
2450.12744181115	1514
2441.66318892838	1515
2447.39715984938	1516
2444.3169772325	1517
2447.21336954364	1518
2447.41490554158	1519
2447.66681515354	1520
2447.7198109714	1521
2442.99052389625	1522
2441.75599145717	1523
2437.87747481164	1524
2442.34778296604	1525
2449.14572534388	1526
2445.23274105371	1527
2427.43410171587	1528
2438.58246581147	1529
2443.38903395537	1530
2440.22715105637	1531
2432.73871946209	1532
2437.48286683547	1533
2441.48380806758	1534
2449.53879002673	1535
2434.39328719226	1536
2441.59043198936	1537
2439.30106638448	1538
2449.21976146586	1539
2448.17596179994	1540
2439.22864882101	1541
2438.36491328374	1542
2445.87144923014	1543
2436.63799824436	1544
2439.35905631881	1545
2436.41062363362	1546
2440.73608260031	1547
2440.83601894656	1548
2446.54681170602	1549
2449.25641037637	1550
2442.04907756355	1551
2443.809416651	1552
2446.79509507337	1553
2436.82765332492	1554
2427.80065285751	1555
2438.51227322336	1556
2445.56014098176	1557
2440.06250758325	1558
2436.31292296843	1559
2428.70732662666	1560
2438.07648754467	1561
2442.96869497066	1562
2443.67075238891	1563
2438.43507916686	1564
2448.71828915785	1565
2435.06630913394	1566
2448.0430336677	1567
2444.19580538507	1568
2446.02198590893	1569
2441.01105053472	1570
2445.4400034038	1571
2444.16900478405	1572
2445.45600928419	1573
2445.2755875937	1574
2431.9717360128	1575
2439.53427985455	1576
2445.06703669897	1577
2442.86058274762	1578
2434.23228394731	1579
2446.21977712257	1580
2446.4682985318	1581
2441.23319652387	1582
2427.79963126012	1583
2441.13657644219	1584
2439.41668105789	1585
2448.33586782441	1586
2449.8475728815	1587
2447.23401859467	1588
2447.03764855151	1589
2435.84216875748	1590
2451.15155828573	1591
2443.61028419733	1592
2442.14809566309	1593
2438.46776539476	1594
2440.77220805092	1595
2443.74255003231	1596
2442.26170470432	1597
2443.84073143831	1598
2446.84800764286	1599
2444.5399308296	1600
2443.76382283294	1601
2450.01178528598	1602
2429.14838697531	1603
2444.56491341711	1604
2452.25881351426	1605
2450.74539941883	1606
2440.60754956238	1607
2444.1991596804	1608
2447.29987650077	1609
2448.11138814433	1610
2447.16198017965	1611
2444.73012734768	1612
2445.66881238516	1613
2434.98399239189	1614
2444.52361507107	1615
2443.82844082826	1616
2450.03130055	1617
2433.37252788308	1618
2448.09566872579	1619
2435.38854173139	1620
2436.66383816935	1621
2440.62429465994	1622
2447.3776259782	1623
2444.14694693813	1624
2438.31422991343	1625
2442.79770418249	1626
2447.45364238491	1627
2439.17686192549	1628
2441.88268640291	1629
2434.9133288992	1630
2443.42239204501	1631
2438.47359914326	1632
2443.15861695068	1633
2434.54666166716	1634
2438.76132611777	1635
2439.87349322602	1636
2436.49225213473	1637
2446.68177047262	1638
2431.1573009497	1639
2442.41243714334	1640
2441.47951766295	1641
2448.84643956963	1642
2444.20200330009	1643
2447.81506406053	1644
2440.81642494381	1645
2437.00932229777	1646
2434.79384156694	1647
2434.19477403183	1648
2445.08610553691	1649
2440.87912067117	1650
2438.88856389573	1651
2428.68808631219	1652
2439.15236739409	1653
2444.54585091775	1654
2440.89638372009	1655
2442.78046587807	1656
2439.59929675455	1657
2440.29172411648	1658
2430.25687775604	1659
2437.07048100423	1660
2448.4384906406	1661
2438.28225091142	1662
2432.74347244382	1663
2441.61362338148	1664
2447.38301553089	1665
2430.84126199435	1666
2434.44697744078	1667
2441.45489243281	1668
2447.23425205533	1669
2434.90174458724	1670
2444.49314930118	1671
2441.83607987971	1672
2445.66573912756	1673
2444.59944449871	1674
2449.71421846596	1675
2441.52762063868	1676
2449.15415719887	1677
2442.49540066203	1678
2442.34576411648	1679
2448.0631805232	1680
2442.21956372785	1681
2437.85658215302	1682
2434.4528579091	1683
2437.25581163147	1684
2441.60891532855	1685
2442.83513108776	1686
2444.25724661792	1687
2441.56254698011	1688
2431.22818835376	1689
2438.59440400606	1690
2446.79616647573	1691
2450.91228031571	1692
2443.60884058437	1693
2433.56608354448	1694
2442.70396420794	1695
2448.44854182965	1696
2444.40135847236	1697
2446.31740768335	1698
2443.65465595254	1699
2453.23275650801	1700
2436.90868246485	1701
2444.17103549545	1702
2447.6120878849	1703
2438.26137943556	1704
2439.06975615711	1705
2437.30733498784	1706
2448.01705962722	1707
2449.78624877904	1708
2442.29982387087	1709
2446.10138117537	1710
2438.61651204779	1711
2438.26160254573	1712
2437.53276036815	1713
2449.58605909218	1714
2438.28102746138	1715
2430.5099228192	1716
2434.43075612986	1717
2447.80652642062	1718
2434.01241723457	1719
2449.38806112204	1720
2440.05749428493	1721
2444.93682265487	1722
2437.91796298321	1723
2448.3950482733	1724
2444.26526636484	1725
2448.48550536497	1726
2433.43575751103	1727
2433.22342535662	1728
2448.39302938725	1729
2446.52317295093	1730
2444.64661623132	1731
2439.39018912264	1732
2441.31074050179	1733
2445.3602752487	1734
2441.35988135575	1735
2452.68958446626	1736
2447.34641322342	1737
2448.10372350326	1738
2443.6625937622	1739
2441.99184002782	1740
2441.78827998063	1741
2436.95498042587	1742
2440.90348030176	1743
2445.08775208668	1744
2428.76169647519	1745
2446.78347256438	1746
2435.53018498979	1747
2448.65949287961	1748
2441.92128114439	1749
2439.81579394762	1750
2434.08059242451	1751
2441.36544725382	1752
2442.5636459331	1753
2435.25676250578	1754
2439.30733635417	1755
2444.42263785665	1756
2444.7087013542	1757
2448.78990981695	1758
2445.91860282401	1759
2446.96030666286	1760
2439.44961997179	1761
2443.51081415882	1762
2441.34004322462	1763
2442.67192460153	1764
2442.78969378719	1765
2441.31431153462	1766
2437.90011372138	1767
2440.71416113247	1768
2439.53894514464	1769
2440.28659762562	1770
2447.44104456855	1771
2449.51846696218	1772
2448.27229217335	1773
2437.29171326861	1774
2442.48647625378	1775
2448.5532702681	1776
2439.7958468332	1777
2432.96944295907	1778
2451.04447979865	1779
2442.37126344457	1780
2445.70335304915	1781
2443.37261696298	1782
2441.44735349057	1783
2441.57252354065	1784
2444.42633335465	1785
2432.67986852512	1786
2450.45219240351	1787
2439.12938088367	1788
2447.96010922988	1789
2442.8256201443	1790
2438.44048438914	1791
2439.09709702279	1792
2430.51541889725	1793
2448.3258730424	1794
2451.82164542576	1795
2436.22946520475	1796
2447.02486836521	1797
2436.8977516332	1798
2445.40486953433	1799
2447.66928928682	1800
2430.31185269608	1801
2442.60800169389	1802
2444.46795977171	1803
2444.93332444465	1804
2444.56145656933	1805
2450.04266801801	1806
2438.37681690436	1807
2439.14120879058	1808
2447.44121102419	1809
2452.04918934754	1810
2435.56486193236	1811
2448.65040323294	1812
2436.96769741439	1813
2442.88949475433	1814
2449.5444236859	1815
2444.07461303565	1816
2445.94401135817	1817
2446.77314977413	1818
2449.00343927552	1819
2444.02878151484	1820
2445.84401231127	1821
2449.58581074994	1822
2432.49498315766	1823
2449.3790587684	1824
2435.48381526452	1825
2442.01538128064	1826
2437.14564162945	1827
2446.87515969077	1828
2446.79584522527	1829
2440.53189425767	1830
2443.60278268014	1831
2449.54148312852	1832
2447.78600769463	1833
2443.89053840001	1834
2449.14955821109	1835
2431.19152982646	1836
2445.95515004222	1837
2449.02363709921	1838
2435.57368648224	1839
2443.90100815845	1840
2437.75604307183	1841
2443.12816092507	1842
2440.28216402789	1843
2442.26460227969	1844
2441.91808028174	1845
2443.07993033143	1846
2442.0633752148	1847
2442.48665362992	1848
2444.67119067215	1849
2437.63906804922	1850
2442.71249475094	1851
2433.64221093338	1852
2442.44423682772	1853
2441.89980335248	1854
2435.76479732718	1855
2434.91778717004	1856
2441.07655135009	1857
2446.07001449515	1858
2439.74710887459	1859
2434.35812815146	1860
2443.08339832368	1861
2435.41006926805	1862
2450.27493169444	1863
2450.47230402409	1864
2442.75536952217	1865
2445.26688468573	1866
2441.31929332265	1867
2440.59321174817	1868
2438.96255147566	1869
2439.2120489957	1870
2449.16538966622	1871
2441.58991315787	1872
2441.84034772032	1873
2443.74494728475	1874
2439.17016002007	1875
2448.41964996118	1876
2447.56897154751	1877
2436.27913839971	1878
2436.19023369056	1879
2449.14365303389	1880
2444.44956116934	1881
2442.74432128279	1882
2451.15724443906	1883
2434.61611260683	1884
2453.54076923264	1885
2433.14440897997	1886
2441.65474879717	1887
2438.98779532747	1888
2446.32134440936	1889
2442.6176554548	1890
2446.70255433744	1891
2444.39879557086	1892
2446.97785240647	1893
2445.75922831823	1894
2439.6416898186	1895
2427.64429183308	1896
2443.11561035887	1897
2447.66912005161	1898
2445.09377791253	1899
2445.06390275274	1900
2444.59460146571	1901
2442.42472762097	1902
2451.16429058925	1903
2445.63413877654	1904
2446.83033855103	1905
2444.02498271089	1906
2440.2438366736	1907
2441.29706554128	1908
2436.20707499151	1909
2447.083352465	1910
2438.67655249415	1911
2442.71957872688	1912
2449.31818294935	1913
2436.82659798889	1914
2442.94774533513	1915
2442.7657449058	1916
2446.84101961979	1917
2456.62008549174	1918
2440.37567912032	1919
2445.53451411689	1920
2442.46108479262	1921
2444.71034879117	1922
2448.26025517921	1923
2448.239190529	1924
2449.9191631908	1925
2443.11809095344	1926
2441.47891175681	1927
2449.10412035176	1928
2450.02827991314	1929
2431.16269789494	1930
2447.39578262972	1931
2438.68165455667	1932
2445.55373518729	1933
2440.04092685046	1934
2444.47599464804	1935
2430.0747156786	1936
2447.57938596342	1937
2446.82484033034	1938
2439.78604238916	1939
2441.14887942027	1940
2445.85919152904	1941
2439.91380503478	1942
2435.25875954328	1943
2449.68706859606	1944
2446.09973570189	1945
2447.20833993735	1946
2443.57316020813	1947
2441.54261444944	1948
2448.87498519242	1949
2447.91362288653	1950
2450.2470431912	1951
2447.72746301689	1952
2449.05599356881	1953
2450.73524098864	1954
2437.68570087009	1955
2441.75461242514	1956
2441.07788455501	1957
2435.28583667944	1958
2433.50541800804	1959
2437.42731987991	1960
2438.92445759729	1961
2446.79756916603	1962
2445.85066642944	1963
2442.92861713716	1964
2445.9718109985	1965
2447.23178599753	1966
2440.2215546864	1967
2446.11902344772	1968
2444.56585681954	1969
2438.33079995828	1970
2447.00550274574	1971
2441.96423146128	1972
2445.02232936858	1973
2446.58666326534	1974
2441.22494298383	1975
2443.54709477148	1976
2438.84233080722	1977
2439.95881456808	1978
2442.58169681867	1979
2442.03242559676	1980
2437.50336251064	1981
2450.83333605835	1982
2441.00133843791	1983
2441.47551060244	1984
2436.9352834846	1985
2433.41324158521	1986
2436.03599826893	1987
2438.20158545933	1988
2442.03958865077	1989
2445.86731685606	1990
2439.99803778747	1991
2441.03946194198	1992
2439.15430610306	1993
2426.23295745647	1994
2441.32047917437	1995
2440.2345828759	1996
2436.36261410411	1997
2447.01097826469	1998
2438.02042451419	1999
2446.78755583267	2000
2440.98743163388	2001
2443.03295777245	2002
2445.26248264998	2003
2443.24766158272	2004
2449.3211813584	2005
2444.89739954363	2006
2444.87722302226	2007
2451.00611749567	2008
2440.92504513958	2009
2438.58406054463	2010
2438.12474197367	2011
2445.68179110486	2012
2436.27690121244	2013
2445.68977384332	2014
2445.69561035969	2015
2442.05756546309	2016
2434.93564461033	2017
2449.87771672254	2018
2446.39084143107	2019
2444.41014135434	2020
2446.2082037789	2021
2443.26536730902	2022
2442.7405367577	2023
2442.43990085556	2024
2446.98213460176	2025
2432.49656775802	2026
2440.26462853701	2027
2450.50173480221	2028
2442.07832568824	2029
2448.84514430961	2030
2434.74943612557	2031
2450.69274585764	2032
2450.81520773012	2033
2444.59086523401	2034
2437.57193545191	2035
2442.13360752883	2036
2442.64847371166	2037
2446.78462128307	2038
2444.84148743471	2039
2446.00090536882	2040
2443.7880392575	2041
2440.9771616837	2042
2445.94560091789	2043
2439.43729412179	2044
2445.73929749215	2045
2444.39102832314	2046
2443.14799741379	2047
2440.136371243	2048
2444.17131029948	2049
2448.24587666479	2050
2445.50268718963	2051
2437.28259269189	2052
2442.37849143906	2053
2446.50991228155	2054
2451.72479155061	2055
2442.54019182	2056
2440.6996284362	2057
2447.99253261496	2058
2444.39458518156	2059
2436.2509716645	2060
2442.72055159123	2061
2439.45194083056	2062
2448.55414396678	2063
2433.14479177753	2064
2438.11258334295	2065
2438.90281144347	2066
2445.59847109952	2067
2439.12242646458	2068
2442.2417100833	2069
2441.57984179996	2070
2442.56824133329	2071
2439.31747249203	2072
2438.78238080499	2073
2440.12533238756	2074
2438.44298689485	2075
2440.00350821906	2076
2439.1199358579	2077
2444.98655143439	2078
2444.22418156192	2079
2449.19711856709	2080
2449.38004469624	2081
2450.50558941962	2082
2444.69171104351	2083
2439.19396115379	2084
2438.40123747883	2085
2438.83990212148	2086
2451.13889519005	2087
2449.35261066994	2088
2439.73777466697	2089
2439.05277930217	2090
2450.02951219148	2091
2444.52730630793	2092
2448.96129171707	2093
2447.66470184099	2094
2444.79326369989	2095
2441.88983501511	2096
2451.84592359387	2097
2453.34315002791	2098
2439.78305928183	2099
2444.94972516651	2100
2440.70247746715	2101
2437.85392251698	2102
2438.72748769602	2103
2439.65193875086	2104
2444.23698747364	2105
2436.42076260036	2106
2445.45267562417	2107
2442.51674579975	2108
2442.32834874336	2109
2435.9700594725	2110
2443.49443310717	2111
2436.85746237219	2112
2442.17142957546	2113
2445.94443273761	2114
2447.4234879136	2115
2437.48615136142	2116
2441.45245697428	2117
2437.57169946653	2118
2451.53803990882	2119
2439.07952008391	2120
2445.45594640083	2121
2440.13070431925	2122
2438.11519049887	2123
2445.41003596918	2124
2445.68227184521	2125
2449.42984285609	2126
2445.34578469986	2127
2444.95521365751	2128
2436.56861281816	2129
2439.03833111228	2130
2448.74641175221	2131
2445.41448927285	2132
2435.52350383929	2133
2438.96473343978	2134
2446.6099519368	2135
2443.55591744852	2136
2439.25095073808	2137
2447.52936422927	2138
2449.85946656032	2139
2444.71645957353	2140
2445.26682584883	2141
2445.08495987394	2142
2446.61947540465	2143
2449.97939017479	2144
2451.68876532767	2145
2447.44888172958	2146
2446.1332540584	2147
2443.59057189105	2148
2443.8144254623	2149
2443.88876433618	2150
2444.85634269568	2151
2446.05099018911	2152
2443.73058495541	2153
2446.18616506866	2154
2438.91875558651	2155
2442.33907972091	2156
2443.54597173253	2157
2445.45659118862	2158
2443.9124395781	2159
2445.13888546284	2160
2446.48727411489	2161
2431.57038426685	2162
2442.51021015792	2163
2442.63759722666	2164
2438.61841430644	2165
2438.55917187058	2166
2447.60157228214	2167
2436.89802767657	2168
2440.20406932341	2169
2446.16163956505	2170
2441.58474076389	2171
2447.02660154474	2172
2446.87835618435	2173
2446.05944242788	2174
2445.0715260724	2175
2435.88989626935	2176
2441.92616728224	2177
2435.20458883704	2178
2445.73350425533	2179
2433.94389857226	2180
2443.9549051852	2181
2442.73866825573	2182
2440.35001091067	2183
2446.62487426299	2184
2441.20089750127	2185
2441.30205395039	2186
2438.22460433069	2187
2440.60231113706	2188
2437.78523887537	2189
2444.94803326972	2190
2452.38132640054	2191
2447.05320241989	2192
2447.8723505823	2193
2437.53915868649	2194
2444.93444445748	2195
2446.78789168855	2196
2446.27947248635	2197
2453.66377912241	2198
2439.8712236483	2199
2448.69492600469	2200
2439.92139816756	2201
2441.95102400561	2202
2445.42627808956	2203
2437.93257462236	2204
2442.34769043407	2205
2451.48981908941	2206
2446.95338103642	2207
2442.9328406452	2208
2447.1360584525	2209
2440.57606652909	2210
2438.26136598743	2211
2441.35698103207	2212
2443.40389746847	2213
2442.47732914691	2214
2439.63098714537	2215
2443.9068055854	2216
2441.28548175172	2217
2449.59526895816	2218
2434.76411775652	2219
2439.42359436019	2220
2442.29657468463	2221
2442.40438005503	2222
2434.72908849805	2223
2438.27306577622	2224
2447.89203706878	2225
2437.65424231679	2226
2441.35821348774	2227
2442.01717211173	2228
2441.0388079238	2229
2444.51385626701	2230
2445.31033488768	2231
2449.47341676978	2232
2444.68112914705	2233
2446.72610806432	2234
2449.11458259716	2235
2437.54899486712	2236
2443.04403390253	2237
2441.09275968182	2238
2443.18590256589	2239
2454.10260806149	2240
2442.70943466758	2241
2448.07478668034	2242
2445.44212489453	2243
2439.07584429071	2244
2434.64020990725	2245
2437.47692223409	2246
2442.46444477298	2247
2450.15110489285	2248
2447.47752565257	2249
2436.28513868711	2250
2445.00260681692	2251
2444.10100294492	2252
2442.82426020971	2253
2442.74078520049	2254
2441.57132659871	2255
2444.23631473199	2256
2445.45280888269	2257
2441.28417720431	2258
2444.24050390974	2259
2451.8319767063	2260
2437.34052280941	2261
2449.0140789264	2262
2430.33634095614	2263
2436.34583791983	2264
2432.28378495565	2265
2441.30196244834	2266
2448.63516622623	2267
2440.982973724	2268
2436.59456019081	2269
2443.1631456545	2270
2437.0149293475	2271
2446.29633550389	2272
2443.44799687812	2273
2439.11275397837	2274
2441.80599692389	2275
2447.94587258144	2276
2449.96459706108	2277
2435.40213959823	2278
2447.74026836395	2279
2440.4731991616	2280
2445.88101018202	2281
2423.91304177017	2282
2436.95087811951	2283
2445.71500494014	2284
2433.35411099391	2285
2437.05046321596	2286
2436.69949542725	2287
2443.52356964456	2288
2444.03101681921	2289
2447.31503700978	2290
2447.91238231846	2291
2445.63009223772	2292
2440.1929582866	2293
2442.95360232963	2294
2448.90532386284	2295
2450.192954711	2296
2449.16370667598	2297
2445.70497945167	2298
2449.86122257801	2299
2448.82291125826	2300
2448.16702002245	2301
2444.73757162399	2302
2448.14459267041	2303
2443.73132519806	2304
2441.63319951238	2305
2439.8946430526	2306
2447.41371474436	2307
2440.50052009128	2308
2444.27150798855	2309
2449.7567157086	2310
2438.62722623901	2311
2440.01066957947	2312
2444.83446296149	2313
2439.69392555396	2314
2445.55935053482	2315
2449.22668360379	2316
2443.8747370038	2317
2440.28416064044	2318
2437.2974596666	2319
2442.21219488144	2320
2439.149510788	2321
2443.29578736339	2322
2443.44839225456	2323
2444.72496699856	2324
2443.03575078947	2325
2446.11044560763	2326
2428.72341579107	2327
2439.95774180135	2328
2446.21353698335	2329
2443.85696409319	2330
2444.47123265049	2331
2448.84796803945	2332
2439.51276054062	2333
2446.58268402586	2334
2441.33678296473	2335
2442.73537857032	2336
2445.39560589055	2337
2450.4093809472	2338
2444.36699090209	2339
2444.69072411455	2340
2440.41502128365	2341
2445.42907381255	2342
2446.45994677043	2343
2447.01518705615	2344
2449.95033583188	2345
2448.14506858798	2346
2440.03405615519	2347
2445.77291437332	2348
2436.06883398933	2349
2447.32238437177	2350
2440.1386714767	2351
2449.55093076701	2352
2443.77370472287	2353
2429.24785890724	2354
2444.26580820081	2355
2444.38303611729	2356
2449.30005099929	2357
2449.72087620687	2358
2434.22891923236	2359
2445.82214776038	2360
2443.70210503083	2361
2447.2039734175	2362
2445.92820559531	2363
2444.94259859956	2364
2438.78404863263	2365
2433.62546453193	2366
2441.38567381093	2367
2442.74129923905	2368
2446.99670991737	2369
2439.08029000669	2370
2446.56523695348	2371
2447.95518724143	2372
2443.5822818647	2373
2449.72726408786	2374
2440.02103031711	2375
2437.38809135733	2376
2444.75578018074	2377
2443.32829297379	2378
2438.92610100564	2379
2436.46635845243	2380
2441.88127224938	2381
2442.1325816004	2382
2445.77467835459	2383
2441.40737754994	2384
2440.35279522705	2385
2443.70484381512	2386
2450.61440522159	2387
2441.73910289159	2388
2447.68604935823	2389
2436.27164949456	2390
2441.21996300374	2391
2433.00103509178	2392
2444.69215408471	2393
2445.64151657379	2394
2439.73323327422	2395
2433.36079149873	2396
2445.81652379936	2397
2436.75333147968	2398
2439.78834675251	2399
2441.69944858652	2400
2440.66371166493	2401
2446.17104734732	2402
2440.16561853935	2403
2439.74168537949	2404
2442.00753399261	2405
2448.39600234091	2406
2432.74679505507	2407
2442.98214853136	2408
2445.64252231739	2409
2435.07528859236	2410
2448.03023620369	2411
2447.54892673005	2412
2442.6568508311	2413
2444.34265287834	2414
2449.62426901789	2415
2450.55602738548	2416
2441.71237687053	2417
2437.15873942234	2418
2439.3705893381	2419
2441.77041101765	2420
2449.36658455134	2421
2441.66945232316	2422
2443.52523192427	2423
2444.48241787096	2424
2436.48431423208	2425
2444.71440909424	2426
2443.56724501939	2427
2445.56701292569	2428
2440.91770168984	2429
2444.10566528051	2430
2449.22412279887	2431
2439.93583074796	2432
2445.46452255412	2433
2444.00140110945	2434
2443.06494157538	2435
2442.33253202313	2436
2439.44877678131	2437
2448.4572799528	2438
2439.8577141866	2439
2444.87672760916	2440
2442.62986773265	2441
2443.83089634685	2442
2446.35190988423	2443
2439.73121337237	2444
2447.04549217155	2445
2438.23187600101	2446
2447.09913098031	2447
2449.17479731182	2448
2449.25532079469	2449
2450.52326475661	2450
2438.84355134404	2451
2446.23814584219	2452
2441.70433025689	2453
2444.78897353764	2454
2450.61165407298	2455
2435.0292364929	2456
2448.86548978782	2457
2442.2218703118	2458
2447.89650663772	2459
2435.98185734165	2460
2432.79073449967	2461
2452.01801994506	2462
2437.80592810606	2463
2449.25263725899	2464
2454.0110881704	2465
2449.04356186596	2466
2450.35667171798	2467
2451.3941269261	2468
2442.16889464608	2469
2444.60119513567	2470
2444.08740260331	2471
2443.53443549126	2472
2442.62497825249	2473
2448.82550451643	2474
2436.98091552164	2475
2444.93240746829	2476
2448.46222964893	2477
2441.15622742005	2478
2440.23177945041	2479
2452.4301728471	2480
2436.738386365	2481
2438.80955655761	2482
2437.37861441909	2483
2442.41151849961	2484
2440.42695744489	2485
2439.77605215671	2486
2439.49002069812	2487
2440.52219325359	2488
2446.9665677822	2489
2445.42650411346	2490
2445.36198750422	2491
2430.36095538393	2492
2433.04916204606	2493
2441.66065766135	2494
2442.28219632388	2495
2442.33176234639	2496
2442.73557408578	2497
2448.97617728915	2498
2440.85810713591	2499
2444.3926430838	2500
2434.03596177544	2501
2441.63713835945	2502
2445.89678681434	2503
2438.24927231346	2504
2442.85004389236	2505
2440.83921477989	2506
2445.38364326025	2507
2442.95112111703	2508
2446.93641772588	2509
2448.01460703059	2510
2436.73742625346	2511
2449.37003543899	2512
2447.60374029112	2513
2442.16920441217	2514
2444.4198995234	2515
2450.47961437612	2516
2443.03878781802	2517
2440.24138511876	2518
2444.96217299035	2519
2437.60664457236	2520
2435.53347674371	2521
2440.55196968832	2522
2435.82072629661	2523
2441.82143137676	2524
2445.0696465969	2525
2445.61883746556	2526
2448.37851987404	2527
2438.22760455553	2528
2437.12649342558	2529
2449.84047928427	2530
2446.72351861957	2531
2442.52317484849	2532
2437.98170791568	2533
2442.32679989506	2534
2438.29386328415	2535
2442.33738714919	2536
2447.92065128785	2537
2450.17523211256	2538
2436.76671349884	2539
2439.52566892117	2540
2446.97835871942	2541
2437.08378110751	2542
2444.80090063082	2543
2438.37092780455	2544
2438.43084827121	2545
2442.43915423562	2546
2440.53379401829	2547
2450.04073623685	2548
2441.32559103466	2549
2437.57873101443	2550
2448.11676647388	2551
2448.12791056128	2552
2437.32636672391	2553
2442.08045098835	2554
2442.86142920637	2555
2446.07581913125	2556
2437.73833746739	2557
2437.21745198907	2558
2443.38073213219	2559
2442.35824809221	2560
2440.8047364503	2561
2444.70255768669	2562
2442.35554139616	2563
2439.87750018498	2564
2438.83194746738	2565
2448.29576537713	2566
2442.58323421785	2567
2443.30075842925	2568
2445.01421202593	2569
2448.21828617507	2570
2439.99198142528	2571
2445.2404474887	2572
2447.04226451485	2573
2444.91058763406	2574
2446.43241231143	2575
2445.44035100833	2576
2447.85064582563	2577
2445.048418864	2578
2449.30727512461	2579
2441.59184987649	2580
2440.16609319147	2581
2438.00739796131	2582
2454.61474444732	2583
2447.19241563209	2584
2444.55506362663	2585
2449.86318058018	2586
2440.43772527864	2587
2450.27305845598	2588
2444.13921066646	2589
2447.68784315552	2590
2444.04699197835	2591
2443.18169481639	2592
2446.28722060307	2593
2432.96052664365	2594
2449.67228427659	2595
2430.86105174981	2596
2446.96972081377	2597
2448.55973555259	2598
2449.83588410919	2599
2437.45927928986	2600
2434.38982292836	2601
2446.03068335125	2602
2442.72791114943	2603
2443.51265716553	2604
2440.519852494	2605
2447.48401247274	2606
2442.94742653817	2607
2454.71864977834	2608
2449.20906401518	2609
2448.59395463208	2610
2446.82153116031	2611
2442.61979989321	2612
2448.15939407515	2613
2440.79494824919	2614
2447.34106851286	2615
2438.03689825853	2616
2453.64615466711	2617
2451.18650981338	2618
2444.76309357508	2619
2442.10765231952	2620
2445.48066940265	2621
2446.65414084435	2622
2454.95111009721	2623
2443.65250753178	2624
2448.13724538879	2625
2443.43039815696	2626
2443.43948295535	2627
2445.6588505796	2628
2443.11356141825	2629
2438.79663523256	2630
2448.69882523187	2631
2437.65928020153	2632
2440.92193947648	2633
2442.9112841949	2634
2444.02328179074	2635
2447.68691989262	2636
2432.87367035477	2637
2439.33637466288	2638
2440.0196915959	2639
2437.87104592602	2640
2447.07240361082	2641
2452.30766495036	2642
2441.50692528145	2643
2443.33176727865	2644
2439.78964691623	2645
2440.88202280611	2646
2446.03667683879	2647
2441.73017026366	2648
2448.60694640679	2649
2435.43888140146	2650
2440.35513478828	2651
2447.66628703173	2652
2444.04377048999	2653
2449.35662529642	2654
2447.3943772394	2655
2440.98315479159	2656
2443.39566435798	2657
2439.42618926466	2658
2443.50028998986	2659
2440.23566326667	2660
2445.25099854723	2661
2454.14857105426	2662
2444.41116521722	2663
2442.77044569718	2664
2447.68040368977	2665
2440.30907538941	2666
2444.75087037427	2667
2440.0437357609	2668
2444.84502054028	2669
2449.53898128238	2670
2441.49932436901	2671
2430.93189139832	2672
2449.59986540309	2673
2443.64437926722	2674
2449.26122430632	2675
2434.54031702294	2676
2443.08825930098	2677
2445.97829791077	2678
2438.88767501418	2679
2438.2081491666	2680
2446.18855091507	2681
2445.35814399894	2682
2439.0167178021	2683
2437.60364145355	2684
2437.86407009244	2685
2446.15543414831	2686
2437.93028281088	2687
2436.50274641879	2688
2450.999654591	2689
2449.36174936015	2690
2443.1693556552	2691
2438.93740414367	2692
2437.69133559063	2693
2441.85517272512	2694
2443.20539153482	2695
2449.07887381225	2696
2439.74850380865	2697
2435.58862919893	2698
2436.15035038164	2699
2443.73608608799	2700
2445.71150237541	2701
2433.1381230279	2702
2449.28037653484	2703
2439.23197987691	2704
2437.66408881401	2705
2449.70590349907	2706
2444.70807264344	2707
2435.71975067443	2708
2440.86403492205	2709
2447.34840253376	2710
2450.62750031416	2711
2435.42854332591	2712
2432.63157765751	2713
2438.66594129508	2714
2437.6456660934	2715
2444.56055310001	2716
2440.44714005463	2717
2438.81857730178	2718
2443.43459336876	2719
2439.73651447296	2720
2444.31670092086	2721
2443.06987837596	2722
2438.66869556164	2723
2441.58948188726	2724
2444.81271923411	2725
2442.0425073369	2726
2441.9622050837	2727
2441.43950952361	2728
2442.13300725067	2729
2434.62412395005	2730
2444.93374076677	2731
2444.92117027864	2732
2435.51426863819	2733
2447.61142458454	2734
2438.10405740121	2735
2443.24322585352	2736
2445.05425284247	2737
2443.52786240438	2738
2434.20270039263	2739
2433.49495811861	2740
2439.41531984928	2741
2438.11853095777	2742
2440.03937428455	2743
2427.78801431087	2744
2448.94676097033	2745
2439.55128829997	2746
2447.39481485697	2747
2444.0718754597	2748
2448.76855609835	2749
2447.73600342117	2750
2433.99945826172	2751
2441.64512652344	2752
2435.80589965353	2753
2446.42042815648	2754
2438.37118379703	2755
2439.13533132275	2756
2453.29119207763	2757
2442.72591445699	2758
2436.84842048904	2759
2450.02776602459	2760
2443.89654239242	2761
2437.42373994767	2762
2441.05697906996	2763
2443.47231468519	2764
2440.01160059727	2765
2448.28661161431	2766
2444.07107650488	2767
2445.63914580267	2768
2442.88809914582	2769
2444.70620110512	2770
2440.65827631197	2771
2441.88088418378	2772
2444.11400238369	2773
2436.27903809825	2774
2443.82062825981	2775
2443.25562643061	2776
2441.40857510788	2777
2441.37480642377	2778
2442.303040478	2779
2444.52288776001	2780
2433.53933634955	2781
2442.80085922293	2782
2434.31123515113	2783
2450.26943283609	2784
2440.81438479835	2785
2437.70190320607	2786
2438.60179512724	2787
2442.84248628064	2788
2440.77113119342	2789
2445.33336240894	2790
2437.48462340223	2791
2439.45926649033	2792
2444.88053422727	2793
2433.3708359668	2794
2431.01715747535	2795
2445.86854067775	2796
2446.09276528351	2797
2442.89422817206	2798
2435.87283581413	2799
2446.41441582405	2800
2444.59021697932	2801
2440.90624472321	2802
2447.4736848936	2803
2443.52660854555	2804
2443.79068119942	2805
2441.37543331127	2806
2444.72176123778	2807
2451.87556984927	2808
2428.10664551444	2809
2437.93085557733	2810
2446.735374439	2811
2445.69491620087	2812
2442.39597566987	2813
2440.13034911257	2814
2435.75729859022	2815
2442.88575262476	2816
2443.30369641956	2817
2443.9508206386	2818
2440.95029052788	2819
2445.20735916112	2820
2446.4929071898	2821
2453.65062670255	2822
2438.0001597467	2823
2448.96416141918	2824
2447.61215362706	2825
2442.13071260825	2826
2445.00693393456	2827
2452.19058013699	2828
2446.83329000086	2829
2450.18822487827	2830
2448.55428300555	2831
2443.53464223202	2832
2443.70108787202	2833
2445.96429458328	2834
2441.19956040024	2835
2450.01304679558	2836
2434.63332403286	2837
2441.66891057351	2838
2445.53203826297	2839
2440.03167792002	2840
2435.13402154338	2841
2444.03315580685	2842
2436.11000899118	2843
2447.61111462003	2844
2447.14004611993	2845
2446.36241697183	2846
2447.64517143493	2847
2448.49197230617	2848
2438.99504971832	2849
2443.68978381459	2850
2449.94311989613	2851
2441.040479938	2852
2443.91976744708	2853
2440.4127719659	2854
2445.52810631333	2855
2452.3176413913	2856
2443.55253182459	2857
2451.48858319413	2858
2441.09769412672	2859
2439.68605720314	2860
2438.34516367137	2861
2442.40065615349	2862
2449.61666306218	2863
2447.06963727111	2864
2429.10644489918	2865
2451.50655024643	2866
2443.76813986913	2867
2440.17018713254	2868
2452.5521387441	2869
2430.39156447762	2870
2444.02856975678	2871
2435.18076888516	2872
2433.57300528591	2873
2450.15098660841	2874
2437.58814769939	2875
2439.66509964677	2876
2438.41011017338	2877
2431.87596403856	2878
2440.56578681262	2879
2440.41563914485	2880
2443.98069768933	2881
2439.84477692518	2882
2440.31340388002	2883
2445.78155219815	2884
2440.91651269243	2885
2445.21762600385	2886
2446.87013827733	2887
2442.61387932751	2888
2447.77064946937	2889
2443.19201273676	2890
2442.85497891773	2891
2445.20369506613	2892
2446.17657146561	2893
2442.17682262437	2894
2443.47756754133	2895
2444.49616612789	2896
2449.25009388236	2897
2442.36501511639	2898
2443.68784318802	2899
2444.44990208111	2900
2440.81684134389	2901
2447.17524751459	2902
2445.1357172212	2903
2444.10896901919	2904
2444.04705737534	2905
2448.16928751107	2906
2433.71705724351	2907
2430.50598252748	2908
2443.38529189758	2909
2440.82578369231	2910
2446.44325378303	2911
2446.0874911099	2912
2440.92343837249	2913
2431.86526242745	2914
2439.76849987919	2915
2450.62272114484	2916
2446.90475594869	2917
2440.61013586263	2918
2435.48890705585	2919
2450.66336734792	2920
2443.4383024258	2921
2440.75863006453	2922
2448.63014322386	2923
2445.0681331081	2924
2441.8371078881	2925
2438.70633307873	2926
2444.69359489331	2927
2447.80624553688	2928
2448.56815540013	2929
2447.69155630618	2930
2443.79525040044	2931
2441.37307082256	2932
2438.10239500409	2933
2437.20965606267	2934
2445.05091168736	2935
2446.79520691907	2936
2441.18095175555	2937
2435.8113535512	2938
2443.66841782844	2939
2446.48129116303	2940
2450.13491760927	2941
2448.62582524893	2942
2435.52802164962	2943
2440.48856928198	2944
2441.43604420391	2945
2444.79752650493	2946
2447.76705525072	2947
2442.81972333057	2948
2438.80296833799	2949
2433.34614315404	2950
2440.13094326962	2951
2443.45309761749	2952
2443.25041191728	2953
2448.23070491594	2954
2443.14461546163	2955
2445.32776341304	2956
2443.70956412779	2957
2437.09204141161	2958
2444.79530802614	2959
2443.32747112527	2960
2444.39378041401	2961
2442.04301576487	2962
2440.79755057789	2963
2445.42172838636	2964
2446.16381444287	2965
2443.41107204772	2966
2447.14615000807	2967
2447.45511108227	2968
2439.79282073192	2969
2432.63893396966	2970
2431.27971189173	2971
2439.45142696552	2972
2446.05418340398	2973
2441.9219636663	2974
2449.44194339253	2975
2444.78473399441	2976
2439.65423477973	2977
2444.93505198297	2978
2446.86019679422	2979
2444.30785223607	2980
2431.85245982045	2981
2450.05097313697	2982
2443.49883263453	2983
2444.58040115338	2984
2442.28893955417	2985
2431.37859848093	2986
2447.83110672112	2987
2447.82984346776	2988
2448.62157523379	2989
2444.50311144977	2990
2440.90472914047	2991
2445.64536766376	2992
2441.76270356544	2993
2438.86089650875	2994
2442.83210997593	2995
2443.04742026366	2996
2443.34080790208	2997
2445.26475348038	2998
2428.17405186951	2999
2444.57394171776	3000
2444.3842826125	3001
2441.86429296466	3002
2446.82038776534	3003
2437.97015006737	3004
2448.23772569301	3005
2446.44656163355	3006
2435.77109436602	3007
2446.86730578416	3008
2440.02023076175	3009
2449.82536650451	3010
2438.04816705146	3011
2434.51496273806	3012
2449.28511898653	3013
2447.30737884294	3014
2437.66000749991	3015
2448.23683829957	3016
2444.74868118658	3017
2444.60656994029	3018
2443.38295173622	3019
2436.67207046449	3020
2442.29231823135	3021
2442.4581252101	3022
2443.4925879351	3023
2449.15018373244	3024
2432.51072942024	3025
2442.53946982452	3026
2434.76193904335	3027
2438.17638947184	3028
2447.23615278761	3029
2439.47578767881	3030
2440.41123485332	3031
2438.34343189599	3032
2434.42177287938	3033
2438.42500690338	3034
2440.77043807495	3035
2434.25931857068	3036
2440.70874034525	3037
2440.64607943949	3038
2448.69730366547	3039
2442.71053263478	3040
2449.86672381856	3041
2438.57781812896	3042
2447.18056816014	3043
2443.60045405669	3044
2446.61350168864	3045
2447.80931344803	3046
2441.08030650553	3047
2439.79688979711	3048
2444.96249521951	3049
2446.3405204023	3050
2436.52630853958	3051
2439.55219638832	3052
2447.56976054584	3053
2444.87565190989	3054
2455.51316071567	3055
2442.55425727835	3056
2451.14271081286	3057
2440.22914415346	3058
2437.49683421873	3059
2444.99712964237	3060
2446.96446103507	3061
2447.52318471623	3062
2443.97747249723	3063
2445.88580790538	3064
2447.28523289949	3065
2446.03368625652	3066
2446.92176741831	3067
2443.31726532997	3068
2440.47048880474	3069
2435.58700814539	3070
2437.91503111046	3071
2444.11008471241	3072
2440.16283236926	3073
2447.06553015218	3074
2443.046217711	3075
2445.20399121353	3076
2449.69339090587	3077
2442.81933044961	3078
2447.76024595148	3079
2446.63389656972	3080
2446.16505241638	3081
2439.2528252263	3082
2445.86891395063	3083
2443.84935997638	3084
2437.18993284941	3085
2448.76660396924	3086
2438.26456944015	3087
2445.84124850871	3088
2448.45732219679	3089
2447.61445040656	3090
2443.11648298219	3091
2447.3025608033	3092
2441.97865670739	3093
2433.95078653528	3094
2444.89987617388	3095
2449.45769793644	3096
2445.93716310904	3097
2442.98345722916	3098
2443.00454850328	3099
2440.74030056961	3100
2452.49106334383	3101
2449.00092123708	3102
2437.3519079495	3103
2445.29222562984	3104
2448.14391904039	3105
2437.6352448195	3106
2439.8490989612	3107
2448.48984817111	3108
2441.30635751938	3109
2444.49493704787	3110
2446.30578917396	3111
2442.72607102518	3112
2436.66100266142	3113
2433.59264452257	3114
2445.50024352382	3115
2444.49021263782	3116
2438.8981791618	3117
2441.7237713299	3118
2447.00283658155	3119
2441.89153819567	3120
2455.61158444506	3121
2437.54892142806	3122
2428.12935930465	3123
2441.90176756452	3124
2441.7079743714	3125
2444.64029848119	3126
2431.09756463679	3127
2440.38078039225	3128
2426.34029688531	3129
2432.81448425059	3130
2433.81940087443	3131
2436.19849717051	3132
2442.12410280827	3133
2435.57376228931	3134
2440.61010028343	3135
2443.52800671863	3136
2444.27425120906	3137
2441.60878751663	3138
2437.99597810456	3139
2431.65449523243	3140
2445.99725285193	3141
2440.13460580496	3142
2443.66116852989	3143
2436.61094626099	3144
2444.26250984042	3145
2447.11248827448	3146
2440.74812905341	3147
2446.81786723185	3148
2441.29151698604	3149
2441.2296612598	3150
2444.06896754449	3151
2439.24162186085	3152
2449.46873841077	3153
2443.66577023859	3154
2447.85468400747	3155
2440.97623648551	3156
2440.26934424721	3157
2445.63363671513	3158
2444.72897411564	3159
2441.59475738733	3160
2444.88759591355	3161
2449.14169719013	3162
2447.96205708206	3163
2442.70896467576	3164
2444.07348674778	3165
2438.25168416606	3166
2443.20314468747	3167
2445.51218594646	3168
2434.98682208792	3169
2450.53358924891	3170
2445.69141220144	3171
2452.44148922548	3172
2443.30748365456	3173
2441.9104477883	3174
2444.50994213264	3175
2447.49773656389	3176
2444.1351134629	3177
2448.36914503914	3178
2439.60213394737	3179
2445.98353527804	3180
2447.39868741463	3181
2443.108083695	3182
2438.66662640005	3183
2453.4331891597	3184
2448.02900354806	3185
2447.23305106232	3186
2449.94696773876	3187
2441.08066762968	3188
2441.18289794975	3189
2442.5834327718	3190
2443.29887772723	3191
2447.8214887078	3192
2444.80816435885	3193
2446.56474686668	3194
2454.04298001644	3195
2440.76096708189	3196
2444.29106135675	3197
2438.00555255376	3198
2444.74272317983	3199
2435.15699572568	3200
2432.33598462331	3201
2446.17532897008	3202
2440.5303274901	3203
2440.06174458478	3204
2438.791013445	3205
2437.21334587073	3206
2443.9013740008	3207
2446.24915476822	3208
2436.34562114541	3209
2445.95401312758	3210
2446.29389193343	3211
2444.19983356417	3212
2443.24726871196	3213
2435.48642858956	3214
2446.03424647497	3215
2442.47328232466	3216
2436.46582184111	3217
2445.07627982103	3218
2438.73801566849	3219
2442.35914656293	3220
2441.77716785557	3221
2443.06441920535	3222
2442.86547146464	3223
2446.14541013099	3224
2440.4366334257	3225
2431.3829474413	3226
2442.43581031143	3227
2441.89214822327	3228
2444.17965333682	3229
2437.92759814203	3230
2442.01263812542	3231
2441.35771107993	3232
2446.3193160063	3233
2448.48312090534	3234
2440.0461296561	3235
2437.98338826748	3236
2443.35119401141	3237
2447.07778392738	3238
2430.3000600193	3239
2439.0476292133	3240
2444.57225933136	3241
2447.27580201433	3242
2443.8755741523	3243
2443.4026100835	3244
2436.26807219196	3245
2442.65692927421	3246
2452.15168652884	3247
2442.58388973423	3248
2441.10695662877	3249
2434.84052895744	3250
2440.77689868021	3251
2453.35446509439	3252
2441.09661466198	3253
2444.26395554615	3254
2444.00085823921	3255
2452.65869323297	3256
2444.66075803986	3257
2442.24632658497	3258
2450.44245440033	3259
2444.03990471584	3260
2438.26881441354	3261
2450.93669248175	3262
2438.4475099543	3263
2439.69156687989	3264
2450.29818004906	3265
2445.91807931483	3266
2440.48548605546	3267
2443.63552601991	3268
2439.49182636832	3269
2449.85447003146	3270
2438.891750934	3271
2433.73039870112	3272
2442.19698162594	3273
2444.03585392638	3274
2444.4846176961	3275
2442.01594109525	3276
2449.15586158435	3277
2447.27490766565	3278
2441.17408580001	3279
2438.11461897991	3280
2441.84279361051	3281
2446.32544518327	3282
2439.84475744861	3283
2447.17118491988	3284
2448.47083087773	3285
2436.12051253829	3286
2445.50664188393	3287
2437.75091321208	3288
2441.14334994961	3289
2442.22301836367	3290
2430.16284656255	3291
2447.77248363703	3292
2450.43877926091	3293
2447.68973084372	3294
2445.06825516723	3295
2438.07517177965	3296
2446.54545572654	3297
2447.76869073956	3298
2447.37106685872	3299
2447.93755052051	3300
2443.45418695482	3301
2446.29491560028	3302
2444.21181385861	3303
2440.92450225642	3304
2445.72202206196	3305
2448.19849305801	3306
2449.5168300184	3307
2439.95184276334	3308
2448.84132222298	3309
2446.13551474185	3310
2443.00980007218	3311
2442.59698981678	3312
2452.38716622066	3313
2442.97608338545	3314
2451.82593798892	3315
2445.62000788674	3316
2445.55077474924	3317
2441.34767186298	3318
2449.12531828167	3319
2448.35098292769	3320
2443.43414712321	3321
2445.13428088235	3322
2449.59394489536	3323
2438.41610303511	3324
2443.10637793086	3325
2445.21495491446	3326
2433.13889191947	3327
2449.35309243407	3328
2446.75732894149	3329
2436.16370834614	3330
2444.39699754841	3331
2437.9569360566	3332
2440.77293207734	3333
2442.69129343709	3334
2436.2109985623	3335
2439.97960133538	3336
2434.87665285487	3337
2442.85471310917	3338
2442.37802491389	3339
2442.53030167723	3340
2441.04569250354	3341
2437.05810513673	3342
2441.85701993381	3343
2438.5519562679	3344
2432.64768968217	3345
2432.52942942523	3346
2434.75801542623	3347
2439.15723037166	3348
2450.35323245573	3349
2443.7958029614	3350
2443.43042135073	3351
2447.64726459069	3352
2439.95257950919	3353
2442.44182717684	3354
2436.45495977473	3355
2436.7123368438	3356
2447.02800382783	3357
2436.2436890825	3358
2448.46835022794	3359
2444.68449525354	3360
2443.4009353965	3361
2441.91931199854	3362
2437.87842341284	3363
2436.68514382804	3364
2446.63376193647	3365
2448.29260284925	3366
2449.48735920574	3367
2442.78386958913	3368
2439.30078452442	3369
2440.5451353903	3370
2446.28748901832	3371
2449.03852259272	3372
2439.85876995345	3373
2440.0055481609	3374
2440.17051833574	3375
2449.75580128679	3376
2451.5966828068	3377
2443.09237057848	3378
2440.02340753708	3379
2444.06734986836	3380
2444.62886137617	3381
2441.27763001786	3382
2444.27872105576	3383
2436.77562691787	3384
2446.27546256196	3385
2431.42576425341	3386
2440.65189331137	3387
2443.88612847463	3388
2446.44285348713	3389
2428.64443804863	3390
2439.035555502	3391
2446.28303733182	3392
2441.12407795862	3393
2440.82785468137	3394
2438.21681805621	3395
2448.38995566691	3396
2438.41910416711	3397
2440.14539285682	3398
2444.41096458265	3399
2437.45791063812	3400
2438.82116991018	3401
2436.55655791489	3402
2433.89059948715	3403
2446.51758928636	3404
2439.55398267426	3405
2442.60695960912	3406
2437.32012242602	3407
2435.97995972637	3408
2436.95504253876	3409
2442.06776116495	3410
2443.47737316434	3411
2442.64095272213	3412
2437.56566426967	3413
2446.51264342896	3414
2437.40278170542	3415
2439.6428377354	3416
2446.6274584654	3417
2447.75060264878	3418
2448.14986394838	3419
2440.48555683757	3420
2446.02381528238	3421
2442.32860047336	3422
2442.35002031143	3423
2432.01689307123	3424
2440.72656225898	3425
2443.83119146929	3426
2440.15364068675	3427
2442.54946047043	3428
2446.43844367068	3429
2446.7807807794	3430
2441.95768240562	3431
2444.48785670602	3432
2437.58716847711	3433
2446.76691392476	3434
2440.17910979131	3435
2436.65752429547	3436
2447.1465915497	3437
2445.49204250882	3438
2446.60357545136	3439
2437.02847482589	3440
2432.47279952699	3441
2443.64282913318	3442
2439.94616038292	3443
2450.5365859103	3444
2446.57807890942	3445
2443.50783725459	3446
2439.62488021756	3447
2449.46024925241	3448
2442.99847886746	3449
2440.13678371157	3450
2437.28074946009	3451
2446.62926232244	3452
2441.31063963179	3453
2445.35663109073	3454
2436.69473901186	3455
2436.67218692706	3456
2444.04756174455	3457
2437.72199648244	3458
2441.50406939909	3459
2440.72067447986	3460
2438.79108733891	3461
2443.19479342016	3462
2438.88675632694	3463
2444.02449323802	3464
2435.13168180142	3465
2455.9101856331	3466
2451.16149170943	3467
2438.30246467764	3468
2439.63801516517	3469
2444.03910747997	3470
2448.28859108019	3471
2442.61853152457	3472
2448.91586348781	3473
2445.27826858846	3474
2439.89945466718	3475
2446.41374865777	3476
2448.41843904597	3477
2443.63307603228	3478
2443.71106506414	3479
2451.93189459744	3480
2439.22023788135	3481
2446.15898500048	3482
2447.03407068313	3483
2445.42740092409	3484
2450.77949026097	3485
2431.41199448735	3486
2439.96787889801	3487
2443.57193522674	3488
2435.63344063968	3489
2447.15840309077	3490
2441.99278120105	3491
2446.7456638205	3492
2442.96315094267	3493
2434.82206288585	3494
2439.07281051136	3495
2445.83911489696	3496
2441.30751426393	3497
2447.3534644005	3498
2441.14798719075	3499
2441.42575725677	3500
2445.33198741789	3501
2447.34502087413	3502
2433.21940225624	3503
2450.75804594272	3504
2446.87305620922	3505
2451.42003682119	3506
2439.7184271417	3507
2432.46880582889	3508
2438.27006751016	3509
2445.7374840823	3510
2440.80632922444	3511
2446.1725201294	3512
2452.48776254314	3513
2438.45184177913	3514
2442.0008683207	3515
2447.79317321399	3516
2444.06190847304	3517
2442.64973615642	3518
2447.7042554979	3519
2443.81853769839	3520
2431.46382377829	3521
2444.29951003373	3522
2437.29347796451	3523
2441.12389743833	3524
2443.92138961823	3525
2442.89508498607	3526
2434.53556828364	3527
2438.54814836147	3528
2440.62084508619	3529
2434.86327943827	3530
2442.65173779448	3531
2443.66184537017	3532
2443.13382227605	3533
2441.39402951352	3534
2442.26097041021	3535
2440.38391488028	3536
2445.57279568278	3537
2433.89231968689	3538
2441.16527036602	3539
2434.97850731228	3540
2448.66348602756	3541
2446.01363096597	3542
2437.63518633122	3543
2445.7693595885	3544
2448.87634287263	3545
2443.44996471696	3546
2440.39536919522	3547
2443.66170660411	3548
2448.19855574529	3549
2440.26748792947	3550
2439.60224089006	3551
2433.97543103841	3552
2436.44216628138	3553
2439.86247471256	3554
2450.87742854466	3555
2441.35260464741	3556
2449.74693986679	3557
2440.31250798133	3558
2449.24178659696	3559
2442.61451599859	3560
2448.97204000387	3561
2447.79941187405	3562
2439.75401326079	3563
2441.47900198728	3564
2443.13413455818	3565
2447.46399388102	3566
2448.34369589931	3567
2441.92888488981	3568
2443.93797231873	3569
2440.14365400352	3570
2447.5119776471	3571
2448.79477525388	3572
2447.24258757642	3573
2450.66090235529	3574
2447.52063408285	3575
2435.83787867486	3576
2436.4722640259	3577
2440.68938142127	3578
2448.89894519175	3579
2448.1203863913	3580
2440.39635664797	3581
2441.81888826754	3582
2450.77919366219	3583
2440.14442858707	3584
2445.65114319781	3585
2447.50023078088	3586
2437.07465014725	3587
2439.77298589854	3588
2447.17262752289	3589
2439.07263882105	3590
2438.294633209	3591
2446.10268401718	3592
2443.58871505795	3593
2444.60995926045	3594
2442.78176555163	3595
2441.2765190242	3596
2437.00495827952	3597
2434.66355207705	3598
2437.1174591845	3599
2442.24006566653	3600
2439.27010891481	3601
2446.01400265994	3602
2439.62803212989	3603
2445.19133607506	3604
2440.08175967665	3605
2436.97092569709	3606
2443.98699789881	3607
2447.16621085965	3608
2444.9090464022	3609
2439.65272982112	3610
2449.782428085	3611
2441.97254530481	3612
2440.78056907616	3613
2431.67778595004	3614
2437.28297988099	3615
2440.05376062894	3616
2439.13029528	3617
2448.64184466968	3618
2443.71361803977	3619
2439.49376400741	3620
2446.52653056054	3621
2441.92881053451	3622
2444.06643700966	3623
2444.78684620237	3624
2441.08365776349	3625
2445.2618961869	3626
2442.76475717106	3627
2444.62209749768	3628
2447.00082832651	3629
2443.28580597471	3630
2435.10714578324	3631
2447.91091936269	3632
2448.84046311152	3633
2447.74093917618	3634
2448.47747984747	3635
2440.32596867926	3636
2435.24120581104	3637
2440.94315612797	3638
2444.47074734797	3639
2443.94166326465	3640
2441.27067893572	3641
2440.44098839906	3642
2445.93679607883	3643
2441.93260330271	3644
2442.06251017038	3645
2444.54747753448	3646
2450.71316470362	3647
2448.39846215603	3648
2446.03921670582	3649
2445.39400425613	3650
2442.45805429054	3651
2449.41614432381	3652
2447.56490198277	3653
2450.98565662609	3654
2450.82800421961	3655
2437.67286258585	3656
2448.2992300072	3657
2441.20553787314	3658
2440.27634107738	3659
2443.68235831601	3660
2444.16589037116	3661
2446.55130784497	3662
2443.48128582369	3663
2439.69835376209	3664
2437.86140190815	3665
2437.76636788448	3666
2443.39146004151	3667
2432.18112098998	3668
2439.50584618449	3669
2437.46435303472	3670
2439.48112116749	3671
2445.27469172992	3672
2446.93442317405	3673
2443.80517907219	3674
2443.76312747905	3675
2450.06570623372	3676
2436.15153126123	3677
2441.97877838008	3678
2449.32536226699	3679
2442.56870786916	3680
2444.58226497634	3681
2439.10572583657	3682
2435.68896491875	3683
2436.43304312702	3684
2442.5491884709	3685
2445.77732672279	3686
2450.33641711023	3687
2438.78512513727	3688
2445.48167928003	3689
2440.66905865649	3690
2440.87151774872	3691
2441.06361806838	3692
2442.46387550512	3693
2442.93496059912	3694
2441.78151452425	3695
2442.09559161257	3696
2446.9902358171	3697
2433.991759159	3698
2444.49821515011	3699
2436.06813124956	3700
2446.4332442963	3701
2445.10017747303	3702
2432.65736108584	3703
2446.63922901663	3704
2443.56533060126	3705
2452.39026144777	3706
2446.23088345589	3707
2441.54514675223	3708
2433.41310075824	3709
2443.36199849897	3710
2447.55460259342	3711
2441.89181214464	3712
2440.9871295957	3713
2440.60446720159	3714
2443.09413920393	3715
2442.65889747778	3716
2451.22330007911	3717
2444.30826680785	3718
2437.29006371214	3719
2447.08480112297	3720
2444.97001387114	3721
2442.64497069861	3722
2450.66288255494	3723
2432.90476398292	3724
2440.48795708746	3725
2440.93032044794	3726
2438.73989064729	3727
2437.79384647298	3728
2448.46208759757	3729
2439.62037868104	3730
2437.43289594958	3731
2448.53322970002	3732
2448.24594114674	3733
2447.10505084174	3734
2446.1518965122	3735
2438.42352707773	3736
2439.32780951481	3737
2434.34440640818	3738
2441.81481429562	3739
2439.89113081557	3740
2444.29729578376	3741
2438.38953613037	3742
2445.45600904651	3743
2439.26534916722	3744
2443.83900388552	3745
2439.01298822538	3746
2441.27604740257	3747
2446.35558585574	3748
2445.70181593176	3749
2444.88519611257	3750
2444.6309853014	3751
2440.30908783682	3752
2445.24306758121	3753
2444.67716426086	3754
2432.43483448667	3755
2436.23772330359	3756
2439.96199061963	3757
2439.42359674632	3758
2438.81741970547	3759
2437.96715706066	3760
2440.96855984968	3761
2436.51625887281	3762
2445.38620825169	3763
2431.24708737643	3764
2439.43457175587	3765
2446.94323783297	3766
2433.82362068055	3767
2441.62227937713	3768
2449.44607660659	3769
2452.35594757492	3770
2442.92413806019	3771
2447.72558129106	3772
2449.64616295126	3773
2448.08957466591	3774
2446.04033822526	3775
2448.27280057282	3776
2439.85122614207	3777
2450.84567357903	3778
2442.67409949372	3779
2440.50688655853	3780
2447.10189622721	3781
2442.26429979051	3782
2447.82032709328	3783
2447.9002052982	3784
2444.91842307938	3785
2435.79074358527	3786
2447.03700543522	3787
2446.52284797045	3788
2449.04412259888	3789
2445.27593508248	3790
2443.5854468245	3791
2439.49946632735	3792
2439.13470859796	3793
2450.8460307532	3794
2438.22193526987	3795
2444.55358850909	3796
2441.52429818542	3797
2448.4660217895	3798
2451.58770028946	3799
2442.37221755541	3800
2436.68710040253	3801
2448.57205873887	3802
2442.90792867976	3803
2445.33884496738	3804
2446.99261687543	3805
2434.81323474306	3806
2443.10059582617	3807
2435.2904768415	3808
2440.23691984789	3809
2451.4830103658	3810
2445.02575132738	3811
2442.19997501595	3812
2434.24368207435	3813
2439.32635963381	3814
2442.74778952031	3815
2444.02435929717	3816
2451.27130394561	3817
2438.45933930906	3818
2445.99601329929	3819
2440.2787793627	3820
2447.75187734784	3821
2442.99769104513	3822
2442.58085426068	3823
2447.75830632422	3824
2440.80410764506	3825
2444.63054174624	3826
2444.80572059814	3827
2442.07767746958	3828
2435.7377279185	3829
2440.48335683468	3830
2451.23858735954	3831
2440.2477054327	3832
2448.14716665577	3833
2445.51151449966	3834
2446.92578548479	3835
2446.97473679444	3836
2447.43177855913	3837
2452.16939064947	3838
2449.90650808595	3839
2444.9696566821	3840
2449.6982789024	3841
2438.19621860705	3842
2442.54116874274	3843
2443.84703690408	3844
2442.85670112579	3845
2435.04088644632	3846
2441.22075010465	3847
2442.88079979764	3848
2450.85980359299	3849
2437.39892917092	3850
2445.80275092885	3851
2446.40799553296	3852
2437.49662413097	3853
2444.94275021089	3854
2453.15434501893	3855
2447.32391435462	3856
2440.85523078506	3857
2447.24570340635	3858
2443.31017520376	3859
2428.76584259345	3860
2431.70311820856	3861
2446.98855646968	3862
2441.25108430429	3863
2441.74549991339	3864
2446.0805565524	3865
2441.69950185272	3866
2445.42634991042	3867
2431.96325996938	3868
2436.92650585238	3869
2440.65749542814	3870
2444.13316698842	3871
2438.68777788177	3872
2431.17339419103	3873
2446.58801067315	3874
2449.34895448596	3875
2440.88797533462	3876
2444.33596282624	3877
2439.03611802984	3878
2441.7064472258	3879
2435.89796675242	3880
2438.48177542011	3881
2443.55408731517	3882
2440.73767149339	3883
2449.21191516854	3884
2444.96404657913	3885
2441.34698619969	3886
2446.50602720019	3887
2446.40675501853	3888
2437.04794240093	3889
2436.46360442424	3890
2439.55698130082	3891
2447.39157640264	3892
2437.72788168422	3893
2444.21478884418	3894
2438.46646879818	3895
2440.74496269651	3896
2440.92423743455	3897
2449.0412638622	3898
2436.11302953631	3899
2447.78485591286	3900
2436.40437458032	3901
2440.50156795081	3902
2448.6799953885	3903
2447.20074124896	3904
2445.55511750392	3905
2441.8939432317	3906
2440.63123299648	3907
2441.66484005099	3908
2441.22135302356	3909
2447.91700080623	3910
2437.90069296396	3911
2437.25091160492	3912
2448.1057614927	3913
2444.57266021498	3914
2447.08871288348	3915
2445.60673554059	3916
2449.18397592253	3917
2450.89545551362	3918
2440.86334127936	3919
2441.92221143365	3920
2444.43060383082	3921
2444.47031600796	3922
2449.30806743639	3923
2440.95393055644	3924
2440.0167303714	3925
2440.29209461558	3926
2439.58646274815	3927
2446.825466552	3928
2440.61869553756	3929
2436.91933922735	3930
2446.87097763162	3931
2447.02139613732	3932
2449.28824258999	3933
2443.77791425311	3934
2444.20699209685	3935
2437.64306837658	3936
2448.84654689703	3937
2444.10579462588	3938
2445.09806257771	3939
2445.75198618492	3940
2444.14942256826	3941
2450.95107675415	3942
2439.09155976846	3943
2445.89654817687	3944
2439.07536222873	3945
2437.0216381133	3946
2445.58198223957	3947
2440.93108323131	3948
2448.84811043562	3949
2445.844314229	3950
2442.34496937863	3951
2439.4917704665	3952
2445.61922274889	3953
2450.91212545179	3954
2443.57700079608	3955
2445.76228963934	3956
2434.86718656079	3957
2446.86455744401	3958
2448.58104444477	3959
2441.98640884681	3960
2440.68437973541	3961
2431.29377436063	3962
2445.50875038081	3963
2443.10841553296	3964
2443.80304150832	3965
2437.23269377936	3966
2446.67399159322	3967
2445.6111883928	3968
2426.69201995889	3969
2437.4961826332	3970
2447.21817950073	3971
2447.74773579393	3972
2439.07110208845	3973
2445.54879536092	3974
2433.81288968378	3975
2441.92191813913	3976
2441.36110899255	3977
2440.63469303812	3978
2447.73486717124	3979
2435.64900069694	3980
2436.98485082162	3981
2430.92544657129	3982
2436.32347011676	3983
2431.72317548496	3984
2443.87534760868	3985
2440.33149865572	3986
2438.32248260525	3987
2444.19610689659	3988
2433.62262215532	3989
2437.49387574993	3990
2437.85706628457	3991
2435.88740962261	3992
2436.50016685857	3993
2439.32739813781	3994
2437.43724551626	3995
2431.11736761251	3996
2438.63790226348	3997
2440.11856134634	3998
2427.54509539976	3999
2437.45437922482	4000
