"Iteration"	"tau_Intercept"
1	228.044254715093
2	236.539012869635
3	236.941503376955
4	225.754543542799
5	237.135078755771
6	222.618574603988
7	220.556788278721
8	227.172000416519
9	217.485336033344
10	212.046327621243
11	223.034657021428
12	226.107346879926
13	235.291279285709
14	237.165763044335
15	219.941895105245
16	222.268970740234
17	237.99023041035
18	231.466590622381
19	239.422359725947
20	212.998633386817
21	249.519835313897
22	227.756483340143
23	224.598219614185
24	227.918658406665
25	230.732930930193
26	224.012903039544
27	230.63062481564
28	212.486841082644
29	233.381412070359
30	230.504072213244
31	226.555323995213
32	252.242060714643
33	234.554679382569
34	218.971652846488
35	242.152210407692
36	248.743791753588
37	232.173587577201
38	230.761634934703
39	231.567019150455
40	221.807593506804
41	222.103873883074
42	216.808686904211
43	227.844993453343
44	216.24750257585
45	224.520575293974
46	239.281803970668
47	245.507832954344
48	227.697836002898
49	241.664422941
50	242.257948133939
51	229.247650745533
52	221.266786467829
53	228.005342344678
54	216.631621177181
55	218.791420305221
56	235.327265580603
57	221.907121159635
58	222.212579969702
59	238.818451407751
60	236.536690896497
61	246.71935799112
62	231.85824536838
63	223.007782754292
64	211.969127206175
65	212.37490944086
66	215.090008173047
67	230.947983267444
68	225.751534968238
69	240.05928508975
70	237.280151008694
71	230.617832169075
72	223.554237587833
73	230.211135379836
74	235.742343091477
75	225.083054830657
76	239.3585192653
77	221.635660548604
78	227.414162305554
79	242.552144168347
80	242.599777023123
81	217.857564811288
82	223.906797463307
83	216.20409091024
84	226.892165171386
85	228.57778609369
86	224.19509789381
87	232.518367610326
88	239.539159282213
89	238.819619497896
90	228.121441713752
91	238.24548178264
92	218.468777966401
93	232.340368293625
94	237.197621239082
95	223.054440916519
96	237.00199275919
97	230.848251937334
98	225.244043843464
99	230.177442521789
100	213.215892976825
101	226.199058674129
102	207.096950472873
103	229.108477043228
104	235.692652412671
105	229.56804288669
106	224.943880056825
107	222.903251238415
108	197.229867847829
109	225.29290903442
110	213.786802689145
111	240.863498592589
112	222.889191112735
113	214.767038999653
114	234.282658798955
115	230.288803296932
116	228.100493672913
117	245.533429837936
118	227.371310540103
119	240.540232534639
120	238.792050883892
121	236.215405205778
122	224.630638149011
123	242.16420657005
124	222.315904719293
125	219.436993551277
126	233.421444633108
127	223.256734619601
128	220.123305944512
129	234.341960228796
130	217.764165806986
131	237.093001194188
132	229.52990106922
133	233.04546214408
134	234.944102535273
135	231.515353030186
136	231.45926054678
137	237.529995942747
138	221.856766467831
139	216.090644898947
140	226.423730646308
141	218.65282743407
142	221.699030117876
143	239.840847352511
144	219.905002787904
145	222.249914548502
146	224.952256417061
147	226.754195171679
148	229.894788939984
149	221.219221745561
150	234.698089377118
151	232.31499821127
152	214.142831405492
153	210.653576548732
154	229.669093887571
155	228.869965156317
156	221.983931901857
157	209.436882231252
158	225.680718441909
159	215.783107243336
160	225.056128820058
161	225.199664966052
162	227.418061321109
163	222.478691755673
164	210.240258307071
165	221.407329954167
166	216.952729396429
167	222.906423943181
168	213.828682370094
169	231.982158836904
170	225.804575948543
171	226.165167930114
172	230.030482785006
173	231.427292367578
174	222.768069002428
175	214.978986853224
176	242.795522939755
177	232.606426800123
178	219.400509519094
179	227.030327159541
180	228.979411088748
181	222.981393959468
182	220.562297442278
183	231.593618076736
184	227.567385603964
185	233.578818240441
186	232.895238209215
187	213.482916966081
188	243.560902151832
189	220.728588327898
190	240.085872880857
191	218.102140155907
192	210.801558701261
193	207.829898240435
194	234.31466508599
195	233.951019061689
196	225.812319949119
197	232.804518737395
198	227.47829182683
199	232.820526625692
200	209.340919870849
201	231.465885997218
202	227.463187470775
203	210.195921878712
204	214.771246765492
205	228.023787149466
206	221.723745661313
207	238.524288222864
208	210.104893185403
209	216.006377087304
210	214.714610400279
211	242.538556940235
212	239.299990432906
213	245.578563832198
214	241.456419861934
215	233.117350661563
216	227.580379086708
217	228.266576452568
218	232.686795279499
219	246.053882568365
220	229.185101349324
221	238.172807542388
222	215.59451837169
223	225.944488853774
224	228.764585860911
225	230.729471463879
226	212.865813242981
227	227.670667608244
228	237.690426506356
229	221.178258214606
230	226.135904120222
231	235.203015933152
232	222.104844016709
233	230.014761176816
234	225.996853412378
235	228.348530124435
236	207.386538695906
237	229.105288288476
238	221.59479326365
239	224.58261558434
240	222.573703431292
241	234.258069870238
242	219.048880191918
243	226.52212155633
244	240.593946232248
245	236.349904363838
246	244.079399371757
247	226.679041758864
248	228.313941263485
249	232.150365657236
250	226.720153591522
251	227.262831746105
252	232.260908445772
253	222.353132984976
254	220.78729950651
255	234.517487717687
256	251.133493492274
257	221.829039815942
258	223.332978762376
259	222.441686834375
260	222.700095622001
261	223.509084028569
262	215.441003568
263	221.091013804803
264	215.935209862334
265	223.221445667327
266	206.440456063669
267	227.818865014316
268	217.909770080571
269	223.636087388525
270	223.391455145378
271	230.905752753226
272	223.111934830502
273	240.972964307333
274	215.414721425629
275	255.336786793731
276	231.002596650384
277	232.542112060778
278	216.581923205037
279	219.545401106622
280	216.319448240774
281	226.035918178002
282	232.593810655802
283	233.093693512203
284	222.39695259393
285	246.867752596326
286	220.82165031985
287	228.704625903124
288	228.959062340694
289	232.113708041637
290	233.200979920701
291	212.326446831785
292	220.158675021325
293	234.172607381622
294	239.592915429223
295	224.774791846238
296	225.188711373112
297	240.417690341948
298	223.447392019529
299	234.557644981635
300	230.784652701922
301	220.556141601795
302	228.051046060108
303	239.494456605097
304	219.705562323913
305	224.137520631735
306	244.459888213275
307	235.518591394179
308	231.24661907333
309	213.72777522695
310	223.727888350607
311	215.742682475598
312	229.669836356789
313	229.483091871642
314	234.939594715092
315	240.907230176904
316	233.437643483936
317	246.046173025534
318	223.138444807238
319	223.329993275579
320	223.833484226555
321	224.741364190462
322	224.070031497801
323	204.810661952367
324	229.55685359397
325	224.777278088907
326	229.156233645868
327	218.274798271404
328	229.997195295581
329	224.713896585552
330	218.81122412774
331	241.783852260909
332	217.269269240018
333	214.595684369472
334	215.201154357393
335	236.793569898088
336	225.584479448221
337	207.052536560738
338	229.477590167521
339	242.779286852501
340	222.142730671086
341	231.780560343725
342	241.893310629172
343	225.842053593543
344	222.706470742759
345	239.80814423657
346	220.289629159454
347	211.947134367013
348	236.12468543619
349	218.812693061325
350	224.353694695688
351	222.202151501977
352	223.926048058951
353	213.333645027548
354	237.123601060123
355	226.75347438992
356	226.918750808898
357	239.412128867563
358	231.397060769132
359	258.396466785255
360	227.250068143252
361	218.042969209021
362	221.167650545151
363	215.986960871561
364	242.307673447756
365	219.436636391219
366	252.029661712098
367	232.189706388244
368	233.23490644758
369	218.332324963436
370	231.700534847691
371	220.437367168015
372	228.692073049223
373	237.577780102913
374	231.428903981119
375	238.280749943509
376	222.157856875644
377	231.561264987395
378	215.912976764054
379	222.90671416649
380	236.288375065018
381	218.535281754636
382	239.952524176837
383	236.200848749927
384	247.111833234292
385	232.405801948467
386	226.04523308307
387	225.219607768348
388	246.966987596231
389	225.735508707294
390	246.890928725016
391	226.233510459544
392	208.755485990038
393	220.621211983734
394	220.962444315383
395	233.371031160899
396	225.218169528698
397	236.159912036585
398	226.353560517169
399	214.038544849041
400	229.582451658475
401	244.524877864203
402	219.235641235426
403	222.268898544819
404	228.055906573626
405	211.959707858041
406	222.292713613839
407	232.630887443613
408	225.038861148895
409	229.428027576156
410	228.009913339123
411	228.942439141156
412	225.156669884426
413	240.445823799057
414	223.664960441148
415	231.975073205938
416	227.5496637959
417	222.049900613926
418	237.043805777581
419	231.774513310107
420	228.439680777555
421	229.099031655307
422	243.314278932362
423	231.252805822781
424	243.170038050939
425	224.906998904267
426	231.684196134499
427	239.730612662668
428	219.456134519146
429	222.481766021289
430	228.965251821354
431	237.89811982822
432	211.499756469761
433	215.532211776446
434	220.870004951869
435	238.310205263264
436	222.400386469788
437	220.167971238818
438	241.598937106461
439	231.080957879571
440	215.01764072868
441	237.50769838048
442	215.255610541834
443	222.589752943917
444	227.166428763519
445	229.558164270836
446	217.30163515443
447	219.429792263259
448	218.609175566512
449	229.638994279612
450	207.337416743213
451	230.946298777031
452	245.455770274847
453	227.661868095429
454	227.476572704063
455	220.298086090075
456	229.378492561172
457	225.421480882398
458	238.884576698582
459	241.868071905458
460	208.690229440158
461	221.872904865975
462	231.100828825717
463	218.626313591158
464	229.032997917704
465	238.445778834638
466	219.95937602169
467	240.048453508216
468	235.305787054546
469	226.173051246875
470	226.451301474064
471	225.806653044581
472	227.622699682168
473	236.868474078088
474	210.894128451138
475	232.669224136748
476	241.270376254518
477	223.602051832696
478	229.797333340496
479	227.104819488182
480	229.813486852572
481	226.814544555265
482	235.278735980716
483	218.610090448335
484	231.636360091654
485	232.063099713907
486	238.611893573067
487	231.974236070957
488	235.446054478697
489	241.396749272597
490	220.538846648857
491	232.315676803631
492	213.257212578176
493	238.775341087493
494	218.039946169282
495	229.58791689318
496	228.502110896725
497	233.294500418255
498	234.879514163832
499	240.320115903753
500	234.418837697248
501	236.74385221831
502	227.461682061561
503	232.320490246698
504	234.44964004192
505	216.961969348933
506	236.087254890133
507	223.342161856926
508	218.385762023345
509	238.862434205738
510	228.175403277524
511	232.09419655439
512	224.62301932196
513	238.484511505596
514	227.323193501312
515	227.281244110925
516	213.499537551594
517	236.642040596893
518	223.61338545618
519	218.020567958043
520	224.880643889501
521	238.696242876775
522	220.528003021695
523	224.020738379009
524	244.453598201997
525	249.508226034799
526	246.70749383802
527	218.608766052253
528	231.209192933144
529	241.410095350689
530	221.738236661893
531	241.790195475169
532	225.26503850476
533	215.864524490129
534	236.487011148078
535	227.914103577533
536	213.466067193017
537	237.05116074115
538	223.13366235404
539	238.870458500568
540	247.005498068022
541	218.415962339449
542	235.541271303503
543	203.851216905626
544	245.044164771386
545	236.186520741659
546	207.20345917301
547	222.512953598016
548	224.760137796372
549	217.151328462769
550	199.140476747115
551	229.970393052537
552	222.326992787325
553	239.180124899718
554	234.980011402009
555	231.625023901132
556	230.373197617856
557	222.870570666681
558	203.246313146176
559	224.09292745581
560	235.956161434605
561	227.229389211782
562	240.918318064746
563	218.93180644074
564	235.200624297749
565	227.762288097469
566	234.161793405654
567	228.61020689384
568	230.141249030635
569	216.385559242908
570	235.535950463404
571	242.418675374325
572	218.839760644563
573	230.287092277441
574	231.777880462528
575	243.975956837326
576	229.389864277835
577	225.041327412015
578	227.791630046589
579	246.354635106951
580	226.421563034531
581	223.203144317588
582	216.482601884408
583	225.424118080675
584	217.448893655456
585	218.759295020782
586	240.400142502471
587	226.129376478365
588	241.14137753902
589	233.573319435269
590	238.859608703783
591	236.686897155949
592	225.350805530481
593	224.333810518064
594	234.961251752799
595	208.586716844483
596	249.92595468117
597	228.68690503821
598	216.03122977306
599	223.19724696069
600	226.667955727322
601	213.193864620804
602	242.51639764745
603	225.511434109568
604	217.969894371893
605	227.271308760828
606	222.386643325643
607	213.653812886366
608	251.076952385194
609	232.577514545942
610	238.255012875711
611	218.534377926773
612	216.096550394987
613	228.16278786944
614	216.635612852688
615	216.81717588696
616	232.12876374774
617	225.355533693149
618	228.020183867104
619	226.69828538508
620	228.229102713473
621	218.400603648587
622	228.11438930431
623	222.099188667296
624	232.90371547163
625	235.291066558787
626	220.820983925288
627	237.031692841898
628	235.398580207571
629	237.878781526032
630	228.247042043486
631	226.270026016112
632	225.241354411084
633	245.012178891362
634	222.897481222048
635	218.758657705439
636	231.537530803619
637	234.671919654513
638	225.231653561385
639	241.048848374177
640	222.700053825132
641	223.535879158995
642	219.867870451948
643	233.50069219143
644	220.210558759322
645	233.040894481185
646	226.859128764252
647	212.654839633646
648	221.762724515573
649	222.518006596425
650	219.432256422163
651	226.723621399517
652	228.665672166422
653	238.578958176586
654	228.92540350313
655	221.768097789164
656	228.10433672057
657	210.784330745405
658	222.795969895924
659	210.517932118674
660	215.69513919551
661	217.30269116064
662	231.065237605286
663	239.687742448608
664	234.871942279455
665	218.486121498417
666	239.840984755553
667	238.780694708795
668	225.447354085195
669	213.299374299549
670	246.166248924741
671	226.583180828475
672	237.132060451342
673	221.987035323646
674	236.321700028169
675	235.831444808886
676	212.807575469809
677	232.37176390454
678	227.184196345154
679	231.526093715028
680	219.532889905181
681	235.31411868991
682	229.530764928221
683	239.770225252003
684	229.673751378746
685	219.457553750964
686	219.633037158442
687	225.124360490706
688	240.059891647544
689	220.451775233429
690	233.19240917725
691	244.301965665897
692	230.350300668073
693	228.7154471823
694	240.065662429271
695	228.338676338197
696	232.853884690601
697	221.243229490133
698	224.402211874998
699	233.75118301299
700	228.94925901188
701	221.911858767716
702	221.768337269543
703	226.374460801804
704	223.049300833989
705	222.843919326732
706	225.831631684135
707	237.570005034298
708	239.07060433186
709	226.449229958094
710	233.851259892329
711	222.410895941233
712	237.668396115172
713	233.409848846471
714	222.010862265538
715	231.459235730934
716	220.622431978552
717	218.782618208929
718	230.667666147146
719	238.63837228836
720	235.561312308821
721	230.353604373446
722	221.966188932817
723	220.967822231338
724	229.573640063623
725	241.231309752182
726	224.44991120207
727	234.56912563195
728	230.422915229848
729	226.176413827596
730	215.450625291847
731	234.753958141374
732	228.364088786919
733	220.034872535924
734	229.7906924088
735	223.266054108999
736	241.072131391646
737	244.519138624391
738	232.476505062372
739	225.714001304575
740	226.058018715461
741	227.037649461378
742	233.316225075586
743	247.30957441424
744	217.773898302725
745	228.46093863982
746	219.29822276082
747	233.398624959582
748	227.759668201504
749	234.823401799866
750	233.537368321607
751	237.431060171122
752	233.51936436639
753	228.637786023604
754	215.924268467506
755	234.574672845097
756	226.287002343827
757	217.741053732713
758	237.575386977041
759	221.381891016245
760	226.416603025631
761	217.889775622027
762	246.167926807917
763	230.867607790137
764	222.898005522011
765	218.765236602266
766	222.808569839561
767	235.261833935506
768	229.685549123813
769	207.571567835085
770	222.356441096165
771	249.848924705998
772	244.146613895548
773	239.508514593528
774	219.340835725147
775	234.390647467409
776	221.747632440694
777	226.728618903706
778	226.623269532527
779	217.201113263326
780	235.075726588542
781	215.61036140822
782	222.085302784436
783	243.5042155063
784	226.886755956964
785	231.230702277355
786	220.135500737314
787	236.618569826219
788	227.799116226932
789	240.248416578849
790	231.105168869389
791	227.760915271338
792	240.887326986608
793	214.683665841541
794	228.650350694692
795	228.668085382194
796	241.49210043224
797	234.491953808793
798	225.130963338411
799	237.361740448638
800	209.879806465911
801	221.902573933492
802	238.138088430833
803	208.091666586019
804	222.450453648257
805	221.616944805468
806	239.802599783118
807	238.718439925605
808	223.67196954971
809	224.989368905578
810	230.095000132781
811	221.645082820284
812	212.121037164733
813	213.342533168022
814	227.643439675086
815	229.759925319874
816	223.503037371331
817	237.846037339315
818	233.956195267424
819	221.69867461186
820	245.068661699201
821	222.615032409262
822	240.685546551527
823	225.272581768844
824	220.184810926976
825	219.020535687043
826	248.99502166766
827	250.195101802539
828	244.362467791152
829	230.90095266799
830	220.243921528411
831	243.373851239405
832	238.837624155545
833	208.637103821129
834	228.412179416701
835	218.525839169956
836	203.501276088164
837	227.082430647217
838	234.721183870485
839	235.027719739582
840	224.771263925206
841	216.88286843351
842	225.047948296852
843	238.581191273771
844	233.046603200475
845	237.40277209439
846	234.525858895766
847	235.105121928386
848	235.484725106882
849	227.225960642695
850	224.15661648555
851	234.345647674355
852	230.67398260138
853	234.899785852376
854	227.531944834987
855	236.550191052442
856	231.232802456511
857	233.259584348659
858	238.843668485119
859	220.593367465183
860	227.737513033953
861	241.37652137554
862	214.242800884107
863	233.125122426237
864	227.532961500825
865	234.042148284283
866	220.600034611248
867	226.838033866949
868	232.85341468459
869	242.13169747673
870	243.467623221013
871	229.456693451215
872	207.163520306358
873	229.939330598294
874	237.383268435802
875	248.365911179519
876	224.254329637448
877	220.64126321006
878	223.503912441671
879	233.522632252605
880	229.18469283198
881	244.323299203488
882	228.455182212732
883	230.926932456539
884	229.242620065966
885	229.169452701863
886	241.479989115956
887	216.579913484285
888	226.413724129053
889	216.388787308125
890	203.283357821423
891	217.848483426734
892	226.642439035482
893	223.867771106727
894	211.662779718054
895	215.740106787915
896	236.232841839241
897	220.127616078236
898	236.833942576588
899	226.288258111991
900	252.144388264206
901	230.474568198058
902	225.096539770308
903	223.756159684555
904	214.6691277343
905	226.383159318482
906	227.598881020375
907	230.156609642654
908	231.793359447561
909	230.742422349961
910	243.428107779345
911	229.630171341339
912	217.619223904095
913	244.827623341176
914	244.044149472665
915	212.511369287012
916	225.758974627671
917	234.366843123281
918	224.611789601397
919	237.36971328929
920	239.840867483707
921	211.855869758184
922	247.002548704212
923	218.303551538071
924	237.33630871952
925	228.792921862474
926	213.167038890919
927	225.275428115472
928	216.384704118913
929	218.501858697509
930	225.078604111966
931	224.289195837143
932	236.137226590283
933	236.496849510646
934	231.314265921084
935	219.457947588253
936	238.267313740575
937	219.358491874337
938	237.028334314959
939	214.853934585679
940	229.184410357369
941	218.079235469224
942	211.665497407626
943	220.842018204399
944	221.8861597724
945	235.302881880597
946	226.111470860754
947	248.077555849957
948	226.413851782165
949	225.875295739961
950	235.428321103934
951	227.412780405526
952	239.3207635987
953	242.481428906888
954	221.639427133382
955	228.46240945309
956	258.103937506862
957	240.000763132376
958	220.1382645301
959	235.9186934733
960	212.641012741418
961	208.175264026175
962	215.716310334901
963	248.075775113161
964	223.0429841426
965	232.497455928782
966	227.013022988218
967	224.776025162366
968	245.438637880909
969	216.258778315306
970	228.977359711792
971	235.172301424221
972	230.340248714878
973	241.060894990638
974	236.646383975549
975	228.397876934338
976	222.934879056262
977	240.385721605015
978	229.921289034499
979	222.441087697281
980	223.678487604864
981	214.375548709981
982	211.802577726337
983	232.619233835868
984	234.327724942614
985	224.7318272848
986	225.454365105304
987	235.573539532873
988	229.770556650992
989	257.45843828014
990	224.565851631972
991	221.173619418953
992	221.330751836288
993	230.466772849873
994	235.046989931934
995	233.367853029691
996	215.921945977443
997	212.854928626876
998	225.582516006544
999	240.141081019311
1000	233.797242200363
1001	231.891249878779
1002	228.51149061883
1003	216.526501527127
1004	223.847676821708
1005	212.829151935874
1006	230.910172161198
1007	226.266509233682
1008	237.1707669907
1009	220.800010210258
1010	226.015042987893
1011	213.032342278038
1012	216.451543696808
1013	222.305527858481
1014	210.533524000755
1015	228.621196759414
1016	238.754517865242
1017	236.137093248306
1018	216.950538445727
1019	218.910575370656
1020	217.728479981853
1021	239.232625729817
1022	217.935970932686
1023	242.46653971007
1024	238.009715630984
1025	230.275039537405
1026	243.97249426934
1027	229.593281742221
1028	226.209193863323
1029	218.206346500633
1030	238.02757046508
1031	222.530179374596
1032	242.135940204844
1033	237.869437847791
1034	227.037441002774
1035	225.50666182875
1036	228.634713288346
1037	224.014319010409
1038	227.833349896654
1039	225.706935431836
1040	219.973617373647
1041	228.774294025441
1042	221.235144989093
1043	218.636501539517
1044	214.361295534085
1045	233.503765693156
1046	233.502150409588
1047	223.267929457825
1048	207.269412323035
1049	239.49701387902
1050	219.382141742289
1051	220.812386203974
1052	249.574529292123
1053	217.277455533647
1054	246.044412838763
1055	221.157132920043
1056	231.344268293371
1057	225.664637172479
1058	235.170565118621
1059	233.443328309873
1060	222.453845195101
1061	231.962679007282
1062	224.19980561091
1063	225.868283977985
1064	219.443092055714
1065	227.061415332624
1066	230.171707430027
1067	228.420698050575
1068	217.469902071701
1069	237.237740000382
1070	226.145189136524
1071	234.839027140692
1072	246.324736281064
1073	225.835119115112
1074	239.092389767666
1075	228.85111169586
1076	235.162499576593
1077	233.499036232246
1078	233.008100567748
1079	230.459632348405
1080	227.792770538947
1081	240.764652377496
1082	243.603495971958
1083	238.673869646191
1084	233.335469060683
1085	229.075174883967
1086	225.385620471487
1087	226.343771182116
1088	226.627655132311
1089	226.013383834712
1090	232.164555704361
1091	222.027664000114
1092	228.666486437535
1093	243.323919372051
1094	223.364844543358
1095	241.191139700105
1096	221.423134194952
1097	219.283700269993
1098	233.052961994316
1099	239.781546344471
1100	228.30935997483
1101	224.328707312453
1102	242.311059764321
1103	240.911926592553
1104	218.000958709753
1105	230.104775087703
1106	219.771816589229
1107	217.11353928483
1108	243.622540422455
1109	220.722524123781
1110	232.314735592119
1111	228.098068306318
1112	229.802186638945
1113	231.645650126738
1114	234.45261827702
1115	229.187251013923
1116	229.29210347762
1117	233.690579593697
1118	240.988535099484
1119	214.73882739312
1120	217.732591700527
1121	233.919853518738
1122	235.729918460395
1123	224.171168318302
1124	221.485265364365
1125	225.633226157879
1126	235.846003739958
1127	225.136132293336
1128	221.00209033055
1129	229.823257412371
1130	242.293779428093
1131	220.873425115918
1132	234.215310996247
1133	237.484672623632
1134	233.150235954636
1135	243.999071844398
1136	215.020220068346
1137	222.516695588171
1138	242.886566520531
1139	224.913260838751
1140	216.201847031629
1141	214.041469981331
1142	242.602030704213
1143	248.190949445907
1144	222.432211974441
1145	232.165384942665
1146	237.139936820921
1147	219.302821203501
1148	234.91957274695
1149	240.852915572594
1150	214.09449901188
1151	221.841948859854
1152	255.874669418979
1153	213.763146967873
1154	248.245356880991
1155	235.612023050313
1156	227.553892813444
1157	222.152201302371
1158	226.404677010449
1159	216.2125645672
1160	224.760077201921
1161	218.284052582587
1162	222.532921228143
1163	231.064305763387
1164	240.935902608761
1165	223.335115126778
1166	225.37090960969
1167	245.88695875159
1168	227.021061732627
1169	198.324321637612
1170	208.023756897859
1171	245.293880735323
1172	234.493908733316
1173	235.830680023747
1174	242.876991225964
1175	233.162398870396
1176	215.317909935903
1177	218.458876783128
1178	231.830506144791
1179	210.883832963478
1180	241.849984703859
1181	216.841071159474
1182	229.432952437101
1183	244.35114237434
1184	221.163153313204
1185	232.838990461024
1186	221.744173042652
1187	238.87289704691
1188	229.77996555068
1189	218.899345704474
1190	231.300729591839
1191	226.82951880202
1192	241.19591401113
1193	220.532976549805
1194	227.949900318931
1195	247.501250956239
1196	227.108820014936
1197	235.600388511369
1198	215.089240990534
1199	218.201548351036
1200	215.767747438409
1201	229.10042559635
1202	220.31933168663
1203	223.909964066642
1204	221.46119697989
1205	230.62410109621
1206	221.70842313715
1207	229.672082301592
1208	220.670264651147
1209	214.671206198614
1210	234.270790413461
1211	220.260856235937
1212	235.304601531376
1213	216.415360452087
1214	236.499863710653
1215	217.61257757038
1216	238.097263802868
1217	227.635243490039
1218	234.369756845398
1219	224.265631494517
1220	246.876333355882
1221	242.01845126234
1222	235.139473823585
1223	220.79070327393
1224	232.748451297628
1225	219.506984498269
1226	238.131201090501
1227	229.107223184293
1228	213.636032041297
1229	220.654074097207
1230	213.942525717923
1231	226.992074318183
1232	233.622193086679
1233	229.210239823924
1234	233.332612349751
1235	250.152348268869
1236	252.389153261955
1237	219.050389321948
1238	233.41992410544
1239	232.66971163737
1240	227.841640956853
1241	221.904113800337
1242	205.966285874157
1243	220.92118969668
1244	231.910488658227
1245	250.781731917823
1246	240.194446761505
1247	235.450401430028
1248	227.881532727878
1249	221.108644812848
1250	229.228177135221
1251	234.979292175274
1252	227.844008537588
1253	216.307542831875
1254	229.378215136258
1255	224.35538076671
1256	240.502503287494
1257	227.539377160103
1258	226.150511944229
1259	215.931430601929
1260	212.468337391453
1261	216.048341994099
1262	209.040399102285
1263	229.841881001779
1264	220.862079872466
1265	233.631600912025
1266	223.739037783032
1267	236.537241997154
1268	240.04834340692
1269	221.808508433697
1270	228.464675238058
1271	236.724705873779
1272	234.091856491307
1273	223.092914927822
1274	240.811394380643
1275	216.097785994793
1276	247.454534113279
1277	224.33392622955
1278	237.53355774587
1279	242.512893239586
1280	224.609749931659
1281	207.005176349401
1282	234.224521421416
1283	255.684743119552
1284	222.240795573021
1285	247.031863478688
1286	217.242399064
1287	229.436964059993
1288	227.927638083894
1289	215.051354574564
1290	234.99822125722
1291	211.804191461089
1292	235.323181890543
1293	216.284032596035
1294	218.514636741249
1295	230.568483442709
1296	236.815838318504
1297	226.482765512641
1298	231.428491366122
1299	241.330454228618
1300	226.097265429009
1301	208.774224918658
1302	220.132123793813
1303	229.293745620424
1304	230.167232346021
1305	232.794010312181
1306	204.990897622089
1307	224.933430754733
1308	216.914946710569
1309	225.326712497927
1310	228.919772796254
1311	232.665947521738
1312	220.955892584845
1313	233.827845736877
1314	205.132560310567
1315	228.21656742114
1316	218.928779476912
1317	226.086223381413
1318	212.930346021984
1319	217.896190540553
1320	231.418633843476
1321	227.075815410835
1322	226.286364202486
1323	231.985510011672
1324	230.23953909088
1325	238.503238133534
1326	229.525440569836
1327	234.987004326772
1328	221.663213941166
1329	230.634678271642
1330	219.751787256071
1331	238.460058082726
1332	230.269846310254
1333	219.467537746945
1334	247.028689370768
1335	237.967849597448
1336	234.527186265331
1337	217.634748936825
1338	221.318915661674
1339	232.955519225474
1340	230.872263526758
1341	198.398565550465
1342	233.292392221152
1343	220.008352864257
1344	220.359138548057
1345	214.22776934875
1346	225.608165421162
1347	219.963909311949
1348	238.886609390445
1349	234.594767393428
1350	219.309898476114
1351	232.09529459845
1352	239.238418282536
1353	236.692247610339
1354	237.131286698994
1355	228.558774374977
1356	242.101398945965
1357	222.750085346114
1358	234.925896210878
1359	223.182878835738
1360	212.199931220093
1361	234.081837583251
1362	220.417156986673
1363	217.497339735431
1364	235.415676891022
1365	232.593962298404
1366	230.142519757158
1367	231.647781120793
1368	242.312471700394
1369	215.884657063449
1370	221.190022179956
1371	223.075845175602
1372	228.141138206315
1373	232.793640176284
1374	232.512254651098
1375	221.302825785993
1376	231.268077002325
1377	227.507509515707
1378	244.331564514529
1379	238.822465749304
1380	227.189491114024
1381	218.624128046886
1382	232.892400219153
1383	264.412890436013
1384	228.227474487819
1385	240.005204521712
1386	239.721106313278
1387	231.593618321462
1388	224.265366122045
1389	238.996699534742
1390	234.40648441914
1391	225.962072683498
1392	229.620460672611
1393	229.616538285936
1394	223.871285338748
1395	223.967990133074
1396	235.15722692297
1397	245.870075295256
1398	233.924184024049
1399	232.212878167368
1400	214.908687258216
1401	233.214223386428
1402	211.758573989694
1403	225.201599864464
1404	231.534067121139
1405	226.327484379275
1406	225.832256487785
1407	244.551441725729
1408	219.572549307805
1409	237.372937251533
1410	212.783934860143
1411	240.398120991763
1412	233.221099277147
1413	233.029899259778
1414	220.97522198576
1415	246.465322589957
1416	241.028562191126
1417	231.313400318353
1418	239.862026484318
1419	225.389811117375
1420	243.684601569138
1421	232.19670105707
1422	244.36679888844
1423	216.85079944667
1424	221.850397175286
1425	221.098642258
1426	219.469470374767
1427	245.268027890099
1428	219.298576651144
1429	223.713826479302
1430	217.011643055534
1431	245.146386077156
1432	226.374753313993
1433	208.268624850913
1434	221.581834588051
1435	228.475145009012
1436	231.83095538849
1437	239.643781077778
1438	234.429205051922
1439	219.316762981691
1440	227.099565119565
1441	230.167740901033
1442	219.236254561651
1443	225.2925091177
1444	238.432804681246
1445	231.5572220139
1446	220.490035297152
1447	219.984141694041
1448	242.620455498857
1449	220.658980045606
1450	212.155263518642
1451	238.892675238079
1452	232.450130104587
1453	235.652035995686
1454	226.744835714022
1455	239.397219151879
1456	234.820758921869
1457	223.730602532965
1458	242.891391284187
1459	204.252980750087
1460	233.757053528805
1461	237.908827868405
1462	239.583695362569
1463	227.627985726317
1464	233.036754110523
1465	243.628755389498
1466	241.176571016041
1467	238.95233999215
1468	238.658455496927
1469	243.432189739005
1470	214.715920769506
1471	226.5626155769
1472	238.031760741586
1473	243.491152762516
1474	222.642796962353
1475	229.382133131239
1476	237.052821044751
1477	241.86175090522
1478	244.393714261539
1479	222.594510272585
1480	238.032723425746
1481	215.46271341189
1482	227.425921016515
1483	242.276841579408
1484	218.413800795307
1485	234.060765618816
1486	221.264144585155
1487	228.030112611808
1488	218.979368494045
1489	225.466517204475
1490	231.760064816275
1491	218.362279599306
1492	249.700261063689
1493	222.772105686597
1494	220.002584091367
1495	226.626496271477
1496	222.555493217082
1497	226.290582818713
1498	225.58203419466
1499	244.354449555494
1500	225.493999565815
1501	230.875146859838
1502	237.695111856062
1503	235.365618597835
1504	221.939430197701
1505	223.706131742596
1506	227.47865807616
1507	230.657612953231
1508	221.267018636329
1509	224.507980399556
1510	220.20382489652
1511	245.778026997463
1512	230.597003490035
1513	234.860898788369
1514	239.281854106202
1515	223.783262240062
1516	237.715053113215
1517	214.184105728137
1518	221.125684762976
1519	211.599555359861
1520	217.616284901429
1521	213.929442959984
1522	237.188018929813
1523	233.524898561019
1524	211.709901945507
1525	231.274607716266
1526	234.404599140171
1527	229.371512777706
1528	217.360105071534
1529	247.251816620543
1530	239.603038488795
1531	231.07249884082
1532	225.80050679029
1533	224.077259657843
1534	246.963893096617
1535	213.800989701071
1536	224.215151271508
1537	221.957986735487
1538	223.846988869358
1539	216.098603946848
1540	224.226655567789
1541	246.804192470373
1542	220.941569925818
1543	232.673025580067
1544	224.437958940678
1545	223.704485921111
1546	229.609143121215
1547	227.998019512891
1548	215.652646103901
1549	236.738531626864
1550	205.226233955526
1551	237.836711146019
1552	220.162689737897
1553	234.882317250434
1554	224.457137267971
1555	228.380176330471
1556	226.955080196667
1557	225.015354801022
1558	222.902152298952
1559	232.241168660069
1560	222.041927837316
1561	223.724438103184
1562	218.952618554752
1563	222.028937381413
1564	209.661904707042
1565	242.508280437032
1566	221.93911466623
1567	234.172739808935
1568	228.548079083427
1569	233.259713139133
1570	224.715933856325
1571	230.138202100892
1572	222.997548265692
1573	224.552962582561
1574	226.462107549245
1575	219.852197040973
1576	218.826761505482
1577	229.336662590209
1578	222.142398493738
1579	220.689127975288
1580	219.353361637749
1581	225.456626583562
1582	236.99807094506
1583	229.891762710362
1584	221.256856441993
1585	227.323136213066
1586	219.590339091688
1587	244.592277661568
1588	231.879301130493
1589	232.585191025586
1590	224.506663166128
1591	235.4507234571
1592	226.252739283598
1593	228.252889264847
1594	221.943262176576
1595	229.919975821519
1596	210.871917396914
1597	239.056347338398
1598	219.635126453209
1599	227.830410233619
1600	225.747492888232
1601	233.382555451338
1602	236.863672206384
1603	221.655209387736
1604	218.851308455423
1605	235.400692087436
1606	227.268376238613
1607	223.679741192981
1608	230.644445541516
1609	221.681443996511
1610	226.553968158894
1611	222.267586987402
1612	220.757632380167
1613	218.956261989652
1614	243.899882155996
1615	227.90749515132
1616	224.788344487986
1617	221.79711870926
1618	225.3364863042
1619	229.230934556731
1620	220.535849672642
1621	251.182004216821
1622	245.371030967462
1623	241.958343482664
1624	237.636849216196
1625	219.480918397382
1626	234.214484841813
1627	200.649393975707
1628	224.018600305561
1629	233.649816868886
1630	234.714760373493
1631	231.78849494854
1632	214.039713591551
1633	217.153013527461
1634	218.214809955877
1635	236.422632575765
1636	232.730691130456
1637	229.769465884151
1638	215.911029258319
1639	231.713504547398
1640	229.997527261351
1641	244.135011607273
1642	246.710583078139
1643	224.008780383931
1644	215.773385313776
1645	238.092513646651
1646	229.188370877796
1647	235.061040162618
1648	218.153827104489
1649	213.649105275333
1650	206.812505677896
1651	225.882742224653
1652	222.46184816433
1653	221.631347807412
1654	224.580213048895
1655	241.591992042801
1656	227.047846499861
1657	229.568471022153
1658	218.278252538569
1659	218.333280785181
1660	232.411302356368
1661	211.788534010976
1662	221.339750029192
1663	229.606675580494
1664	217.94077320182
1665	241.688847405016
1666	223.295355414075
1667	239.790969611832
1668	229.458654569469
1669	223.957070825566
1670	233.797215738864
1671	225.724525729867
1672	227.291595856672
1673	230.434673730593
1674	224.187359932427
1675	233.468054586577
1676	233.524346823917
1677	228.116638287538
1678	228.525461636768
1679	232.499764524808
1680	219.387231943827
1681	213.01357255486
1682	222.580017164145
1683	225.203723023375
1684	233.315342356731
1685	236.490821841125
1686	208.397705007813
1687	229.656667877002
1688	234.553514383026
1689	241.731328904345
1690	229.208030635445
1691	217.773739349549
1692	238.920614725375
1693	254.469238026044
1694	239.271693320134
1695	238.847885509398
1696	226.931167772054
1697	237.904655630286
1698	223.127106704029
1699	231.978526560567
1700	246.937312137563
1701	221.554434276524
1702	238.070668828466
1703	222.090111699871
1704	236.163952234862
1705	221.650212006098
1706	219.938296097184
1707	232.751588709602
1708	219.813235899552
1709	224.58694028093
1710	232.498929480888
1711	228.150966771168
1712	215.097018146122
1713	214.29006002348
1714	229.896335846384
1715	216.891073700588
1716	215.538672592414
1717	215.125023277454
1718	223.689879344744
1719	230.929110178689
1720	222.151422819427
1721	226.292388809015
1722	230.630703848156
1723	220.237390489656
1724	235.17362696932
1725	220.359317877949
1726	218.863158706434
1727	215.027088012638
1728	236.776366686202
1729	224.867444173447
1730	211.676415565985
1731	223.605986165633
1732	231.313461170447
1733	218.178429563215
1734	237.859876351876
1735	228.431832400535
1736	220.86425046451
1737	231.964381720847
1738	222.246462864813
1739	235.914273816502
1740	229.899955018386
1741	237.388031261679
1742	227.776628045295
1743	234.517631326838
1744	222.552590003442
1745	224.878407300408
1746	232.071722768015
1747	229.660281261507
1748	221.025834046098
1749	241.129085693912
1750	238.720668930151
1751	217.606642371538
1752	241.395757368935
1753	220.745559997976
1754	228.889622549055
1755	247.658089200991
1756	240.634709581066
1757	233.513542267986
1758	233.759169578685
1759	248.023913866541
1760	238.237898390889
1761	234.676090293721
1762	208.857875738375
1763	224.99587614553
1764	239.682531961038
1765	217.513437821138
1766	224.530417709271
1767	217.087514990272
1768	224.656442850149
1769	238.594480445256
1770	225.390634846561
1771	224.137664755807
1772	225.747043655095
1773	240.815115685335
1774	223.943873061182
1775	237.766203294414
1776	223.059117410632
1777	227.628333537637
1778	235.384622227204
1779	221.722956520003
1780	232.33907999317
1781	243.91666005548
1782	238.22847373359
1783	237.536726404975
1784	236.239763499855
1785	216.279843881148
1786	225.942296920545
1787	230.816906341313
1788	209.732192778547
1789	231.367236979209
1790	221.213511768082
1791	236.356573871159
1792	210.832847368736
1793	216.734900564641
1794	223.587816158729
1795	239.96699019208
1796	219.826750257604
1797	227.785701327346
1798	232.411989620464
1799	232.326771030439
1800	226.887093463967
1801	220.624279706257
1802	224.594457256363
1803	226.146413283353
1804	242.245073669682
1805	237.002562387807
1806	228.255798262272
1807	233.533328002891
1808	215.448115400007
1809	238.441562656427
1810	234.265809245417
1811	225.254288303045
1812	227.987898545913
1813	219.891007436169
1814	243.146064267351
1815	221.74529060214
1816	232.556083581894
1817	224.931385030653
1818	237.554347443202
1819	212.458236114273
1820	210.363722533477
1821	221.420973297108
1822	237.370277318185
1823	223.949851788723
1824	222.665450042378
1825	216.93946006591
1826	231.852345114357
1827	238.811060924439
1828	235.073631392101
1829	226.798814690282
1830	228.311889945148
1831	251.332974048511
1832	226.372844405752
1833	232.799699554505
1834	237.309636472024
1835	219.512946328023
1836	226.482882225508
1837	229.598043884497
1838	238.026442922422
1839	222.322886729861
1840	231.177210548148
1841	210.374884831221
1842	215.407643448412
1843	229.099413067593
1844	236.551763316168
1845	220.89084103616
1846	212.838264182308
1847	223.094297221359
1848	239.076753473495
1849	232.823574312426
1850	235.740775923896
1851	223.251714720939
1852	227.30828333782
1853	225.460363016108
1854	215.455288035926
1855	218.933870296578
1856	229.5453345709
1857	230.79212180772
1858	227.868374198204
1859	212.245838686704
1860	225.269981966475
1861	229.706591241431
1862	241.908327575919
1863	233.511678869706
1864	221.413320763463
1865	219.07416801069
1866	231.133228205666
1867	231.338551382531
1868	227.371864848371
1869	218.498683802969
1870	234.453484913395
1871	229.034059769631
1872	236.900808956523
1873	244.488192856635
1874	220.972584759302
1875	224.074085421429
1876	224.545769224126
1877	230.890298091139
1878	232.439169029241
1879	237.755838128516
1880	228.745102093267
1881	238.395259525771
1882	229.215118527101
1883	237.765328093247
1884	220.223753732747
1885	213.644458022914
1886	236.309604934092
1887	221.084270798624
1888	225.897753927491
1889	229.335341615476
1890	227.894964320803
1891	223.797530405196
1892	226.370461515783
1893	236.343824303166
1894	215.395815019581
1895	226.400766841578
1896	227.850974797416
1897	216.345557128829
1898	231.192115976206
1899	219.346373748556
1900	230.052124479506
1901	237.504541608501
1902	226.101354143785
1903	244.576253100302
1904	215.877622010169
1905	215.662370932306
1906	213.201972015021
1907	227.975950113106
1908	230.907886197254
1909	231.299253800033
1910	225.327885597251
1911	239.343491806818
1912	248.22299263963
1913	220.062045886324
1914	216.960407858146
1915	221.857481568834
1916	228.041406905474
1917	228.29055135034
1918	228.793356405555
1919	229.069518583265
1920	235.526366600642
1921	232.549914852284
1922	216.31174434298
1923	235.093612724074
1924	239.627047726497
1925	235.331345635539
1926	231.397753112704
1927	237.596646153368
1928	239.978794879855
1929	216.355581751415
1930	219.950990488799
1931	232.5947419458
1932	236.245635488456
1933	219.664877047429
1934	227.985480008215
1935	228.002975031763
1936	230.046632685947
1937	241.386840809788
1938	222.725045435448
1939	243.137953051405
1940	220.211543090917
1941	228.727848101945
1942	229.744838847032
1943	234.675257998411
1944	212.227884095766
1945	226.843768588782
1946	222.169491047115
1947	225.315449178709
1948	220.658649363035
1949	224.97279531948
1950	216.875440423226
1951	226.079210473227
1952	207.112047547059
1953	241.322813916098
1954	233.036098949246
1955	230.798374171314
1956	221.869164580366
1957	244.290914313632
1958	226.865255410732
1959	234.333080893458
1960	231.934847761436
1961	215.594813997948
1962	222.068962853638
1963	216.383370170528
1964	240.961677231112
1965	231.089552200802
1966	225.956894270816
1967	223.722431209757
1968	237.451042439486
1969	230.903990509584
1970	229.292682340648
1971	245.609739156552
1972	231.459506682447
1973	223.887829557417
1974	233.819405806253
1975	247.095972770572
1976	227.080091291936
1977	237.471488367831
1978	229.023990551821
1979	231.104904609997
1980	230.300027892123
1981	244.271241835785
1982	236.407642245758
1983	231.013522061472
1984	231.507571996756
1985	230.187938626261
1986	215.330330110525
1987	211.84960403315
1988	228.446260698716
1989	222.695449974704
1990	230.220507403944
1991	235.308871311606
1992	225.869882281996
1993	233.784813335641
1994	231.02861350459
1995	230.547077727743
1996	228.085533607147
1997	233.899136824264
1998	237.977205594225
1999	215.461665780905
2000	225.423018233621
2001	226.284298112122
2002	218.860658898159
2003	218.375410214124
2004	217.561109730428
2005	216.039260889004
2006	235.086212581983
2007	237.543202463602
2008	200.288535630064
2009	228.428654087538
2010	235.122783801447
2011	239.036313921209
2012	241.690577254254
2013	227.479034653334
2014	221.474460102506
2015	223.945832098122
2016	224.493191027057
2017	224.838069129964
2018	230.085808168607
2019	222.833792147008
2020	232.201432192821
2021	236.301146955931
2022	222.689266001244
2023	219.506587005802
2024	230.539208041284
2025	223.169128230548
2026	231.299555728977
2027	226.683961116053
2028	236.866871663008
2029	227.138625352899
2030	242.302179554275
2031	228.039795420414
2032	210.537472460432
2033	240.550653588747
2034	216.330079120742
2035	248.381804873198
2036	242.77091197579
2037	225.349905868763
2038	246.518345473676
2039	246.182540522316
2040	216.943133389868
2041	225.51120772419
2042	224.898712998957
2043	231.233624962441
2044	213.463908109136
2045	235.310193925937
2046	223.111903137387
2047	232.084383356392
2048	225.700048497107
2049	227.746725857696
2050	206.778277448393
2051	214.501804406754
2052	237.885469017196
2053	231.94930025727
2054	223.103266242387
2055	248.976184536434
2056	235.262310184445
2057	229.933144687515
2058	218.454798040237
2059	230.201448816525
2060	220.814331199567
2061	215.047045532822
2062	230.973062623265
2063	228.891483796134
2064	245.607916553248
2065	237.274048984845
2066	227.318079761286
2067	221.799695647103
2068	228.680682590502
2069	210.105989410355
2070	219.239157232777
2071	226.413237589974
2072	215.382199541528
2073	220.935744942042
2074	226.197142972422
2075	222.658280083451
2076	225.538041311654
2077	226.666323750245
2078	246.620149009248
2079	222.291698962191
2080	235.838741255955
2081	225.262361626137
2082	234.241430148434
2083	222.760812707934
2084	225.622676611898
2085	232.138189153248
2086	207.817975220843
2087	239.294227734398
2088	225.692269499844
2089	235.324275502756
2090	221.926840095136
2091	217.067186407097
2092	240.897479782462
2093	232.358076195721
2094	242.858461351271
2095	214.877393304956
2096	230.778627884337
2097	214.403939919042
2098	239.511748315692
2099	217.565975883036
2100	208.869563557579
2101	235.441009131487
2102	235.525895536275
2103	216.577712142469
2104	225.804929016772
2105	235.709896185441
2106	230.285782768393
2107	226.575417823005
2108	229.489983149692
2109	234.327668139703
2110	221.730645018843
2111	235.67051411044
2112	225.053197942668
2113	221.642827066914
2114	228.56394549258
2115	224.620979685193
2116	241.211637996949
2117	226.501103410629
2118	236.154301405333
2119	221.68786678389
2120	237.232052040227
2121	224.229729907076
2122	232.214932649785
2123	232.390533341358
2124	218.707415450007
2125	225.605201139695
2126	229.888646041448
2127	235.374456859345
2128	230.084041037522
2129	227.582279736623
2130	217.641079005152
2131	233.697133745667
2132	231.969530853906
2133	242.352356205624
2134	217.892233294035
2135	241.431595883407
2136	232.372486036785
2137	237.120429278315
2138	219.669145036002
2139	225.61207078088
2140	225.587364069195
2141	238.303474517315
2142	213.212878529211
2143	233.826096453327
2144	223.082006887683
2145	244.072496752232
2146	239.085766560485
2147	219.749373352935
2148	220.427149198341
2149	235.517770187018
2150	235.671963120795
2151	221.548100346331
2152	234.953498791982
2153	227.518870000547
2154	226.544322706504
2155	254.583897980307
2156	229.985693128719
2157	222.668018087225
2158	230.67411226066
2159	219.65000590019
2160	237.946410839354
2161	235.196011607989
2162	234.309966421783
2163	236.177347453458
2164	229.505609625883
2165	219.171828528452
2166	216.890542870317
2167	230.323287880355
2168	219.329480597547
2169	221.301513624297
2170	220.985169340581
2171	226.840440547493
2172	221.800538495738
2173	220.856930597234
2174	227.415358289335
2175	225.146772788409
2176	223.454266638351
2177	222.080066570812
2178	234.548199412975
2179	237.389418466013
2180	225.997866889489
2181	235.340915085766
2182	229.457330277602
2183	227.416257000638
2184	238.240106324051
2185	227.389538105929
2186	232.937128416162
2187	242.432442805023
2188	223.996758126896
2189	229.421634099031
2190	259.748422306277
2191	226.801966459247
2192	241.93135126901
2193	222.14281575221
2194	243.647370117507
2195	227.615538230157
2196	219.016600757008
2197	231.613362000109
2198	237.743157259835
2199	245.256421125817
2200	228.582279534113
2201	247.283172909385
2202	229.705665731795
2203	222.30960151982
2204	231.248583820606
2205	243.370697102424
2206	222.581082207251
2207	223.793531292694
2208	224.849913439781
2209	217.413170458713
2210	216.24678428928
2211	222.201021439179
2212	225.38607575454
2213	238.927653517613
2214	224.676457315672
2215	217.101746639184
2216	231.827123197813
2217	220.322804444485
2218	240.320501419228
2219	215.961172310976
2220	230.272350295581
2221	242.011124704535
2222	234.82753801452
2223	246.954582499464
2224	214.435947354294
2225	218.317270782929
2226	235.567089789091
2227	230.081965183509
2228	229.412803066561
2229	237.055400696074
2230	221.812666191231
2231	224.921955561987
2232	215.191017349468
2233	228.633555851448
2234	242.813588917774
2235	219.940174308422
2236	221.994987470814
2237	234.603987711085
2238	211.901337860867
2239	226.912926020056
2240	219.660514502988
2241	223.072991580765
2242	220.268344794946
2243	224.27118184361
2244	222.211303112051
2245	211.738912264284
2246	230.360148002622
2247	228.861676418163
2248	230.710794197987
2249	246.768671194025
2250	223.646929037671
2251	243.880883677917
2252	216.468338276203
2253	233.379760654932
2254	220.018563181994
2255	231.43175248176
2256	241.192398344589
2257	211.963896903162
2258	225.915279147785
2259	227.648454571965
2260	231.061785744403
2261	226.164806781221
2262	227.448607703665
2263	225.254881730813
2264	232.262232534459
2265	215.120595045406
2266	224.554519267344
2267	230.573820420743
2268	239.075160704847
2269	216.815040127704
2270	232.931998979729
2271	231.480364186181
2272	228.199217931915
2273	232.168507979472
2274	228.37869743763
2275	222.686978885756
2276	214.795243994149
2277	242.504890157199
2278	229.129432553584
2279	227.947984630987
2280	211.805426245633
2281	230.528125458692
2282	215.965329392484
2283	223.121169602775
2284	231.378824199221
2285	213.301385795075
2286	213.096589365563
2287	232.685690834096
2288	222.980397549365
2289	238.126891030808
2290	226.181764121038
2291	240.381884920715
2292	222.685938260464
2293	212.15497747744
2294	216.671711690864
2295	227.033234052007
2296	213.26616664446
2297	221.431042581074
2298	219.279913539746
2299	227.90396122072
2300	219.172349990425
2301	218.371006307543
2302	223.686511710626
2303	233.153433213849
2304	226.165553146612
2305	231.478432489404
2306	233.929680722422
2307	210.630834686409
2308	230.777918001967
2309	217.748604974795
2310	221.77268799106
2311	219.037630507017
2312	228.147307444656
2313	240.800984724862
2314	226.989661988206
2315	243.219666963487
2316	215.347653780261
2317	224.329622723525
2318	237.045621833726
2319	231.649502157511
2320	236.893694487598
2321	223.999656673342
2322	237.292666720363
2323	225.795401303798
2324	228.970293673589
2325	218.928505104129
2326	243.134285895782
2327	218.830634527114
2328	229.933668937823
2329	219.402749645191
2330	225.42063161084
2331	206.611920373232
2332	221.056080194655
2333	219.989858494585
2334	223.378159443198
2335	230.861145613844
2336	221.160822466833
2337	233.71393065681
2338	223.407695855151
2339	219.462634758076
2340	218.520200271442
2341	222.235663495334
2342	226.851738174603
2343	217.590537543961
2344	220.135784476295
2345	243.874332005156
2346	235.259079252021
2347	218.489794554714
2348	241.454267609517
2349	216.956365495509
2350	219.817302593456
2351	241.309767319459
2352	216.932546473293
2353	218.520496006575
2354	240.735692090325
2355	225.053757901855
2356	223.526833794166
2357	241.005234644023
2358	217.817159268695
2359	232.245680581296
2360	214.17459917597
2361	221.255247605276
2362	233.997941109105
2363	233.88344652309
2364	225.307741072813
2365	225.819834554056
2366	237.453107314591
2367	236.326573063769
2368	234.804073173728
2369	219.73607350144
2370	233.219779804306
2371	223.490403285075
2372	219.605192581054
2373	217.77442257701
2374	217.817678821904
2375	236.369019133334
2376	205.790833895793
2377	249.020252437941
2378	227.490761956172
2379	219.522509737816
2380	235.204281598464
2381	248.614808846122
2382	242.452754054142
2383	220.117617783645
2384	240.924357695857
2385	221.935648102051
2386	223.393750414446
2387	239.26543693688
2388	232.791743180314
2389	220.79549025413
2390	225.615031287771
2391	234.286023093826
2392	249.902157454335
2393	219.173336309178
2394	232.217564534198
2395	227.699103824762
2396	222.493209012783
2397	218.941718983441
2398	223.212775801493
2399	213.002584744275
2400	219.131929855094
2401	219.384611812798
2402	245.735258741441
2403	236.125933786969
2404	237.331268118582
2405	235.84084122059
2406	219.569122326714
2407	212.457233639032
2408	211.298494696847
2409	215.977540558254
2410	227.928300017735
2411	240.97827086763
2412	232.546136869974
2413	229.67316290138
2414	215.309432733917
2415	223.08509150245
2416	221.377667800252
2417	224.322842679249
2418	214.427323091676
2419	231.754088248715
2420	230.153131697512
2421	236.836343667653
2422	229.461002901022
2423	238.118693275865
2424	220.396420420792
2425	208.411835032062
2426	207.989789195703
2427	225.200365077775
2428	214.050073548642
2429	223.942768388942
2430	226.101134645094
2431	223.121376346544
2432	227.064600015586
2433	238.742977019072
2434	237.51976100801
2435	241.63217279796
2436	235.327883419827
2437	222.042880981222
2438	221.479698278198
2439	230.234904054861
2440	227.855391848472
2441	236.535726583699
2442	240.799489806956
2443	240.441606006647
2444	230.441943282155
2445	234.595475579202
2446	231.455212665997
2447	217.804374678988
2448	231.04319330402
2449	225.085314965061
2450	227.913063373142
2451	235.30109347879
2452	227.571142538353
2453	243.466651339004
2454	227.220779007978
2455	229.157037258331
2456	217.682025818229
2457	226.21515085965
2458	229.501488523684
2459	209.850485891988
2460	252.225502562006
2461	237.398621927929
2462	233.022981322964
2463	235.201997084969
2464	228.503033733908
2465	223.695557025468
2466	225.946748318279
2467	213.426800150141
2468	226.091457562676
2469	230.599346783163
2470	219.517155206628
2471	213.127382515963
2472	224.104955922993
2473	210.038551754927
2474	222.578643972952
2475	232.138003363721
2476	212.755342476357
2477	224.947347606181
2478	226.268609763464
2479	246.298848260571
2480	202.439375918303
2481	241.371335848056
2482	230.644504795751
2483	236.087272040536
2484	235.095441042676
2485	230.133981705828
2486	222.113768107469
2487	239.725815000768
2488	224.961678489272
2489	215.139892298266
2490	223.566358407712
2491	240.206336183184
2492	216.787779520442
2493	224.814808075103
2494	232.267956479963
2495	244.574001704389
2496	230.579553593704
2497	229.419189794816
2498	212.144110720243
2499	236.977486547348
2500	222.990454827022
2501	225.486476836793
2502	235.583671512113
2503	214.958758307953
2504	239.068927794122
2505	225.042457378413
2506	230.820486339171
2507	228.066651895963
2508	236.810893360555
2509	240.82151548572
2510	215.164831180215
2511	233.3702352616
2512	235.062103708666
2513	217.593919555966
2514	234.305942018581
2515	218.244282411177
2516	223.745568392625
2517	232.396366158688
2518	236.468744068832
2519	233.027780003663
2520	228.266241792695
2521	223.555598898885
2522	222.582327547456
2523	216.098416634119
2524	239.794588920396
2525	229.398490093475
2526	230.499559324248
2527	235.798405168581
2528	241.633630621568
2529	225.419167322578
2530	228.115769914967
2531	230.650787020151
2532	222.632568300689
2533	239.35796335773
2534	223.29922516357
2535	225.556745030495
2536	244.632227319772
2537	226.081983570485
2538	214.406651978631
2539	244.666433620337
2540	237.818937985837
2541	229.770842308467
2542	214.189799523879
2543	211.332421116541
2544	226.547535626902
2545	229.023346046024
2546	219.296681442986
2547	220.922647018979
2548	232.2470643288
2549	216.797655406722
2550	236.154696387
2551	229.22938189329
2552	237.770716233697
2553	227.824410526129
2554	235.914700219736
2555	225.053545143506
2556	219.634957239958
2557	223.66002297791
2558	238.305317416055
2559	232.347146992471
2560	237.174864438327
2561	233.978882351732
2562	220.856573793936
2563	213.651350283837
2564	227.740739658673
2565	229.835963864479
2566	247.204599210198
2567	224.691694247636
2568	233.296748188613
2569	234.969802607249
2570	223.275368243326
2571	237.363839187434
2572	221.066487253591
2573	236.00957984161
2574	240.081503324989
2575	237.382101496901
2576	245.341521189644
2577	215.645259154882
2578	226.44460490988
2579	234.680088014422
2580	221.879684661123
2581	228.065497337579
2582	238.49701275366
2583	232.175538608448
2584	238.333079770588
2585	243.453312445935
2586	217.098126332866
2587	229.682914146992
2588	233.49035363233
2589	214.308415139426
2590	221.871984055392
2591	227.137500765768
2592	221.379240305813
2593	223.899516899742
2594	228.588760933493
2595	223.668690257744
2596	225.630633095125
2597	239.873559136429
2598	232.008515340928
2599	209.098955405795
2600	220.272310363192
2601	212.031404452758
2602	243.178536751167
2603	224.554733980286
2604	228.381374280353
2605	233.395723549115
2606	217.755763217037
2607	230.132409083961
2608	231.293918367428
2609	240.448808062277
2610	222.540033996917
2611	223.620061780972
2612	218.509609437782
2613	231.230625388811
2614	222.983751729627
2615	234.68123630847
2616	228.592364852878
2617	213.85386812184
2618	245.379189898434
2619	213.481353336862
2620	219.366241277347
2621	240.533777263614
2622	230.160851416675
2623	222.540893508423
2624	227.450545231154
2625	239.880874254617
2626	233.974939046795
2627	238.731345779319
2628	238.867928165189
2629	234.158669241237
2630	225.152192139479
2631	227.825888477906
2632	234.798927969143
2633	223.919761579378
2634	210.839158869124
2635	213.2101860078
2636	225.090536713866
2637	222.172207260436
2638	213.7365058353
2639	214.556597215146
2640	220.690749945533
2641	226.656001427664
2642	239.299438440561
2643	219.41488412991
2644	222.352731596007
2645	236.116500472679
2646	235.539165759778
2647	224.414302492072
2648	237.093221547973
2649	229.571862746216
2650	236.963629919411
2651	235.705631173914
2652	236.429484481009
2653	220.632456741689
2654	224.144248031418
2655	217.942718656154
2656	243.283709449586
2657	213.441098725771
2658	221.254517760929
2659	237.784995089419
2660	250.509425021229
2661	228.9044542906
2662	231.246638830483
2663	217.248330920111
2664	221.760618630115
2665	226.939035423109
2666	233.275689382913
2667	204.824457622414
2668	215.671499156172
2669	245.200709230233
2670	223.143794718011
2671	230.340003078219
2672	207.029871359526
2673	236.130606919112
2674	220.102194807047
2675	229.847833130819
2676	235.964935883814
2677	218.513222940535
2678	225.349108335841
2679	217.798499484191
2680	220.941159423984
2681	240.693009377835
2682	243.414800018288
2683	226.809815161556
2684	247.303461499422
2685	219.000382458767
2686	236.566940808907
2687	226.462024930763
2688	243.764536656791
2689	235.487268530654
2690	239.890123542909
2691	215.618112751791
2692	229.790418296119
2693	212.705620397108
2694	227.334007542533
2695	237.24534832014
2696	223.94928165417
2697	233.645036790794
2698	230.509671539719
2699	237.071162653523
2700	219.74756260966
2701	221.166636807827
2702	212.869562813711
2703	249.546686304906
2704	214.443896364559
2705	243.658934711431
2706	233.095145365351
2707	242.678929552331
2708	209.351115819041
2709	235.462668805352
2710	231.277937290317
2711	225.12945485471
2712	240.786001048093
2713	231.939602692454
2714	239.824232344482
2715	235.72167335817
2716	215.700684088367
2717	209.807085362327
2718	229.187761530791
2719	219.711374375447
2720	218.693119414091
2721	225.493578253669
2722	215.021381619342
2723	233.202942390161
2724	229.913288121226
2725	230.689118631734
2726	234.759460868324
2727	237.431170638216
2728	229.205667225371
2729	216.794188337361
2730	251.888822687359
2731	241.372591799861
2732	219.370076149461
2733	216.628568418769
2734	228.528798251966
2735	234.448440201805
2736	226.224823747422
2737	228.613842083542
2738	234.141067723241
2739	234.284153679634
2740	217.26641065236
2741	237.014808146314
2742	243.847836992213
2743	251.420394822937
2744	222.793533235618
2745	228.875441118512
2746	238.13491413185
2747	244.843560522167
2748	231.680342646218
2749	219.031935346393
2750	224.122820788225
2751	232.323863186007
2752	228.420910491471
2753	223.93227788382
2754	218.067095839233
2755	228.140987262298
2756	233.155991433139
2757	238.676940587791
2758	235.077646346032
2759	227.418957819999
2760	212.348274627145
2761	222.037495173433
2762	231.943821870501
2763	221.572414331256
2764	211.87301606051
2765	226.6708903237
2766	237.797949403499
2767	225.488030415656
2768	232.493478878518
2769	223.805066796798
2770	229.48989233411
2771	229.027400850746
2772	222.228546926835
2773	219.810506684043
2774	220.155115305145
2775	222.787368589883
2776	236.381458362572
2777	241.848521600265
2778	222.706070073114
2779	228.053269720347
2780	234.707099715773
2781	227.656994884628
2782	223.32901717756
2783	232.050803807597
2784	211.221308468772
2785	225.128115378643
2786	224.569662430751
2787	232.109182619266
2788	217.535261144093
2789	237.711796951243
2790	232.202134821131
2791	228.690303118973
2792	209.377627334812
2793	231.868693839835
2794	221.706250122378
2795	240.658816632805
2796	235.406815893256
2797	243.773551644853
2798	229.307833087046
2799	234.124882998244
2800	244.079872646022
2801	226.869351328494
2802	222.396047373307
2803	242.499721214622
2804	224.755740635681
2805	210.692917077092
2806	242.739717699833
2807	240.556362332525
2808	215.734568868751
2809	235.873140067426
2810	223.476190759708
2811	235.238153311535
2812	238.446046608391
2813	230.075597179595
2814	214.186307842582
2815	234.535785959746
2816	218.517086620905
2817	233.828479406099
2818	224.176413493447
2819	216.580471007679
2820	224.687647210684
2821	205.442238431962
2822	234.247220001555
2823	204.070617678391
2824	226.59471457223
2825	219.054578326912
2826	216.374457701879
2827	229.184085195544
2828	223.394398676047
2829	230.176995680472
2830	214.236169656011
2831	231.718248262107
2832	215.643007612434
2833	226.414725917604
2834	235.152645392307
2835	230.591638000856
2836	250.027048310631
2837	225.950053847325
2838	225.815574175843
2839	212.302062190281
2840	217.879242811822
2841	221.666488469091
2842	230.726911942405
2843	233.095624928799
2844	230.99765373929
2845	220.642872227081
2846	225.815277486244
2847	222.723611997264
2848	240.694405277861
2849	204.768249618483
2850	225.251792530704
2851	241.51519402296
2852	216.358039293339
2853	227.071258226882
2854	231.268443318738
2855	227.07062298367
2856	242.356829409389
2857	227.270548282583
2858	242.889934363696
2859	220.675445352218
2860	236.426432594209
2861	214.058954511414
2862	223.022630411863
2863	226.620921820907
2864	227.028711353378
2865	229.310387396802
2866	219.286247179329
2867	220.331649615745
2868	230.232653946186
2869	223.598249541222
2870	233.950335048695
2871	225.081396598704
2872	215.750655577232
2873	226.390559736006
2874	232.108135985691
2875	220.666249350127
2876	229.439945078008
2877	213.078026731482
2878	224.128203180106
2879	219.1659356012
2880	238.455812696125
2881	224.654268704529
2882	208.894661981167
2883	230.154346775461
2884	229.803381442615
2885	223.229673325645
2886	233.663681723148
2887	240.218637877744
2888	206.204342134799
2889	232.589120302405
2890	230.655712599619
2891	229.878126502368
2892	216.614702297126
2893	235.942516363127
2894	254.067303912126
2895	235.567346768235
2896	251.439014042585
2897	227.465843883785
2898	216.144122068519
2899	219.203025757818
2900	229.397264974297
2901	230.327361037998
2902	218.074626952032
2903	221.383554592522
2904	230.538001970784
2905	235.176908101361
2906	225.425069522269
2907	229.766159672597
2908	213.48623409268
2909	235.498163377213
2910	221.613895451469
2911	217.754193724505
2912	220.460455670306
2913	214.856250142559
2914	218.868950168401
2915	232.013890964278
2916	230.474968118136
2917	233.10430052475
2918	225.665819271215
2919	238.203370085998
2920	219.319447267566
2921	233.820728170258
2922	227.793599195725
2923	237.636203832803
2924	233.677556964093
2925	230.729556617584
2926	223.812477999478
2927	221.389257350949
2928	229.193359037274
2929	239.57196875301
2930	216.90548815386
2931	225.520740614718
2932	216.240112512806
2933	244.737282120602
2934	218.043051933476
2935	218.161681297258
2936	231.259581072203
2937	231.29275902236
2938	235.320646505296
2939	208.762071529512
2940	240.77323452596
2941	209.251299513014
2942	234.709970578883
2943	237.004695316489
2944	226.551847552546
2945	226.245132151865
2946	227.105130671872
2947	233.618696176065
2948	228.763229462345
2949	239.572912046299
2950	235.949553931947
2951	227.688569772354
2952	231.51925594784
2953	242.246534968366
2954	227.395475787852
2955	229.493560962114
2956	228.467799986373
2957	230.373337741688
2958	220.284781372934
2959	235.197438824676
2960	242.29249486427
2961	242.655740225762
2962	224.377815370465
2963	239.204250482905
2964	225.750830087108
2965	241.130053166142
2966	233.269094086069
2967	224.345843981532
2968	234.20247166414
2969	222.113164730685
2970	214.292009716989
2971	223.940870108582
2972	212.176115052448
2973	227.737854117483
2974	207.722879643697
2975	222.757918108311
2976	222.437953149143
2977	240.229918201819
2978	227.325546426764
2979	229.187766182331
2980	233.824872449393
2981	219.608624207614
2982	230.966800071724
2983	234.627340632902
2984	241.791997623683
2985	247.400874547563
2986	233.693629424896
2987	222.329815383683
2988	225.68565572395
2989	220.99868314006
2990	235.83053634945
2991	232.35187342056
2992	219.107071966001
2993	237.564650273638
2994	225.407660473635
2995	223.685861932714
2996	220.843375468486
2997	238.422960835714
2998	239.046904608791
2999	228.987593985475
3000	221.506376716964
3001	233.83182031704
3002	238.12512212268
3003	212.85348650986
3004	222.816011983695
3005	215.21034397261
3006	229.973225877755
3007	250.832712395749
3008	237.388056400524
3009	220.716393442002
3010	238.388137322513
3011	207.115675370498
3012	244.111255627315
3013	231.194360697511
3014	232.404988252833
3015	238.649079693134
3016	236.389058844583
3017	242.807589758003
3018	221.628817117522
3019	246.621391703964
3020	231.588251541498
3021	214.850750725986
3022	232.049975349533
3023	222.680650737577
3024	216.883438546786
3025	236.946946123984
3026	227.087751376574
3027	215.76955972459
3028	220.677613631787
3029	211.109963790005
3030	229.381812908447
3031	224.316952825122
3032	246.124665267427
3033	221.795088806447
3034	231.59606579193
3035	217.532667654187
3036	231.064898558967
3037	226.088013038337
3038	238.914552457144
3039	233.804313688965
3040	226.093356736508
3041	234.617588318482
3042	233.257162135587
3043	224.735021584941
3044	208.078257378657
3045	208.750536732876
3046	231.614410402773
3047	225.14857192627
3048	217.6045839074
3049	214.465695012626
3050	244.266567537669
3051	232.263460613617
3052	218.596436087576
3053	219.483084123381
3054	217.625097616104
3055	217.089012571305
3056	226.654801104225
3057	230.446877560198
3058	221.761304345817
3059	216.400487527678
3060	251.252333115855
3061	239.526441477369
3062	237.519041009815
3063	234.102301308538
3064	244.29381421106
3065	224.554764641061
3066	230.519658701346
3067	230.567187208245
3068	230.47620124582
3069	224.333680786026
3070	229.321374875252
3071	226.380939274357
3072	238.698140470286
3073	236.296988326134
3074	214.087035708984
3075	239.80533217008
3076	234.841123408569
3077	223.122963698552
3078	249.812771933259
3079	222.03879018854
3080	225.960059614978
3081	229.402801681141
3082	234.440714217187
3083	225.56277938902
3084	211.981525958599
3085	213.142041203303
3086	209.967316288505
3087	225.10432349246
3088	237.468135370876
3089	230.508266962119
3090	249.157520645684
3091	231.905966434681
3092	231.71299144508
3093	219.336222894885
3094	243.578291922272
3095	232.378099724973
3096	223.770523575223
3097	236.414476555193
3098	240.813587325404
3099	229.158510820726
3100	221.365575457873
3101	233.912009997735
3102	229.617167009598
3103	222.129423757944
3104	238.062365309713
3105	217.06704465563
3106	228.099654930061
3107	231.571178398098
3108	220.870016972464
3109	215.575399946733
3110	225.449553639504
3111	227.706174051725
3112	223.376786029274
3113	223.09139365245
3114	218.263783402977
3115	232.600338607774
3116	231.43161387654
3117	218.678401602912
3118	231.388186659112
3119	244.213882288148
3120	220.539147258232
3121	236.322196575501
3122	247.911648256073
3123	216.792096363599
3124	224.849890321951
3125	216.322763298279
3126	219.635520649477
3127	239.727569672907
3128	233.593289140067
3129	236.33497789623
3130	236.180884501869
3131	225.346947370509
3132	230.890469972447
3133	231.38558983888
3134	210.057904785107
3135	224.236263379531
3136	227.347123610299
3137	254.076391992558
3138	242.28929381594
3139	223.805596705581
3140	226.042529049068
3141	239.342368286974
3142	222.283904925152
3143	207.422557236689
3144	219.744298713772
3145	232.098718217626
3146	220.371042467185
3147	229.438597584797
3148	228.555743865187
3149	226.214684901842
3150	249.525371250094
3151	228.170238076159
3152	213.908618020894
3153	218.878526290292
3154	223.078286298464
3155	225.205120568192
3156	231.891836095254
3157	222.919583165049
3158	227.005083794231
3159	229.846475381681
3160	222.609498805682
3161	232.867917394004
3162	219.730180526452
3163	242.40908881025
3164	211.304949060307
3165	229.473588016409
3166	222.753233029097
3167	223.285199453814
3168	229.847365045137
3169	227.101110339367
3170	216.304771838215
3171	230.08595153332
3172	226.133082637766
3173	218.461130916915
3174	256.75843058675
3175	228.504616562859
3176	229.440058499283
3177	228.075669807195
3178	236.119765597993
3179	234.720303790081
3180	215.591379645361
3181	223.781119353702
3182	222.148067862401
3183	217.118817671714
3184	235.401944621832
3185	224.488469608226
3186	234.846642831474
3187	237.886125114742
3188	220.88317013337
3189	222.372404869262
3190	233.910196966853
3191	229.988243325382
3192	218.814401540233
3193	218.091532570775
3194	231.681910867238
3195	232.498134280259
3196	229.645572020066
3197	247.235558947173
3198	252.230508396623
3199	237.254973913904
3200	201.077508718741
3201	241.026931682827
3202	223.809263063589
3203	226.968344992731
3204	229.780381978533
3205	222.739826253701
3206	212.268733759999
3207	237.054313738407
3208	230.17896351904
3209	241.869234728626
3210	218.201368788116
3211	244.223171953483
3212	236.217088063215
3213	229.696256699638
3214	218.248193218521
3215	227.488025750072
3216	221.968608265499
3217	238.479494996235
3218	240.768249830836
3219	230.861952692298
3220	230.130378577617
3221	241.5273070378
3222	223.424732480217
3223	233.07090498356
3224	244.600304861977
3225	239.385117315649
3226	229.553415561102
3227	219.556582334214
3228	228.76229842722
3229	230.631621960218
3230	223.921339948395
3231	226.05353737619
3232	231.171855880919
3233	221.54165410815
3234	224.237277089673
3235	238.13420472196
3236	225.343056402613
3237	223.182586136469
3238	226.026616428015
3239	230.874675683588
3240	220.181650936964
3241	224.679767597433
3242	235.052729298343
3243	226.577312179416
3244	218.735162516587
3245	203.194616478903
3246	216.591785579072
3247	232.210224964257
3248	218.110633739027
3249	211.611373113997
3250	211.76362615031
3251	216.600992730343
3252	235.837541896986
3253	229.685293259658
3254	246.251763015617
3255	238.646177030219
3256	239.144728899082
3257	219.280351675492
3258	238.902119049923
3259	234.06309362624
3260	230.956475737609
3261	235.318561112706
3262	238.966980072184
3263	230.242107581713
3264	240.762565874595
3265	233.500180789547
3266	240.944576082018
3267	203.422622867864
3268	229.788698429284
3269	218.680115899166
3270	228.392241242483
3271	226.400044495988
3272	230.250743652026
3273	215.492373578271
3274	237.691224798061
3275	231.075721770561
3276	228.21985656393
3277	219.526022996026
3278	217.537381825499
3279	203.711524276991
3280	218.222918234583
3281	215.404085788414
3282	223.903507986049
3283	237.155545924392
3284	239.669506842439
3285	227.507523083049
3286	234.88199097603
3287	233.752838545638
3288	231.551606455823
3289	233.813368376496
3290	225.238902749885
3291	240.236154289321
3292	234.743566010397
3293	229.708354432981
3294	215.026471823751
3295	229.240738119191
3296	223.44846756919
3297	231.088026673659
3298	217.162505575183
3299	235.656408269
3300	237.808318620771
3301	221.444190905518
3302	230.798738953099
3303	231.658060663749
3304	229.360695095571
3305	217.170445833836
3306	219.76628213095
3307	230.731817398605
3308	234.118801930237
3309	233.660484510607
3310	221.360340979395
3311	224.036285597628
3312	214.45117255747
3313	233.618407664004
3314	217.943437859987
3315	220.698770904044
3316	214.580234197612
3317	216.29415517872
3318	225.794227541991
3319	231.832422706283
3320	242.238329213354
3321	231.241790160146
3322	234.984816586661
3323	215.629551832821
3324	237.423304319597
3325	242.01231006797
3326	246.814026457065
3327	237.342899454968
3328	228.790875198209
3329	240.906515731326
3330	232.254896029693
3331	229.473142715953
3332	233.487924974957
3333	230.905578206973
3334	232.35046467744
3335	222.704463513931
3336	240.325096406144
3337	234.258474082637
3338	238.486243146461
3339	218.44437552625
3340	232.568659853772
3341	241.608142844228
3342	223.674936772521
3343	219.648190347589
3344	223.771911758714
3345	222.622674066248
3346	229.074589977971
3347	228.15270741982
3348	217.615109476371
3349	222.764080573777
3350	209.20836153397
3351	234.867604728789
3352	241.501517570077
3353	215.650172809702
3354	222.121238474766
3355	226.271604891813
3356	241.040169920878
3357	219.406167536493
3358	215.954968702099
3359	221.344094011373
3360	227.277558023535
3361	216.272529301007
3362	224.144542296144
3363	225.064342101652
3364	224.291157020122
3365	228.317724311225
3366	240.478428251376
3367	223.597325364332
3368	226.022564688483
3369	226.438898609352
3370	231.020335981414
3371	242.721967623189
3372	238.899514635484
3373	232.913219384188
3374	220.719776881779
3375	231.453165559506
3376	234.598825877326
3377	235.22698876319
3378	214.036663989045
3379	233.819942391525
3380	228.706140442623
3381	216.631089052747
3382	234.514308181685
3383	223.951496157575
3384	241.748978140734
3385	200.256059826295
3386	218.604152823319
3387	224.678364360817
3388	220.387544772309
3389	236.373463528611
3390	224.436431439464
3391	252.51890311827
3392	237.183093302992
3393	238.135601674506
3394	220.790349328866
3395	222.886816085639
3396	218.363965996457
3397	236.179779485502
3398	233.59313445251
3399	224.184750230274
3400	227.237419902476
3401	221.486822881031
3402	219.646818782023
3403	233.057692336762
3404	228.334673446322
3405	239.451251287464
3406	221.846638839717
3407	222.242408290758
3408	226.353055825421
3409	222.691295326743
3410	228.859118098244
3411	235.453839262195
3412	237.625634216704
3413	235.981931437965
3414	251.753200137016
3415	222.108957227584
3416	237.679758658416
3417	226.221509136292
3418	234.211257324518
3419	231.686602853359
3420	225.361423548946
3421	223.501335786529
3422	247.930924804183
3423	235.648398572598
3424	240.231305256891
3425	225.107940632073
3426	229.855377539843
3427	233.834234257117
3428	238.601112928391
3429	232.893926432248
3430	231.15627440232
3431	236.524086258954
3432	246.996989249958
3433	221.850789022772
3434	239.249736909357
3435	217.845276863445
3436	219.277372108959
3437	222.687279415629
3438	219.210950925093
3439	212.827726105417
3440	235.976868111408
3441	242.087544561208
3442	218.591359698776
3443	214.341886068511
3444	235.734627678363
3445	242.496110378757
3446	218.859435892347
3447	213.976782112002
3448	237.875086380476
3449	229.201509077303
3450	244.908967113275
3451	239.851715204368
3452	248.080280163809
3453	230.913421479863
3454	233.827326728568
3455	230.019478616434
3456	236.43527275945
3457	235.991418827954
3458	226.836859778338
3459	227.708015379803
3460	228.224056271812
3461	223.738678599893
3462	221.937570506123
3463	235.570126335694
3464	226.624605594441
3465	230.393858060527
3466	219.750061885037
3467	219.248895140376
3468	213.229734771229
3469	223.694774743169
3470	228.702967534226
3471	245.374870103646
3472	231.528726032706
3473	222.107274376194
3474	252.6308521052
3475	213.11944134684
3476	217.324315732377
3477	243.061188212321
3478	225.51555240699
3479	218.845885963554
3480	217.828123888348
3481	219.113113309547
3482	232.16400739782
3483	217.793098295994
3484	217.586677516568
3485	225.413645042491
3486	229.937087638883
3487	222.641718404938
3488	248.783794321312
3489	243.46567640892
3490	228.962951631733
3491	237.824029692249
3492	207.803044382571
3493	235.907050555143
3494	220.769469106147
3495	229.422315672524
3496	230.039676955714
3497	228.445699379993
3498	217.232963510918
3499	245.866314277339
3500	233.574776634151
3501	201.036059564207
3502	213.985477130514
3503	224.921824201378
3504	211.036569696699
3505	232.659190028717
3506	225.784065752677
3507	239.082157981101
3508	224.768313343697
3509	244.070082510826
3510	245.518713117252
3511	217.715679051797
3512	230.610662658742
3513	214.925309300106
3514	223.039753562632
3515	231.344298208172
3516	243.172907138081
3517	238.071773368484
3518	248.889767395661
3519	223.606924301707
3520	227.112592034082
3521	237.890435100557
3522	224.442795529632
3523	221.313786434657
3524	235.30762886222
3525	218.508372748207
3526	217.602256118835
3527	238.804840443536
3528	233.254963238322
3529	217.779068428356
3530	238.200306330948
3531	234.182065640593
3532	236.321654432302
3533	222.91652224351
3534	214.832322342
3535	214.014553562869
3536	210.539864914197
3537	221.032150343331
3538	225.985625066346
3539	245.380470399254
3540	222.832344292642
3541	233.687911332229
3542	218.844395750785
3543	218.869268918319
3544	233.163864005334
3545	228.912041349693
3546	220.773232954247
3547	231.447294221099
3548	216.9982352253
3549	231.523232529507
3550	222.795928635991
3551	224.586777015918
3552	218.146199667784
3553	231.15782076851
3554	223.518160401162
3555	240.719606441482
3556	220.065760223282
3557	214.086170487394
3558	226.695866104398
3559	234.500231613136
3560	229.111610598592
3561	229.239259139857
3562	229.90286212545
3563	227.480437891114
3564	233.317426440323
3565	240.917175590923
3566	236.196403833381
3567	241.815210619031
3568	230.629601392492
3569	232.125290988214
3570	225.148922911412
3571	240.796861532828
3572	225.388308858371
3573	218.224374460311
3574	218.641998261194
3575	226.660580576981
3576	223.609366043788
3577	239.759814736018
3578	246.96560736409
3579	219.23994463201
3580	210.39479678735
3581	241.880353037449
3582	223.577042936738
3583	223.094534868121
3584	219.184484546925
3585	253.915796899049
3586	241.064311615069
3587	227.652566954274
3588	231.468330319505
3589	220.414348663471
3590	224.802533724541
3591	237.756525787744
3592	226.539097386505
3593	230.762621969003
3594	226.687569944373
3595	219.313130318214
3596	219.715643662587
3597	229.852571260023
3598	223.981719812107
3599	241.59872971497
3600	247.193824515362
3601	228.206148193607
3602	226.659982484356
3603	242.890996386451
3604	206.936133219547
3605	210.788322219931
3606	218.116659952244
3607	235.141355152465
3608	211.683019902895
3609	228.510557136248
3610	227.472993200289
3611	215.300782168749
3612	238.142301693999
3613	227.951485941885
3614	243.563843231742
3615	233.305441460302
3616	252.119088802565
3617	239.828315380206
3618	221.852709928872
3619	236.812913223013
3620	244.345443581629
3621	219.377232891268
3622	238.486392729697
3623	238.448990794626
3624	230.412273427949
3625	240.528281002716
3626	247.293596531369
3627	210.018327680549
3628	227.798394130158
3629	225.011791768029
3630	234.98131271862
3631	234.198441001643
3632	217.113975958503
3633	227.285074557713
3634	230.779795909872
3635	250.436392112713
3636	235.150044919418
3637	211.555761775656
3638	215.37843181007
3639	214.56273480244
3640	230.828829048209
3641	234.474693024225
3642	213.937898726927
3643	238.391776395728
3644	208.157107511833
3645	216.000380507438
3646	221.432227239153
3647	238.571126432405
3648	216.299134875292
3649	231.966325188673
3650	218.793533524022
3651	234.514220262669
3652	232.60943266756
3653	228.577524612936
3654	228.331124827834
3655	228.883126482767
3656	225.178321988224
3657	208.978281199443
3658	220.612961242468
3659	230.794499184319
3660	241.013791792823
3661	230.437578099764
3662	225.767909724939
3663	221.467040563409
3664	236.917219204479
3665	227.507999680952
3666	241.479461225489
3667	225.878973769649
3668	211.84803612995
3669	236.950870681042
3670	226.504840748875
3671	228.146606333187
3672	232.630026880222
3673	219.470532601095
3674	221.37703804219
3675	218.962412493522
3676	229.130736852398
3677	235.053242475922
3678	219.706935452552
3679	220.59757435985
3680	223.197403692361
3681	228.703330419443
3682	233.835452222576
3683	219.191624895382
3684	214.990528870309
3685	214.128584826467
3686	240.443374472069
3687	237.789365586507
3688	231.775413949206
3689	249.44892040118
3690	208.80566879818
3691	228.941623916761
3692	233.060292186083
3693	219.017156509699
3694	243.031414461317
3695	233.410380102312
3696	226.312429644373
3697	233.340926969731
3698	216.031291142122
3699	230.612413601854
3700	230.51767967901
3701	228.902260245578
3702	248.374515987845
3703	209.591518669841
3704	225.850185918927
3705	229.488968580033
3706	239.786658514703
3707	208.151836266835
3708	212.548308915185
3709	233.926144788023
3710	235.195064644169
3711	240.479727662295
3712	209.906633988463
3713	221.211733230686
3714	226.817840033012
3715	241.968559104125
3716	226.625216645417
3717	224.662471204059
3718	226.157295888627
3719	211.781341380586
3720	227.540065772377
3721	234.565212324433
3722	240.939027449297
3723	209.205798072908
3724	243.052084033238
3725	226.2716754869
3726	225.086493501395
3727	218.857103515339
3728	240.457807462111
3729	219.323860028956
3730	229.68299296326
3731	214.336800468715
3732	231.882615547352
3733	248.955704295912
3734	216.840760900105
3735	233.926051282204
3736	241.388540958776
3737	240.045602728799
3738	214.44900960165
3739	229.23567322598
3740	225.149868389077
3741	219.408297319029
3742	210.918314967837
3743	232.713038255166
3744	220.125951599546
3745	217.569116778769
3746	237.719880349148
3747	222.651114182587
3748	252.037204900384
3749	229.426356163502
3750	225.315139263067
3751	224.017512372568
3752	236.319287676481
3753	229.891439805141
3754	212.956759870924
3755	214.471835104018
3756	221.161250342121
3757	212.250131471879
3758	236.850996809775
3759	235.371304762857
3760	226.219574711067
3761	223.406832347133
3762	237.382811876052
3763	220.597060322133
3764	235.297039409612
3765	214.311231787423
3766	225.995744878411
3767	247.351996116809
3768	226.180803406076
3769	225.984161032735
3770	238.185169652154
3771	236.478621635387
3772	230.247750658206
3773	241.584843875556
3774	217.561362235706
3775	241.128792911506
3776	230.891655264948
3777	228.675078192341
3778	231.359872976347
3779	236.147321604843
3780	222.014307990455
3781	220.14370780427
3782	215.519138029658
3783	244.304102496868
3784	227.146592679669
3785	228.763736648383
3786	221.808624739034
3787	224.811144445608
3788	222.13266584204
3789	231.169255309792
3790	232.91355454326
3791	225.603120540446
3792	236.74647104266
3793	235.341137614292
3794	236.766611455202
3795	220.472130920352
3796	232.507043568693
3797	232.468523503847
3798	226.379471518153
3799	222.948839005166
3800	240.396690550772
3801	229.085294629682
3802	226.289675800777
3803	216.145527984686
3804	223.86730299543
3805	228.683467598458
3806	233.499646385373
3807	238.025839736872
3808	239.144364279914
3809	230.000490353688
3810	232.052182018713
3811	227.093365972056
3812	227.720187465947
3813	228.77971596449
3814	238.03515154559
3815	228.856864718427
3816	215.316979321988
3817	237.925006093924
3818	216.284459275552
3819	228.669685902894
3820	244.500845919685
3821	224.194066350118
3822	233.344959193289
3823	208.715747697246
3824	246.097235168986
3825	242.005360542719
3826	232.061880580905
3827	257.850148557007
3828	221.000043326708
3829	243.174995344658
3830	221.537119375824
3831	232.242496748138
3832	219.698487284167
3833	237.701507728311
3834	231.321449708338
3835	232.511627113519
3836	233.507752389935
3837	217.308450932209
3838	213.089071318339
3839	229.187155829026
3840	213.769778475271
3841	221.051638700143
3842	232.943606653619
3843	208.12750270892
3844	231.975811077388
3845	215.330810043377
3846	236.479961707408
3847	233.976460819427
3848	234.278241998976
3849	228.126335773506
3850	234.264032338145
3851	235.049299648237
3852	212.635897579658
3853	238.298731581647
3854	207.258765122955
3855	233.229752812339
3856	235.449970152007
3857	220.671910107535
3858	234.399610835713
3859	231.360078560753
3860	225.984044820827
3861	215.703388737679
3862	226.781604381074
3863	241.730638126738
3864	219.462956299611
3865	244.96206467208
3866	244.015402150004
3867	233.228323295838
3868	251.562514750873
3869	240.977331709476
3870	224.050690284008
3871	227.230419447393
3872	225.947329764392
3873	228.69136333806
3874	210.968942931159
3875	225.792567420261
3876	232.881080634972
3877	221.138245503066
3878	221.383964369811
3879	233.897795084204
3880	219.463043117068
3881	222.669960236535
3882	245.319518755164
3883	237.373200582513
3884	232.138502200574
3885	215.45750542118
3886	240.052241965658
3887	219.316082697104
3888	229.300342469316
3889	242.431476931014
3890	223.950778375015
3891	235.307730652439
3892	213.007712156225
3893	228.142727021635
3894	224.773728838647
3895	225.705026816759
3896	225.580592116128
3897	218.490836572195
3898	222.462968428943
3899	246.956317463076
3900	251.379829601343
3901	225.930834219767
3902	241.646590491579
3903	220.845997796748
3904	246.667789314214
3905	219.570177036782
3906	243.39919834338
3907	229.175097809683
3908	224.837624008303
3909	226.266221175599
3910	226.182401845096
3911	239.375806292662
3912	221.412305280706
3913	242.741103668343
3914	223.159778503284
3915	206.590943767061
3916	218.87488457719
3917	215.710207982332
3918	228.33717092499
3919	222.429579284791
3920	237.339110093446
3921	221.472893808527
3922	236.916262326278
3923	213.262618179401
3924	223.898225730475
3925	233.794150406648
3926	236.040231780877
3927	240.098407918682
3928	219.646215554118
3929	231.131249144208
3930	225.776351258512
3931	209.099876605104
3932	240.387030818812
3933	220.9148316609
3934	232.464361170072
3935	238.268663506071
3936	226.6337056204
3937	215.902909959924
3938	238.840903715105
3939	228.000344589907
3940	227.120727292728
3941	239.508476644599
3942	236.037414244702
3943	233.631584201623
3944	217.093512027165
3945	221.226640552073
3946	229.249742250717
3947	251.007211123556
3948	223.899084811804
3949	220.136150316923
3950	223.854395144168
3951	226.132494241463
3952	234.796653261048
3953	230.173797105899
3954	227.03196575661
3955	228.901625731973
3956	217.768325131337
3957	234.16742800238
3958	220.164977165149
3959	218.478580723832
3960	232.0783128084
3961	228.421271938766
3962	231.682435083692
3963	228.807320762262
3964	229.524435886276
3965	233.904331001431
3966	224.624185406991
3967	235.470894310626
3968	216.391868457103
3969	233.117164126886
3970	228.60218809453
3971	245.419981689893
3972	233.895757623275
3973	224.448665426351
3974	215.446079220832
3975	222.748072421802
3976	224.51587533564
3977	250.224249135316
3978	227.094240216091
3979	244.067850932705
3980	237.190534316273
3981	230.840021323142
3982	228.969489996303
3983	242.354766789305
3984	227.883772123092
3985	220.024564053185
3986	222.399269133032
3987	221.65862063179
3988	231.550299678737
3989	236.165716022757
3990	246.214795963611
3991	226.648413814339
3992	233.411796352546
3993	216.925428287352
3994	213.215709281517
3995	232.65052200762
3996	226.138939034473
3997	224.001335025033
3998	222.246219134509
3999	235.470737039705
4000	226.504639170275
