"LogLikelihood"	"Iteration"
1569.71613729587	1
1577.01584318581	2
1569.08623041149	3
1574.11587238299	4
1578.30888622408	5
1566.51036410043	6
1574.47228981636	7
1563.5935427009	8
1567.21269509484	9
1570.93748841669	10
1575.10295712634	11
1567.94508382567	12
1567.53677129075	13
1560.60051391419	14
1575.1930895914	15
1567.50047521621	16
1568.49008666058	17
1575.03565363806	18
1573.94955151927	19
1570.15205695054	20
1570.4975685934	21
1568.81161850178	22
1569.12590736799	23
1572.11121819993	24
1565.43541021735	25
1573.0607562653	26
1576.01439718653	27
1570.82688998188	28
1573.52842409852	29
1572.62860747666	30
1574.44589716271	31
1575.26446428415	32
1571.53147363601	33
1566.57032196055	34
1562.10074607304	35
1583.64236255962	36
1571.30199919148	37
1561.53691435315	38
1579.16014293032	39
1569.377218317	40
1566.43522180485	41
1573.93162821578	42
1573.44730953992	43
1567.08918215629	44
1573.97476251663	45
1569.4324986124	46
1576.83805809587	47
1573.52803662579	48
1571.83498656852	49
1574.54975661794	50
1572.09700028961	51
1574.40685026911	52
1564.35324009259	53
1568.37871191389	54
1573.42823919863	55
1564.51715960556	56
1573.27288618283	57
1571.3352558703	58
1569.70091757109	59
1564.88933198862	60
1578.57746893473	61
1559.51051458857	62
1576.30212689665	63
1565.37826498794	64
1572.27876239846	65
1565.84301675773	66
1570.52866881778	67
1572.58503867224	68
1562.89141132736	69
1573.55483551936	70
1564.3689515122	71
1578.47711516759	72
1574.62107653257	73
1573.82714453286	74
1572.18438413635	75
1578.47145815695	76
1574.02347627039	77
1570.54894757518	78
1580.53708184895	79
1573.68049100261	80
1575.02168758902	81
1574.01007972122	82
1568.42414100581	83
1581.28400769113	84
1576.52076443531	85
1578.73252505879	86
1569.54080238515	87
1576.74281691009	88
1568.34684599334	89
1575.16920207559	90
1567.01543203451	91
1564.75815072401	92
1567.86284323301	93
1570.08185926585	94
1578.44334949913	95
1570.45441338521	96
1576.88308506935	97
1573.23024956148	98
1571.08235425579	99
1563.68018686446	100
1574.20120309102	101
1572.84993317575	102
1562.38118041689	103
1569.91148165388	104
1575.84843153217	105
1576.32136629108	106
1568.86368945389	107
1567.00141554362	108
1572.91774294504	109
1576.3568682527	110
1574.64887728891	111
1572.46438423964	112
1573.44393512039	113
1571.78594726534	114
1577.07397405824	115
1571.36989847825	116
1569.57351936141	117
1568.77071092716	118
1572.75801625918	119
1577.65287171121	120
1566.24989343405	121
1577.10748419953	122
1576.71312164896	123
1574.84618738144	124
1566.43383791191	125
1573.80816658142	126
1581.40504302884	127
1576.66303902793	128
1572.80621226113	129
1571.63763204972	130
1571.31077713545	131
1561.7626446037	132
1575.55255070025	133
1571.47387031091	134
1576.15267978314	135
1570.99150838747	136
1573.97760001114	137
1576.53803084536	138
1573.48999297205	139
1576.81894276626	140
1570.31034749513	141
1571.52787432365	142
1574.47579481049	143
1567.30832755205	144
1573.34941218138	145
1566.63509474448	146
1577.1657670531	147
1570.35627388579	148
1565.47611798691	149
1572.78771537029	150
1553.63211535797	151
1563.75020176719	152
1568.3663787271	153
1570.21979904464	154
1577.84455830514	155
1570.40175521591	156
1573.01471767197	157
1575.848305449	158
1567.46024321581	159
1566.82666132039	160
1576.19744388101	161
1570.44546174848	162
1564.82552502679	163
1569.01589034225	164
1565.34519142052	165
1560.77175828815	166
1577.17828734334	167
1571.52968601517	168
1577.42262195389	169
1576.48724771123	170
1576.5508112521	171
1573.51661837772	172
1572.02330470591	173
1570.60800441506	174
1570.71189010287	175
1572.83108705209	176
1575.65541436257	177
1568.63963232617	178
1570.27283482085	179
1575.18533384069	180
1570.11964619653	181
1567.41489917723	182
1574.83893217139	183
1574.87738654437	184
1572.67867566165	185
1570.64436330362	186
1568.99332546561	187
1570.79304727376	188
1568.65614642262	189
1571.88086824734	190
1569.7614700147	191
1575.6272115627	192
1563.69863696015	193
1575.97856485131	194
1572.47922327518	195
1577.87127508774	196
1575.08700254757	197
1574.97160615238	198
1574.28878789155	199
1569.22513649038	200
1574.66287197009	201
1575.46459597661	202
1571.1770313053	203
1569.80032808336	204
1576.05719086148	205
1577.8682660313	206
1570.29242480123	207
1567.80635638783	208
1572.34171691277	209
1567.90716827222	210
1572.09478956542	211
1571.38474028732	212
1568.79404230969	213
1572.80802073435	214
1564.38240732166	215
1570.5949666969	216
1573.92123712309	217
1571.51437866769	218
1575.9363579831	219
1572.35537679657	220
1565.4064281524	221
1557.7007692848	222
1573.21187678306	223
1574.94711308782	224
1565.67479597429	225
1577.56790239012	226
1581.31317221844	227
1575.42493217639	228
1572.77827873476	229
1572.29246813157	230
1570.31474716905	231
1575.71497014291	232
1579.45687627695	233
1570.52744591346	234
1569.15293262494	235
1576.77633495352	236
1580.82878672209	237
1570.41292566242	238
1569.51355500625	239
1571.77246185356	240
1571.536867414	241
1570.42576264715	242
1572.65647940626	243
1576.38982109145	244
1577.14133668664	245
1575.05101033243	246
1572.54690980997	247
1573.59832040138	248
1570.60260357923	249
1567.24288116989	250
1566.89950367978	251
1569.5096888813	252
1577.42784559856	253
1573.11160692019	254
1571.66233380867	255
1570.05794400197	256
1577.25363181896	257
1572.90963729079	258
1569.33512248306	259
1573.45005565592	260
1577.64837314616	261
1569.82965033068	262
1574.61862832652	263
1569.60278356944	264
1572.31847880783	265
1567.0077744493	266
1579.29424464362	267
1566.31036068273	268
1571.42507175587	269
1575.03021134952	270
1565.5208477616	271
1564.64138758774	272
1571.95423789524	273
1562.99054571789	274
1577.14748221747	275
1569.65078657363	276
1567.02611218535	277
1572.47597357738	278
1575.16647017051	279
1575.85366392432	280
1571.25207874535	281
1573.62663082222	282
1578.14007665767	283
1570.57727455701	284
1574.15171873975	285
1566.76587544991	286
1569.26636499555	287
1576.1061588018	288
1567.44011629471	289
1571.19711741044	290
1569.27495434738	291
1569.83380147742	292
1574.75852898116	293
1565.63511656205	294
1578.54334042749	295
1575.78858502456	296
1573.90496364921	297
1574.09505206305	298
1563.20737848122	299
1577.26737687767	300
1573.58099348112	301
1574.82315018637	302
1579.22637643713	303
1567.90448593874	304
1572.83421313399	305
1575.1008365851	306
1574.50254683076	307
1579.40607380589	308
1573.27380473474	309
1574.51945377802	310
1572.63033873072	311
1574.97635550665	312
1567.9545328173	313
1571.67553184354	314
1576.51674019007	315
1572.28244562605	316
1575.72420490783	317
1573.93717672221	318
1561.13967004001	319
1564.6409870497	320
1571.92353332675	321
1573.22686861051	322
1570.38113081323	323
1572.50475151518	324
1581.15276972689	325
1565.97538295606	326
1579.98752704833	327
1579.18142591996	328
1578.41262272006	329
1574.08257808473	330
1579.77906906642	331
1573.56408230897	332
1564.41975496486	333
1568.0154783096	334
1573.7732296672	335
1580.37968863574	336
1568.80207143299	337
1572.06514276538	338
1573.29317110152	339
1571.02260439434	340
1570.80282360775	341
1567.55217750126	342
1571.574722573	343
1574.19917194518	344
1579.04821745366	345
1561.41482395586	346
1561.89352138065	347
1575.19442046575	348
1574.04126323035	349
1565.05540019009	350
1571.79000211004	351
1566.42558571608	352
1567.26730397938	353
1578.42861401488	354
1575.51192141368	355
1569.65251176781	356
1579.99329932682	357
1578.7243505287	358
1572.78741080114	359
1575.14314518376	360
1568.65181689902	361
1577.57285391029	362
1567.68262743162	363
1566.56344168901	364
1571.78492833863	365
1575.711801005	366
1570.67881638736	367
1574.53412350258	368
1567.0486729813	369
1570.78685991084	370
1570.35580912547	371
1564.89973317737	372
1573.94960658834	373
1566.19456201816	374
1572.88544441293	375
1567.99674953917	376
1568.63795729006	377
1573.94317552257	378
1569.37936067964	379
1576.36590201634	380
1562.34489217486	381
1566.31753404087	382
1575.67889656104	383
1570.21892934406	384
1571.78319433143	385
1574.73292283988	386
1568.49147860859	387
1579.26259500911	388
1573.38575864048	389
1573.61909169608	390
1572.21492954795	391
1567.71336508087	392
1574.988605322	393
1563.30953967755	394
1569.37216039533	395
1562.30569851053	396
1579.77157496789	397
1577.28894571185	398
1570.89084966985	399
1558.09579711784	400
1572.31326215212	401
1566.51354893684	402
1571.32337029888	403
1575.64045985785	404
1567.92652366448	405
1573.28823436619	406
1571.32647502791	407
1576.89243914876	408
1572.87856479984	409
1574.33892904721	410
1565.08112168089	411
1579.14010814434	412
1573.13959632134	413
1570.43625832774	414
1565.20430649201	415
1570.71162370687	416
1568.78359394386	417
1576.65406770319	418
1570.61511873264	419
1579.71129593649	420
1571.09921942149	421
1567.34278670007	422
1575.01471386509	423
1574.59354904081	424
1572.94343437299	425
1572.07738719557	426
1575.89347903432	427
1568.82900578208	428
1574.0608373094	429
1568.04681154517	430
1576.21409919336	431
1564.05988126689	432
1574.04696377054	433
1571.8357086632	434
1581.81801995419	435
1570.21473867809	436
1570.08001186843	437
1573.84885296234	438
1571.44425753883	439
1569.16517643602	440
1571.26440842363	441
1571.83892435603	442
1572.58185748481	443
1571.74510515433	444
1574.21569177923	445
1572.98167231831	446
1576.64770058752	447
1575.87091918957	448
1572.05197480429	449
1574.32030638622	450
1567.17506512486	451
1572.40906411504	452
1578.17186622224	453
1577.6451287635	454
1578.53872640525	455
1572.4475987573	456
1573.08962383684	457
1574.38210784816	458
1566.46171515871	459
1569.29518392079	460
1571.44280977429	461
1575.67763141751	462
1557.1598867294	463
1575.69585602597	464
1564.51360835142	465
1570.55588731399	466
1572.08556140794	467
1570.04215572824	468
1569.95315475938	469
1570.4078199135	470
1579.23369554642	471
1567.77409792102	472
1580.6449770855	473
1574.64100976567	474
1573.27040156817	475
1571.93538572596	476
1580.63672265762	477
1560.07009164216	478
1571.12504842893	479
1569.78714477586	480
1565.86119516682	481
1577.49912971117	482
1568.43236685542	483
1570.92371265952	484
1573.80183628237	485
1579.3266898839	486
1570.54827062773	487
1573.39532206826	488
1580.20626114449	489
1577.77840777445	490
1570.8383408818	491
1552.55427350629	492
1574.99312119912	493
1568.56905406986	494
1573.53185935268	495
1565.87795501371	496
1575.59494017838	497
1569.18850816162	498
1570.28327599931	499
1571.47425126659	500
1561.03239593957	501
1570.60890627776	502
1575.84399861073	503
1582.75554431959	504
1567.0280228036	505
1568.14279254036	506
1565.18010523209	507
1558.87825739871	508
1574.46097363422	509
1571.19513184897	510
1568.53381229353	511
1576.85845551717	512
1575.58212261316	513
1578.85805408979	514
1576.09124797206	515
1564.23332945521	516
1572.62379373794	517
1575.40228508981	518
1568.6689362558	519
1571.26219555573	520
1575.33162540127	521
1567.64568452	522
1575.93053891063	523
1565.96036701535	524
1575.7610286901	525
1576.29653548918	526
1570.66145158877	527
1562.12303754196	528
1568.35012783023	529
1573.48264601062	530
1568.19242960682	531
1577.37225033934	532
1571.18691537183	533
1573.39034263661	534
1568.8499406908	535
1574.73356914634	536
1560.16717472385	537
1567.76873447201	538
1582.44180667563	539
1571.34903003045	540
1575.69148850299	541
1562.96867781483	542
1559.42491707127	543
1577.29919478504	544
1565.79105484569	545
1567.71928263072	546
1575.10813553164	547
1575.90842323532	548
1565.03799500574	549
1563.8755247399	550
1569.87201980457	551
1583.34057031053	552
1580.9581825696	553
1571.83590403733	554
1573.430310781	555
1575.35209994861	556
1568.33940568138	557
1562.58405315428	558
1567.54872447399	559
1569.39898479658	560
1572.31700109217	561
1577.21756944762	562
1576.04440704539	563
1571.51497632252	564
1565.80823734889	565
1570.06334424406	566
1571.86806332405	567
1568.35968929002	568
1563.13790362897	569
1569.35134451161	570
1571.71755453226	571
1568.08870707604	572
1571.87181332023	573
1577.83921020648	574
1570.21868675527	575
1575.41259967864	576
1570.69848878488	577
1572.03456400161	578
1579.75538225118	579
1580.39959967082	580
1576.2736755216	581
1578.84728340142	582
1574.15528609778	583
1576.01537264657	584
1565.75041792028	585
1571.60769395607	586
1579.71062079716	587
1582.96869926849	588
1574.09240893809	589
1578.36486019989	590
1570.25987809194	591
1570.58293812776	592
1568.84006663823	593
1568.26534061087	594
1571.13829373513	595
1566.00044958048	596
1572.2345460068	597
1553.79081089612	598
1573.23211774467	599
1569.40087260531	600
1566.8900459231	601
1573.84266281443	602
1573.23250645745	603
1577.04250534427	604
1572.95899656046	605
1570.45605896345	606
1566.51831910099	607
1576.17932808291	608
1575.87854747126	609
1566.58550910469	610
1574.96353928885	611
1574.58493039983	612
1573.10983194001	613
1569.55311548299	614
1573.49800748458	615
1570.22448338389	616
1570.74105280516	617
1575.35458069998	618
1576.33853246923	619
1573.95487987471	620
1575.41025652574	621
1579.90947346893	622
1564.08661619459	623
1570.7602639116	624
1568.90848625026	625
1567.00735575751	626
1571.96000859687	627
1573.14765046719	628
1571.89750080664	629
1569.91726527175	630
1570.07431174768	631
1579.63231795912	632
1570.48268683835	633
1576.36463122282	634
1576.2086768811	635
1573.80718369488	636
1579.8798640718	637
1563.58217882243	638
1574.87089607935	639
1575.96834907455	640
1576.87707178401	641
1575.65317221824	642
1571.73685298762	643
1569.99476572695	644
1578.17615550843	645
1569.57290501794	646
1559.95351222516	647
1569.6177926767	648
1564.90180398282	649
1573.19473872117	650
1568.60004335565	651
1568.11823499679	652
1567.40465650962	653
1570.41206179818	654
1573.97768521195	655
1573.26136351202	656
1562.52864167615	657
1572.43909209902	658
1562.88749519509	659
1563.97291080414	660
1570.38723286839	661
1574.12728550811	662
1567.84238719423	663
1571.80519682428	664
1574.13002136692	665
1576.35369998018	666
1572.52228122247	667
1568.92937534025	668
1569.81505879735	669
1570.63538735106	670
1569.85661657097	671
1575.76352012815	672
1573.80120023131	673
1568.53239357401	674
1577.52333953213	675
1570.65304866691	676
1558.87810450915	677
1576.36751447194	678
1570.84574919823	679
1571.91666471825	680
1572.46505937876	681
1566.76498761379	682
1574.93934098267	683
1575.86437870378	684
1570.73390088537	685
1574.52878632749	686
1573.81412380595	687
1579.18125978225	688
1569.2060274513	689
1571.19595279293	690
1570.49120217284	691
1572.96613379992	692
1576.24766527216	693
1579.25198040628	694
1575.43965765495	695
1571.15527736587	696
1573.35719263067	697
1571.03952587705	698
1576.97884622274	699
1565.40665207123	700
1573.03400365834	701
1579.18760982711	702
1569.13770624067	703
1567.4516350496	704
1577.03690027913	705
1570.37770627395	706
1578.01001087256	707
1568.53520925396	708
1573.15572777267	709
1573.40910661085	710
1569.04066590613	711
1574.57545757131	712
1572.39641617693	713
1573.773432846	714
1566.92370589094	715
1569.06299958471	716
1563.06250915568	717
1576.92875263507	718
1573.82373186116	719
1574.26461380873	720
1573.85049552693	721
1572.39055553577	722
1567.39360466776	723
1574.57235714514	724
1578.86774568591	725
1570.8146769771	726
1569.23330666713	727
1563.23705311303	728
1578.15111842347	729
1569.76618487537	730
1575.55333231653	731
1571.69428296466	732
1577.78647655261	733
1576.85212008841	734
1567.63851650358	735
1570.53829221016	736
1572.70089147936	737
1565.10734422015	738
1576.85903820962	739
1567.95136021412	740
1575.82992102586	741
1575.99605892873	742
1574.34066029108	743
1568.72784048961	744
1567.63690738075	745
1572.22815412003	746
1579.87603626262	747
1575.45965450829	748
1571.1981142483	749
1572.14319744983	750
1574.81501038452	751
1574.44942307305	752
1571.93316997606	753
1568.64320964915	754
1565.6732834676	755
1564.03404783884	756
1573.69687462503	757
1565.97216264545	758
1575.21613340485	759
1574.07402245128	760
1568.99945735799	761
1573.56332420763	762
1578.90223808749	763
1566.4722943934	764
1566.86313232629	765
1574.18066522035	766
1567.04651604717	767
1563.0085892417	768
1574.67017414582	769
1567.61744833408	770
1579.35162106418	771
1565.50032481847	772
1575.15777741584	773
1573.0027035405	774
1572.89496004714	775
1567.56104000962	776
1576.28775956755	777
1572.12271598699	778
1566.15641613863	779
1569.81889133641	780
1565.19646053759	781
1564.36394608351	782
1576.78102364771	783
1575.50737990995	784
1575.0215771784	785
1573.07492033224	786
1576.80701998039	787
1574.0904722192	788
1571.35118722178	789
1575.79280221334	790
1575.90375955384	791
1574.76657762781	792
1576.38141532517	793
1571.30589982346	794
1577.10101799556	795
1577.70649810372	796
1572.12846797593	797
1568.50118932835	798
1568.36109637176	799
1566.73238464925	800
1575.20546048761	801
1581.91771482666	802
1562.16203646009	803
1578.43904566724	804
1562.33284461642	805
1557.12991229885	806
1574.02714417549	807
1570.19776859793	808
1567.74239255047	809
1575.03910103497	810
1577.2063648383	811
1573.57968266988	812
1563.99566042094	813
1572.09610734899	814
1576.15749355337	815
1565.05622844045	816
1567.62796956876	817
1572.35511837976	818
1571.92134485997	819
1573.6427261758	820
1570.21513339975	821
1570.42265525371	822
1579.51797618579	823
1570.69839448726	824
1572.58731874113	825
1573.69011880803	826
1568.03890182394	827
1568.49649496373	828
1570.77837608194	829
1571.23145040499	830
1568.6395790421	831
1575.49865118821	832
1575.73007090341	833
1569.60079364148	834
1572.28992669724	835
1563.04823354441	836
1567.23272764571	837
1574.9203016315	838
1571.15965465995	839
1565.98308571802	840
1572.73064199403	841
1579.45509331685	842
1572.50016726505	843
1576.86177983074	844
1582.87757693718	845
1579.88879931731	846
1565.32712406152	847
1571.2679729187	848
1577.05432023788	849
1575.37030581465	850
1576.21267481852	851
1570.82708853009	852
1571.22542980624	853
1568.57813685187	854
1561.50940961038	855
1570.51489062292	856
1557.53481631082	857
1571.22296533703	858
1564.27634865574	859
1566.04657327527	860
1568.12889671077	861
1566.8333125192	862
1576.27642710999	863
1576.69715548569	864
1579.2194542952	865
1573.92204041609	866
1571.06096921436	867
1576.27194166156	868
1570.94904297613	869
1569.06398111463	870
1570.92288833089	871
1564.15040375371	872
1570.22439014547	873
1577.0696197527	874
1563.19208499959	875
1570.23542517268	876
1570.24422486235	877
1574.30734917409	878
1569.04425169406	879
1571.14312166248	880
1571.25189155864	881
1567.48246240169	882
1574.94119108062	883
1572.06228922393	884
1573.45671090056	885
1580.48881314995	886
1565.49667722888	887
1570.9039561884	888
1570.66362664394	889
1565.56109855415	890
1580.48557661152	891
1575.36768348936	892
1570.49673401613	893
1574.14066215262	894
1570.31334769138	895
1569.51387472674	896
1564.79200638748	897
1580.48439225888	898
1577.15776805339	899
1576.73794501753	900
1569.37791774003	901
1567.92508546786	902
1573.95175567545	903
1567.16722366161	904
1581.16127462851	905
1571.31611862418	906
1568.45387407902	907
1576.62765083977	908
1574.67893907712	909
1577.92882070603	910
1572.77672953182	911
1576.11740614429	912
1568.9819118813	913
1579.44533025185	914
1571.01179944605	915
1573.95069169115	916
1576.81390944038	917
1578.52915669315	918
1559.73104350444	919
1578.29889032524	920
1572.94636785716	921
1576.67458175127	922
1573.76196686992	923
1578.3296629842	924
1572.86368595334	925
1569.7848181909	926
1574.8119670987	927
1568.50561972529	928
1571.56040817394	929
1579.08737772171	930
1573.34323752867	931
1572.39881417666	932
1575.19331635317	933
1572.18817522576	934
1567.9971754696	935
1571.87648793207	936
1566.61797419878	937
1567.43787052967	938
1572.5580430612	939
1579.71355831041	940
1576.49772455014	941
1572.89796067394	942
1568.12053041064	943
1576.36204108426	944
1569.77575116998	945
1571.32360454971	946
1574.80684360667	947
1568.24563175171	948
1579.60420382827	949
1573.58780707054	950
1564.52680917413	951
1576.95581732991	952
1570.62401288199	953
1568.94266709199	954
1576.86694145735	955
1573.94422346455	956
1568.72868963428	957
1569.68654582468	958
1563.77587586982	959
1557.74424285298	960
1558.35476982666	961
1571.48741207202	962
1570.93391891847	963
1571.24429865154	964
1568.53439031903	965
1577.6644535766	966
1568.18940874939	967
1565.68301130888	968
1564.10527585115	969
1574.74358992475	970
1570.00952961232	971
1572.31239969183	972
1576.24626066647	973
1577.93592899513	974
1572.01058581131	975
1567.51725926534	976
1571.91322622465	977
1568.24286185406	978
1564.77898036937	979
1572.8633719277	980
1573.67865339472	981
1570.95384872953	982
1578.20961685636	983
1575.32194622857	984
1571.2532755703	985
1566.81528400248	986
1573.27225488203	987
1575.42927063637	988
1572.45052573233	989
1576.09040661945	990
1569.34895233513	991
1565.97819859797	992
1574.33226296915	993
1571.45777620625	994
1580.9058962079	995
1577.6410503062	996
1572.08840885189	997
1578.96035805375	998
1573.12439954098	999
1576.86013806518	1000
1567.32645867542	1001
1566.55525457834	1002
1563.51917111819	1003
1569.58010605113	1004
1569.03012421041	1005
1578.51732340737	1006
1574.33234530657	1007
1581.77947772999	1008
1573.79632880434	1009
1572.66209946539	1010
1570.1510438914	1011
1569.8700489926	1012
1573.8116855953	1013
1575.87578658347	1014
1569.56536102128	1015
1578.14705087778	1016
1570.4641199768	1017
1572.33196446205	1018
1571.54895269548	1019
1575.24508503491	1020
1569.27327609648	1021
1568.09842461209	1022
1574.20787740092	1023
1567.98911316724	1024
1565.89434731382	1025
1572.11329281218	1026
1572.28062635861	1027
1567.37352148356	1028
1572.36899118489	1029
1574.20331965028	1030
1571.66713002239	1031
1577.24246062563	1032
1577.1219872503	1033
1573.07505397451	1034
1569.41060838701	1035
1578.80559335117	1036
1573.61310691895	1037
1574.20923542731	1038
1572.51329490164	1039
1575.04248034145	1040
1576.23278377381	1041
1568.61525507936	1042
1570.98125780827	1043
1566.8233509442	1044
1563.1248009938	1045
1579.28100078484	1046
1571.59355281291	1047
1566.80199130674	1048
1570.28925427774	1049
1569.83324257751	1050
1581.43318138571	1051
1576.87121605346	1052
1572.01375597404	1053
1579.50163403428	1054
1576.48668568204	1055
1577.50477709438	1056
1574.43538505798	1057
1576.15914874824	1058
1576.35387526865	1059
1573.08456205663	1060
1566.7311945843	1061
1574.27662482495	1062
1563.93775110053	1063
1578.05626770107	1064
1577.86475150738	1065
1567.34102385425	1066
1571.76824277662	1067
1573.18627861175	1068
1579.76939226565	1069
1566.77910245019	1070
1565.35327697929	1071
1580.08437991815	1072
1568.16349842066	1073
1568.22682970696	1074
1570.72630762496	1075
1568.999060854	1076
1570.79876094154	1077
1574.7409962621	1078
1569.27026003257	1079
1575.76923196761	1080
1570.59440811269	1081
1569.13072405236	1082
1576.70877946845	1083
1578.54654295731	1084
1574.94832516648	1085
1564.32632768137	1086
1576.59542575663	1087
1569.30403997655	1088
1566.63629666897	1089
1572.85552073678	1090
1573.41180067735	1091
1573.9447444947	1092
1579.56435528459	1093
1580.36738781143	1094
1575.47209567598	1095
1581.52479113521	1096
1568.13862940586	1097
1575.02077929874	1098
1578.64900620035	1099
1572.76364705547	1100
1572.02613263379	1101
1582.16044258544	1102
1573.14004450938	1103
1575.27889382211	1104
1577.71890492434	1105
1574.61972499017	1106
1571.90913511912	1107
1575.43056816378	1108
1569.60698227498	1109
1577.88047394629	1110
1573.14576013994	1111
1578.07061740002	1112
1569.93934962307	1113
1576.85975906739	1114
1570.3620396658	1115
1574.28811672077	1116
1573.77499493866	1117
1571.14321678859	1118
1568.57562074845	1119
1571.49623037442	1120
1572.4242497598	1121
1582.26134771003	1122
1575.15231296533	1123
1562.09457010471	1124
1566.41740634237	1125
1580.33941045342	1126
1576.86031202489	1127
1574.91332374583	1128
1573.79159079168	1129
1571.04197537057	1130
1571.21418985608	1131
1576.72962652926	1132
1567.06630298076	1133
1573.46902417651	1134
1567.80214124878	1135
1580.379260026	1136
1565.82189259674	1137
1573.34687024059	1138
1572.88612163538	1139
1571.52633279688	1140
1568.76947149788	1141
1577.4204765544	1142
1571.44162920973	1143
1571.78681090014	1144
1579.04470185495	1145
1581.92759812325	1146
1578.52031951076	1147
1568.31786762765	1148
1566.01414112137	1149
1571.20648098521	1150
1577.50694046342	1151
1571.78144057757	1152
1575.27371799372	1153
1572.50101853688	1154
1569.15656347383	1155
1571.74297735856	1156
1570.61010722042	1157
1569.34898124773	1158
1572.82985077926	1159
1568.3151321697	1160
1576.92616117866	1161
1576.00144384115	1162
1571.99460964227	1163
1570.10176960672	1164
1573.24336838331	1165
1575.16045996985	1166
1567.02533247568	1167
1570.49403133954	1168
1555.87581354154	1169
1570.45230014691	1170
1569.56672396965	1171
1569.78024358944	1172
1571.78085147069	1173
1561.43576248764	1174
1574.63527433276	1175
1577.41632727991	1176
1574.55284294187	1177
1575.97097432304	1178
1565.85213951157	1179
1574.72077843829	1180
1577.23229787848	1181
1573.52733299512	1182
1569.21345858164	1183
1564.47111544502	1184
1559.86689207807	1185
1569.26932523251	1186
1572.56081481863	1187
1572.27841547715	1188
1561.41345822366	1189
1568.19738830043	1190
1573.20698239014	1191
1560.80727204554	1192
1568.74581497172	1193
1576.58860237467	1194
1576.27361769592	1195
1572.59437872892	1196
1582.02364324017	1197
1579.15274020949	1198
1573.09603450149	1199
1569.66290841509	1200
1577.34284490925	1201
1565.72801862753	1202
1573.78919193261	1203
1572.72943037348	1204
1571.78232749705	1205
1579.07336726855	1206
1575.11866798461	1207
1577.64118170792	1208
1569.05436527875	1209
1573.02235713344	1210
1570.2919746999	1211
1574.12718741611	1212
1574.05759292957	1213
1575.34530135465	1214
1563.18297572282	1215
1574.09648854935	1216
1572.77446053297	1217
1576.03722943585	1218
1573.68771918101	1219
1567.57216368786	1220
1570.89055195686	1221
1578.58634205791	1222
1572.28769113101	1223
1570.6297690178	1224
1568.86178906252	1225
1569.53446723803	1226
1574.89898400403	1227
1566.11590889529	1228
1575.26091729208	1229
1573.25340682604	1230
1574.7525998437	1231
1570.01802422116	1232
1568.95863547645	1233
1570.73502962339	1234
1570.92150537726	1235
1572.13738258794	1236
1577.57432136144	1237
1565.40141738904	1238
1576.43025813825	1239
1571.02377591343	1240
1573.50621866387	1241
1570.32580169703	1242
1574.27211992294	1243
1563.63171768317	1244
1569.76988288114	1245
1575.26449080874	1246
1578.09652828504	1247
1578.28062300976	1248
1572.13724799082	1249
1576.80840936421	1250
1570.87624701085	1251
1564.99922919669	1252
1566.42237080865	1253
1573.84753838447	1254
1575.62696125585	1255
1570.83991780253	1256
1574.7797814299	1257
1576.27180370755	1258
1578.71290774615	1259
1566.31967718488	1260
1569.13483510573	1261
1569.04056868372	1262
1573.67947074047	1263
1553.42467031093	1264
1580.23026489614	1265
1568.07604756238	1266
1569.93938148141	1267
1577.85058042529	1268
1569.64031547939	1269
1577.22002102674	1270
1577.12252902524	1271
1569.45030334666	1272
1570.85785311987	1273
1569.03997171434	1274
1573.85182834797	1275
1574.77782688763	1276
1571.13350550798	1277
1567.3124204934	1278
1574.40653898372	1279
1570.9774545123	1280
1558.40079775862	1281
1565.25597435707	1282
1569.72759104141	1283
1565.60764816864	1284
1572.11153235339	1285
1573.22683471164	1286
1568.60292678408	1287
1563.73265374828	1288
1558.54409493545	1289
1563.92609328581	1290
1576.42518827796	1291
1573.89997573429	1292
1571.08273109656	1293
1568.90853502167	1294
1579.02648724817	1295
1570.05509731338	1296
1580.93152898198	1297
1575.70621186043	1298
1579.69247393075	1299
1569.70213430248	1300
1574.2699626	1301
1570.16477808808	1302
1578.42618137419	1303
1571.24029035703	1304
1572.70162501451	1305
1565.42503482464	1306
1570.84566055643	1307
1572.90066809352	1308
1575.02529880253	1309
1576.61110344255	1310
1574.75437156268	1311
1578.94838276189	1312
1577.02194991166	1313
1567.90550472074	1314
1571.41337914679	1315
1558.15580828071	1316
1575.45848703395	1317
1568.57064901197	1318
1568.40785523944	1319
1571.06404815439	1320
1565.17494537258	1321
1561.86170635667	1322
1577.50695789627	1323
1573.74764570721	1324
1569.55431109081	1325
1571.70356086307	1326
1562.85995302695	1327
1576.48092913508	1328
1570.23140179455	1329
1561.57264230971	1330
1579.17939684538	1331
1571.66590536899	1332
1572.61976886027	1333
1571.34420429932	1334
1570.29210951297	1335
1560.75938430293	1336
1576.31112347344	1337
1569.59111215372	1338
1573.61880564393	1339
1566.94583232651	1340
1565.3520382089	1341
1563.40031682	1342
1572.87977527885	1343
1572.95071731438	1344
1573.07677325916	1345
1575.68340267737	1346
1580.63104074844	1347
1571.56922857311	1348
1573.56563723847	1349
1578.89697691606	1350
1576.92678971087	1351
1574.9535243957	1352
1581.8830545131	1353
1573.41080360342	1354
1572.55306336469	1355
1576.54672418128	1356
1579.84793121954	1357
1576.57830752482	1358
1576.37177062686	1359
1563.77391873293	1360
1571.6481434829	1361
1575.4270958119	1362
1574.40126095723	1363
1579.22559383566	1364
1579.18247428869	1365
1564.57212283964	1366
1572.66569363048	1367
1573.97088399867	1368
1572.92271448338	1369
1574.39767022998	1370
1570.48689812754	1371
1577.7903051298	1372
1571.42012297145	1373
1580.32137100066	1374
1579.35130778319	1375
1573.95480615802	1376
1567.91003323194	1377
1568.49642411384	1378
1572.41128146815	1379
1572.02117337996	1380
1575.53675714428	1381
1576.61053617842	1382
1568.28963140074	1383
1578.03894201457	1384
1572.14958659144	1385
1567.78948414311	1386
1574.51541835015	1387
1569.00930148473	1388
1567.20992253232	1389
1567.288838366	1390
1574.8355771823	1391
1564.29717561442	1392
1570.63410356228	1393
1563.80002295108	1394
1561.56782604627	1395
1577.39292911102	1396
1568.32093988188	1397
1572.39897146095	1398
1571.28008189292	1399
1560.14416708815	1400
1581.46567072685	1401
1558.70929220244	1402
1574.81404918192	1403
1574.17510804832	1404
1576.24555321976	1405
1570.56042592323	1406
1583.60319125308	1407
1575.38608206864	1408
1576.82913971727	1409
1574.46407425721	1410
1563.00755614567	1411
1575.15406036208	1412
1574.61637722092	1413
1556.36750522502	1414
1566.0797721871	1415
1570.76654510167	1416
1566.49428058511	1417
1572.80320500917	1418
1567.91415028339	1419
1572.42875624347	1420
1572.35559137738	1421
1574.56908327573	1422
1571.40748798485	1423
1567.90423318986	1424
1574.13734549661	1425
1578.38652927719	1426
1575.91375669899	1427
1570.63579966167	1428
1564.05924062081	1429
1571.87170640644	1430
1578.39977934445	1431
1566.86052979934	1432
1567.30374044961	1433
1564.88734612723	1434
1571.89996206	1435
1573.08842147817	1436
1577.13568133033	1437
1565.82136677657	1438
1575.09134837607	1439
1567.28126884762	1440
1577.4933393545	1441
1575.84259120743	1442
1577.75404338615	1443
1574.66184233878	1444
1569.58807369774	1445
1566.31903964983	1446
1571.08189675757	1447
1567.98256085219	1448
1568.23403106725	1449
1569.53548514285	1450
1577.5842079149	1451
1575.227397823	1452
1568.33047482505	1453
1569.68115516712	1454
1573.88972085232	1455
1572.30707996885	1456
1568.3625601309	1457
1575.75276784853	1458
1570.27606143669	1459
1574.598933856	1460
1576.52934788694	1461
1579.18218228557	1462
1568.27838055232	1463
1571.12051236444	1464
1571.87454270879	1465
1560.27486074613	1466
1563.70471855817	1467
1570.77760655247	1468
1579.74650722311	1469
1567.84439614652	1470
1574.55447577803	1471
1571.78039943466	1472
1574.81843120755	1473
1556.57056897513	1474
1574.46575570371	1475
1575.41809092304	1476
1573.14315144491	1477
1573.8761412995	1478
1573.0704256086	1479
1572.57328120898	1480
1566.57705959671	1481
1577.59325633753	1482
1572.08016376881	1483
1578.32345586501	1484
1570.56987241455	1485
1573.64934750725	1486
1572.78807297586	1487
1573.95658109502	1488
1573.50098025589	1489
1573.37484389222	1490
1560.28556781472	1491
1575.96023258591	1492
1567.15501697465	1493
1568.97549453642	1494
1565.32355811138	1495
1569.43267931404	1496
1568.36726003423	1497
1570.29531494414	1498
1577.08980976468	1499
1579.31025145325	1500
1578.99784290632	1501
1576.47895481965	1502
1573.5866685844	1503
1575.18951718415	1504
1569.72196262039	1505
1570.24209090733	1506
1581.2843615106	1507
1573.24346237246	1508
1569.21302083737	1509
1567.56631278313	1510
1576.66997571185	1511
1577.77344953501	1512
1573.09676405283	1513
1562.27339683375	1514
1569.36210195615	1515
1572.31927795924	1516
1557.57972063404	1517
1571.28875324007	1518
1569.24745431295	1519
1563.32938928473	1520
1566.11940348465	1521
1575.70523746765	1522
1574.44929263208	1523
1559.57335225006	1524
1564.28391213005	1525
1576.60115241447	1526
1575.5675850017	1527
1573.67678307102	1528
1567.09183743343	1529
1568.30449374906	1530
1569.411301468	1531
1571.22571196048	1532
1569.93101248135	1533
1576.30203047107	1534
1569.54198241048	1535
1562.62823243005	1536
1564.44841655873	1537
1569.81630868141	1538
1574.45853766669	1539
1571.90097926333	1540
1573.58615985087	1541
1579.57212564028	1542
1565.71246688144	1543
1570.00280315916	1544
1574.70195916394	1545
1572.91301934793	1546
1566.12741899664	1547
1567.18638403527	1548
1571.76134627922	1549
1555.71048198015	1550
1575.57339705538	1551
1575.43765937876	1552
1577.01516563656	1553
1577.34786952666	1554
1571.44914245971	1555
1569.06090023903	1556
1576.42891942154	1557
1566.8031928097	1558
1570.41537028441	1559
1567.92579797258	1560
1570.17902372591	1561
1575.28086526419	1562
1569.64113082583	1563
1553.486547899	1564
1577.88214006003	1565
1571.53584413205	1566
1579.94074140481	1567
1568.18358824583	1568
1576.00581288506	1569
1570.55578330348	1570
1572.34771656022	1571
1573.69072071865	1572
1569.23161459263	1573
1578.72766731699	1574
1566.7345198232	1575
1571.29357764454	1576
1575.37140719993	1577
1562.25640874114	1578
1575.71557528183	1579
1571.43468850684	1580
1571.44813976598	1581
1574.61325543931	1582
1578.55814094499	1583
1570.73410182679	1584
1574.07373607309	1585
1570.4919846538	1586
1572.22956911565	1587
1574.89754398586	1588
1569.40249159806	1589
1577.71743248656	1590
1562.9501169978	1591
1568.30161350591	1592
1561.42879740843	1593
1569.75466985457	1594
1570.79269925648	1595
1565.209335199	1596
1570.72212713929	1597
1570.06109831852	1598
1573.65480785184	1599
1579.88517257375	1600
1576.64262973954	1601
1568.08508515698	1602
1567.57957185321	1603
1570.80329705052	1604
1582.06369581505	1605
1572.54025590912	1606
1561.62394315183	1607
1562.26324702444	1608
1567.44120317561	1609
1572.27823471106	1610
1576.08775585475	1611
1572.89177892714	1612
1571.59947115485	1613
1569.63533164791	1614
1570.10356763221	1615
1569.91171366505	1616
1569.21043770456	1617
1568.51143094495	1618
1566.24122876486	1619
1570.85944059896	1620
1576.44227148863	1621
1563.32408747255	1622
1570.88471396214	1623
1568.9283688418	1624
1569.45595136234	1625
1564.1709103661	1626
1573.31774957678	1627
1578.75897249437	1628
1574.8832228517	1629
1574.53941258767	1630
1572.94210797867	1631
1553.83196987534	1632
1576.6981179124	1633
1567.51414286493	1634
1566.15105392898	1635
1577.0154397262	1636
1573.17857432613	1637
1575.57769657953	1638
1579.32440069116	1639
1575.15271384989	1640
1577.59626175361	1641
1570.11059570418	1642
1570.54787901108	1643
1570.09131974333	1644
1576.68930826609	1645
1572.94073399107	1646
1566.99483820447	1647
1570.83336285339	1648
1574.57782782061	1649
1564.87389801097	1650
1577.14347325342	1651
1573.5528712872	1652
1570.72081784988	1653
1572.46857447942	1654
1570.92227374395	1655
1559.78921288059	1656
1571.07771354165	1657
1564.5931412943	1658
1570.28749314505	1659
1566.70545017843	1660
1576.3024843947	1661
1575.36900611092	1662
1583.1118411995	1663
1576.96429536981	1664
1572.12827832033	1665
1572.17392758565	1666
1572.31382016054	1667
1572.38607441005	1668
1575.71649739464	1669
1571.06694137266	1670
1574.90906719364	1671
1574.24229894264	1672
1577.59497269198	1673
1568.55695645662	1674
1568.74571393156	1675
1577.09771491162	1676
1575.78231283211	1677
1572.20782264971	1678
1569.01417812124	1679
1576.92483565537	1680
1563.09894045358	1681
1572.24300305888	1682
1575.37299058447	1683
1575.13153769007	1684
1571.1377679472	1685
1571.89724777958	1686
1567.96469362109	1687
1565.4386432715	1688
1575.71252075526	1689
1570.69803009501	1690
1574.82507993676	1691
1574.95549144348	1692
1576.77137718725	1693
1568.26830118573	1694
1567.16282671908	1695
1566.31109132376	1696
1566.80026383847	1697
1575.96586791038	1698
1563.96440641556	1699
1570.17554999498	1700
1567.50329908721	1701
1574.16212057711	1702
1573.50146056945	1703
1573.55346739085	1704
1570.85846408071	1705
1566.66465552823	1706
1564.15021587712	1707
1569.67762953805	1708
1580.35122088864	1709
1577.57676277843	1710
1572.61220489324	1711
1571.09512634721	1712
1565.04524673846	1713
1576.06510825868	1714
1573.01544581012	1715
1567.16618988861	1716
1569.95694284237	1717
1568.82880090099	1718
1571.40326726407	1719
1562.71100244518	1720
1574.1762665845	1721
1567.20672364172	1722
1575.2111491946	1723
1571.05110551255	1724
1570.10727389733	1725
1577.21602665384	1726
1569.09932487689	1727
1572.68637120689	1728
1572.54812381893	1729
1565.54835351726	1730
1561.84379662062	1731
1574.32390461336	1732
1573.93257342506	1733
1564.8950402692	1734
1565.72905186598	1735
1564.1751997425	1736
1575.85939117532	1737
1570.64712368041	1738
1574.79002410386	1739
1571.20699533868	1740
1571.86271355439	1741
1570.84439994755	1742
1564.99694175122	1743
1569.09137357803	1744
1568.51219204665	1745
1570.68967037428	1746
1567.32745082882	1747
1573.95948371362	1748
1570.59390453831	1749
1570.58300502444	1750
1570.79631535625	1751
1566.3911461984	1752
1576.6003652643	1753
1572.98993790754	1754
1573.01124081467	1755
1571.39500313855	1756
1569.80389467792	1757
1573.12406529926	1758
1578.7443342134	1759
1567.84692020939	1760
1566.69567564733	1761
1565.94060035009	1762
1566.87022893015	1763
1582.32419617944	1764
1574.87626952888	1765
1572.15030871612	1766
1564.24839892108	1767
1570.29474906201	1768
1567.67775362641	1769
1578.84215733459	1770
1570.87007050676	1771
1576.75221185008	1772
1567.94107931238	1773
1574.95551269155	1774
1578.44444430999	1775
1573.47539603186	1776
1577.88085539783	1777
1572.25167346678	1778
1578.02486280545	1779
1573.63902760535	1780
1570.55713866172	1781
1572.35994288592	1782
1574.80001516504	1783
1574.65712393352	1784
1562.33148373634	1785
1562.16044662961	1786
1572.06534766965	1787
1568.84589381991	1788
1571.69311868219	1789
1569.48271853382	1790
1574.94637042876	1791
1561.66916857143	1792
1574.58928366679	1793
1575.93221443881	1794
1564.66006105416	1795
1563.73741391391	1796
1574.06501403138	1797
1568.28520480021	1798
1568.25726687642	1799
1564.54104659105	1800
1569.10299496345	1801
1568.86589752739	1802
1579.90464147086	1803
1571.35445903684	1804
1571.68880365487	1805
1570.1630695559	1806
1573.02207621602	1807
1564.96375823141	1808
1573.56181098868	1809
1561.00657418233	1810
1575.61965839767	1811
1576.91824378085	1812
1567.14770464903	1813
1568.89136743305	1814
1563.17513363762	1815
1576.65689387499	1816
1568.82211584005	1817
1572.0235010271	1818
1563.74161907264	1819
1572.17121126013	1820
1578.01910118935	1821
1577.82494672237	1822
1568.59964853233	1823
1575.81848334905	1824
1578.38253689872	1825
1575.76763693226	1826
1568.19812918688	1827
1564.77360628392	1828
1567.53468099073	1829
1567.27802643454	1830
1568.40837127854	1831
1577.03583967396	1832
1570.31566726405	1833
1569.4003084012	1834
1570.69139985903	1835
1564.90498479256	1836
1570.76796251056	1837
1572.19505457378	1838
1572.29833575939	1839
1578.61360860049	1840
1570.59129793845	1841
1570.8549126916	1842
1578.61553338989	1843
1571.46188372348	1844
1568.47694557173	1845
1572.3088215413	1846
1568.37417615609	1847
1576.11994323828	1848
1563.98080529311	1849
1569.24857361839	1850
1576.32568374921	1851
1573.65026533503	1852
1565.78950291456	1853
1576.6442538786	1854
1574.95396470036	1855
1576.8822589075	1856
1574.49389119824	1857
1572.71959590781	1858
1563.59395922067	1859
1572.54311438486	1860
1572.1368995176	1861
1571.72026077575	1862
1582.0152563545	1863
1573.55881730615	1864
1566.12330896826	1865
1578.15142316577	1866
1580.27487029839	1867
1562.89836740393	1868
1572.9530429234	1869
1571.47377034907	1870
1561.50158812317	1871
1573.16394095266	1872
1572.78601630648	1873
1576.46424847665	1874
1573.02081082659	1875
1576.37283998284	1876
1577.13674812738	1877
1584.16588675169	1878
1579.04381457983	1879
1575.31041911351	1880
1568.01015820179	1881
1572.42099499852	1882
1565.71503564892	1883
1576.11275878726	1884
1573.99868955394	1885
1576.99916158052	1886
1581.82186055078	1887
1572.61791347713	1888
1567.26632167157	1889
1564.45346104483	1890
1569.32538954587	1891
1563.99358051839	1892
1571.38947864044	1893
1575.59719087837	1894
1568.84667729275	1895
1573.49246609126	1896
1575.25958246934	1897
1571.38291329971	1898
1575.47070080279	1899
1570.77811859714	1900
1576.48218575674	1901
1571.84986640285	1902
1572.06193332174	1903
1568.17322487921	1904
1571.70088653927	1905
1573.06536213235	1906
1570.6477251357	1907
1566.65919000767	1908
1569.12661536054	1909
1573.00478865579	1910
1575.73711045108	1911
1578.65461659021	1912
1565.87750603843	1913
1575.04587782838	1914
1572.67676501218	1915
1564.23827099522	1916
1560.05146982852	1917
1573.04472648534	1918
1578.45373851931	1919
1568.50510639438	1920
1574.23630654274	1921
1571.06370666586	1922
1573.73175780881	1923
1576.50992766062	1924
1574.85144388013	1925
1577.62157133305	1926
1569.5531342858	1927
1578.57893717574	1928
1578.90263180225	1929
1575.39898632794	1930
1579.88857987471	1931
1576.32299960678	1932
1564.78566264618	1933
1569.28957283429	1934
1578.72392455124	1935
1574.50796104772	1936
1567.04686619313	1937
1577.71150565044	1938
1571.69501715787	1939
1569.06019821549	1940
1575.32517335489	1941
1568.40206541472	1942
1577.28230999326	1943
1572.51470171642	1944
1569.44090458279	1945
1575.54662335391	1946
1568.58199067508	1947
1573.32517948062	1948
1581.10515301328	1949
1575.83171583607	1950
1571.73589644897	1951
1569.27495821722	1952
1576.00115883098	1953
1573.66471496144	1954
1573.97829517181	1955
1578.96969732168	1956
1581.39054630011	1957
1575.04569683728	1958
1577.3463215741	1959
1576.34979759964	1960
1576.55439856713	1961
1577.40500141324	1962
1572.64274723452	1963
1579.41799333441	1964
1572.93393404031	1965
1570.10379977039	1966
1572.96637122068	1967
1567.28180091732	1968
1563.80951484033	1969
1572.58432435553	1970
1575.59567520648	1971
1567.88329232006	1972
1574.22771058816	1973
1574.53642171591	1974
1565.76326810499	1975
1571.13674882955	1976
1570.30319502226	1977
1572.46969539974	1978
1575.43161423514	1979
1571.9064158644	1980
1570.12358519128	1981
1569.25970229928	1982
1564.85170501638	1983
1570.11618573672	1984
1572.26996352714	1985
1567.19949400414	1986
1574.57042165221	1987
1570.69854595791	1988
1569.25893576395	1989
1573.84838545606	1990
1569.50114185198	1991
1575.76755230785	1992
1574.03291304971	1993
1570.91564726454	1994
1572.76344323996	1995
1575.14684304564	1996
1579.59289152341	1997
1567.19648822254	1998
1574.69679012578	1999
1575.39824194546	2000
1574.24189604232	2001
1563.764849602	2002
1578.24925949933	2003
1559.73067636246	2004
1569.05812409336	2005
1579.17420385215	2006
1569.85404364227	2007
1557.38936644268	2008
1563.3919576123	2009
1569.25986675067	2010
1576.90360899174	2011
1565.49321974226	2012
1560.70200777657	2013
1575.29634835178	2014
1565.44955769925	2015
1580.75968276023	2016
1571.74633419257	2017
1570.70486098243	2018
1569.93201377606	2019
1571.6942882747	2020
1580.37971929822	2021
1564.30837275822	2022
1569.18226038152	2023
1574.27241800524	2024
1570.01001782657	2025
1575.75120773394	2026
1566.96385048178	2027
1572.48913058251	2028
1573.95498275011	2029
1570.50080819225	2030
1564.46499744865	2031
1566.5003805329	2032
1567.12741695676	2033
1568.09308356774	2034
1574.14793949852	2035
1579.9330679482	2036
1574.41556277106	2037
1566.82599405756	2038
1568.7491471161	2039
1559.44941051046	2040
1571.78226269524	2041
1570.52652086416	2042
1573.56164704722	2043
1564.92958982608	2044
1576.80164114926	2045
1576.29980033084	2046
1580.73203546896	2047
1578.34026654492	2048
1570.05769195166	2049
1568.55307114593	2050
1569.02660731964	2051
1569.83444206686	2052
1573.42225108904	2053
1575.51118134071	2054
1567.30027550017	2055
1580.80575433976	2056
1558.48751113032	2057
1568.97413440854	2058
1574.39156885102	2059
1574.09595484361	2060
1564.90043431465	2061
1582.83481525127	2062
1575.34930158916	2063
1575.21983922812	2064
1573.53083306472	2065
1568.06409909041	2066
1577.66302599547	2067
1573.1052054398	2068
1569.0970580938	2069
1567.72133670609	2070
1571.50114478547	2071
1574.71534735485	2072
1579.50934214314	2073
1568.09058514907	2074
1568.77573832592	2075
1576.17722451251	2076
1560.60488252133	2077
1577.05601844285	2078
1577.37466886883	2079
1572.79340254615	2080
1565.33283350372	2081
1576.97178741953	2082
1567.62820686508	2083
1565.68727621008	2084
1580.04615085205	2085
1570.00044948511	2086
1570.41204839281	2087
1576.07424224523	2088
1571.4223275086	2089
1570.16673636759	2090
1574.73077763615	2091
1563.24952351378	2092
1580.70972536589	2093
1581.60496377154	2094
1566.85981918477	2095
1570.6627541056	2096
1571.58060651416	2097
1574.99730070015	2098
1570.80324763855	2099
1569.26685549563	2100
1573.9718642469	2101
1576.82729187096	2102
1572.99905602284	2103
1575.97825100684	2104
1578.87853728777	2105
1574.56475075999	2106
1571.78516030809	2107
1574.27211665637	2108
1571.49164759641	2109
1564.73219171703	2110
1572.25825503947	2111
1569.727723558	2112
1572.06786567264	2113
1571.60939183072	2114
1567.37016346537	2115
1575.1020159146	2116
1572.73266001791	2117
1573.86700243155	2118
1578.56620149758	2119
1568.27371616273	2120
1569.42166124602	2121
1573.95558393327	2122
1575.1129456256	2123
1568.73317748286	2124
1569.19728040353	2125
1575.75437376896	2126
1575.25973365841	2127
1567.41239695716	2128
1575.59983478716	2129
1571.08289984381	2130
1576.21144492708	2131
1575.6917408741	2132
1566.03164133652	2133
1568.37673780667	2134
1568.20153885493	2135
1567.63059392279	2136
1573.97266155139	2137
1569.49497930001	2138
1571.7446712548	2139
1577.07381522419	2140
1569.90809528737	2141
1565.61206155294	2142
1564.46866592215	2143
1582.12593688031	2144
1565.81474875767	2145
1576.26454445316	2146
1566.7685467848	2147
1569.04870732659	2148
1576.99572624476	2149
1570.72979957671	2150
1565.16029089992	2151
1576.73166129753	2152
1571.63272445194	2153
1568.09390140958	2154
1575.6591684385	2155
1578.14007506786	2156
1576.04046622666	2157
1577.31156262496	2158
1578.86821967121	2159
1568.32822216053	2160
1569.20751001395	2161
1570.49934487579	2162
1572.85333169999	2163
1560.50375928283	2164
1569.1694123087	2165
1572.01703289689	2166
1575.035464651	2167
1568.41507801482	2168
1572.57484198371	2169
1572.47717671379	2170
1577.25661702544	2171
1569.84372096441	2172
1563.54271221673	2173
1568.15778727524	2174
1569.48490814625	2175
1579.40216350184	2176
1565.42977701216	2177
1575.60189928233	2178
1557.87011968634	2179
1574.36732500417	2180
1578.53299794674	2181
1572.94028023424	2182
1566.36046208331	2183
1574.01565978432	2184
1571.31362108573	2185
1573.0505091711	2186
1576.71373457898	2187
1570.88077071547	2188
1569.59352645079	2189
1571.66899727633	2190
1569.75114828316	2191
1571.89500292668	2192
1571.61555740257	2193
1573.35280208258	2194
1575.58239515027	2195
1572.52353585111	2196
1567.85986435188	2197
1574.71204211509	2198
1568.01700162261	2199
1577.92265823854	2200
1570.70774782719	2201
1572.14826544548	2202
1572.31427376058	2203
1577.70360362642	2204
1572.57825100615	2205
1571.58182273537	2206
1561.00684095177	2207
1573.14065651793	2208
1576.48326235007	2209
1572.14547532263	2210
1569.88451086273	2211
1567.95804247037	2212
1580.14143947982	2213
1576.65962402501	2214
1571.17471845482	2215
1581.17340080817	2216
1573.88051748828	2217
1574.35663165939	2218
1569.96379400822	2219
1579.51974819373	2220
1572.23418997089	2221
1570.73808616107	2222
1574.76940495155	2223
1567.88917065563	2224
1565.27332807185	2225
1571.09727954653	2226
1572.28627693013	2227
1566.18590952022	2228
1560.45666917437	2229
1569.39851559129	2230
1573.20813489897	2231
1569.16046606687	2232
1563.02419085814	2233
1570.05314808712	2234
1565.90576593911	2235
1574.79058456719	2236
1580.2678370287	2237
1575.13518419673	2238
1571.64632157198	2239
1573.68642232998	2240
1578.26126203716	2241
1573.46736456561	2242
1572.54360980157	2243
1578.55465031504	2244
1566.38380226231	2245
1579.06721857282	2246
1556.98054786422	2247
1572.97796089695	2248
1575.98978898769	2249
1577.70556046669	2250
1577.10599102455	2251
1566.70584691579	2252
1568.39982358539	2253
1578.02148700131	2254
1581.14758703311	2255
1574.61088906501	2256
1575.52117127175	2257
1576.95195097952	2258
1561.8977576412	2259
1567.46129761335	2260
1573.88329598398	2261
1582.44300574806	2262
1569.98915672666	2263
1568.11732648877	2264
1567.19070248503	2265
1571.99910437193	2266
1569.86646382573	2267
1566.96759512606	2268
1571.60998047459	2269
1571.52902390232	2270
1575.35749809112	2271
1574.53417530228	2272
1583.51912123349	2273
1573.55632826266	2274
1569.21226963948	2275
1571.24802186164	2276
1580.59666215463	2277
1567.33139716439	2278
1572.16800603366	2279
1573.78401174137	2280
1570.85113120571	2281
1577.48476412914	2282
1574.497841988	2283
1566.42189553154	2284
1566.98696781057	2285
1574.74231868102	2286
1573.68863343883	2287
1571.64439199581	2288
1575.07984770117	2289
1565.95660342808	2290
1565.98733741464	2291
1563.89401762529	2292
1568.27870538344	2293
1579.54904038158	2294
1583.22938959875	2295
1570.63782945211	2296
1568.98903189546	2297
1568.13938888584	2298
1572.95044620255	2299
1577.29992956179	2300
1574.53883430389	2301
1566.46837124054	2302
1574.59068657345	2303
1572.68816456197	2304
1575.95357521849	2305
1575.1641480194	2306
1568.2160900432	2307
1568.29698788616	2308
1570.48101530826	2309
1574.25569387167	2310
1562.86242020813	2311
1569.51359369626	2312
1571.89730463075	2313
1573.44587508949	2314
1563.33811509191	2315
1568.4166503219	2316
1575.82414799089	2317
1567.12901051164	2318
1573.8497729591	2319
1567.40476927818	2320
1575.51824475264	2321
1577.96325808738	2322
1561.84069791502	2323
1570.48908892003	2324
1576.31513434657	2325
1573.9303652313	2326
1569.42175318986	2327
1572.8809294832	2328
1573.77768458575	2329
1579.2008534649	2330
1567.80841548572	2331
1566.04702143245	2332
1570.42925459676	2333
1573.71858417931	2334
1569.34537005517	2335
1576.70014719974	2336
1574.95339579411	2337
1568.81393435904	2338
1570.92858254041	2339
1574.75097526367	2340
1573.8324738956	2341
1573.58659370529	2342
1569.69063745085	2343
1572.44410572293	2344
1565.78533432052	2345
1573.68435891433	2346
1573.16709869754	2347
1572.22606855978	2348
1565.37915314384	2349
1572.17949098575	2350
1574.12495025556	2351
1577.27450626027	2352
1573.02355472827	2353
1565.31550992686	2354
1570.30170163421	2355
1576.74015722938	2356
1571.32808732935	2357
1573.84511488974	2358
1570.82658522128	2359
1579.13358841211	2360
1569.64527251462	2361
1572.66742795362	2362
1575.36910840165	2363
1563.60325114254	2364
1572.56471537946	2365
1565.06313586346	2366
1566.24959065195	2367
1573.75533678124	2368
1569.79779566473	2369
1574.55474304806	2370
1578.81743739264	2371
1568.89146561632	2372
1568.14045281216	2373
1566.61611451013	2374
1574.38222268669	2375
1556.75434367225	2376
1575.47976251677	2377
1567.63641134772	2378
1571.15610044625	2379
1578.3402093796	2380
1581.31856323135	2381
1563.20571539176	2382
1559.32259750806	2383
1572.02394288988	2384
1564.94061616884	2385
1572.87463826823	2386
1572.92747744894	2387
1573.57981097501	2388
1568.60878156385	2389
1567.36453388724	2390
1577.00524462481	2391
1572.38945511896	2392
1578.18877397215	2393
1567.82513046231	2394
1571.42755545107	2395
1572.21177053383	2396
1564.91878424004	2397
1569.46340054969	2398
1556.68289097748	2399
1569.94643095948	2400
1575.41593748389	2401
1581.31158734622	2402
1569.49046515318	2403
1578.84697927643	2404
1572.48990368982	2405
1574.49045965901	2406
1572.65918793767	2407
1572.19514197662	2408
1568.50711866372	2409
1569.63731185809	2410
1573.87451998545	2411
1569.83917993933	2412
1557.54128172024	2413
1566.59120139756	2414
1568.30352409559	2415
1566.59697449227	2416
1568.09041550496	2417
1568.465409296	2418
1580.32261835918	2419
1581.4629348786	2420
1575.27886006278	2421
1567.51458516273	2422
1575.87337055611	2423
1572.24176812598	2424
1559.08637585453	2425
1564.56729872055	2426
1573.62949613923	2427
1560.4052029182	2428
1567.6876257683	2429
1576.35070712475	2430
1578.774482701	2431
1571.06955579503	2432
1570.91449748709	2433
1566.5511112726	2434
1576.31380653968	2435
1575.05708328423	2436
1568.20379832071	2437
1567.38951061635	2438
1566.91828696344	2439
1567.86928987253	2440
1577.58822493233	2441
1566.18064509664	2442
1571.29950541724	2443
1576.62803077772	2444
1572.52780936775	2445
1565.5358550567	2446
1567.33177635672	2447
1568.52899375352	2448
1564.54833238157	2449
1575.501083066	2450
1565.88159582956	2451
1572.49771926611	2452
1571.94960534117	2453
1571.24515637718	2454
1569.19609220846	2455
1571.29055319738	2456
1573.22674681956	2457
1563.51273109232	2458
1571.72275587646	2459
1564.571518931	2460
1579.27182570803	2461
1569.95566169897	2462
1573.48687471287	2463
1576.61680938098	2464
1574.61501269797	2465
1576.69697541361	2466
1566.93463345098	2467
1572.87263033706	2468
1572.15234579585	2469
1569.8380945528	2470
1567.66731116308	2471
1580.84287539272	2472
1569.65794371124	2473
1566.82798980708	2474
1568.1842821495	2475
1563.61724441868	2476
1578.21223718554	2477
1572.26036347864	2478
1573.33878693753	2479
1560.8993565074	2480
1576.21598607485	2481
1568.39182941115	2482
1578.08068515646	2483
1576.80218369031	2484
1567.44274448913	2485
1568.37706744426	2486
1574.25911801787	2487
1570.35839205484	2488
1573.09423417753	2489
1572.77581513174	2490
1575.8568951275	2491
1559.80428854791	2492
1566.61446850011	2493
1569.58235595454	2494
1576.31697671253	2495
1576.28582703937	2496
1568.87316411525	2497
1563.37745259005	2498
1577.37603562356	2499
1564.83623338607	2500
1566.31357563967	2501
1577.12925048959	2502
1574.24945078316	2503
1575.70309457522	2504
1576.64772630364	2505
1572.01323949007	2506
1570.55004725419	2507
1579.07130552954	2508
1577.65219418688	2509
1567.00100225125	2510
1571.48973720211	2511
1570.67241206907	2512
1563.70217697995	2513
1576.19595000143	2514
1573.74327320278	2515
1577.12292696348	2516
1566.77663301426	2517
1559.8116252271	2518
1583.38902990684	2519
1575.04091011084	2520
1567.92961805354	2521
1572.47089674501	2522
1565.12558998808	2523
1571.80301538556	2524
1565.75358784067	2525
1578.84032722032	2526
1567.60785717846	2527
1566.32174736792	2528
1577.52480839906	2529
1566.14403384232	2530
1558.58066549189	2531
1564.43423945525	2532
1569.05851758566	2533
1575.67458599025	2534
1574.2335925898	2535
1574.36153187268	2536
1572.16177408129	2537
1570.31342209353	2538
1578.84121912733	2539
1570.73260179601	2540
1577.00546425722	2541
1570.58923874614	2542
1575.89339137913	2543
1570.56263198849	2544
1575.52525167349	2545
1570.51534221751	2546
1565.89712026417	2547
1569.20915484076	2548
1565.45812679419	2549
1558.37214922258	2550
1572.65237305233	2551
1572.56786537072	2552
1576.69176919065	2553
1572.43409260578	2554
1564.49569234407	2555
1559.76149877664	2556
1559.55437028368	2557
1570.96932793993	2558
1570.09514334771	2559
1569.99183147059	2560
1573.42304060637	2561
1568.02988569147	2562
1572.24829995058	2563
1571.52256396623	2564
1564.87488257251	2565
1579.25946072145	2566
1570.34211825171	2567
1577.30490505554	2568
1578.14047788421	2569
1578.8118171211	2570
1576.64348295568	2571
1567.7874225222	2572
1570.14238522371	2573
1569.1881827283	2574
1567.39165114118	2575
1566.28685125225	2576
1563.08324573568	2577
1580.39797390733	2578
1569.35679509192	2579
1566.04309976184	2580
1571.16798021104	2581
1567.21223769378	2582
1560.61235391548	2583
1575.37905023261	2584
1575.21601540057	2585
1568.25876044147	2586
1576.35486918879	2587
1568.82749769186	2588
1571.74645490076	2589
1573.38237299578	2590
1579.1364064603	2591
1571.42548232056	2592
1572.38192744059	2593
1569.04598070311	2594
1573.48915016256	2595
1572.14913374373	2596
1577.58661039413	2597
1572.79795358815	2598
1576.65001832971	2599
1568.50404607734	2600
1571.62350389883	2601
1573.64197958669	2602
1574.71994374826	2603
1576.12410096169	2604
1576.34194084034	2605
1568.18217635817	2606
1577.82405770698	2607
1580.53450272121	2608
1568.22166274541	2609
1567.48542796172	2610
1574.44295680326	2611
1569.30532715517	2612
1566.61282872956	2613
1573.11198742038	2614
1571.01622612188	2615
1574.62909265254	2616
1571.23843958934	2617
1570.6328372929	2618
1558.00150866637	2619
1567.1975874301	2620
1566.03662801905	2621
1561.90556223367	2622
1571.36577285051	2623
1571.71142795229	2624
1575.61548091579	2625
1574.00646647478	2626
1577.42754642891	2627
1570.47983587866	2628
1578.31487555172	2629
1570.52458700213	2630
1575.46126460642	2631
1568.33872264013	2632
1564.89775160335	2633
1572.72615079682	2634
1575.62129866976	2635
1576.29648012032	2636
1568.43055276015	2637
1578.63207979408	2638
1560.76119662295	2639
1573.46946227185	2640
1572.41042805559	2641
1577.58222437557	2642
1568.54725718323	2643
1571.57800800173	2644
1567.82303574126	2645
1572.93698949749	2646
1579.20420101963	2647
1573.27740290971	2648
1572.04464029629	2649
1560.75366320663	2650
1581.58794488797	2651
1576.22356985493	2652
1566.36566174443	2653
1573.68844496089	2654
1566.62008762053	2655
1572.52430597939	2656
1573.62109569775	2657
1578.93393770949	2658
1570.56500918834	2659
1570.74401931187	2660
1573.96018167464	2661
1571.99178312008	2662
1567.68499210626	2663
1568.07022112803	2664
1565.20290344982	2665
1570.0169737462	2666
1571.23784976849	2667
1570.2547705347	2668
1577.81418596667	2669
1571.99223231075	2670
1574.36328648136	2671
1569.87433843192	2672
1573.97912521352	2673
1571.89670641401	2674
1565.31087895501	2675
1569.74788922149	2676
1567.32383585406	2677
1572.76388854046	2678
1574.88660943823	2679
1562.98572829469	2680
1572.33232886984	2681
1567.99683428263	2682
1572.22685029415	2683
1568.37004200805	2684
1572.88966657153	2685
1569.98057141	2686
1569.53333405596	2687
1575.19353897451	2688
1576.8429989306	2689
1575.27837841032	2690
1569.95579024935	2691
1569.42991012637	2692
1570.30432855245	2693
1568.62370395965	2694
1567.78506924067	2695
1569.50672776529	2696
1573.57276675009	2697
1570.76530711154	2698
1572.23037494664	2699
1571.43451628421	2700
1575.11227075696	2701
1571.20402331531	2702
1575.99873140636	2703
1564.52664963978	2704
1580.14715180499	2705
1575.15925877299	2706
1574.00548586431	2707
1563.11334897613	2708
1570.24854095457	2709
1565.62739457493	2710
1571.57998299691	2711
1581.9080490634	2712
1571.71551673485	2713
1566.62430132644	2714
1573.94206565477	2715
1571.14373533548	2716
1572.65208738842	2717
1572.32399364698	2718
1573.94957456192	2719
1565.95749057176	2720
1573.23715164942	2721
1571.44276769679	2722
1573.30578059714	2723
1572.58366427187	2724
1567.2876502599	2725
1562.99835936242	2726
1575.43595958765	2727
1578.50402997299	2728
1565.63060160108	2729
1562.13746465187	2730
1573.355029365	2731
1570.10181522061	2732
1572.3460954095	2733
1572.45504919545	2734
1574.70790058731	2735
1571.63866249214	2736
1577.58841642757	2737
1570.92226950555	2738
1562.3761855648	2739
1560.5829971633	2740
1564.08808245157	2741
1568.1247271926	2742
1575.86724888008	2743
1571.22395335931	2744
1572.19410179708	2745
1581.98319109161	2746
1564.31884606916	2747
1571.54298232533	2748
1566.47347240754	2749
1564.29330342333	2750
1578.2089368159	2751
1574.53043568593	2752
1574.8381256748	2753
1570.54124872573	2754
1576.20015724207	2755
1579.57054242672	2756
1572.58650429352	2757
1568.6544833608	2758
1563.89206520399	2759
1569.04991159758	2760
1570.04498258547	2761
1570.36007085857	2762
1571.26045630558	2763
1576.4767212303	2764
1572.07078684292	2765
1574.02903091654	2766
1579.85772196745	2767
1570.69030832825	2768
1571.24193026876	2769
1577.26332993112	2770
1577.11966044426	2771
1570.59240918703	2772
1560.65245020901	2773
1572.63329298138	2774
1576.36288237211	2775
1569.30516236894	2776
1575.6854863479	2777
1566.26117636422	2778
1567.45364671337	2779
1575.3035444659	2780
1569.60658604879	2781
1565.91976647231	2782
1566.94059345613	2783
1558.46351580612	2784
1572.06848594953	2785
1569.22091273374	2786
1574.1576131079	2787
1578.87827928244	2788
1574.85850500668	2789
1579.52573970348	2790
1570.06125414662	2791
1560.53319127563	2792
1578.30390386377	2793
1573.68194042329	2794
1571.41946558612	2795
1570.76743365012	2796
1577.79023322686	2797
1573.49952573668	2798
1571.37164247595	2799
1578.23421449618	2800
1575.98172061722	2801
1575.40013337344	2802
1571.35576314924	2803
1570.93683644724	2804
1565.42218665717	2805
1578.21114042648	2806
1576.18172686217	2807
1567.46532781122	2808
1566.03577702928	2809
1570.14052357492	2810
1578.71891656882	2811
1561.93034395872	2812
1578.11109980333	2813
1569.90907826414	2814
1568.43597361459	2815
1566.18747278143	2816
1577.1403990164	2817
1569.46391006842	2818
1573.59459744594	2819
1568.03661170503	2820
1569.87106626558	2821
1572.12038523633	2822
1567.80101664662	2823
1562.43617136739	2824
1579.94419313618	2825
1577.44221540024	2826
1566.68485459617	2827
1578.31294333456	2828
1565.89442393733	2829
1563.11368674393	2830
1574.43145586627	2831
1564.45264158213	2832
1573.84917984108	2833
1575.57640488617	2834
1575.12367784916	2835
1578.042494039	2836
1573.04815725191	2837
1569.86317874853	2838
1572.60672443545	2839
1574.30721600945	2840
1562.12777334325	2841
1574.10838330666	2842
1566.04844544797	2843
1571.4959649874	2844
1570.61921013263	2845
1571.66800618546	2846
1573.10690105999	2847
1575.7153556108	2848
1568.31182987495	2849
1578.07071663833	2850
1571.4250773264	2851
1569.94779310357	2852
1564.64836661439	2853
1566.66931023679	2854
1580.50346042278	2855
1571.34509572137	2856
1571.46547207563	2857
1577.05633148825	2858
1582.12339819809	2859
1579.72129845885	2860
1567.02603537338	2861
1564.88190714548	2862
1576.78411077209	2863
1578.0354755063	2864
1581.61700348509	2865
1579.99275753166	2866
1579.7516353655	2867
1575.42633817551	2868
1582.72735510619	2869
1567.18581318631	2870
1577.78844621944	2871
1565.3153633168	2872
1573.96160340398	2873
1569.8096955199	2874
1576.40448484455	2875
1572.89515633872	2876
1570.38056982759	2877
1569.23854955692	2878
1575.50686768557	2879
1575.53396977933	2880
1568.78996283611	2881
1568.78526371991	2882
1571.3016592058	2883
1573.16851520467	2884
1565.61412424067	2885
1577.33016383607	2886
1568.57221922177	2887
1569.00143238153	2888
1571.64775798385	2889
1574.57697198996	2890
1563.68528612127	2891
1576.28828677742	2892
1571.21309453795	2893
1574.43177855061	2894
1567.96885919895	2895
1577.62744749887	2896
1571.5581043224	2897
1570.73770469471	2898
1555.57796002224	2899
1564.11323663432	2900
1569.68966610981	2901
1565.99684073093	2902
1575.28339505064	2903
1575.4012518781	2904
1570.59699748553	2905
1574.51108104696	2906
1567.99697689954	2907
1560.06158487086	2908
1566.31410196307	2909
1571.96651006077	2910
1571.32362106653	2911
1571.36725057023	2912
1579.46023893298	2913
1570.24106354679	2914
1573.28084663347	2915
1572.9625960957	2916
1574.524446034	2917
1575.9929466617	2918
1572.08141025661	2919
1567.974958856	2920
1573.92347040466	2921
1572.91213962531	2922
1586.16874469485	2923
1580.57257280299	2924
1575.03879762769	2925
1567.14810823356	2926
1567.62186636293	2927
1571.15476528757	2928
1570.26796777236	2929
1574.35983915865	2930
1574.28437125919	2931
1576.89537549698	2932
1569.9718093683	2933
1572.37574209894	2934
1568.10372944473	2935
1573.36074903608	2936
1567.19819142807	2937
1577.14649548851	2938
1559.82096896548	2939
1572.57927399938	2940
1566.4178931547	2941
1579.07582114386	2942
1577.76038357304	2943
1560.93062858541	2944
1578.17667069237	2945
1580.61221037386	2946
1568.75800783982	2947
1578.04643418333	2948
1572.30567258118	2949
1566.16238706715	2950
1573.48356848627	2951
1575.69155361267	2952
1571.72156216029	2953
1578.23492024354	2954
1573.48098598809	2955
1579.50278237245	2956
1575.6741331316	2957
1567.45305941263	2958
1574.884597961	2959
1573.97786721046	2960
1577.5303624871	2961
1572.54702712284	2962
1579.25970645861	2963
1576.8889716902	2964
1567.04093161398	2965
1572.31614630613	2966
1560.09459819803	2967
1571.09239565508	2968
1568.351142004	2969
1572.46604219243	2970
1574.61178087506	2971
1575.44943915496	2972
1571.99838792878	2973
1559.51731617794	2974
1562.69589428601	2975
1571.25983783839	2976
1563.84500419775	2977
1570.30930060734	2978
1570.98193226766	2979
1578.98164412413	2980
1571.01272533818	2981
1578.0261765401	2982
1569.27107019992	2983
1575.95529548578	2984
1568.28071447459	2985
1570.2620201058	2986
1571.29316507945	2987
1571.84217468094	2988
1568.95727256754	2989
1572.54976476299	2990
1566.45125428517	2991
1567.09937050772	2992
1579.39586632548	2993
1572.20656277426	2994
1574.46687464904	2995
1568.71189784666	2996
1578.2243009534	2997
1571.59883287351	2998
1571.35212767698	2999
1574.32068141403	3000
1575.72671395119	3001
1582.19670431072	3002
1574.3136688077	3003
1575.80585868137	3004
1568.36157940044	3005
1575.73387653761	3006
1576.07264931193	3007
1575.36716931273	3008
1575.58255296778	3009
1569.30257547144	3010
1567.08661865794	3011
1577.52605319399	3012
1574.09877244729	3013
1569.43491923067	3014
1580.91021983174	3015
1583.46684413125	3016
1570.9948671313	3017
1572.94241151421	3018
1570.95944137975	3019
1573.9548584952	3020
1570.85114823412	3021
1582.11003477664	3022
1577.96015226134	3023
1574.5446400026	3024
1571.43201735064	3025
1564.85079246361	3026
1571.27304767239	3027
1562.67373764805	3028
1565.33623536417	3029
1578.34496535779	3030
1578.22141665484	3031
1566.04712490061	3032
1559.36919131159	3033
1575.78880039163	3034
1567.18950123817	3035
1575.80717833999	3036
1573.03577588186	3037
1577.34314665084	3038
1577.11933082953	3039
1576.57258769416	3040
1568.3043743055	3041
1573.81845490058	3042
1568.30445334251	3043
1566.97133310306	3044
1570.4285074602	3045
1566.77000083589	3046
1574.80171725505	3047
1570.09864423387	3048
1576.69801749169	3049
1577.28860088257	3050
1564.36328734842	3051
1571.36241643694	3052
1569.77784391898	3053
1569.84959073296	3054
1570.90702470556	3055
1566.79764603341	3056
1569.18205974484	3057
1565.31186625438	3058
1575.60711701572	3059
1578.63234109328	3060
1575.38005028103	3061
1560.08823575864	3062
1581.54941119272	3063
1580.74375367842	3064
1567.13139153811	3065
1572.9985749552	3066
1572.60912157972	3067
1571.34845713841	3068
1570.57744051613	3069
1570.98146545095	3070
1576.03228678547	3071
1569.93974832861	3072
1580.30154441458	3073
1570.88722347406	3074
1570.50274519329	3075
1566.77567097236	3076
1575.52637512082	3077
1573.94209630757	3078
1575.94258504925	3079
1570.81940921378	3080
1569.28869305101	3081
1568.79864970224	3082
1557.83422526225	3083
1566.80885046003	3084
1568.59657581923	3085
1575.79667390116	3086
1572.20750860353	3087
1576.29432073502	3088
1571.06308169387	3089
1555.09465561466	3090
1582.09710926106	3091
1571.17945047293	3092
1569.93209587307	3093
1569.98707420472	3094
1576.91966352716	3095
1568.75111798607	3096
1567.74673418613	3097
1578.79498765656	3098
1576.60910225979	3099
1577.31138417536	3100
1569.36980004858	3101
1570.66578195428	3102
1567.78507975214	3103
1565.80979198637	3104
1572.22758808884	3105
1572.08912300193	3106
1565.73719141528	3107
1562.61223755261	3108
1567.05119484155	3109
1566.40796414712	3110
1570.55228207386	3111
1574.39256370321	3112
1576.09459586526	3113
1567.66081655383	3114
1572.09280620715	3115
1574.15442968188	3116
1562.74995167445	3117
1559.37997055423	3118
1579.29150801944	3119
1571.2906753973	3120
1570.82676564523	3121
1571.94498179429	3122
1563.89323310609	3123
1566.31399495687	3124
1574.57984817521	3125
1566.48532160706	3126
1572.29896218691	3127
1579.80352263079	3128
1569.09944344409	3129
1573.87493698075	3130
1575.02890271703	3131
1569.91637637642	3132
1578.1318719916	3133
1566.65005975987	3134
1572.63485581361	3135
1568.40128472733	3136
1568.76893726628	3137
1578.08108682911	3138
1574.41353412918	3139
1573.96624211537	3140
1573.1808564549	3141
1574.48975116022	3142
1569.34326379559	3143
1560.33819192606	3144
1570.11760917939	3145
1556.80143536608	3146
1579.7946021345	3147
1575.1177654249	3148
1574.16040130936	3149
1571.74518473494	3150
1560.39090581827	3151
1577.92691094248	3152
1569.40959319829	3153
1574.28379614272	3154
1568.58529611075	3155
1574.51544663801	3156
1563.73538810308	3157
1573.24295056969	3158
1578.93838843989	3159
1568.15574988863	3160
1566.32240429689	3161
1572.75843135847	3162
1574.11951225602	3163
1568.32088074187	3164
1575.27225135705	3165
1579.83740961254	3166
1572.3097994517	3167
1561.76520602749	3168
1566.74251439518	3169
1569.55719718048	3170
1570.06231185034	3171
1577.18226691824	3172
1570.46992677036	3173
1576.9449444307	3174
1566.32466768217	3175
1574.70812631119	3176
1570.12330163804	3177
1569.09701880954	3178
1567.5913842656	3179
1572.4569008851	3180
1572.83914325201	3181
1577.58520388588	3182
1565.89237194663	3183
1571.29544229035	3184
1564.98674969945	3185
1580.54793717749	3186
1569.31956999317	3187
1575.03274016492	3188
1576.7915887103	3189
1572.88935371023	3190
1577.83612529008	3191
1566.55725741689	3192
1573.09098887806	3193
1569.66287403002	3194
1569.40039997699	3195
1570.87296351792	3196
1563.18658432415	3197
1579.62506446156	3198
1575.88481527968	3199
1567.77339785389	3200
1568.10332632692	3201
1564.77339968595	3202
1581.34338063497	3203
1554.72949563002	3204
1573.53897317046	3205
1579.99121981075	3206
1568.73016042214	3207
1575.10806266779	3208
1567.77676678541	3209
1570.33224897527	3210
1577.31370445576	3211
1570.05735309871	3212
1573.71152762229	3213
1576.56451575714	3214
1568.85332715223	3215
1578.15014650529	3216
1569.46776578497	3217
1570.65224432409	3218
1576.24709701182	3219
1571.33918305964	3220
1573.31582896475	3221
1569.80377492869	3222
1568.11814836208	3223
1569.62668191878	3224
1570.72277307339	3225
1558.60761976982	3226
1576.4430791796	3227
1571.72852436879	3228
1570.32721647889	3229
1572.94528913335	3230
1569.09492055372	3231
1578.48484653578	3232
1570.94413435849	3233
1574.32531343644	3234
1577.1775436735	3235
1575.98203627991	3236
1575.55534819756	3237
1568.9059078756	3238
1573.15347188593	3239
1568.55636569611	3240
1575.87520531921	3241
1575.18799451065	3242
1574.19582286323	3243
1567.95999427069	3244
1566.77700424051	3245
1566.6979131581	3246
1571.70806397552	3247
1572.67287229285	3248
1569.42634768944	3249
1563.35370006566	3250
1567.5148687611	3251
1575.05010661121	3252
1564.69469319292	3253
1566.43584908514	3254
1568.68343072162	3255
1571.23096679965	3256
1571.93818260107	3257
1574.10445847573	3258
1558.89645363308	3259
1570.85036085432	3260
1578.28280870569	3261
1572.25678868064	3262
1567.96552117611	3263
1569.85541609773	3264
1570.48384897884	3265
1568.78109939478	3266
1566.90461744849	3267
1574.17391611166	3268
1562.15274021602	3269
1573.43151757852	3270
1574.94478075571	3271
1574.79096267835	3272
1569.71155159278	3273
1565.94760025751	3274
1572.70372038626	3275
1580.86609061195	3276
1570.73844875136	3277
1571.08414584192	3278
1559.47196273802	3279
1572.22464064116	3280
1575.36388775901	3281
1574.79424058196	3282
1576.02152443494	3283
1576.01511266538	3284
1573.70617997579	3285
1571.71090609056	3286
1570.53544769381	3287
1569.11242407748	3288
1572.78250629788	3289
1576.83092318481	3290
1575.76529294188	3291
1565.05187053032	3292
1573.19920625972	3293
1570.50313725514	3294
1571.33792671205	3295
1570.29015363322	3296
1558.3648780041	3297
1567.94278387091	3298
1578.85083673044	3299
1562.81286245006	3300
1571.6466483649	3301
1574.38739949763	3302
1577.93466901167	3303
1573.66094854431	3304
1573.18263908925	3305
1564.54186826812	3306
1574.8354200108	3307
1567.50415041648	3308
1574.55386381209	3309
1572.7591132291	3310
1571.21354380445	3311
1557.26901994373	3312
1572.17511581775	3313
1569.68260956014	3314
1566.68623140641	3315
1576.34246788338	3316
1565.52035739122	3317
1565.95140754023	3318
1580.37842158301	3319
1569.6975965608	3320
1580.4812345978	3321
1573.75642247648	3322
1570.76832752935	3323
1566.82271561495	3324
1581.77057316599	3325
1573.47537722644	3326
1572.12258660948	3327
1573.15757304207	3328
1574.36927252576	3329
1572.54117838876	3330
1568.12789914872	3331
1571.55071108688	3332
1565.10450968633	3333
1571.57340256863	3334
1572.06207547075	3335
1575.38831190733	3336
1581.04906457223	3337
1570.20031556155	3338
1571.87012331456	3339
1580.93252280039	3340
1572.04795231107	3341
1576.09812986114	3342
1572.15972193255	3343
1573.81018811427	3344
1566.93374220508	3345
1573.36659037684	3346
1577.12368292606	3347
1573.63043005593	3348
1565.38095878583	3349
1570.07343967052	3350
1577.80083362456	3351
1575.7520571534	3352
1563.09660898437	3353
1565.53561525782	3354
1579.19065371437	3355
1584.9466446156	3356
1562.32949458761	3357
1574.48027939151	3358
1568.98199407994	3359
1561.28995479279	3360
1571.94828374033	3361
1569.74949018043	3362
1568.38725750985	3363
1577.47377583606	3364
1561.79115728528	3365
1574.14407409119	3366
1566.22258895093	3367
1578.91583342911	3368
1566.90094458225	3369
1566.98097993086	3370
1575.03622478814	3371
1576.06973319954	3372
1567.56454450007	3373
1575.59023129076	3374
1579.03235175357	3375
1572.18536224722	3376
1563.05135908187	3377
1569.09991067645	3378
1576.23987682701	3379
1576.1431307695	3380
1571.96404916422	3381
1573.15113216494	3382
1568.68772858525	3383
1580.76627408572	3384
1562.69430007212	3385
1572.2636996486	3386
1568.43159445958	3387
1563.81549523129	3388
1575.602947153	3389
1577.42549984459	3390
1576.91601396787	3391
1572.74678310254	3392
1574.68346163363	3393
1572.74573043423	3394
1571.18314331332	3395
1570.31265328719	3396
1561.01282397768	3397
1579.59637247684	3398
1576.78115471417	3399
1566.14479830599	3400
1572.46463363064	3401
1577.56804423274	3402
1575.09469067117	3403
1569.52559777134	3404
1578.56276349667	3405
1564.44805648809	3406
1570.04207273444	3407
1576.56450782444	3408
1578.59184885986	3409
1571.71995459884	3410
1576.40060399981	3411
1572.73165467815	3412
1573.88040054118	3413
1571.77510184619	3414
1579.32616429573	3415
1566.25866468199	3416
1569.81743122629	3417
1568.23023943437	3418
1572.37364558198	3419
1568.7712224577	3420
1580.12799952052	3421
1570.66609885213	3422
1575.4365475793	3423
1577.17218747013	3424
1572.09732382419	3425
1576.07743601013	3426
1574.97929468445	3427
1571.49531097558	3428
1577.65181788094	3429
1572.6611781093	3430
1578.03828566467	3431
1563.35378951995	3432
1562.09070728364	3433
1571.03456377925	3434
1567.75339215674	3435
1570.81219051935	3436
1578.50868164302	3437
1569.5763563657	3438
1574.4942228185	3439
1569.79434083112	3440
1566.61546958856	3441
1567.10970074458	3442
1570.59178125344	3443
1576.79461829813	3444
1576.54141258858	3445
1574.47568532449	3446
1567.19203044655	3447
1568.2738185099	3448
1572.28630784566	3449
1567.62656877579	3450
1573.55594533325	3451
1563.9277285891	3452
1573.18973413002	3453
1575.72961228885	3454
1572.99146086311	3455
1576.75282207801	3456
1580.53303840405	3457
1576.88298059542	3458
1567.15189594705	3459
1577.72994904786	3460
1565.65598412754	3461
1565.99166970147	3462
1577.14055876473	3463
1574.97985746753	3464
1574.28743243649	3465
1564.1915584832	3466
1578.57723805893	3467
1559.16824812684	3468
1570.11750974524	3469
1569.04131613212	3470
1572.43546638769	3471
1567.53112359512	3472
1570.95231276266	3473
1577.16260326141	3474
1569.29540963403	3475
1571.0689787391	3476
1575.64810805971	3477
1573.52515797313	3478
1560.46769542669	3479
1576.81113138697	3480
1579.79536037707	3481
1568.52086384811	3482
1570.88642921653	3483
1564.30993122081	3484
1566.26679860657	3485
1570.76409649735	3486
1575.65044052241	3487
1572.43623277242	3488
1576.9171733259	3489
1575.90957906309	3490
1564.0919866122	3491
1568.73947402494	3492
1575.32345924097	3493
1564.80921733715	3494
1567.83431449719	3495
1567.38954344054	3496
1574.66010353839	3497
1573.88271930671	3498
1565.24770823461	3499
1571.71389086065	3500
1564.27639695299	3501
1564.70349967546	3502
1570.2397778104	3503
1564.21876907788	3504
1573.87518639287	3505
1570.54539321986	3506
1575.42894649321	3507
1572.09274846371	3508
1563.97929343821	3509
1567.31219089235	3510
1573.37128785562	3511
1574.99098576627	3512
1568.45381842871	3513
1567.14366546081	3514
1567.82763797145	3515
1569.64502288609	3516
1567.28375176294	3517
1572.67014283055	3518
1580.26503519383	3519
1571.77150073849	3520
1563.48694622253	3521
1568.64069731677	3522
1564.12620315717	3523
1573.55817398846	3524
1573.59279631955	3525
1567.5094989079	3526
1564.42909688556	3527
1574.81647450109	3528
1566.17754756793	3529
1573.15689573766	3530
1576.29266208245	3531
1579.15123132227	3532
1566.92464425605	3533
1581.94121821092	3534
1573.44501838011	3535
1569.07538792431	3536
1570.9115743633	3537
1574.44866823049	3538
1575.52012427561	3539
1573.21905564188	3540
1559.03003877039	3541
1575.28774653004	3542
1568.94701343284	3543
1574.59643133028	3544
1577.6520841503	3545
1568.49148544614	3546
1571.79386057404	3547
1571.47927908828	3548
1578.42579065753	3549
1573.63061581303	3550
1575.17302960274	3551
1569.70151904355	3552
1575.55126436242	3553
1576.40078593203	3554
1572.30095542366	3555
1570.47687025006	3556
1570.71658261726	3557
1576.24054787258	3558
1580.13539405151	3559
1574.50451737211	3560
1580.26918499298	3561
1573.81959856536	3562
1565.8882347375	3563
1578.05686849804	3564
1572.15283626179	3565
1571.90460203153	3566
1573.47615335928	3567
1568.83094653607	3568
1568.19289427063	3569
1575.37815822076	3570
1569.76066406028	3571
1573.0142563739	3572
1572.25680794881	3573
1559.1721640746	3574
1571.26798255174	3575
1575.03668764502	3576
1578.97348613307	3577
1561.40459477896	3578
1574.68828287061	3579
1560.15508882005	3580
1568.02134196074	3581
1571.99137661751	3582
1579.5627476355	3583
1566.53448955119	3584
1569.81834636559	3585
1567.62274457749	3586
1565.09350714448	3587
1569.80834522962	3588
1566.75006220686	3589
1567.13473543168	3590
1570.5098264368	3591
1559.03088823019	3592
1575.62644553423	3593
1560.87844233997	3594
1571.67376866183	3595
1573.94230957024	3596
1572.4723246242	3597
1572.96162627088	3598
1572.89088520382	3599
1568.875598758	3600
1576.92768079082	3601
1569.35743781614	3602
1564.0600630217	3603
1563.65186869728	3604
1565.83799153639	3605
1568.74898822084	3606
1577.5764379141	3607
1571.12809397208	3608
1568.40780178027	3609
1569.07396840206	3610
1576.84498024162	3611
1577.14774999711	3612
1568.43342174511	3613
1574.5265866382	3614
1567.30593525491	3615
1564.2168129687	3616
1564.59768411815	3617
1572.30764467805	3618
1574.33487190147	3619
1569.2798355978	3620
1574.40592284756	3621
1571.41455996771	3622
1569.00179560684	3623
1571.05967308246	3624
1581.25961066442	3625
1565.25146926755	3626
1571.6075313249	3627
1573.34138427443	3628
1570.08372610109	3629
1576.69119252448	3630
1565.46626927661	3631
1571.00172052767	3632
1570.44248898525	3633
1580.56383173386	3634
1557.5211229531	3635
1574.37937078994	3636
1561.29143527532	3637
1573.98321384094	3638
1573.75259689915	3639
1569.64762056073	3640
1578.15030611407	3641
1571.75919539754	3642
1579.32252283521	3643
1566.01582920843	3644
1563.53820773048	3645
1571.44192965578	3646
1566.34305174646	3647
1568.59541311187	3648
1573.14179990877	3649
1577.26363463287	3650
1574.98289398628	3651
1574.65242496872	3652
1573.68962814537	3653
1574.18564979293	3654
1575.48410186974	3655
1571.91197196179	3656
1564.60717159746	3657
1573.46028436828	3658
1566.05154077093	3659
1567.54552638802	3660
1573.71550338952	3661
1578.80166834835	3662
1568.44662955625	3663
1580.93042302741	3664
1568.55617015399	3665
1569.39550748959	3666
1564.59949800071	3667
1566.80050581373	3668
1570.02323883214	3669
1572.14469357007	3670
1576.31760805755	3671
1577.85221699181	3672
1567.87817675753	3673
1570.19856718163	3674
1570.07503487564	3675
1571.83039841919	3676
1573.37793250803	3677
1572.46963671459	3678
1568.71231579171	3679
1569.3969137192	3680
1578.28313316056	3681
1565.21057944696	3682
1571.76421392319	3683
1575.33760792625	3684
1558.7522341855	3685
1566.84838048788	3686
1573.87140571572	3687
1574.67944171074	3688
1570.39116790729	3689
1573.54974211469	3690
1575.84681721351	3691
1579.23232078444	3692
1575.18367287917	3693
1566.91510328288	3694
1571.79708696113	3695
1566.21724904126	3696
1575.67377960413	3697
1566.88019123655	3698
1574.28951452907	3699
1567.47147650959	3700
1570.33519885996	3701
1565.50134713892	3702
1568.10661764881	3703
1572.39417249436	3704
1578.94764488995	3705
1569.81029534454	3706
1573.32989169878	3707
1570.91926599096	3708
1575.82704532812	3709
1575.03286789722	3710
1574.79839288077	3711
1561.55854679557	3712
1573.30316621743	3713
1573.60708234906	3714
1574.18351597781	3715
1567.73816921478	3716
1575.62692396718	3717
1572.27885755316	3718
1571.85127718044	3719
1574.68181087083	3720
1578.39521834801	3721
1575.72322885366	3722
1562.80424019789	3723
1570.96828782759	3724
1565.98226802325	3725
1569.87659965528	3726
1580.54890067722	3727
1577.83277246675	3728
1565.05912084627	3729
1578.34743505835	3730
1572.14215574706	3731
1576.94499189613	3732
1573.29691234596	3733
1569.43924865094	3734
1570.46552943215	3735
1567.38448089204	3736
1575.91525534754	3737
1573.16004993243	3738
1571.38341896855	3739
1574.14396514898	3740
1577.42429217673	3741
1574.98785944293	3742
1579.03917299282	3743
1562.95937108205	3744
1571.31519570252	3745
1567.76264041941	3746
1566.74356151444	3747
1568.38526379708	3748
1576.10044256678	3749
1575.3088328971	3750
1572.16873394925	3751
1576.2424584194	3752
1578.70017960048	3753
1572.77478997193	3754
1564.56912531655	3755
1574.5311629073	3756
1572.58940830742	3757
1572.20086275921	3758
1577.35840838303	3759
1570.41651054633	3760
1563.99815080022	3761
1572.87087968025	3762
1578.0768995755	3763
1569.98008779905	3764
1574.50303638227	3765
1583.6397172144	3766
1577.47774092154	3767
1571.6607563016	3768
1579.20832815058	3769
1571.20808572933	3770
1573.66520491471	3771
1570.83107872796	3772
1583.12681204192	3773
1562.09269990181	3774
1570.56379611335	3775
1572.4061633864	3776
1577.16001984553	3777
1576.84849438102	3778
1576.6311065545	3779
1572.52010602778	3780
1576.61121125891	3781
1572.82733517654	3782
1578.25605202373	3783
1567.27526352688	3784
1570.78837892851	3785
1568.76359659897	3786
1577.87769863685	3787
1575.66725569903	3788
1573.43545329198	3789
1571.42250565163	3790
1566.27561885856	3791
1574.95574549382	3792
1570.83680102959	3793
1578.2088897366	3794
1574.0299214411	3795
1581.12351839954	3796
1567.2629772936	3797
1577.0956191264	3798
1573.5829580572	3799
1576.63899007887	3800
1569.55454104605	3801
1580.73748382271	3802
1571.63587517128	3803
1570.40837825358	3804
1582.02032006349	3805
1571.9163212097	3806
1577.03400227648	3807
1567.77857684443	3808
1562.01988495954	3809
1566.83582935249	3810
1561.85313813167	3811
1575.80214011886	3812
1570.13648591871	3813
1575.16825288005	3814
1577.04085186164	3815
1571.13210169527	3816
1565.65453628455	3817
1569.05721137551	3818
1569.20192761479	3819
1570.51982529882	3820
1569.06630061449	3821
1568.00882175892	3822
1574.2117770461	3823
1574.43284070613	3824
1576.6483476762	3825
1575.60661339989	3826
1575.37402500812	3827
1562.74324719801	3828
1567.42076413341	3829
1581.65531704707	3830
1579.01723180694	3831
1567.39578056304	3832
1572.42043466992	3833
1579.93039232715	3834
1568.93768992171	3835
1569.84043250289	3836
1570.05040420517	3837
1569.28772820199	3838
1564.40464839497	3839
1574.26300437971	3840
1575.91679710868	3841
1578.06432178843	3842
1561.34573650771	3843
1575.37517368589	3844
1571.17366958289	3845
1571.87442607439	3846
1575.65341631105	3847
1569.22320608988	3848
1574.72348764014	3849
1577.96783560996	3850
1581.47733205625	3851
1574.53148489284	3852
1564.18733866945	3853
1559.03571797177	3854
1567.36368744509	3855
1579.91138071801	3856
1574.79707383972	3857
1560.53299825564	3858
1576.06466339762	3859
1565.26357785733	3860
1571.21949213838	3861
1580.36542460823	3862
1571.23402370953	3863
1575.92228697946	3864
1575.96685727689	3865
1579.24471131671	3866
1572.08353447837	3867
1570.9002349674	3868
1577.46660697569	3869
1564.89783984332	3870
1571.53741470615	3871
1568.33939982245	3872
1577.04644599469	3873
1575.41780077749	3874
1577.94031772399	3875
1574.98673308033	3876
1571.69692415951	3877
1579.56475087431	3878
1561.49527571335	3879
1563.95425870146	3880
1569.74177336311	3881
1577.50702747903	3882
1563.88850188225	3883
1571.53892587119	3884
1572.73569113504	3885
1572.75992161316	3886
1564.38227413284	3887
1574.06183480121	3888
1578.02171696273	3889
1570.98651023045	3890
1572.74635333483	3891
1573.07009894735	3892
1569.28578451049	3893
1567.78051430796	3894
1572.30763801355	3895
1574.96356472769	3896
1576.68990232379	3897
1568.91883499949	3898
1573.1040123644	3899
1570.2241281144	3900
1569.07785255108	3901
1577.48500632256	3902
1572.01199270911	3903
1567.8943103419	3904
1566.55348755538	3905
1575.33592887365	3906
1572.90205858889	3907
1576.81725996447	3908
1570.79581993022	3909
1569.75112021656	3910
1578.80472226358	3911
1572.28608663844	3912
1577.02872348477	3913
1574.11449739443	3914
1567.48364620992	3915
1568.36081652858	3916
1582.31120639413	3917
1578.80000286789	3918
1573.77999403097	3919
1568.66333880776	3920
1577.03733015548	3921
1569.99960843265	3922
1578.06285953964	3923
1576.39074774488	3924
1567.7371943553	3925
1575.21562513995	3926
1575.8154646445	3927
1570.51021284799	3928
1570.18903315161	3929
1575.84515304404	3930
1564.09064788559	3931
1579.22193395673	3932
1572.15859125482	3933
1575.83352636763	3934
1575.71034331182	3935
1576.28483365173	3936
1568.99275075152	3937
1570.01288898484	3938
1577.5702405972	3939
1575.5614570646	3940
1576.18979687383	3941
1571.1093184292	3942
1571.81250681736	3943
1572.9610980774	3944
1568.1523831788	3945
1573.91057615531	3946
1577.36389494612	3947
1565.327774012	3948
1581.17229882312	3949
1572.64835460666	3950
1581.84380860635	3951
1571.08931891654	3952
1572.99065893235	3953
1576.8479009806	3954
1579.70599517038	3955
1571.71642361843	3956
1570.29551915065	3957
1576.2303280701	3958
1574.24369937538	3959
1564.46659287997	3960
1578.10179767166	3961
1565.21796165687	3962
1574.56866865141	3963
1566.42543996015	3964
1573.7236060741	3965
1567.68529338027	3966
1577.5378775897	3967
1574.00950249268	3968
1559.89241906012	3969
1574.23929001647	3970
1575.29394819854	3971
1575.30177410812	3972
1566.45764019864	3973
1565.0133792363	3974
1564.21933128963	3975
1573.14342718352	3976
1565.00072453184	3977
1572.91866719779	3978
1574.08441941292	3979
1573.22673025914	3980
1573.00919578959	3981
1571.83451197431	3982
1567.04775461716	3983
1569.53527030005	3984
1570.63042343544	3985
1570.35203920742	3986
1569.76915506521	3987
1579.87330893499	3988
1568.88624281665	3989
1575.45724242348	3990
1573.07328259449	3991
1571.93540142947	3992
1569.4446051023	3993
1558.68522505769	3994
1572.7933913132	3995
1572.90428441124	3996
1563.38699784266	3997
1579.77371758345	3998
1574.85742157142	3999
1572.90112260292	4000
