"LogLikelihood"	"Iteration"
4076.04695104355	1
4064.49898473644	2
4055.86219122301	3
4059.19624836114	4
4014.05919272918	5
4036.66406990163	6
4079.37221644131	7
4053.40777947283	8
4033.37485398254	9
4081.82047635925	10
4059.03347257251	11
4069.32438633219	12
4055.71030783084	13
4025.6061930306	14
4057.26371230148	15
4056.08715327726	16
4040.90292931511	17
4050.32833476944	18
4011.05838570994	19
4056.25893636609	20
4070.22758118371	21
4060.45911467969	22
4048.02133510663	23
4057.48022468249	24
4062.44240291323	25
4031.75683712782	26
4066.02940276401	27
4060.28734732549	28
4061.52264580574	29
4045.37349690004	30
4034.0719406516	31
4026.72733123076	32
4051.68680527641	33
4063.98591664354	34
4036.58341499487	35
4039.67683758741	36
4028.39955331226	37
4073.22926686858	38
4040.83002130189	39
4104.41348185994	40
4056.02617226952	41
4054.3294114621	42
4048.12246135714	43
4020.34250976047	44
4040.20465466194	45
4013.53798148199	46
4053.49125104307	47
4080.43736617438	48
4045.076755283	49
4058.07467358807	50
4032.77174438344	51
4024.40957104019	52
4052.74029347547	53
4076.94142564918	54
4044.5732387209	55
4079.67186490394	56
4046.3178715441	57
4037.49937681547	58
4039.70896371804	59
4093.43915635738	60
4055.27934095215	61
4035.0704473719	62
4053.01807679176	63
4031.4518411558	64
4041.75932117118	65
4034.48603238588	66
4046.97456419711	67
4036.36472047103	68
4069.28699285574	69
4074.42651256898	70
4060.83165435028	71
4019.24138709905	72
4088.31014848915	73
4034.28699492117	74
4071.16796040506	75
4071.38706811624	76
4040.75932407393	77
4062.42697127781	78
4045.89657580879	79
4071.99553316085	80
4030.59941197837	81
4050.05939560677	82
4049.43572954802	83
4047.95907809023	84
4066.38129261648	85
4078.7943543211	86
4018.94548315901	87
4023.77517460377	88
4030.62721930853	89
4036.84276916749	90
4018.28867525671	91
4007.30346252941	92
4052.6389397351	93
4044.09351338753	94
4053.81943765156	95
4053.75823536031	96
4052.78726042889	97
4042.62985062829	98
4034.85317620714	99
4066.28261624304	100
4053.81979541044	101
4054.07526624859	102
4068.50300463349	103
4038.70064534951	104
4068.16237812434	105
4069.00813660359	106
4058.91989186004	107
4089.21392228374	108
4079.88717688473	109
4067.47984518925	110
4058.79480375992	111
4057.31365475018	112
4024.35216957572	113
4034.07852356681	114
4031.65753127338	115
4056.89239922529	116
4039.87750142352	117
4049.30308335163	118
4058.70688500668	119
4050.03953413248	120
4058.54776596527	121
4036.0598763667	122
4021.47302478233	123
4029.46143961807	124
4064.21491108497	125
4058.69172352947	126
4026.16597879577	127
4028.88019170076	128
4039.9033434574	129
4057.16622235375	130
4063.49131788263	131
4043.27993626655	132
4026.95610375281	133
4066.48172150369	134
4089.23078298861	135
4045.54601628576	136
4041.03624359581	137
4027.55405596899	138
4032.88581280298	139
4044.24912908837	140
4051.63314126952	141
4075.87203372054	142
4052.84157098827	143
4028.48026474394	144
4045.04097668192	145
4055.17839955536	146
4071.99901630652	147
4055.23146904937	148
4053.79588610153	149
4043.64943280779	150
4030.56560254262	151
4030.86831462809	152
4034.67083741339	153
4002.15940526871	154
4065.1944648406	155
4052.53181052612	156
4013.89462699535	157
4045.41420286918	158
4033.12550845544	159
4036.32855346235	160
4036.75154397028	161
4046.92023195076	162
4060.19404479455	163
4024.3033902395	164
4073.68429344493	165
4063.70967879784	166
4048.0732321495	167
4051.95076968061	168
4054.21744533531	169
4063.64429742841	170
4034.03608873154	171
4065.90180764852	172
4033.9797642331	173
4043.12106004729	174
4041.45346821763	175
4049.79879596926	176
4041.21738746067	177
4027.62208523782	178
4055.13503829221	179
4058.77113374818	180
4040.47123833113	181
4081.30556344796	182
4024.66325545827	183
4066.47173585944	184
4064.44471240014	185
4051.84987264916	186
4048.02902404254	187
4077.00753620807	188
4061.87026394827	189
4038.2405908781	190
4042.56711434057	191
4075.93168281759	192
4073.14609794565	193
4032.77820486517	194
4022.5459679373	195
4061.93870176903	196
4042.18125469948	197
4040.10567483715	198
4072.59292057283	199
4047.47920374396	200
4077.84537675217	201
4001.01286577536	202
4052.06882972866	203
4051.43443033105	204
4062.25676491812	205
4053.47497041521	206
4085.84748764333	207
4029.59819835041	208
4061.61119834433	209
4019.47610300314	210
4055.65768206478	211
4063.68827444632	212
4018.57286867987	213
4057.24669213631	214
4050.91824949076	215
4025.56374556481	216
4043.7242397926	217
4080.18266072984	218
4035.00305352809	219
4035.51366854721	220
4050.07140881218	221
4056.79397833747	222
4015.59143942108	223
4066.36092514517	224
4063.49859825211	225
4019.19138814015	226
4088.99916176161	227
4025.88364257297	228
4036.40582529629	229
4018.42949850898	230
4033.02449160609	231
4034.45958312164	232
4041.2060000788	233
4014.61153563915	234
4050.08746349408	235
4065.13329215544	236
4035.26991538473	237
4030.17606732577	238
4042.71064467836	239
4081.33577642074	240
4041.19689802843	241
4075.24051697041	242
4028.20233666974	243
4053.39765039648	244
4056.05565507081	245
4034.95333199516	246
4025.2269640507	247
4065.87084238102	248
4047.51543619851	249
4059.52826877297	250
4013.63100031407	251
4016.9540422253	252
4078.20346759709	253
4047.89938739117	254
4080.85316782335	255
4018.35279875023	256
4066.74783147229	257
4029.8163867712	258
4061.10568141697	259
4067.82349314786	260
4047.74471023635	261
4077.39071026069	262
4019.11644079429	263
4015.099207279	264
4088.73626633737	265
4051.74960191426	266
4024.02052630084	267
4048.56211822303	268
4073.38771227049	269
4089.62222134019	270
4020.5544707816	271
4057.81137663368	272
4060.56033512192	273
4060.56468293154	274
4042.37450394623	275
4036.19455089914	276
4054.49404780681	277
4062.46923071226	278
4031.92233623246	279
4084.76915162328	280
4088.30096060183	281
4057.68666729521	282
4046.1865159371	283
4015.65121640335	284
4038.48981885381	285
4010.2495586174	286
4070.65108035047	287
4025.70107581492	288
4099.84619622022	289
4064.27757585257	290
4039.16183552164	291
4025.84248023936	292
4026.75995421358	293
4038.15807595366	294
4037.58504060288	295
4033.40542508019	296
4057.89890168391	297
4071.80950573472	298
4046.18555122262	299
4017.48053040309	300
4073.93226362381	301
4048.50649710395	302
4033.34442382063	303
4083.84800733234	304
4017.01254963331	305
4052.02174360138	306
4038.34877873684	307
4030.9796280332	308
4041.74131846694	309
4058.46828744836	310
4087.59179738726	311
4054.77939505507	312
4069.53482435589	313
4052.52780738005	314
4052.51880162045	315
4051.99677451036	316
4039.92911953719	317
4042.08975994199	318
4059.79912620895	319
4060.8301047328	320
4023.97490477693	321
4049.68193290993	322
4040.67473169778	323
4051.22838247293	324
4047.85362952494	325
4040.34479686191	326
4050.32564333404	327
4061.64322397109	328
4044.99514340007	329
4021.15156564835	330
4046.4587966964	331
4059.64470618443	332
4068.54526120432	333
4032.70343721773	334
4048.34118479846	335
4071.73977242737	336
4013.39525438485	337
4044.21566819498	338
4081.62697389189	339
4008.05768531926	340
4026.46555625538	341
4028.15036235004	342
4041.17953622307	343
4042.48464575059	344
4062.6922565568	345
4059.6149230759	346
4048.6328481106	347
4058.77798869814	348
4074.65505280163	349
4046.31950604564	350
4047.42752382418	351
4095.2570652795	352
4036.42812366866	353
4051.45024995734	354
4070.44720046452	355
4059.3830350904	356
4069.42805472832	357
4070.20197421008	358
4062.92451527775	359
4059.29090924115	360
4051.12743975078	361
4071.90721137353	362
4056.64840864946	363
4067.57760467944	364
4073.22727691455	365
4033.33991628501	366
4035.9009585108	367
4058.47341303688	368
4039.00907539704	369
4067.55496377652	370
4040.30449418904	371
4048.88731922466	372
4043.59527438167	373
4062.97047981207	374
4030.88450464779	375
4022.23419729683	376
4028.71153538265	377
4021.86921556234	378
4040.69673283059	379
4056.31619242333	380
4067.27329061562	381
4069.26985094185	382
4064.2454402815	383
4051.22375184626	384
4037.52092765689	385
4030.80315938806	386
4051.83237635788	387
4018.52065547063	388
4047.26310598005	389
4044.96826480107	390
4034.43523292464	391
4068.87890851161	392
4027.3794123488	393
4068.62111099898	394
4077.88767247281	395
4071.1202772931	396
4054.34095208045	397
4071.236892477	398
4056.14467883643	399
4023.69157204507	400
4076.36463709038	401
4056.71000201528	402
4040.24631252721	403
4063.77452203186	404
4033.78424182752	405
4058.79976805681	406
4046.03163159783	407
4028.2622892315	408
4047.82251549422	409
4019.4316240102	410
4033.64590527952	411
4052.05120833084	412
4017.8737090087	413
4045.81145187947	414
4075.08085132225	415
4022.38172416468	416
4015.4157751407	417
4031.04026058189	418
4082.43789299774	419
4041.01272377324	420
4076.25727449914	421
4013.92746495003	422
4026.82353036052	423
4047.07955976821	424
4060.60990657386	425
4016.94240405188	426
4059.1063136894	427
4013.32082421324	428
4094.06908713517	429
4027.38274932812	430
4040.65678832702	431
4068.34594316818	432
4060.83770859881	433
4039.14582758148	434
4015.50456735703	435
4071.91412152484	436
4046.7834091986	437
4070.47541042677	438
4047.85869792396	439
4068.41819689977	440
4059.70103441506	441
4050.12381742722	442
4039.46024672861	443
4042.25227111768	444
4059.44804359506	445
4051.97544331625	446
4082.26955244493	447
4052.23068771203	448
4082.28490565056	449
4038.04919009185	450
4011.65353044215	451
4024.68329810742	452
4031.40710684679	453
4018.89227138057	454
4061.97603266636	455
4030.48600372325	456
4033.39127764572	457
4047.84281544302	458
4014.35770810193	459
4028.36288657917	460
4048.1733785455	461
4031.05361502105	462
4055.20291119583	463
4106.04859168702	464
4070.05258058763	465
4061.96317283313	466
4071.06855209001	467
4056.80566757218	468
4032.504656648	469
4048.40663588893	470
4054.58284348574	471
4032.49171986064	472
4065.0572742508	473
4088.00597954748	474
4033.81653479239	475
4028.46436725528	476
4013.93204335045	477
4051.73859511254	478
4028.18971349748	479
4059.21103417885	480
4085.35000045993	481
4049.53376347692	482
4080.68666468342	483
4018.75149260552	484
4041.80812746292	485
4035.69610428412	486
4013.37439227033	487
4053.37165459595	488
4018.67483074456	489
4006.09986544484	490
4048.34033883958	491
4058.89134896125	492
4042.18669385735	493
4037.96199339407	494
4034.56373084234	495
4030.16363920763	496
4010.68341386424	497
4072.29133232662	498
4044.4146192935	499
4025.69506247381	500
4054.91134692816	501
4063.89580089864	502
4032.41920440954	503
4051.28607320135	504
4042.26714586415	505
4071.82105784058	506
4046.98835731488	507
4043.58328473883	508
4049.77444718388	509
4004.78362570864	510
4056.86907776158	511
4034.72638714899	512
4015.53039858934	513
4014.04725894803	514
4040.64026077226	515
4078.53830325524	516
4042.30799780872	517
4073.32130689178	518
4046.27187451265	519
4066.75575053702	520
4057.00510107451	521
4030.59318283773	522
4055.83095933164	523
4037.08805373206	524
4042.14020123855	525
4045.43451247171	526
4039.76090080012	527
4034.24292660621	528
4061.74034078247	529
4043.98379320253	530
4053.04707452698	531
4080.05340826435	532
4053.57309773662	533
4065.32064388666	534
4051.49713066215	535
4060.3496324253	536
4059.56809783016	537
4048.72630715439	538
4030.49712692477	539
4049.39228365511	540
4033.50856738834	541
4002.46635249289	542
4063.15135495025	543
4061.38434470154	544
4059.27819636369	545
4049.95713101987	546
4050.93413859162	547
4055.10002092707	548
4060.78920175388	549
4066.7068530098	550
4029.77496547906	551
4047.9373343214	552
4035.14413675843	553
4074.99388391249	554
4003.99517580274	555
4040.88661138655	556
4060.09763062677	557
4075.51128612893	558
4065.46433629843	559
4041.57930633435	560
4045.70598512607	561
4051.98906968277	562
4069.29702918013	563
4058.81733678337	564
4033.56037024329	565
4045.9520104032	566
4052.71127298121	567
4044.63670938596	568
4022.5912949492	569
4054.86547433748	570
4052.76447354948	571
4074.93471430352	572
4066.55656393651	573
4056.41796533825	574
4048.56113138334	575
4095.14547757644	576
4061.34353055102	577
4044.80592241334	578
4074.76720827154	579
4087.63915245477	580
4062.23423827628	581
4083.68744837272	582
4049.2925736968	583
4056.41902882997	584
4061.42689520304	585
4066.51864629181	586
4070.61988661403	587
4031.19794310023	588
4050.07039753347	589
4075.15747393326	590
4041.89163466095	591
4037.85083510582	592
4029.04871081174	593
4030.24837909732	594
4089.10090419221	595
4068.52011915054	596
4063.46418798662	597
4043.83508211335	598
4026.69871656614	599
4022.98262148409	600
4006.45893144345	601
4058.15496514376	602
4063.58346904703	603
4026.04129243215	604
4012.89612256369	605
4074.90784601951	606
4061.32289096384	607
4031.32432618167	608
4026.31315568876	609
4047.76379326801	610
4037.52561302509	611
4017.31599817114	612
4028.87279360248	613
4024.25432761885	614
4021.64351210984	615
4063.22580725136	616
4059.56463336562	617
4042.82010116587	618
4047.16466014125	619
4056.33755541635	620
4057.16900260046	621
4066.52354337454	622
4048.68235789333	623
4024.3962406904	624
4041.08002435294	625
4021.59897679856	626
4019.03848897571	627
4036.87374360656	628
4089.24297720404	629
4043.71582414946	630
4051.03485672624	631
4048.73647699788	632
4053.07666233876	633
4061.09566370027	634
4017.56846877731	635
4057.02543371165	636
4030.37139620656	637
4064.38631087969	638
4047.98022446301	639
4066.83950292033	640
4078.77313958636	641
4063.53139132393	642
4032.83471502152	643
4057.16226677045	644
4044.64917846842	645
4040.15874978732	646
4023.95719552744	647
4018.91957800408	648
4032.06039959458	649
4052.25462115216	650
4074.69035218551	651
4053.40310227847	652
4049.37957763889	653
4084.46333785132	654
4068.85732149963	655
4065.64487778608	656
4062.59947678995	657
4069.23165436846	658
4006.2745446146	659
4028.27473240692	660
4068.88851979657	661
4072.74638690685	662
4065.0011292035	663
4030.36269328843	664
4049.47328150994	665
4055.09893562996	666
4037.80052126655	667
4058.70331315696	668
4063.39695133497	669
4062.11241638634	670
4101.92085564196	671
4034.14992498337	672
4077.89963419334	673
4041.99976737621	674
4044.59328205647	675
4016.78207048407	676
4034.01197637181	677
4040.76726663248	678
4031.57570415007	679
4057.99234248291	680
4045.51108926009	681
4039.18514616152	682
4053.27024314771	683
4040.36988153213	684
4025.32168032702	685
4043.74656374151	686
4067.82478078478	687
4030.59757559901	688
4042.48274858969	689
4043.48294882751	690
4050.41378702644	691
4047.46410066099	692
4018.80057637715	693
4046.85499673326	694
4069.1716225361	695
4075.07786528536	696
4093.43544534666	697
4014.3849034827	698
4068.39957054291	699
4044.41039803196	700
4068.42218986376	701
4030.56753645024	702
4064.77555273022	703
4062.14961343473	704
4061.94447896624	705
4039.1648279997	706
4033.90896170934	707
4057.6349676607	708
4078.59481521634	709
4084.4833341802	710
4025.12219916307	711
4068.89833704568	712
4037.59136549953	713
4030.32233963436	714
4010.44044816044	715
4007.58687379204	716
4051.03934447804	717
4037.21305121683	718
4044.17614242398	719
4044.51449041192	720
4019.85520783178	721
4053.08550987336	722
4055.0366522838	723
4063.35213272528	724
4037.42770295322	725
4052.29924883885	726
4047.69472898487	727
4055.38114168396	728
4078.07909229056	729
4057.77319297363	730
4065.64236842188	731
4061.17706123577	732
4078.17737485645	733
4062.04403576775	734
4057.60439001014	735
4064.55895014015	736
4045.88371636634	737
4027.99530511098	738
4030.12101538156	739
4026.40327861229	740
4068.81134029514	741
4048.90783181711	742
4031.36803637382	743
4040.02425113631	744
4075.28062851622	745
4052.54086588133	746
4043.70564573694	747
4013.71763784952	748
4068.53781201707	749
4049.01042893335	750
4075.70186892836	751
4046.04279954221	752
4064.57004980756	753
4006.56352786984	754
4041.5814275542	755
4039.80035945302	756
4060.11684633896	757
4037.2996914777	758
4050.70413985594	759
4072.39837145939	760
4048.06777937873	761
4044.34368935306	762
4053.67075344997	763
4059.11423011674	764
4064.68922951335	765
4055.65172961002	766
4038.30627074361	767
4024.36088180212	768
4062.83559907202	769
4057.19105686502	770
4064.45707720211	771
4038.10057003752	772
4049.22308287652	773
4034.05304734137	774
4071.66821407187	775
4067.15842799207	776
4037.49844996698	777
4053.39005361439	778
4024.5166169896	779
4075.08577299093	780
4091.86674093255	781
4060.95571141931	782
4058.7397248795	783
4055.80901238145	784
4036.92286168365	785
4062.72653096019	786
4047.88025819512	787
4081.29700146172	788
4045.31273172791	789
4086.34765668972	790
4049.9105826277	791
4045.51435336192	792
4063.35880963292	793
4053.27337553586	794
4061.66158571788	795
4031.70903751893	796
4014.70589554201	797
4028.01457473805	798
4037.24286660896	799
4049.44094306954	800
4041.43448311207	801
4066.50692342652	802
4077.08510658221	803
4045.55172525965	804
4067.58931727979	805
4049.81852636587	806
4043.08645524999	807
4031.75964292703	808
4021.61431096005	809
4030.35235216659	810
4047.50894826532	811
4018.81472474868	812
4066.97068072737	813
4051.14121740696	814
4057.04649976685	815
4036.68764646977	816
4027.38424068223	817
4082.84279034246	818
4040.44981660752	819
4026.41749757673	820
4061.42386689612	821
4048.14329827215	822
4095.21185710453	823
4049.56123993478	824
4032.24988624091	825
4043.11649299666	826
4055.15110815672	827
4037.46922387405	828
4028.84879139903	829
4058.03315638118	830
4036.28383132821	831
4098.9608298708	832
4026.0204049888	833
4045.71491877397	834
4043.31153725666	835
4105.31190858176	836
4100.38023487682	837
4070.31123335125	838
4066.68297686551	839
4047.99330677014	840
4047.04224627899	841
4073.09088213845	842
4030.80832650204	843
4020.58711978306	844
4057.86216884208	845
4033.91511030593	846
4048.75841693179	847
4047.07917151275	848
4037.90079893759	849
4036.79938958359	850
4032.35979984611	851
4029.41660802226	852
4032.14341987918	853
4026.25145865842	854
4026.3148469864	855
4074.48403390431	856
4036.62723119439	857
4068.89763758077	858
4051.73574194861	859
4011.39316762571	860
4049.00784392303	861
4054.36224594904	862
4059.25266526697	863
4079.36854537329	864
4071.58440949606	865
4042.97793180827	866
4053.81604387748	867
4023.46416004569	868
4044.28211495938	869
4070.41233020636	870
4067.58549718278	871
4098.42224755193	872
4043.64725848638	873
4078.50786882025	874
4087.0805827231	875
4051.79189415248	876
4048.2423444372	877
4045.88121297002	878
4050.64941843837	879
4065.76822929303	880
4033.74287546504	881
4025.83489914635	882
4062.91751611874	883
4073.66839971836	884
4004.24526105825	885
4092.1264575518	886
4058.17984005841	887
4060.63130309039	888
4066.53208208742	889
4041.1635740009	890
4086.6045113427	891
4037.96922669097	892
4072.72008604167	893
4037.37179578993	894
4060.5165286397	895
4034.44593959265	896
4035.66772500624	897
4027.9505779384	898
4056.7823952239	899
4049.41588584842	900
4054.02380560798	901
4071.68990915701	902
4073.78912179406	903
4049.67957580896	904
4072.06886169915	905
4027.74033629934	906
4050.84276803428	907
4051.12328791731	908
4088.95796757081	909
4042.43006760236	910
4054.26311518458	911
4032.02710028247	912
4071.87871553343	913
4084.19312921906	914
4052.94316630665	915
4030.56949109452	916
4039.50703943237	917
4074.57547308091	918
4060.29706230923	919
4041.24710899921	920
4028.98451085279	921
4076.65179843464	922
4036.73626869983	923
4073.86504563387	924
4047.71519659798	925
3998.12046643083	926
4038.51974768265	927
4058.96868835902	928
4038.42703468419	929
4065.43525227052	930
4061.14867074552	931
4043.26374769091	932
4035.21125967737	933
4053.7314896411	934
4064.75239099254	935
4003.49504346852	936
4026.59307163678	937
4079.36630545746	938
4060.41265810164	939
4062.41209261773	940
4069.55199135466	941
4062.58065871109	942
4051.13677221646	943
4075.4607435369	944
4086.75784432603	945
4048.02048507655	946
4081.24412850413	947
4077.58390914891	948
4057.62842183933	949
4003.86419966156	950
4042.30408924108	951
4059.52333012369	952
4029.11385763837	953
4039.8800599436	954
4027.23656018106	955
3992.91075201489	956
4054.74124930434	957
4089.59938398709	958
4040.00249894499	959
4069.03201328477	960
4036.51195986893	961
4067.75500404818	962
4043.03557297644	963
4025.09871921221	964
4045.41742090124	965
4064.19030673216	966
4043.61032487345	967
4054.42529942182	968
4069.98613766972	969
4060.22197646805	970
4011.07715528496	971
4107.600274353	972
4058.57718293874	973
4050.59853730988	974
4089.38346889953	975
4052.74083758308	976
4040.68622518856	977
4044.85991829578	978
4042.50154418266	979
4019.19896147715	980
4047.34099609152	981
4041.03616882916	982
4039.71370019138	983
4043.19031566335	984
4033.60110225995	985
4059.62280714576	986
4034.64835005341	987
4064.42652106378	988
4070.75367772306	989
4007.22304840815	990
4040.56192302733	991
4057.81993581068	992
4060.73524346225	993
4052.9753674214	994
4032.25866906729	995
4059.0118343576	996
4043.84860093266	997
4070.85321105991	998
4026.62071139726	999
4061.3330681229	1000
4062.22953219181	1001
4046.00321763827	1002
4033.41867364054	1003
4062.92445235306	1004
4065.80021093855	1005
4069.84762366559	1006
4047.6972633937	1007
4054.20430499491	1008
4061.87774514601	1009
4042.72622006808	1010
4057.87780384819	1011
4056.40530817004	1012
4022.02944505751	1013
4086.76510134317	1014
4052.80457687878	1015
4084.88851524541	1016
4068.08812571026	1017
4068.57923576848	1018
4092.26874071696	1019
4038.25745480089	1020
4016.64751162651	1021
4048.70477842671	1022
4017.95052909568	1023
4034.85481959418	1024
4048.74931905604	1025
4057.12374951536	1026
4063.88182914592	1027
4054.44518048574	1028
4086.32166849898	1029
4052.28979232763	1030
4094.59805475215	1031
4046.30613020628	1032
4094.60695093607	1033
4051.95945010487	1034
4055.44933043489	1035
4023.5043448676	1036
4021.77936191061	1037
4041.35496841276	1038
4041.08200624688	1039
4057.68732503214	1040
4052.40767131877	1041
4040.54259437774	1042
4094.41049131096	1043
4051.75369439275	1044
4052.12998743491	1045
4061.43719009186	1046
4084.02790448436	1047
4063.95193333609	1048
4026.30204424421	1049
4085.32573980592	1050
4075.5296387143	1051
4020.66706970011	1052
4094.18151900951	1053
4061.93143429006	1054
4078.00205525932	1055
4056.24303989914	1056
4053.27916002002	1057
4025.20773275822	1058
4062.66145220904	1059
4078.69932531861	1060
4017.16462957828	1061
4047.82242682127	1062
4054.10605701544	1063
4015.94925510738	1064
4034.11223820871	1065
4020.95741928552	1066
4059.48527435095	1067
4058.33639186302	1068
4030.23751031455	1069
4027.98408375814	1070
4060.10650311234	1071
4050.03366515145	1072
4064.78773909708	1073
4057.20348088649	1074
4058.28775205868	1075
4033.96717802068	1076
4050.48495871701	1077
4065.01961398323	1078
4077.3110686403	1079
4047.21056534565	1080
4094.9468496905	1081
4034.25830420739	1082
4064.11654154714	1083
4043.9124794237	1084
4043.68646286186	1085
4060.03109776642	1086
4023.8599750335	1087
4019.34515286981	1088
4065.3719859183	1089
4053.0479917767	1090
4023.58334223933	1091
4051.63526180883	1092
4063.70436163643	1093
4061.78010693619	1094
4059.93143891336	1095
4069.74629992839	1096
4038.72156082828	1097
4030.46348678381	1098
4035.62625836881	1099
4013.21051440332	1100
4047.94708328628	1101
4029.56721861338	1102
4105.20682291277	1103
4022.70296952704	1104
4034.84026684897	1105
4072.24399578567	1106
4037.78586011078	1107
4097.35142570345	1108
4071.33068018629	1109
4029.27817341491	1110
4017.2339518274	1111
4029.96126386057	1112
4061.22212535038	1113
4014.33401644414	1114
4011.95506013738	1115
4057.92151242074	1116
4027.01658955093	1117
4050.43213953121	1118
4036.19808558128	1119
4049.96917114304	1120
4054.27347503679	1121
4051.52696645726	1122
4053.15727860471	1123
4062.54746277249	1124
4055.21843118648	1125
4030.867985665	1126
4025.12765574277	1127
4023.27125806358	1128
4085.42549971636	1129
4036.80477985362	1130
4040.8705895084	1131
4036.98606919196	1132
4015.38161146259	1133
4056.44784673224	1134
4042.357818172	1135
4031.706678166	1136
4007.75995810871	1137
4026.81185878241	1138
4041.46525291908	1139
4050.75786242322	1140
4054.26704223865	1141
4061.85947003997	1142
4047.13258203835	1143
4066.99543745078	1144
4072.10453745415	1145
4046.5279338327	1146
4073.10025466222	1147
4058.91451915373	1148
4074.28366534194	1149
4059.92781372908	1150
4033.97962003906	1151
4033.33420882287	1152
4066.37403633528	1153
4052.08088130863	1154
4046.17836520377	1155
4031.42413815514	1156
4010.51652998705	1157
4011.53786814803	1158
4011.965097203	1159
4035.01653699297	1160
4013.88809416978	1161
4048.13884969336	1162
4034.58602376903	1163
4056.62661956947	1164
4039.07962305852	1165
4037.47526836116	1166
4044.87450463144	1167
4013.84807389624	1168
4027.32206828095	1169
4036.62936119385	1170
4091.82132490683	1171
4039.99008216558	1172
4050.29134866063	1173
4027.18839658508	1174
4028.90221869757	1175
4033.0061410382	1176
4036.37167189292	1177
4066.36941025342	1178
4059.43050948115	1179
4055.33971705109	1180
4045.1064117106	1181
4056.09054258649	1182
4048.48261135094	1183
4051.15409971191	1184
4119.31873828147	1185
4011.73174036663	1186
4081.19017796895	1187
4058.83354519809	1188
4057.96334060034	1189
4058.98872101893	1190
4102.77485493671	1191
4033.28025446322	1192
4067.44907617848	1193
4051.14334899548	1194
4063.37034737657	1195
4041.02501689431	1196
4064.09390684949	1197
4017.30203925528	1198
4051.64184375405	1199
4038.93905782771	1200
4042.41205228963	1201
4011.18193194549	1202
4019.25193037711	1203
4084.31362483312	1204
4044.85931821941	1205
4068.258732997	1206
4069.08801024843	1207
4029.92712586802	1208
4056.2095268866	1209
4079.18264824158	1210
4060.878287037	1211
4039.2136795513	1212
4066.51538500504	1213
4070.35880503557	1214
4062.73085274469	1215
4047.75216721918	1216
4076.14409212097	1217
4064.31733358901	1218
4047.27851001526	1219
4060.60799006578	1220
4057.71303322719	1221
4006.08276443983	1222
4026.11407634947	1223
4021.5510320696	1224
4023.38045172549	1225
4036.12324135574	1226
4061.2177060191	1227
4024.4594540263	1228
4036.71594590111	1229
4071.47315306121	1230
4045.54157113232	1231
4046.12670825327	1232
4021.89253500657	1233
4060.87862287197	1234
4046.22706991721	1235
4036.32904858721	1236
4037.43289655075	1237
4023.27146405133	1238
4048.61490790006	1239
4094.25804656696	1240
4050.00179623606	1241
4090.65062809277	1242
4017.67012716047	1243
4095.28201462664	1244
4047.98693260581	1245
4019.99682945422	1246
4034.7055513407	1247
4063.2795172461	1248
4065.32064343367	1249
4080.18558730245	1250
4091.73816867927	1251
4038.86856868569	1252
4031.47051550363	1253
4049.36425408486	1254
4045.61114235858	1255
4032.74172453098	1256
4056.94860254289	1257
4047.35987432826	1258
4034.6314986764	1259
4041.91260560438	1260
4011.08941376683	1261
4066.85899965267	1262
4059.10579537597	1263
4061.67936192839	1264
4065.86569666975	1265
4045.5266294234	1266
4098.5274210093	1267
4039.76420225188	1268
4056.42910240116	1269
3996.20729577909	1270
4032.90232850857	1271
4053.23810176002	1272
4067.12162810441	1273
4036.41971890759	1274
4054.88688856437	1275
4065.84939904508	1276
4040.51315568026	1277
4015.02053000814	1278
4051.90916914591	1279
4043.91862453615	1280
4069.64352241701	1281
4046.5956210203	1282
4044.72570269239	1283
4048.32035918084	1284
4026.60045084252	1285
4068.54746688042	1286
4032.97269919609	1287
4061.08104875067	1288
4062.82875667372	1289
4068.4585517082	1290
4021.74838511955	1291
4102.94176625253	1292
4018.56723204147	1293
4043.63438697837	1294
4028.04746574074	1295
4041.00447929353	1296
4034.94947104205	1297
4029.08239986272	1298
4033.55990222743	1299
4033.38351826371	1300
4046.10719680121	1301
4037.38162118464	1302
4072.75869142467	1303
4067.29596311822	1304
4052.97629050406	1305
4036.17082198643	1306
4052.17196469369	1307
4046.33780394922	1308
4034.44526711517	1309
4040.23263059983	1310
4047.87097442072	1311
4049.38568087744	1312
4083.64678000839	1313
4048.17304921968	1314
4030.12626799671	1315
4043.3844978368	1316
4027.96195690534	1317
4036.78075867055	1318
4058.44013914779	1319
4031.50368921823	1320
4035.38886005466	1321
4045.31165991115	1322
4066.7356819812	1323
4020.69099265885	1324
4064.30005921274	1325
4042.08739508005	1326
4080.41879114078	1327
4063.88080408122	1328
4064.3946351061	1329
4052.48883286757	1330
4068.59202587266	1331
4041.36167468601	1332
4058.67288084613	1333
4058.2697926236	1334
4025.29985526134	1335
4065.22227166612	1336
4025.77049169231	1337
4037.0648942958	1338
4044.25541097048	1339
4006.20179087005	1340
4048.06978369845	1341
4065.37884881518	1342
4038.94707555509	1343
4058.16111443768	1344
4090.14921404159	1345
4049.88960817207	1346
4061.41694783986	1347
4059.7942783105	1348
4052.92187627615	1349
4079.35538206944	1350
4101.49885964649	1351
4054.17141667812	1352
4052.17129601922	1353
4038.15028498245	1354
4049.5440764711	1355
4095.24257224915	1356
4085.55331504687	1357
4060.85856046929	1358
4065.58186948869	1359
4045.72080067109	1360
4079.50523021884	1361
4048.37700529139	1362
4043.54011119112	1363
4080.39357964291	1364
4081.52650321369	1365
4087.18295611585	1366
4028.77037196795	1367
4030.21162877541	1368
4077.36315889155	1369
4023.48277484916	1370
4060.96674294423	1371
4043.33344318301	1372
4061.54626637482	1373
4047.83498513792	1374
4064.18035201362	1375
4047.71305325184	1376
4067.09146789042	1377
4060.09976365109	1378
4081.39212094075	1379
4036.45044556954	1380
4062.6673140183	1381
4064.38914697001	1382
4037.57106656351	1383
4058.3486011914	1384
4067.21937132603	1385
4066.63411143907	1386
4029.95466194608	1387
4043.12431176896	1388
4051.25749167306	1389
4059.33175779945	1390
4042.12776049484	1391
4069.96902707775	1392
4052.57502316153	1393
4063.3241669177	1394
4000.03678502842	1395
4076.06559151149	1396
4026.2536757892	1397
4070.04202235059	1398
4067.13542887474	1399
4030.36832028952	1400
4035.78059601208	1401
4037.54673673121	1402
4012.96335610918	1403
4020.0779470195	1404
4080.79930632761	1405
4043.14298333935	1406
4082.75719939186	1407
4044.94034503803	1408
4040.10658774254	1409
4072.55204672734	1410
4022.99634050011	1411
4028.84458446419	1412
4051.62421269864	1413
4075.83620709077	1414
4046.05155056017	1415
4031.86286834081	1416
4032.65076861568	1417
4018.34040140913	1418
4045.26954164152	1419
4042.81123547263	1420
4010.36165628161	1421
4047.56419555446	1422
4050.19549090892	1423
4029.27661333986	1424
4074.65228508345	1425
4042.06799819141	1426
4065.10279034451	1427
4039.06639023547	1428
4051.12131753601	1429
4048.30873365618	1430
4055.04956562083	1431
4052.47307550909	1432
4072.25726108424	1433
4069.81670120307	1434
4043.3705397633	1435
4044.74873183913	1436
4047.86552910554	1437
4069.42494383812	1438
4012.67785119043	1439
4043.80117399782	1440
4037.39542885024	1441
4067.08249628611	1442
4048.73526462043	1443
4015.41702305346	1444
4044.10622901002	1445
4073.41865990718	1446
4050.6040392427	1447
4035.50653742314	1448
4052.7297092985	1449
4017.56066225186	1450
4090.97108633206	1451
4015.42395838942	1452
4013.41335588713	1453
4024.48672322795	1454
4085.94990720768	1455
4045.35624441933	1456
4051.35218091519	1457
4067.14663378783	1458
4072.7367577133	1459
4061.35931886788	1460
4062.7457304901	1461
4024.55907555984	1462
4072.18175700085	1463
4020.54487423084	1464
4060.12975368637	1465
4035.23032937565	1466
4032.26418017327	1467
4063.29123492425	1468
4085.25425531087	1469
4065.27151970384	1470
4068.65874198231	1471
4055.51979655215	1472
4058.22630537844	1473
4042.26773844878	1474
4050.2818942841	1475
4043.32282183694	1476
4039.15220876389	1477
4049.37093418931	1478
4056.1599965827	1479
4041.37432649676	1480
4067.12429863424	1481
4015.42176648826	1482
4032.18196045187	1483
4018.76926951339	1484
4042.69223229548	1485
4078.50951594352	1486
4053.23004681469	1487
4050.78693820435	1488
4037.67597603017	1489
4048.26128374961	1490
4049.98821268674	1491
4056.21952817407	1492
4043.95143885066	1493
4075.45530136336	1494
4070.29482441962	1495
4071.34171623171	1496
4065.76776691909	1497
4020.23527273408	1498
4041.05997988842	1499
4053.34784173242	1500
4037.66769750224	1501
4054.82876014716	1502
4022.72826280369	1503
4019.02241904447	1504
4059.53613736505	1505
4066.60241843946	1506
4041.53187020762	1507
4041.68987675156	1508
4032.81953640879	1509
4038.49384835029	1510
4024.4490737619	1511
4042.96667095982	1512
4072.53609234102	1513
4082.67016880036	1514
4068.51119282045	1515
4051.6234834419	1516
4035.57400850651	1517
4086.13505800618	1518
4057.64018002631	1519
4036.33104737835	1520
4063.63144175612	1521
4023.69366516121	1522
4068.05567095634	1523
4063.51850970782	1524
4004.76470027326	1525
4041.78080455645	1526
4023.04551921898	1527
4053.45500658169	1528
4044.17488882958	1529
4050.25095412439	1530
4038.37818588473	1531
4053.51351199012	1532
4097.28344521327	1533
4056.04650607976	1534
4073.00035815106	1535
4084.41286913181	1536
4062.5795020549	1537
4028.87218285439	1538
4081.06981162677	1539
4044.14016705375	1540
4057.89815768921	1541
4079.8164021855	1542
4013.74341911728	1543
4081.82208650351	1544
4035.5739210893	1545
4074.01535302753	1546
3985.62011817328	1547
4027.6462177414	1548
4076.4181619704	1549
4062.27197185603	1550
4044.00197424927	1551
4061.43141022792	1552
4035.19320582841	1553
4056.49084805273	1554
4072.49115994555	1555
4039.10916167611	1556
4043.37646999722	1557
4076.2548643664	1558
4029.78198134016	1559
4045.03253879554	1560
4032.90319550167	1561
4060.8914952393	1562
4085.46442735892	1563
4074.91701768159	1564
4017.82645206031	1565
4031.39082472533	1566
4055.64942287084	1567
4050.70815867099	1568
4087.37791036589	1569
4094.74416809907	1570
4082.68908913003	1571
4032.23407281805	1572
4048.25635811844	1573
4056.66216744906	1574
4044.0815522927	1575
4053.43003717709	1576
4046.51703077259	1577
4043.63104093478	1578
4030.32787384215	1579
4013.13236984234	1580
4050.28299819606	1581
4070.86871062403	1582
4042.39073942752	1583
4048.24042155731	1584
4066.87422132457	1585
4051.15320395714	1586
4035.81465447702	1587
4084.78857256963	1588
4065.33164273297	1589
4043.83278916871	1590
4075.19844961645	1591
4046.7474173179	1592
4040.0805252572	1593
4059.58358042851	1594
4069.49153664867	1595
4049.76462035057	1596
4086.58368578019	1597
4068.77133475753	1598
4047.8106354277	1599
4073.70395183397	1600
4044.14524152982	1601
4038.90545526794	1602
4037.85325654402	1603
4081.82423433167	1604
4027.35630251316	1605
4053.98300196559	1606
4054.83821027512	1607
4054.30041746473	1608
4049.8185471536	1609
4058.10853297148	1610
4034.90938799019	1611
4060.59971062742	1612
4056.29828159285	1613
4053.69844026797	1614
4002.23683077442	1615
4049.62022732174	1616
4042.62452765674	1617
4052.80060760254	1618
4090.33765921059	1619
4068.10582757819	1620
4021.98169024525	1621
4081.13393383673	1622
4060.20508224286	1623
4054.01177055584	1624
4040.52594177402	1625
4048.9687047165	1626
4051.77983386486	1627
4033.25029171172	1628
4028.12028182282	1629
4032.74683279386	1630
4063.55131528255	1631
4057.97250089973	1632
4073.89966670202	1633
4080.03660901276	1634
4038.04492426563	1635
4050.60214653495	1636
4029.7969212408	1637
4077.58626416564	1638
4016.31525059556	1639
4057.1810070637	1640
4077.48416928203	1641
4069.66294043791	1642
4069.37810219111	1643
4048.14563390487	1644
4052.91992962111	1645
4063.32797403631	1646
4058.76249396572	1647
4031.6865489688	1648
4023.46694013771	1649
4046.43594416678	1650
4056.72789365078	1651
4043.67656729584	1652
4057.46696030553	1653
4027.72536650354	1654
4016.44389900352	1655
4083.5120487818	1656
4054.64007288287	1657
4028.18469977585	1658
4060.16077621982	1659
4043.21146684543	1660
4057.05123880547	1661
4003.45322691316	1662
4029.09366167562	1663
4055.28972476152	1664
4081.24514401026	1665
4046.48165392836	1666
4012.48029107198	1667
4033.10154068846	1668
4032.16155328516	1669
4075.80190655847	1670
4061.1047136766	1671
4002.24607754605	1672
4066.39360486115	1673
4061.22262706103	1674
4039.85964248165	1675
4051.93814280439	1676
4033.84897446727	1677
4088.07542563322	1678
4012.89530418654	1679
4053.24903796571	1680
4048.35570871746	1681
4077.30689516674	1682
4066.59156260276	1683
4052.12384246397	1684
4019.82618479175	1685
4066.81550035538	1686
4081.98409309476	1687
4056.88532361357	1688
4074.89269070163	1689
4038.85508370205	1690
4080.53267027361	1691
4068.04466193459	1692
4072.7960079519	1693
4048.86983580863	1694
4075.77001673494	1695
4052.80312512036	1696
4059.88319664371	1697
4027.22413944287	1698
4045.84106267923	1699
4057.78953686695	1700
4068.66465244701	1701
4059.55294200054	1702
4037.72383619451	1703
4058.92815642031	1704
4037.84980960329	1705
4042.14025368385	1706
4043.77163131499	1707
4095.67824565352	1708
4023.02838624951	1709
4033.40008828001	1710
4022.79852588374	1711
4049.49179980312	1712
4033.82554007101	1713
4063.01960412096	1714
4063.57257139425	1715
4066.16222258411	1716
4029.53195228968	1717
4074.12466908574	1718
4034.87369069201	1719
4024.92707099965	1720
4038.71193879503	1721
4037.64116846648	1722
4041.17626045413	1723
4055.8007512289	1724
4044.29529828575	1725
4046.72098408966	1726
4045.09109687584	1727
4060.68600146794	1728
4072.42871260608	1729
4034.58670962831	1730
4035.98951803797	1731
4079.28951773271	1732
4067.3795520319	1733
4058.02826615462	1734
4026.5805720453	1735
4063.02451934226	1736
4027.13283748014	1737
4022.520788634	1738
4072.26554693939	1739
4080.78027310657	1740
4032.63761480821	1741
4053.22967952092	1742
4091.53840483408	1743
4063.98522329024	1744
4022.355134512	1745
4045.2706462068	1746
4026.99367458806	1747
4027.08921009909	1748
4021.69614696762	1749
4047.97422321862	1750
4072.16409120672	1751
4017.5373146011	1752
4054.45032882648	1753
4025.66031869407	1754
4027.66881972807	1755
4046.05673968259	1756
4082.72527899485	1757
4026.11312495646	1758
4059.65950984239	1759
4030.01069063886	1760
4058.63644970139	1761
4022.52178449508	1762
4063.95937603454	1763
4042.59068662276	1764
4058.05654148475	1765
4056.46308318447	1766
4077.45326911046	1767
4044.20213246527	1768
4068.49749864514	1769
4080.37729315457	1770
4058.51339801926	1771
4036.81856310929	1772
4054.79215585995	1773
4083.21259715793	1774
4070.1484989949	1775
4048.15883467125	1776
4061.74497861437	1777
4057.092990915	1778
4060.40200641102	1779
4028.65529545805	1780
4056.82875087531	1781
4043.90124205298	1782
4007.06991223132	1783
4028.55195143561	1784
4035.67563634122	1785
4074.56484768286	1786
4029.30525344189	1787
4082.35993476238	1788
4031.00689111055	1789
4077.5504896462	1790
4060.32665326649	1791
4064.51328678814	1792
4046.69974046265	1793
4079.79366526128	1794
4047.57130734693	1795
4062.52322746452	1796
4079.0714985554	1797
4041.62713081462	1798
4057.93343877141	1799
4032.5398667427	1800
4040.82511324745	1801
4039.37463167912	1802
4048.3702072472	1803
4077.10017709731	1804
4056.27885324487	1805
4063.29756282908	1806
4060.96259532065	1807
4046.5320401565	1808
4084.13651940611	1809
4055.59511750899	1810
4080.4049056627	1811
4046.06819675321	1812
4043.6004260254	1813
4060.79671991543	1814
4050.65104436781	1815
4040.71413301034	1816
4057.50486885015	1817
4059.07844702086	1818
4034.07891386486	1819
4066.90901934209	1820
4041.41528246356	1821
4047.59335045979	1822
4051.91425259208	1823
4058.23946759588	1824
4074.82946049686	1825
4037.88091036117	1826
4040.53021408764	1827
4056.9217580257	1828
4057.89743851799	1829
4094.96112176116	1830
4057.28317156402	1831
4052.00538188813	1832
4005.92635026115	1833
4059.67329764774	1834
4021.57809788233	1835
4037.09755208546	1836
4033.69135368914	1837
4050.60718338453	1838
4066.93765663736	1839
4060.19303279481	1840
4078.65987354632	1841
4011.53834119023	1842
4061.13510183843	1843
4003.07317586612	1844
4070.7874637146	1845
4081.21337662811	1846
4099.03995302723	1847
4058.22170697025	1848
4062.08879903087	1849
4070.99434390722	1850
4027.11873115899	1851
4063.43735322359	1852
4089.91121888226	1853
4031.64920803883	1854
4044.59906063347	1855
4038.24052978543	1856
4048.66113223939	1857
4070.4530258807	1858
4058.69771147627	1859
4056.30184324766	1860
4021.28677810295	1861
4011.34234057942	1862
4079.23215200893	1863
4061.64074144183	1864
4060.19926441874	1865
4015.14862497803	1866
4050.68990943115	1867
4031.17776558441	1868
4024.05947852614	1869
4085.22283582909	1870
4035.63677620583	1871
4016.87642549918	1872
4014.07071221583	1873
4056.80520438515	1874
4014.42450325361	1875
4021.57562366473	1876
4037.92960139231	1877
4026.1277795713	1878
4046.17662297545	1879
4055.0746969151	1880
4041.89001144552	1881
4058.83887269852	1882
4031.98017068608	1883
4065.28299574306	1884
4089.28134139228	1885
4048.14643894187	1886
4073.39925502052	1887
4046.87233710817	1888
4046.38767300786	1889
4038.64751170641	1890
4063.83947660033	1891
4052.86051476357	1892
4048.85771930298	1893
4052.53037194081	1894
4029.74765978754	1895
4067.86855825351	1896
4030.27193688677	1897
4040.78531453536	1898
4052.24345644583	1899
4067.70534999333	1900
4071.04002159408	1901
4061.35300832237	1902
4081.46530537898	1903
4041.03545512792	1904
4058.5730629149	1905
4064.93267162045	1906
4050.27339855913	1907
4044.05647333806	1908
4040.77284695203	1909
4037.69306358967	1910
4081.89271276218	1911
4042.11360833897	1912
4085.51313827766	1913
4038.8695436292	1914
4062.29228588021	1915
4053.13913309655	1916
4055.20867623976	1917
4021.57065491266	1918
4063.25755313156	1919
4022.72784820963	1920
4040.07657993884	1921
4060.15749173835	1922
4076.45237124749	1923
4070.11029516957	1924
4037.94448252719	1925
4045.65383309568	1926
4048.25456976476	1927
4015.37184240149	1928
4085.13290437078	1929
4025.46057711923	1930
4046.89180075802	1931
4083.59014841754	1932
4064.51065738628	1933
4023.9508884523	1934
4065.59867511511	1935
4058.96101229568	1936
4058.78674182583	1937
4067.34405176589	1938
4029.910767232	1939
4023.55532089374	1940
4040.02902363103	1941
4069.36159052396	1942
4075.13005396757	1943
4056.69418032533	1944
4055.49062540777	1945
4030.17447373291	1946
4058.98401538799	1947
4043.76819275029	1948
4021.46086403003	1949
4051.4689260542	1950
4048.92523680867	1951
4031.89903247859	1952
4042.32280639716	1953
4062.74226648344	1954
4010.4648864789	1955
4059.84975945332	1956
4054.65685451732	1957
4078.16290351295	1958
4022.79873886852	1959
4048.61350663171	1960
4032.60863200646	1961
4092.22502089767	1962
4041.91775628498	1963
4042.19342346962	1964
4063.47379936777	1965
4052.44934747092	1966
4031.99924433859	1967
4077.96083612333	1968
4043.4264330706	1969
4056.9747854765	1970
4072.84931349451	1971
4050.60400268452	1972
4070.28728057958	1973
4028.01174209343	1974
4057.31441084295	1975
4065.65711581091	1976
4059.04752314708	1977
4080.01679118644	1978
4026.02959163932	1979
4036.87297352159	1980
4095.6773869694	1981
4068.63276855224	1982
4058.0891087338	1983
4018.41566404107	1984
4048.03518698773	1985
4058.29527935241	1986
4071.15383572777	1987
4058.60584735416	1988
4056.14709380354	1989
4062.59119536219	1990
4072.00146989139	1991
4056.534262625	1992
4040.59980943983	1993
4067.28160542523	1994
4046.16732868841	1995
4051.18034887396	1996
4070.76099079903	1997
4079.69525870685	1998
4059.78862002665	1999
4052.68191637885	2000
4012.83750201046	2001
4041.62568877063	2002
4042.31275513266	2003
4079.79220194023	2004
4058.18071085072	2005
4038.52105774995	2006
4069.62354822399	2007
4038.68292359039	2008
4063.93308717965	2009
4037.81229897422	2010
4016.94690525863	2011
4038.87515201491	2012
4048.59578009607	2013
4077.2013327219	2014
4039.6834062995	2015
4062.38239900301	2016
4038.62067827308	2017
4046.83718547105	2018
4028.41799443658	2019
4044.95885326604	2020
4059.00888262599	2021
4059.63904070476	2022
4080.33970487027	2023
4043.65614789026	2024
4041.91840499713	2025
4062.45780260791	2026
4056.46817201564	2027
4034.97008539941	2028
4023.19174598359	2029
4073.61938979122	2030
4059.45485633946	2031
4055.66802897168	2032
4058.40694567514	2033
4076.11536819887	2034
4047.43209925015	2035
4069.07261919134	2036
4042.8381688423	2037
4068.94407541377	2038
4068.29722624396	2039
4044.42618174922	2040
4026.80380951447	2041
4054.74207851319	2042
4069.56226431138	2043
4046.56887832657	2044
4054.7747320884	2045
4017.52330809346	2046
4080.43446425518	2047
4071.94877986035	2048
4022.39782640095	2049
4020.68986108156	2050
4055.70060413673	2051
4093.69095710524	2052
4031.37143532817	2053
4069.23793234915	2054
4073.46141293971	2055
4030.68153883748	2056
4048.26863986878	2057
4079.70428434105	2058
4063.94413481988	2059
4052.50345963675	2060
4050.35728925752	2061
4062.85324532929	2062
4048.67172061249	2063
4018.81544375532	2064
4063.17763668394	2065
4026.74748957717	2066
4048.11314199244	2067
4049.00095875668	2068
4031.94730977217	2069
4065.20146663387	2070
4051.93326990987	2071
4035.8869691187	2072
4033.02092200139	2073
4105.14316438837	2074
4055.68505312879	2075
4099.34181550909	2076
4044.1936375593	2077
4060.53532687519	2078
4068.93601954789	2079
4091.47873750773	2080
4049.49920789695	2081
4038.21338721366	2082
4078.01332866617	2083
4057.62640110773	2084
4071.44388381847	2085
4066.78885017654	2086
4062.52723570406	2087
4064.01806223544	2088
4097.75279012906	2089
4052.82060377354	2090
4062.57125627081	2091
4058.41270406563	2092
4098.10632151547	2093
4041.3197577629	2094
4018.29017392559	2095
4056.71642533191	2096
4051.36606579173	2097
4052.27337654699	2098
4043.0341645521	2099
4071.31214473621	2100
4066.63791747276	2101
4046.58570948012	2102
4045.4453513841	2103
4071.0572042157	2104
4038.33893712514	2105
4044.69451882752	2106
4039.15344040178	2107
4052.67191129126	2108
4036.96647581376	2109
4052.31100797898	2110
4065.64464802038	2111
4083.40412202644	2112
4065.22588838809	2113
4056.19329970737	2114
4066.24818027682	2115
4061.78422430252	2116
4038.31083531984	2117
4045.48438044038	2118
4073.28280325069	2119
4057.29316246003	2120
4042.24005748528	2121
4074.6994575864	2122
4058.4186199732	2123
4070.17965821396	2124
4076.75844020135	2125
4057.42510474234	2126
4044.88546271954	2127
4043.45758387658	2128
4020.66332051292	2129
4047.62844535892	2130
4046.54518402493	2131
4067.66725918504	2132
4051.27169521439	2133
4030.09839507528	2134
4036.05783111919	2135
4074.25730313054	2136
4050.345600502	2137
4039.32490980587	2138
4049.06612646693	2139
4045.67435436728	2140
4047.08480519608	2141
4050.26572680044	2142
4019.25041888076	2143
4067.5901055021	2144
4045.21079378996	2145
4059.0878545488	2146
4017.64754612252	2147
4041.96866159737	2148
4044.11164258149	2149
4070.77846370783	2150
4034.25759989518	2151
4039.75696629948	2152
4065.55675086596	2153
4013.54974586504	2154
4024.03279190554	2155
4064.18474723295	2156
4045.51777872004	2157
4039.96868784249	2158
4072.49216589237	2159
4048.00835330856	2160
4057.7491154527	2161
4051.01855862473	2162
4012.08784736851	2163
4070.38768938684	2164
4032.9976134176	2165
4062.568851424	2166
4034.83495732174	2167
4059.75720850286	2168
4054.26073229257	2169
4068.64830728499	2170
4080.32111350671	2171
4049.63066765086	2172
4047.51272782934	2173
4038.03380539653	2174
4050.02999138875	2175
4052.76025249092	2176
4015.79769695385	2177
4054.51180751403	2178
4063.62968154015	2179
4049.75532736486	2180
4022.87128610293	2181
4067.75788658239	2182
4037.14783662015	2183
4079.11902365864	2184
4048.19547189264	2185
4037.88427267197	2186
4061.67701024261	2187
4042.2620149985	2188
4041.76394289881	2189
4038.5808983563	2190
4035.41795235225	2191
4065.03580170863	2192
4044.07410278601	2193
4040.40231429577	2194
4025.42893710869	2195
4084.92581093102	2196
4020.35981206064	2197
4036.81897716392	2198
4058.23315093417	2199
4087.77527547598	2200
4079.78970683319	2201
4060.77183600473	2202
4021.30103563035	2203
4071.14402467058	2204
4042.24228329227	2205
4050.28447613016	2206
4037.41818124355	2207
4039.24879664999	2208
4049.72003536242	2209
4053.81899956876	2210
4017.04718286741	2211
4033.69652969701	2212
4048.51230912718	2213
4058.94254824583	2214
4061.25930219093	2215
4071.26710075839	2216
4033.74739803066	2217
4048.46897783571	2218
4019.64421233769	2219
4025.8503832521	2220
4021.72888470156	2221
4048.05157240984	2222
4071.48251038984	2223
4027.69630577864	2224
4058.00373687206	2225
4061.319838909	2226
4050.47445763297	2227
4060.91988814277	2228
4066.87833391485	2229
4073.51567734988	2230
4034.63895027631	2231
4028.38250170902	2232
4060.00625710982	2233
4058.74715469363	2234
4064.95815177086	2235
4049.32094297639	2236
4080.53118008325	2237
4051.38133634581	2238
4051.63887790992	2239
4057.04642092254	2240
4050.76815801069	2241
4037.56365643554	2242
4095.31458703167	2243
4075.67989236753	2244
4021.65074253015	2245
4024.81621222101	2246
4026.13402730936	2247
4049.81918328921	2248
4090.18089582617	2249
4044.41367734071	2250
4030.2916997549	2251
4042.0725752962	2252
4062.87780048099	2253
4085.57058197762	2254
4047.0180716023	2255
4038.94781420698	2256
4050.78807778176	2257
4075.94722380992	2258
4048.44695280786	2259
4059.40644854346	2260
4020.40909760278	2261
4025.21096108007	2262
4032.82217611645	2263
4070.84362483329	2264
4038.51688452179	2265
4042.84719407379	2266
4072.54779462378	2267
4044.59793400474	2268
4073.55300979238	2269
4045.82228421875	2270
4019.36430005023	2271
4082.57759243043	2272
4046.4877378832	2273
4077.16009673683	2274
4031.20494668977	2275
4014.83399544364	2276
4075.75750707097	2277
4008.58147718936	2278
4052.63333534148	2279
4038.72393697486	2280
4041.15044035564	2281
4059.03261842245	2282
4076.92611678353	2283
4054.72551141617	2284
4078.76105918944	2285
4060.73070415139	2286
4039.37645370882	2287
4025.67923830293	2288
4082.14664675574	2289
4046.76606749412	2290
4056.08460819548	2291
4077.07928653079	2292
4053.86849288065	2293
4067.44158566259	2294
4052.31979286114	2295
4079.22008774374	2296
4110.44588489235	2297
4067.70368731838	2298
4036.50375443917	2299
4055.83699311315	2300
4069.00364271203	2301
4034.52260997335	2302
4075.05456996073	2303
4035.04099861493	2304
4082.91886289895	2305
4056.2477212246	2306
4046.2490764017	2307
4070.44929418842	2308
4053.79337999102	2309
4034.64864142732	2310
4056.97111651864	2311
4063.13896044981	2312
4081.66191124809	2313
4018.60523740778	2314
4084.94300569464	2315
4049.11373518468	2316
4052.98848570149	2317
4074.16376399006	2318
4046.78125513424	2319
4063.59635097771	2320
4042.16343956322	2321
4051.83935752965	2322
4011.95720420146	2323
4078.35044120728	2324
4040.76572865385	2325
4017.18069126684	2326
4005.79551357306	2327
4048.23525282074	2328
4067.29158654046	2329
4043.4694624688	2330
4039.03930262359	2331
4046.20041599011	2332
4053.19258157744	2333
4062.38020042673	2334
4004.87744279097	2335
4029.20121148439	2336
4063.00378734654	2337
4064.85804406505	2338
3996.88386905713	2339
4064.14416600336	2340
4060.64863646937	2341
4076.90360870469	2342
4021.25761123516	2343
4031.62005991155	2344
4074.80139557898	2345
4035.82441268046	2346
4090.08423404781	2347
4011.22961395879	2348
4102.60783967753	2349
4070.46576884526	2350
4032.30856313927	2351
4043.95137443173	2352
4023.53590827145	2353
4073.57198384824	2354
4069.83729586292	2355
4049.32795075051	2356
4044.44303066184	2357
4056.86783394379	2358
4032.89350293241	2359
4021.39318594836	2360
4068.61005279881	2361
4073.49914483695	2362
4056.60122778705	2363
4034.75018248718	2364
4041.68770651748	2365
4065.85597248467	2366
4026.64861193085	2367
4045.03691936678	2368
4069.13313254664	2369
4058.48570938835	2370
4075.36068455542	2371
4051.90802615088	2372
4030.37743062967	2373
4045.6086830828	2374
4028.18809098201	2375
4058.36922795013	2376
4040.63067549842	2377
4082.25960905462	2378
4053.47432012296	2379
4054.78337930323	2380
4048.93412126605	2381
4024.91319531744	2382
4070.55671361951	2383
4079.75353394634	2384
4045.25342721634	2385
4051.80268797064	2386
4058.98310632828	2387
4080.71830677992	2388
4035.78155252206	2389
4035.62234510512	2390
4055.84308584176	2391
4032.97908224434	2392
4062.0212817336	2393
4043.16929130015	2394
4081.24409461563	2395
4028.9441948117	2396
4053.78690563355	2397
4045.12145365615	2398
4047.78864420036	2399
4089.86155691457	2400
4045.37880931631	2401
4016.23728820289	2402
4031.13862788521	2403
4025.96280591949	2404
4053.12806345395	2405
4084.10026763203	2406
4065.9240862813	2407
4018.53384028859	2408
4061.29728056846	2409
4049.553541536	2410
4064.04328443324	2411
4065.72561042324	2412
4009.55450074572	2413
4060.16677909275	2414
4040.71990594143	2415
4050.95284708144	2416
4018.121680244	2417
4039.20174972665	2418
4070.47913751892	2419
4057.83485670468	2420
4032.90034915701	2421
4027.44366509129	2422
4054.5564325634	2423
4017.15379921103	2424
4053.7087329987	2425
4049.96547941456	2426
4043.33445745642	2427
4010.73043390034	2428
4053.88695857677	2429
4052.90507489669	2430
4026.91749690305	2431
4041.9305800617	2432
4084.81302244003	2433
4044.06554743778	2434
4091.57315219879	2435
4019.3203298387	2436
4066.060525236	2437
4062.4784604943	2438
4039.13357680197	2439
4051.75764091151	2440
4073.05608243564	2441
4033.52851705004	2442
4055.58296582088	2443
4034.88996891358	2444
4094.48178343173	2445
4029.00228435549	2446
4048.49110716213	2447
4060.66195873124	2448
4042.52288190767	2449
4047.47034802907	2450
4036.86847507987	2451
4072.54273157037	2452
4042.15527267853	2453
4031.21474310184	2454
4052.94025714681	2455
4026.45313614345	2456
4034.64041595853	2457
4016.76505497628	2458
4060.50258749329	2459
4070.64671288531	2460
4036.67359554822	2461
4031.98667276431	2462
4059.29838243391	2463
4026.540033543	2464
4030.23107119779	2465
4057.76978345516	2466
4020.31063596467	2467
4034.14610235996	2468
4002.73784926053	2469
4048.14864517153	2470
4035.96915401053	2471
4053.41603992756	2472
4001.36882371201	2473
4066.5032772325	2474
4073.39985050957	2475
4039.62171512981	2476
4047.18735016881	2477
4052.73443839925	2478
4040.97974110213	2479
4042.53647044499	2480
4005.77716369964	2481
4038.61682036738	2482
4086.41692649627	2483
4043.67122567781	2484
4076.29875725289	2485
4061.33930010779	2486
4022.95493784612	2487
4043.92774385766	2488
4078.78673770485	2489
4022.14079091792	2490
4071.2308568105	2491
4049.67892396207	2492
4065.07161900129	2493
4069.32522855989	2494
4053.40730259546	2495
4070.37725782184	2496
4038.59756525235	2497
4009.65521191561	2498
4045.36932761394	2499
4053.92735681014	2500
4045.48712555972	2501
4058.96895052767	2502
4033.17718631308	2503
4013.2371822649	2504
4054.30104473492	2505
4047.83967784141	2506
4043.67195964658	2507
4073.22326144901	2508
4042.85932094219	2509
4043.28163347129	2510
4073.92034043394	2511
4070.66940701463	2512
4048.37782779184	2513
4042.8579675243	2514
4043.49382181107	2515
4069.07267232345	2516
4034.94465702663	2517
4045.79307373627	2518
4060.73641017139	2519
4027.06100757023	2520
4038.77181931946	2521
4061.20185215166	2522
4065.64898436223	2523
4052.82809065694	2524
4084.76649802672	2525
4060.2984586366	2526
4034.28363098475	2527
4036.20301372077	2528
4052.68871526702	2529
4031.75158803869	2530
4049.14127664033	2531
4035.70612125028	2532
4070.82460713333	2533
4022.59320389912	2534
4061.83163197062	2535
4025.75667097295	2536
4014.5082715004	2537
4089.03911932752	2538
4026.55621792012	2539
4049.54746357345	2540
4051.73723287145	2541
4077.4494658294	2542
4109.84101422782	2543
4049.53945479951	2544
4061.3687135429	2545
4012.4520356309	2546
4065.8966612899	2547
4021.23413513486	2548
4005.06928332611	2549
4036.842434261	2550
4077.2596578491	2551
4040.45975617239	2552
4031.28816668203	2553
4035.38577588291	2554
4052.22997568834	2555
4056.11944875603	2556
4066.74885987683	2557
4081.49551882995	2558
4042.47604976118	2559
4019.44352764368	2560
4008.63704041345	2561
4007.45315504727	2562
4035.21686447989	2563
4041.86029787756	2564
4013.13870212464	2565
4057.37169902136	2566
4047.16564153087	2567
4048.52109373353	2568
4093.89660010099	2569
4059.97280234672	2570
4039.91131111882	2571
4094.72710535243	2572
4069.63419744105	2573
4049.7896500204	2574
4039.0860155131	2575
4037.2299649708	2576
4039.8938742337	2577
4055.0918235177	2578
4058.79676880543	2579
4078.18592946733	2580
4026.62870573271	2581
4041.16360347126	2582
4038.59271681204	2583
4022.92254752086	2584
4048.17439921203	2585
4023.06805667998	2586
4033.51215335758	2587
4088.60426073376	2588
4070.34649575996	2589
4058.21617851729	2590
4030.33205849259	2591
4009.53298686198	2592
4042.3562088439	2593
4054.86595493999	2594
4020.98517654356	2595
4046.91319423233	2596
4045.76348852172	2597
4062.45107821965	2598
4013.71484666764	2599
4058.5996000502	2600
4055.19000505633	2601
4052.88424733177	2602
4055.77080282749	2603
3999.91900307473	2604
4054.33017785657	2605
4061.01752913645	2606
4020.35384586721	2607
4076.7987590523	2608
4047.64626135029	2609
4041.68766511401	2610
4065.67071618573	2611
4050.09520072993	2612
4068.27276868338	2613
4029.92874840041	2614
4020.07840390196	2615
4012.13599225135	2616
4102.24976347224	2617
4060.11822429089	2618
4034.66114304807	2619
4036.59538335401	2620
4017.94048431051	2621
4061.41554535745	2622
4051.8955673615	2623
4050.37503529512	2624
4068.09806284422	2625
4021.02991180024	2626
4052.87115942236	2627
4050.75989417869	2628
4036.08583333921	2629
4011.0818711738	2630
4022.42189583352	2631
4048.51161754684	2632
4092.91094823771	2633
4030.41591223099	2634
4085.78993591602	2635
4053.81442136106	2636
4017.22795858535	2637
4050.73928283107	2638
4054.22571059736	2639
4062.26542239764	2640
4072.5290921924	2641
4018.42284880697	2642
4046.51604453838	2643
4075.75179866535	2644
4051.27957675587	2645
4054.44806196099	2646
4046.66410348355	2647
4081.59512734066	2648
4069.41140235281	2649
4044.67946174386	2650
4058.89800691215	2651
4036.49551058208	2652
4051.0081750634	2653
4078.57541660512	2654
4060.10745353006	2655
4036.00071681487	2656
4069.79128576606	2657
4044.45332991329	2658
4053.44524815845	2659
4027.41595406292	2660
4046.79502551735	2661
4035.90607712788	2662
4057.7976382886	2663
4047.91100148875	2664
4060.91390075065	2665
4048.22305352538	2666
4049.68013504614	2667
4060.71152682552	2668
4053.06431154641	2669
4045.48470159025	2670
4028.33940155705	2671
4091.52769208891	2672
4036.30843001974	2673
4032.24847592275	2674
4035.05426485614	2675
4051.16819633941	2676
4077.55434732464	2677
4031.9743136692	2678
4043.73396366225	2679
4055.40918398999	2680
4030.35512631237	2681
4040.49333682422	2682
4027.62017354839	2683
4076.87172720372	2684
4038.84485675734	2685
4056.5547080069	2686
4066.52392137304	2687
4057.51656327266	2688
4038.69222714167	2689
4034.24234398982	2690
4037.6155749108	2691
4031.40953147825	2692
4029.54270448481	2693
4062.70128466179	2694
4071.89303480155	2695
4067.14757491019	2696
4076.8558444685	2697
4092.24862303086	2698
4099.59012722003	2699
4045.89315323739	2700
4079.35563556581	2701
4043.49953745999	2702
4054.15093003882	2703
4055.79791910762	2704
4029.69253898556	2705
4045.50447855689	2706
4028.38222138653	2707
4029.35931287078	2708
4023.89628442248	2709
4050.83520578861	2710
4027.02996753018	2711
4027.84492097011	2712
4048.6169661948	2713
4006.94756493037	2714
4071.97213670284	2715
4044.70092001279	2716
4067.51282630478	2717
4027.35031349245	2718
4030.38632262458	2719
4067.77953790246	2720
4066.24353689674	2721
4073.85888444685	2722
4076.97878444622	2723
4025.17632315398	2724
4063.98685475486	2725
4052.93919786925	2726
4035.20160496797	2727
4042.79614476875	2728
4076.60147939242	2729
4059.49193632777	2730
4059.81557643231	2731
4053.21448864601	2732
4049.16420106068	2733
4063.96173532831	2734
4039.04244835307	2735
4045.12453553273	2736
4031.39535461143	2737
4038.24178829061	2738
4033.20040124042	2739
4027.46124433638	2740
4045.07467780563	2741
4018.02960136349	2742
4045.92950749153	2743
4048.45431514138	2744
4046.97426470603	2745
4063.97184956588	2746
4073.81988929763	2747
4063.94502685712	2748
4072.39284943264	2749
4048.3190157644	2750
4053.84614550382	2751
4067.54446547165	2752
4027.7448917102	2753
4038.48489436583	2754
4078.72931706986	2755
4061.06704002569	2756
4084.72824140862	2757
4043.48968173632	2758
4058.74385783108	2759
4059.12087677728	2760
4059.42897161312	2761
4051.88562913769	2762
4034.01940510118	2763
4050.33862392733	2764
4066.06894208182	2765
4030.29747957103	2766
4044.34918365252	2767
4066.67702833325	2768
4055.83283482102	2769
4065.11145720573	2770
4046.05649310106	2771
4066.30889503169	2772
4020.26500165201	2773
4069.62222860857	2774
4079.60205074298	2775
4081.81702182514	2776
4033.1790021998	2777
4055.50284578797	2778
4067.22935448858	2779
4054.4323022953	2780
4073.56145401293	2781
4056.77627231804	2782
4077.06586832061	2783
4061.87949991446	2784
4053.81413031056	2785
4031.79802615719	2786
4056.15357921018	2787
4084.55482254058	2788
4053.08960876808	2789
4060.09940569832	2790
4048.19476907472	2791
4072.65195639848	2792
4030.62467194534	2793
4042.4989732143	2794
4057.38504920959	2795
4057.83727380167	2796
4041.92708936899	2797
4022.80174258016	2798
4029.68527186151	2799
4071.34173550046	2800
4050.74340642245	2801
4038.66341179217	2802
4079.62839731831	2803
4024.81313422132	2804
4063.28796215435	2805
4080.16221814712	2806
4041.29005890367	2807
4008.11882608655	2808
4064.45275889699	2809
4031.22123222431	2810
4015.26781818052	2811
4022.70120245124	2812
4057.00407928205	2813
4077.99769981424	2814
4089.52282820442	2815
4092.04803271593	2816
4051.02898682091	2817
4062.19496614934	2818
4043.00694726911	2819
4070.12221661676	2820
4021.66739631818	2821
4071.64995023763	2822
4045.17612593293	2823
4042.15282562798	2824
4046.67107519108	2825
4074.40891889985	2826
4088.39226927304	2827
4053.00168776203	2828
4050.1356634657	2829
4071.92357045581	2830
4053.16539603748	2831
4030.20413488293	2832
4054.54993544693	2833
4060.70056122312	2834
4081.56369586195	2835
4066.32271453398	2836
4030.72821797354	2837
4041.41745068831	2838
4028.71034533379	2839
4035.24818498409	2840
4062.45351334283	2841
4062.13586463747	2842
4039.74547885802	2843
4083.42570079974	2844
4071.75885173945	2845
4019.53981191796	2846
4083.57832975315	2847
4038.75287130132	2848
4053.41080759569	2849
4053.14889374198	2850
4087.42258646676	2851
4058.64572586213	2852
4005.27449707505	2853
4067.40190132905	2854
4060.70301733641	2855
4038.09708614941	2856
4043.62911544863	2857
4057.86823671825	2858
4060.05100629973	2859
4065.01452314939	2860
4032.48829428386	2861
4068.77671244866	2862
4025.0615352964	2863
4088.35407651622	2864
4061.28423835278	2865
4042.74846866952	2866
4063.3612719426	2867
4065.21768175657	2868
4062.77146309837	2869
4024.54043221944	2870
4061.42674816159	2871
4030.04981781305	2872
4050.69400222833	2873
4043.06980593446	2874
4059.41017019213	2875
4027.46791891002	2876
4019.34750938948	2877
4056.42709103546	2878
4044.84448701256	2879
4031.8045672023	2880
4027.72523256873	2881
4037.45082549738	2882
4078.90634709463	2883
4071.18515226486	2884
4060.30526920968	2885
4061.46474007592	2886
4053.1091930629	2887
4046.49441551727	2888
4039.17336532467	2889
4050.5325643473	2890
4045.87496137689	2891
4029.73357885696	2892
4041.3666174536	2893
4092.64601649526	2894
4030.64676646728	2895
4053.9292310242	2896
4062.25165332751	2897
4064.19799448767	2898
4085.61313178811	2899
4096.34409239881	2900
4076.88364075809	2901
4067.15711706451	2902
3990.87047965227	2903
4065.68680403929	2904
4033.31712607863	2905
4097.92334080799	2906
4052.76362915075	2907
4060.51336447508	2908
4031.30909712737	2909
4058.75395843097	2910
4059.65405618398	2911
4055.92208633801	2912
4065.95329585679	2913
4062.01710901547	2914
3999.63181182826	2915
4059.69892797245	2916
4047.54303766752	2917
4051.47961538451	2918
4023.39128787848	2919
4054.52026785059	2920
4050.83381689412	2921
4077.928096587	2922
4077.88180882663	2923
4038.34462424565	2924
4015.12251476152	2925
4064.40144184813	2926
4042.71309622749	2927
4034.17892625961	2928
4057.57523026744	2929
4027.88020838246	2930
4050.26701619752	2931
4079.06795279901	2932
4083.45564364983	2933
4049.91020774456	2934
4074.24062309155	2935
4033.92574725987	2936
4045.20567964506	2937
4038.56030070725	2938
4044.88403378104	2939
4038.25599129598	2940
4025.16450771264	2941
4081.53083872652	2942
4053.20384982969	2943
4078.05815491321	2944
4054.99779264189	2945
4068.24929942877	2946
4021.48947164891	2947
4077.23559449652	2948
4058.81979104649	2949
4072.46546650669	2950
4082.27806819755	2951
4046.24024368705	2952
4052.87116207275	2953
4030.50293007866	2954
4072.57771505212	2955
4044.80720184306	2956
4048.45045317639	2957
4054.00121637296	2958
4050.57817979735	2959
4038.87114487481	2960
4018.04610286146	2961
4055.75901549131	2962
4061.64068402867	2963
4031.96357961701	2964
4041.16583334539	2965
4031.42939915554	2966
4043.54689925346	2967
4092.331238108	2968
4063.8056892186	2969
4074.74617881752	2970
4035.55438832196	2971
4054.59660356571	2972
4058.87197258923	2973
4035.10455536808	2974
4059.48619237105	2975
4047.88608070169	2976
4053.54804716082	2977
4083.54694912854	2978
4049.67212421455	2979
4045.06274626344	2980
4075.88819773359	2981
4065.8015246846	2982
4029.80141349272	2983
4033.52516385205	2984
4051.84226157335	2985
4048.94675830715	2986
4071.85584180541	2987
4081.39534991978	2988
4047.42813131925	2989
4022.279148805	2990
4053.76666789473	2991
4025.93332752982	2992
4033.02221853242	2993
4056.38585228292	2994
4037.57545382023	2995
4038.11289054369	2996
4038.73625505952	2997
4056.54254660024	2998
4027.73231878426	2999
4014.64524440056	3000
4054.12322631543	3001
4030.22668727133	3002
4055.84190418139	3003
4084.08611540147	3004
4028.13731694326	3005
4032.56786629443	3006
4063.46670507456	3007
4047.65184953814	3008
4029.18339059373	3009
4067.42410785415	3010
4080.89334606759	3011
4019.63243422249	3012
4040.88601770432	3013
4035.15935811261	3014
4009.8469993507	3015
4028.66367658674	3016
4066.67591055767	3017
4046.71715025697	3018
4071.86356971482	3019
4034.57330614165	3020
4031.09978085028	3021
4051.57696597376	3022
4013.77353162752	3023
4067.49245062656	3024
4077.79711450039	3025
4083.78380708537	3026
4049.00639208157	3027
4063.20810813208	3028
4033.92298946748	3029
4033.22998584394	3030
4064.75256427252	3031
4041.5616978887	3032
4037.82228505829	3033
4062.01275717395	3034
4085.06866107336	3035
4033.5874573713	3036
4015.85976754611	3037
4064.87712544999	3038
4044.29362665634	3039
4047.18792939287	3040
4044.12592342881	3041
4044.65646499536	3042
4029.8206625933	3043
4055.6010070649	3044
4044.87438582279	3045
4041.53889674234	3046
4082.93546955449	3047
4027.67278337599	3048
4058.88328707197	3049
4043.14257347357	3050
4092.99628082454	3051
4062.5870605326	3052
4090.6750112851	3053
4059.68874570192	3054
4014.99928378256	3055
4053.78131710597	3056
4044.9361378429	3057
4031.84345928583	3058
4053.44029695046	3059
4064.23751614924	3060
4048.71615659008	3061
4058.3792187343	3062
4073.3233347514	3063
4037.61948906	3064
4018.33250307863	3065
4097.15923367838	3066
4041.14184445235	3067
4058.17949719014	3068
4043.66545529899	3069
4046.76453401031	3070
4056.45260905378	3071
4046.2286593483	3072
4078.06646008697	3073
4057.29941572151	3074
4086.00852896894	3075
4026.0125906648	3076
4041.57877342029	3077
4041.80206579395	3078
4023.11886243284	3079
4040.57621375107	3080
4023.02499320405	3081
4056.12743356254	3082
4044.09012984425	3083
4070.34084405742	3084
4046.03909156592	3085
4102.77632306337	3086
4073.47757264243	3087
4043.16713340831	3088
4057.30798368861	3089
4074.56367098453	3090
4082.72046550049	3091
4025.75295422545	3092
4071.65610681053	3093
4037.64188546495	3094
4063.34712038969	3095
4096.6061017358	3096
4044.54632973486	3097
4055.27223702938	3098
4028.25498350677	3099
4048.24563024155	3100
4053.42531700418	3101
4053.02376582728	3102
4015.05194724127	3103
4067.95409542739	3104
4078.60821080237	3105
4051.27011651193	3106
4075.20667144379	3107
4055.57615073305	3108
4045.90898655469	3109
4059.88704044646	3110
4021.87971005612	3111
4056.38858067133	3112
4042.81694471921	3113
4021.69586170139	3114
4062.03846273826	3115
4025.02362853642	3116
4067.16692714842	3117
4092.40638316322	3118
4004.57961234733	3119
4040.10609042254	3120
4040.9739378272	3121
4049.99038003289	3122
4039.2885156357	3123
4081.78102664963	3124
4034.81262625112	3125
4049.44852627752	3126
4012.7922588475	3127
4072.65734356095	3128
4062.96707090137	3129
4055.93151432317	3130
4071.90979897167	3131
4061.53306453383	3132
4019.09834190157	3133
4049.53433372156	3134
4047.11763774584	3135
4073.31650928238	3136
4036.69727015216	3137
4064.95712104078	3138
4072.44887896137	3139
4009.5532492092	3140
4098.61842143976	3141
4041.44702736968	3142
4050.15413870994	3143
4062.31926718845	3144
4032.3193542166	3145
4057.10416562378	3146
4080.34880116105	3147
4015.46441111506	3148
4057.18769512018	3149
4051.54037624553	3150
4037.44294918002	3151
4076.68934941639	3152
4048.60802193731	3153
4063.69104603605	3154
4042.07114792488	3155
4037.9474461994	3156
4094.18552687567	3157
4091.40695497759	3158
4036.61197672311	3159
4070.16916814901	3160
4038.78561046375	3161
4064.84060227242	3162
4064.96424872017	3163
4036.13108207828	3164
4062.52415027407	3165
4050.1805884233	3166
4060.68122108443	3167
4033.55755549563	3168
4061.2318520654	3169
4027.20405631135	3170
4067.80506533327	3171
4042.1391369316	3172
4061.58680238707	3173
4027.58195846206	3174
4075.11813559876	3175
4051.58351785918	3176
4077.45975024349	3177
4012.54335715361	3178
4037.69720563289	3179
4064.24025881845	3180
4058.69971542643	3181
4051.09848074945	3182
4042.04466573176	3183
4035.38285195615	3184
4077.31205595922	3185
4030.90829989574	3186
4035.79847248576	3187
4012.53423457378	3188
4033.31576859986	3189
4027.46516120818	3190
4043.93587814897	3191
4052.61447572821	3192
4055.91205909095	3193
4034.65747042177	3194
4057.86045518965	3195
4042.9762608303	3196
4061.39357301172	3197
4112.23528861941	3198
4035.51229314523	3199
4018.26632585276	3200
4055.05008821398	3201
4032.00364099852	3202
4048.19326521953	3203
4039.45908308485	3204
4044.5922553996	3205
4049.73768342104	3206
4045.30412902386	3207
4059.49939480958	3208
4037.06722101576	3209
4097.87835745832	3210
4056.48292242484	3211
4011.42806019613	3212
4039.90572164522	3213
4050.68998164144	3214
4073.1807623509	3215
4059.5883746813	3216
4030.92735718551	3217
4052.26192096139	3218
4049.71934998072	3219
4068.4769934433	3220
4028.04138543026	3221
4068.4236054184	3222
4062.14329677667	3223
4019.76336131847	3224
4054.25440769181	3225
4033.39737780689	3226
4045.33585699174	3227
4065.76648396647	3228
4047.65418031726	3229
4023.43970838191	3230
4027.0565504838	3231
4050.83090461257	3232
4075.08446933287	3233
4082.29830686887	3234
4044.36916902183	3235
4074.41367107377	3236
4046.34634081338	3237
4048.44875091331	3238
4059.92752844124	3239
4026.16075651454	3240
4052.48191204463	3241
4042.1343448694	3242
4031.66846526349	3243
4060.54424874385	3244
4043.39054608559	3245
4064.50120225756	3246
4068.99055559052	3247
4048.42587743552	3248
4059.03252934453	3249
4032.1387170534	3250
4100.06315206529	3251
4012.72071213167	3252
4038.75441522253	3253
4027.2998882195	3254
4057.93168334607	3255
4033.99889235015	3256
4037.73581517171	3257
4021.74824362062	3258
4059.43939869965	3259
4066.28707802668	3260
4040.75738321357	3261
4054.33475834372	3262
4069.30656503939	3263
4035.55735239568	3264
4074.87161689872	3265
4020.02077642832	3266
4079.95590101426	3267
4063.01570097073	3268
4037.04849954305	3269
4066.36719632036	3270
4067.14243909643	3271
4091.34945970522	3272
4036.06951327514	3273
4086.9322560555	3274
4080.97383606336	3275
4057.44613218309	3276
4064.46920415636	3277
4020.84149613835	3278
4026.22495627678	3279
4068.57765846058	3280
4068.53215199003	3281
4009.79991261228	3282
4048.06949059341	3283
4083.35221858618	3284
4073.55960018362	3285
4049.01555714626	3286
4102.04479011197	3287
4023.66449010854	3288
4102.89211595144	3289
4085.93933725248	3290
4058.06295036472	3291
4023.66525511829	3292
4042.35813210609	3293
4027.51691226656	3294
4040.01524944851	3295
4041.15738247622	3296
4077.16331732983	3297
4083.47887537674	3298
4007.790209318	3299
4032.44201046676	3300
4050.70172927944	3301
4037.8256879783	3302
4058.3595077554	3303
4077.57053845929	3304
4063.30662538353	3305
4079.45039928784	3306
4046.30838241135	3307
4027.57098697659	3308
4041.9354671962	3309
4073.54072268812	3310
4025.37930358845	3311
4031.04577903048	3312
4055.17328693064	3313
4069.79440088005	3314
4042.31821005767	3315
4057.66836477641	3316
4055.149353877	3317
4051.13740308127	3318
4095.28437153436	3319
4082.80769539227	3320
4024.82542215827	3321
4051.67807648999	3322
4039.20738042839	3323
4034.25670369799	3324
4033.19374488379	3325
4017.24691558387	3326
4058.2734867767	3327
4049.79952910892	3328
4036.4639666873	3329
4060.20485306521	3330
4021.53531017764	3331
4053.18669859987	3332
4038.95849170731	3333
4050.90408047447	3334
4062.87369361128	3335
4061.49346508702	3336
4055.92813936112	3337
4068.19596475919	3338
4034.57542656573	3339
4045.63355124038	3340
4050.51492925083	3341
4052.97255421078	3342
4075.2547954012	3343
4047.4067122265	3344
4052.43257386153	3345
4077.58168753417	3346
4047.87424090464	3347
4065.7229435659	3348
4035.37810815367	3349
4059.83926433494	3350
4037.96431331186	3351
4035.71200317034	3352
4049.64911239166	3353
4016.09042945426	3354
4055.67501522394	3355
4089.06121773516	3356
4044.08420238794	3357
4061.80040741793	3358
4052.49404236538	3359
4072.86745943565	3360
4062.03906071717	3361
4073.56869652715	3362
4046.1728104829	3363
4036.88584890515	3364
4042.24046179696	3365
4034.17729602012	3366
4059.58253065081	3367
4085.03456901815	3368
4038.7464076848	3369
4035.83007969992	3370
4071.84763079389	3371
4102.86234426897	3372
4081.66413723035	3373
4014.55661034092	3374
4104.12583861917	3375
4061.08368807338	3376
4084.0020168858	3377
4073.24663491382	3378
4015.83328596058	3379
4079.32859257767	3380
4048.94176273066	3381
4022.53817771411	3382
4027.24480595468	3383
4045.26560631167	3384
4050.69722694629	3385
4075.58740374623	3386
4034.04757044272	3387
4043.07926409415	3388
4066.27197177332	3389
4018.32467478754	3390
4075.99205861406	3391
4035.1824065044	3392
4086.35184328455	3393
4040.78129025839	3394
4026.77861500529	3395
4074.95339054573	3396
4045.03028884878	3397
4066.65355337322	3398
4061.47934604844	3399
4051.65499207816	3400
4042.79037708481	3401
4046.96348217902	3402
4050.8549071691	3403
4094.27538041957	3404
4032.85488464387	3405
4043.43226713881	3406
4052.48559020886	3407
4056.33339875358	3408
4089.56171772502	3409
4046.50139969028	3410
4052.55120977993	3411
4041.33226921729	3412
4026.30896590603	3413
4029.90504877078	3414
4025.31032709191	3415
4082.45348623752	3416
4068.79375392001	3417
4045.58110737181	3418
4036.36897134604	3419
4058.96737875366	3420
4060.84382716602	3421
4032.31248013798	3422
4043.8871393558	3423
4071.9027176037	3424
4072.63448216696	3425
4028.94608728861	3426
4041.51935146191	3427
4052.4360869334	3428
4037.22022675514	3429
4023.15637968353	3430
4021.54001629362	3431
4059.87263041819	3432
4029.41579422611	3433
4056.73977593561	3434
4062.24365132793	3435
4050.89626119206	3436
4036.95502744776	3437
4074.31731520243	3438
4071.09118411249	3439
4040.17695559018	3440
4020.65487948991	3441
4060.29015989264	3442
4059.09129048866	3443
4065.28592688627	3444
4042.26869178597	3445
4055.11184386651	3446
4028.39764852775	3447
4050.84517540119	3448
4055.98960276443	3449
4052.74618894678	3450
4041.03143716379	3451
4058.44042794184	3452
4035.42274647237	3453
4016.03334743796	3454
4077.73619861654	3455
4055.86438527923	3456
4062.87560480482	3457
4009.54046038061	3458
4070.11627231545	3459
4029.89485807231	3460
4046.42088769929	3461
4012.22832457008	3462
4059.47789702196	3463
4031.03090873557	3464
4036.51619896614	3465
4038.0161935846	3466
4025.4657528829	3467
4052.88401041294	3468
4055.81680951362	3469
4076.36533732736	3470
4059.22127515681	3471
4065.51875291999	3472
4049.19337407642	3473
4037.8147002511	3474
4049.89406902702	3475
4059.37072856604	3476
4050.84126659949	3477
4069.78572186012	3478
4063.32449103539	3479
4058.95363264443	3480
4024.06501022111	3481
4056.09669465158	3482
4074.6218423864	3483
4018.72126488411	3484
4036.1694930891	3485
4043.90273191058	3486
4009.97706929843	3487
4071.64708117087	3488
4037.58599780753	3489
4065.30152003875	3490
4034.57592529971	3491
4070.29612668148	3492
4029.18828586151	3493
4052.8069692884	3494
4062.92178749381	3495
4058.41063181641	3496
4049.09168779383	3497
4057.62956956234	3498
4069.1725748368	3499
4036.35464570521	3500
4057.42318157835	3501
4044.75553548095	3502
4006.80645412186	3503
4053.76396210259	3504
4058.8468345993	3505
4040.93951308202	3506
4069.40632570283	3507
4064.24163451798	3508
4059.92218454658	3509
4018.9704145921	3510
4028.71031664156	3511
4027.69203855634	3512
4037.46350329884	3513
4017.20824007375	3514
4042.96053333728	3515
4044.87201428782	3516
4042.33492296135	3517
4055.67711625945	3518
4077.42684762122	3519
4057.7827467195	3520
4070.20350987583	3521
4053.71904472058	3522
4036.55406266833	3523
4061.34454316823	3524
4083.27069256556	3525
4091.6511320616	3526
4027.78432616025	3527
4040.09844239008	3528
4013.00600215113	3529
4025.4219751331	3530
4032.26058233327	3531
4061.01021777764	3532
4009.59515190784	3533
4055.30066939845	3534
4063.99454152031	3535
4069.25388051487	3536
4089.39858871761	3537
4022.09689461152	3538
4062.89271752288	3539
4045.39538897731	3540
4049.36503607248	3541
4061.04060989519	3542
4070.56965366764	3543
4040.67220234389	3544
3993.23851318326	3545
4068.29702145887	3546
4065.22084406708	3547
4073.75389633419	3548
4061.50279445126	3549
4014.22931816545	3550
4029.36936021308	3551
4052.1932580985	3552
4067.03309916205	3553
4026.96453992733	3554
4085.32648251343	3555
4015.76980846076	3556
4079.39791630389	3557
4054.97447905959	3558
4086.43595449019	3559
4059.76298293452	3560
4032.96699664663	3561
4027.07944206337	3562
4047.76572051124	3563
4047.73096922211	3564
4060.33894989485	3565
4092.7673619842	3566
4094.50717830693	3567
4051.00082118898	3568
4062.3839862626	3569
4052.90651995227	3570
4065.33829342906	3571
4045.54924822263	3572
4072.45216194134	3573
4072.07530400681	3574
4061.63086273075	3575
4051.80309574199	3576
4026.74704232448	3577
4106.44449912469	3578
4039.41618357764	3579
4052.571302718	3580
4035.44703033994	3581
4046.9374877911	3582
4062.71157706201	3583
4052.85316341014	3584
4031.77660658127	3585
4062.9445814494	3586
4040.69486038014	3587
4030.1225145988	3588
4038.47375209112	3589
4062.9338838367	3590
4039.47127960372	3591
4053.15027315236	3592
4066.28660512361	3593
4021.19632175395	3594
4050.14518344769	3595
4060.43018932173	3596
4046.3438575714	3597
4049.51817914611	3598
4029.41585463691	3599
4007.68073774617	3600
4080.22449763939	3601
4077.23138394693	3602
4076.58722457377	3603
4037.32940387812	3604
4054.08369010623	3605
4050.67823866059	3606
4023.52520542049	3607
4040.34142933919	3608
4091.56054633865	3609
4046.07146974179	3610
4077.45171324416	3611
4041.66399347685	3612
4036.80744564902	3613
4030.19202286166	3614
4038.4623251519	3615
4018.23546211783	3616
4037.1170315234	3617
4109.86308365827	3618
4074.50755711058	3619
4067.0871896571	3620
4048.15532758463	3621
4035.96439999691	3622
4040.25488899278	3623
4074.98421442382	3624
4042.64446118788	3625
4068.38455332579	3626
4050.18394653412	3627
4058.91863732046	3628
3998.68954149393	3629
4044.97574856471	3630
4087.21168303386	3631
4062.20744540653	3632
4029.70124954339	3633
4044.94656710344	3634
4042.66607814259	3635
4056.11493320756	3636
4046.57392344736	3637
4051.6773695048	3638
4038.0689992721	3639
4027.17370734102	3640
4078.58240251208	3641
4047.13711714089	3642
4056.00059571491	3643
4064.26345981701	3644
4006.3156014609	3645
4036.49959902849	3646
4041.4375141491	3647
4049.18180447281	3648
4063.24532116743	3649
4072.28535984778	3650
4044.03696599419	3651
4061.48370377919	3652
4023.30817423177	3653
4049.07120697493	3654
4038.25548961117	3655
4044.68392417377	3656
4071.03008665796	3657
4045.09956109814	3658
4059.3861133264	3659
4066.43302362	3660
4041.96927097413	3661
4054.31137340342	3662
4048.44407016144	3663
4009.1994447395	3664
4043.57945251507	3665
4053.9964413252	3666
4035.75358829138	3667
4096.00191876375	3668
4042.49478600274	3669
4072.60284482926	3670
4048.74375913324	3671
4049.33245235524	3672
4030.54922271747	3673
4076.21351504857	3674
4076.71911066506	3675
4073.70372057143	3676
4080.05214989966	3677
4079.11986881214	3678
4092.48684779837	3679
4057.54037379172	3680
4032.6420308154	3681
4037.67486771394	3682
4047.67115258652	3683
4014.60102832515	3684
4054.00081439	3685
4057.8614669951	3686
4053.86046174847	3687
4005.09750093423	3688
4070.37136443149	3689
4064.70977403938	3690
4045.72895599392	3691
4038.07225040978	3692
4044.12676991681	3693
4030.36137775161	3694
4077.99721378441	3695
4051.42261564071	3696
4057.61440204008	3697
4064.67428837697	3698
4052.57376441702	3699
4032.91635098014	3700
4025.24528627706	3701
4060.12917698591	3702
4051.67241779846	3703
4053.45230858623	3704
4061.28845971073	3705
4051.47016482518	3706
4051.17466699314	3707
4014.57024384615	3708
4039.42937146022	3709
4065.0560032972	3710
4043.95198451839	3711
4021.71754567847	3712
4038.18119439461	3713
4044.62614545524	3714
4062.32271389684	3715
4042.41673206569	3716
4032.82094746746	3717
4086.88216059055	3718
4067.09513932316	3719
4060.04579850894	3720
4019.29956096485	3721
4075.70747429598	3722
4077.17666007128	3723
4044.78254577555	3724
4017.21263447674	3725
4029.78048026839	3726
4045.82127318312	3727
4088.29240965815	3728
4021.76994507114	3729
4028.21373424068	3730
4060.77578237743	3731
4067.43323449816	3732
4047.78974416092	3733
4037.86784029593	3734
4041.12799164044	3735
4051.43438459751	3736
4049.95876292154	3737
4020.06746879305	3738
4042.475062746	3739
4023.17297587681	3740
4063.76625561689	3741
4007.16214103428	3742
4063.14193144026	3743
4061.27103943589	3744
4063.58308676269	3745
4071.12849865612	3746
4049.29632138791	3747
4056.36156354281	3748
4037.44585422214	3749
4081.53152196597	3750
4032.02332783234	3751
4063.05826086558	3752
4077.91991738224	3753
4076.20203680184	3754
4033.92132816266	3755
4003.36047512647	3756
4059.13162105584	3757
4009.82659826445	3758
4044.54746497457	3759
4065.70049153506	3760
4019.45967447492	3761
4054.1652157502	3762
4022.09186220226	3763
4015.58697915312	3764
4076.69519851083	3765
4040.05599868791	3766
4046.2350686598	3767
4101.78339694957	3768
4035.55882058267	3769
4035.77354177892	3770
4017.01643865906	3771
4049.36141301163	3772
4039.31270650942	3773
4037.25903003128	3774
4099.97056349921	3775
4017.19426307239	3776
4058.35796591309	3777
4024.32856843034	3778
4074.1480748775	3779
4043.03088125491	3780
4044.75217588536	3781
4045.37775118801	3782
4032.48252300195	3783
4084.56090650195	3784
4059.70430031407	3785
4036.22645499491	3786
4038.86946682763	3787
4033.39011413953	3788
4050.18859048527	3789
4050.39239822674	3790
4032.01670280707	3791
4075.98642277171	3792
4056.27098123086	3793
4041.50063029181	3794
4042.37737787561	3795
4045.23479276128	3796
4033.1381720029	3797
4030.4114382659	3798
4038.05717042628	3799
4042.98718840895	3800
4083.58901162831	3801
4060.98177515728	3802
4085.01587286865	3803
4032.15884356059	3804
4055.82886501389	3805
4034.65746328621	3806
4069.73337166363	3807
4058.27963793954	3808
4029.37799969982	3809
4041.25428294443	3810
4081.57902257827	3811
4065.87765119547	3812
4056.07800333205	3813
4065.9567372832	3814
4029.14168857709	3815
4067.04080306864	3816
4038.49767176269	3817
4067.07669375425	3818
4067.35649501454	3819
4080.8278952372	3820
4033.23792259465	3821
4055.39220812775	3822
4050.24168088515	3823
4092.26340423355	3824
4027.18104019896	3825
4041.20392657088	3826
4035.03166765095	3827
4058.4916596978	3828
4054.38707077341	3829
4035.76701821763	3830
4055.9223827479	3831
4055.43159724115	3832
4043.81605212368	3833
4065.35805532049	3834
4053.57918090761	3835
4049.84907477582	3836
4036.50272075432	3837
4073.30932738319	3838
4062.37908336142	3839
4042.56688068227	3840
4066.42602687291	3841
4094.07865278714	3842
4025.85842175679	3843
4061.91634188696	3844
4040.65777045015	3845
4087.98283448288	3846
4083.91596266495	3847
4052.86965713772	3848
4025.54905591779	3849
4053.88344536031	3850
4067.76985324263	3851
4045.70685777655	3852
4036.07247532474	3853
4062.66393996734	3854
4007.12522109779	3855
4044.30823396351	3856
4022.03454720685	3857
4056.64738353432	3858
4088.76278492233	3859
4046.99203579358	3860
4032.7414176977	3861
4054.69502458936	3862
4061.25620011351	3863
4014.35989976636	3864
4026.94427540405	3865
4046.82199190502	3866
4041.09862014606	3867
4069.22109325886	3868
4044.60232652614	3869
4005.4578375052	3870
4043.54525293881	3871
4072.42738812522	3872
4054.27764251222	3873
4067.90314662842	3874
4061.77932371496	3875
4051.19366662365	3876
4025.26993598898	3877
4043.95696064705	3878
4052.04422361678	3879
4020.92969309773	3880
4071.14239795817	3881
4036.31676540414	3882
4042.82013976648	3883
4050.30647908569	3884
4014.69085622905	3885
4040.71833044339	3886
4070.14283126605	3887
4066.58313864499	3888
4015.55879152295	3889
4044.38839486976	3890
4076.55540783576	3891
4063.03160810884	3892
4060.69737250727	3893
4042.05991850948	3894
4057.30489095935	3895
4077.30126728989	3896
4013.60705038914	3897
4070.15419226464	3898
4064.43981806983	3899
4041.42043430492	3900
4044.81979007723	3901
4025.64649481324	3902
4072.80386892321	3903
4069.1679988078	3904
4057.9740835366	3905
4046.27906790609	3906
4070.59795661581	3907
4067.10100591603	3908
4031.5125077245	3909
4080.12522955778	3910
4052.68766475921	3911
4022.96828242695	3912
4046.32331183454	3913
4050.01959419802	3914
4046.0840703971	3915
4052.58032244426	3916
4055.73310612393	3917
4047.12989385023	3918
4064.00586266593	3919
4074.28087576475	3920
4069.99298030182	3921
4054.32080993984	3922
4055.22439977364	3923
4059.21187154359	3924
4095.94689758417	3925
4084.63543504372	3926
4059.02556781682	3927
4047.81733933002	3928
4049.00508601801	3929
4011.61843947032	3930
4037.327398717	3931
4039.07739308182	3932
4040.38412659591	3933
4051.813570551	3934
4062.45370126249	3935
4014.01786529158	3936
4029.20334900116	3937
4029.08405307937	3938
4031.85736927406	3939
4043.3561848812	3940
4040.53765706419	3941
4041.20043843444	3942
4038.64887143189	3943
4059.49217645396	3944
4037.32183034913	3945
4062.85689208739	3946
4064.17752384898	3947
4050.96024792482	3948
4034.09727535635	3949
4044.20042238606	3950
4055.4780448023	3951
4061.75213179465	3952
4051.46197947939	3953
4051.70816349029	3954
4050.08430778564	3955
4024.65896475018	3956
4073.35690188866	3957
4042.67300147237	3958
4083.09821687322	3959
4049.57123531562	3960
4040.0634855098	3961
4009.65249434919	3962
4036.12945526294	3963
4045.66162661919	3964
4044.98976015876	3965
4027.80773797066	3966
4052.2100698078	3967
4018.2853169147	3968
4014.50349906971	3969
4047.32540235414	3970
4035.57816045003	3971
4060.01130238228	3972
4138.36383362885	3973
4072.33474879698	3974
4067.06044675201	3975
4044.99886762331	3976
4061.82943391586	3977
4040.37083265956	3978
4080.79238915706	3979
4043.31119421361	3980
4049.72641162216	3981
4059.77908778312	3982
4019.50006430552	3983
4070.56703991236	3984
4016.26104229727	3985
4039.83749693212	3986
4050.00469310584	3987
4056.23930012506	3988
4044.83501431557	3989
4073.55531601232	3990
4073.32475644635	3991
4035.09560072013	3992
4031.05074487097	3993
4035.34756317159	3994
4034.46456840927	3995
4045.42067673513	3996
4036.84193485097	3997
4063.66528390688	3998
4047.60236629647	3999
4045.50941111423	4000
