"LogLikelihood"	"Iteration"
-3486.32773274206	1
-3458.10969111853	2
-3470.85946179288	3
-3410.89489786902	4
-3521.10142571867	5
-3484.99928112566	6
-3458.19858889279	7
-3490.55797241971	8
-3509.59875386616	9
-3526.18494123757	10
-3441.42991377335	11
-3545.43058394884	12
-3502.92599702109	13
-3508.7590264765	14
-3469.97008967871	15
-3395.46534928653	16
-3447.34021364254	17
-3423.51753867574	18
-3459.53411323409	19
-3482.72250832509	20
-3460.85204083101	21
-3469.17895880667	22
-3436.21810691094	23
-3494.74237847078	24
-3488.28969928551	25
-3497.70042962753	26
-3403.01171610626	27
-3453.80379100692	28
-3469.87044718649	29
-3500.87393612065	30
-3475.92405598854	31
-3416.08211947229	32
-3433.78548254848	33
-3502.10821750061	34
-3456.61302039921	35
-3435.89085406774	36
-3493.9056572444	37
-3507.46554662563	38
-3431.62498652964	39
-3472.29073437284	40
-3459.31569267697	41
-3484.05791840782	42
-3411.89392356493	43
-3484.01410510681	44
-3431.41506564267	45
-3465.94239579166	46
-3402.8549984358	47
-3488.15419992909	48
-3471.95542406964	49
-3491.74867124057	50
-3453.69339209796	51
-3431.26356836147	52
-3462.96262597846	53
-3478.73472148831	54
-3410.21334342295	55
-3436.55867547958	56
-3454.55336021128	57
-3462.5069539702	58
-3417.81254610028	59
-3495.5645702916	60
-3507.27640061763	61
-3538.38106700801	62
-3503.41247435032	63
-3488.27984713752	64
-3505.84008782388	65
-3510.09903186328	66
-3478.14423173607	67
-3425.47472063475	68
-3485.72257257373	69
-3394.16349905387	70
-3386.18961390341	71
-3480.65537697965	72
-3464.47942886811	73
-3463.39251569642	74
-3416.53367638481	75
-3480.15371018348	76
-3485.64858567125	77
-3419.26027289571	78
-3481.93577069432	79
-3492.33745391328	80
-3510.93440910691	81
-3575.37543765241	82
-3504.07788740563	83
-3501.12061447885	84
-3476.23676587239	85
-3483.62276536814	86
-3498.74142625288	87
-3465.05884542554	88
-3439.00535716864	89
-3431.83968047638	90
-3498.0378593338	91
-3407.10682434701	92
-3433.05232984327	93
-3471.07124922835	94
-3535.84630239407	95
-3501.50599937726	96
-3530.67604033187	97
-3520.9845201751	98
-3469.9533842344	99
-3592.75257738347	100
-3551.22435287513	101
-3425.95508913156	102
-3498.15021253531	103
-3470.02159821703	104
-3385.28210219686	105
-3490.76355563118	106
-3491.77583477325	107
-3563.78591861446	108
-3514.96730382432	109
-3467.52191893751	110
-3482.37583439445	111
-3410.91284734458	112
-3451.73838553541	113
-3443.20757725451	114
-3481.43933545385	115
-3464.47292661039	116
-3428.98818984157	117
-3439.86016423792	118
-3489.8993957484	119
-3410.49091594638	120
-3484.89293276155	121
-3462.51605074288	122
-3445.94896449217	123
-3492.1026430388	124
-3494.47987844842	125
-3523.3301229764	126
-3548.6496565021	127
-3529.91020533665	128
-3475.36107651362	129
-3522.79767007556	130
-3466.99965048366	131
-3455.51610857725	132
-3444.08285588412	133
-3448.13610980197	134
-3454.94269708387	135
-3472.67445806788	136
-3542.86720544474	137
-3514.77171676965	138
-3402.77253231059	139
-3481.75632015751	140
-3426.79553200888	141
-3489.23636245216	142
-3473.63350303864	143
-3482.73374410381	144
-3447.61584893428	145
-3458.73052757356	146
-3420.95169330167	147
-3428.661135158	148
-3416.04793211756	149
-3456.78261768101	150
-3408.77422916294	151
-3450.2929319948	152
-3479.17915652989	153
-3497.40781498823	154
-3504.13349270625	155
-3425.08461722423	156
-3481.34124695266	157
-3462.13846746862	158
-3509.48951257902	159
-3465.38415734917	160
-3455.5011830587	161
-3441.6739795399	162
-3468.14162721747	163
-3569.51786023107	164
-3481.22145864375	165
-3453.67223823655	166
-3444.66901382239	167
-3489.70292256105	168
-3516.90628037452	169
-3524.40078327794	170
-3492.08430630233	171
-3450.51689406733	172
-3477.76593963743	173
-3505.60627561327	174
-3511.92161708067	175
-3525.78771403531	176
-3458.77648197657	177
-3546.3349752351	178
-3449.39118594413	179
-3478.98791741015	180
-3464.97824396828	181
-3416.39383258307	182
-3407.60452821842	183
-3421.88426407228	184
-3458.3627569603	185
-3405.13578279097	186
-3404.61615313453	187
-3481.96471703266	188
-3392.52564970239	189
-3432.09526246575	190
-3525.42010096357	191
-3407.65150020622	192
-3460.19433276495	193
-3435.43061593854	194
-3469.53101698912	195
-3480.93699902002	196
-3520.81209113878	197
-3479.11548934616	198
-3512.90135450378	199
-3477.82493524288	200
-3391.39671626868	201
-3498.34542917937	202
-3498.6823052851	203
-3507.51823509011	204
-3453.91298152558	205
-3466.81703919402	206
-3485.14622831796	207
-3487.44649258086	208
-3525.95010126093	209
-3516.97532483902	210
-3517.77783728748	211
-3445.06789953913	212
-3357.57173725944	213
-3525.46305516016	214
-3425.90898599705	215
-3466.74142270905	216
-3483.11994893304	217
-3496.55116661307	218
-3467.81010852805	219
-3419.42034757672	220
-3419.49513707474	221
-3503.33590806614	222
-3453.14294312471	223
-3493.62910333681	224
-3507.71789444086	225
-3466.47868020228	226
-3461.81071814473	227
-3403.59773490746	228
-3420.75016328193	229
-3480.83149231269	230
-3443.57686670151	231
-3483.29665227632	232
-3405.6149359067	233
-3383.75164418625	234
-3443.89301655379	235
-3424.08710164881	236
-3413.88042807449	237
-3509.05935285241	238
-3475.31726387844	239
-3470.47602138928	240
-3489.92891577094	241
-3387.81283256413	242
-3438.49364011662	243
-3361.47681017836	244
-3408.73532132003	245
-3548.7099103084	246
-3456.79919343988	247
-3524.691849566	248
-3501.33370669895	249
-3518.68400792164	250
-3468.01421857873	251
-3494.82781666694	252
-3490.43636874164	253
-3563.87372148786	254
-3477.94209106374	255
-3478.21143359705	256
-3420.52490158834	257
-3528.3889149401	258
-3413.63784737848	259
-3463.77704635385	260
-3452.00993931459	261
-3485.59490217753	262
-3500.87564702722	263
-3488.74042731033	264
-3473.85293732177	265
-3419.50460831854	266
-3413.50946100097	267
-3414.83794413852	268
-3454.68890982076	269
-3475.44281356877	270
-3467.83148573049	271
-3432.04081687789	272
-3499.98849341859	273
-3467.75541762085	274
-3461.91422173562	275
-3495.50723554067	276
-3408.29058256135	277
-3443.59573239381	278
-3487.34687875472	279
-3498.47626329911	280
-3542.60138177714	281
-3462.43736428254	282
-3481.82479765476	283
-3553.26265831579	284
-3505.2555659354	285
-3488.36265339309	286
-3479.55490308821	287
-3476.67499945729	288
-3445.77489242363	289
-3449.32249431045	290
-3404.94899058924	291
-3457.26559693645	292
-3495.35712962045	293
-3449.20706612984	294
-3463.56788859204	295
-3459.78813342702	296
-3454.25441181904	297
-3438.01375753882	298
-3422.00048520067	299
-3322.7511066747	300
-3416.54606403744	301
-3440.36371831737	302
-3459.99518468868	303
-3438.58186846839	304
-3464.16383062518	305
-3482.1346761185	306
-3557.11984593294	307
-3463.82364247319	308
-3495.19319526902	309
-3533.11935728084	310
-3487.66218896952	311
-3472.67378071526	312
-3476.87110917401	313
-3432.81267600958	314
-3478.01071450225	315
-3461.37738380642	316
-3451.74168692222	317
-3466.97535322048	318
-3438.73209768739	319
-3439.17556283375	320
-3447.15279935319	321
-3438.34148359763	322
-3465.80595290617	323
-3497.93262567317	324
-3410.40084134171	325
-3497.10914116169	326
-3430.61990895244	327
-3480.7371325509	328
-3456.37643211095	329
-3509.96001757651	330
-3550.3245318045	331
-3496.61459598266	332
-3495.22967163313	333
-3501.56485242374	334
-3476.71293588811	335
-3517.09604331946	336
-3496.09643514489	337
-3430.10798335085	338
-3487.45755386079	339
-3401.53886295058	340
-3516.33898891751	341
-3431.54697703898	342
-3504.41298499095	343
-3519.81029589981	344
-3490.42268297869	345
-3558.46341974598	346
-3529.53540071925	347
-3479.49181016663	348
-3526.97219644712	349
-3429.36471134172	350
-3460.29379047863	351
-3527.14306930059	352
-3539.32376655579	353
-3515.65903964918	354
-3473.47404896688	355
-3443.78670153814	356
-3412.87951681964	357
-3464.22237338552	358
-3494.25915261357	359
-3449.84530359778	360
-3451.35783589303	361
-3434.51370012604	362
-3535.28295290727	363
-3468.83952218949	364
-3456.72512679496	365
-3424.17011549129	366
-3438.65752433885	367
-3433.99733973236	368
-3464.02592292078	369
-3522.56315599216	370
-3484.83798977931	371
-3475.00106954973	372
-3523.63497542464	373
-3519.0726388354	374
-3481.38149155452	375
-3440.25094505391	376
-3491.71794449601	377
-3503.90230189471	378
-3470.0520799474	379
-3522.15515808089	380
-3532.64382858649	381
-3455.28499087321	382
-3418.16864463274	383
-3458.61913883087	384
-3500.90477251263	385
-3514.5797409224	386
-3466.62612142561	387
-3477.37284505895	388
-3462.87359505324	389
-3463.21713021843	390
-3534.15047478784	391
-3532.6867366751	392
-3521.82796189686	393
-3527.69152519666	394
-3518.55150112328	395
-3517.83005456721	396
-3492.37727171315	397
-3523.5142559649	398
-3476.38674149977	399
-3522.36164246739	400
-3518.22898238895	401
-3416.47251390072	402
-3434.85914828639	403
-3431.71944342396	404
-3518.98900273592	405
-3499.09807090993	406
-3456.48558644151	407
-3503.87894468856	408
-3450.04530002218	409
-3443.63261638981	410
-3463.76360157411	411
-3426.97425572476	412
-3360.55244233604	413
-3451.81524321474	414
-3441.93742225836	415
-3473.0583151495	416
-3419.70455998344	417
-3555.50979409397	418
-3492.97694100093	419
-3452.60372732903	420
-3490.24018380455	421
-3429.32643455107	422
-3465.62124979908	423
-3533.25723058405	424
-3442.12230783583	425
-3424.40524848091	426
-3440.30770168861	427
-3540.65387534347	428
-3439.42025414617	429
-3472.49426132513	430
-3516.83142234856	431
-3400.5602491304	432
-3433.50292340535	433
-3435.72441164857	434
-3414.45464958081	435
-3487.92808100425	436
-3546.82401865108	437
-3449.86842939142	438
-3473.69121098868	439
-3433.87159021701	440
-3486.04017435409	441
-3487.15919499888	442
-3561.71328979394	443
-3457.16621056329	444
-3509.50357510691	445
-3427.06430760674	446
-3496.69903354353	447
-3509.27488117282	448
-3492.15588339084	449
-3488.23721138362	450
-3585.47485660772	451
-3487.04023846404	452
-3462.01191878421	453
-3418.10988574686	454
-3399.21660014094	455
-3497.85603430417	456
-3495.51955788514	457
-3490.32050482598	458
-3539.74936479389	459
-3499.06003600847	460
-3530.4677649451	461
-3470.43733249747	462
-3555.36642890891	463
-3507.31867840233	464
-3521.18572453613	465
-3470.73369309923	466
-3438.93735961476	467
-3487.17311012395	468
-3446.56391720078	469
-3440.34676289644	470
-3372.72880838235	471
-3440.39286789059	472
-3465.71548220708	473
-3468.12166369202	474
-3577.43801132734	475
-3516.75422486516	476
-3532.85784353997	477
-3518.33405827023	478
-3514.76568977543	479
-3491.31904705645	480
-3423.22353001662	481
-3476.25926617609	482
-3446.65060742128	483
-3468.62924879575	484
-3545.7297732402	485
-3535.89403391013	486
-3470.19888701997	487
-3453.30741334514	488
-3429.40724776755	489
-3464.72318188474	490
-3426.98650666906	491
-3457.96417029668	492
-3490.69164886272	493
-3452.68991088327	494
-3452.34995466211	495
-3472.08056505949	496
-3388.68083459909	497
-3513.06549951705	498
-3485.51873537458	499
-3424.20543965038	500
-3452.56882252945	501
-3541.30637845155	502
-3417.46204713402	503
-3472.54911190011	504
-3453.11491223884	505
-3494.30949688135	506
-3425.29532654812	507
-3436.03136632743	508
-3463.55509141179	509
-3477.0990035887	510
-3449.10835083701	511
-3453.82444729579	512
-3499.29141368606	513
-3465.39211437649	514
-3475.28334949476	515
-3461.37762345127	516
-3437.80276862556	517
-3508.76627765741	518
-3473.28690092877	519
-3483.97588195191	520
-3518.87284421737	521
-3521.26986308839	522
-3426.65630609164	523
-3393.74394495877	524
-3465.06038285296	525
-3536.70380242287	526
-3463.86399107754	527
-3476.3737415699	528
-3467.98388207697	529
-3439.81923859289	530
-3463.50547140028	531
-3464.89331207658	532
-3527.30780027752	533
-3468.79958148768	534
-3461.08220753905	535
-3456.34151488785	536
-3496.23219490014	537
-3450.98891970968	538
-3473.98109027556	539
-3421.96797641917	540
-3436.69701229099	541
-3402.70436220985	542
-3389.75487921259	543
-3391.04493438052	544
-3439.13703095102	545
-3361.03497612927	546
-3415.03167585641	547
-3453.08700303754	548
-3387.83883337427	549
-3429.73370823986	550
-3472.47301433865	551
-3469.67019525348	552
-3532.02606979083	553
-3457.42420928492	554
-3449.28688241639	555
-3476.16293522764	556
-3504.25989313794	557
-3410.91257825685	558
-3479.52834387209	559
-3407.41368188117	560
-3460.1055977307	561
-3517.86992199821	562
-3476.17933233805	563
-3406.55975651183	564
-3473.68467753002	565
-3451.6844805003	566
-3408.43209924821	567
-3472.99299761936	568
-3518.90157330639	569
-3508.43297436439	570
-3509.41024184355	571
-3519.94253125396	572
-3501.90276842714	573
-3544.43356807193	574
-3473.39461497732	575
-3509.97687158643	576
-3473.31713354557	577
-3459.76516134398	578
-3451.1684500835	579
-3515.52030528239	580
-3467.13899890432	581
-3531.74411411722	582
-3524.28350522609	583
-3498.77652238269	584
-3490.05953124887	585
-3494.85800899939	586
-3541.83136607315	587
-3453.27181851293	588
-3499.64403015051	589
-3513.24206815316	590
-3491.88786397006	591
-3424.5220768942	592
-3501.39126378005	593
-3491.51953121537	594
-3544.24907397635	595
-3506.68988828715	596
-3504.14345942046	597
-3440.78929094113	598
-3437.55304785835	599
-3419.6664710453	600
-3446.3181376486	601
-3454.71832675496	602
-3497.10096624678	603
-3423.35944275133	604
-3449.35464923793	605
-3400.88014470622	606
-3361.51910266198	607
-3426.93104860553	608
-3393.54899333922	609
-3426.74505132605	610
-3408.21285685448	611
-3432.12932438209	612
-3491.38206807126	613
-3510.46395531124	614
-3580.07293393055	615
-3459.54634878689	616
-3438.87013773879	617
-3503.98040511479	618
-3512.20961774391	619
-3428.52314143913	620
-3515.29819096189	621
-3465.14626590794	622
-3515.31420595641	623
-3488.66331554505	624
-3432.98860302022	625
-3436.36197582198	626
-3530.04921707164	627
-3488.38410436757	628
-3476.2200735572	629
-3471.26578647686	630
-3472.98955006128	631
-3522.55798250436	632
-3528.80225634305	633
-3449.92666330611	634
-3452.66802286644	635
-3428.67948058959	636
-3418.38150397406	637
-3448.40060260018	638
-3455.56386489896	639
-3478.35032130471	640
-3483.28887325649	641
-3523.50771002101	642
-3470.01971129646	643
-3481.91119653386	644
-3476.76032121661	645
-3461.09867030353	646
-3440.43236120344	647
-3519.68984637189	648
-3536.33577586772	649
-3521.63626932375	650
-3451.55140145478	651
-3539.2261662511	652
-3549.42981626564	653
-3496.63152140674	654
-3463.5976779406	655
-3460.45433894906	656
-3441.26164371613	657
-3481.72914209241	658
-3433.55233832658	659
-3449.94960632115	660
-3430.14866090549	661
-3404.77469229088	662
-3461.84978853899	663
-3396.59458268804	664
-3441.18375785083	665
-3378.07585699053	666
-3470.35958090817	667
-3507.76639601245	668
-3462.38616487464	669
-3490.17749503807	670
-3534.22790079985	671
-3495.59714725022	672
-3528.6846704166	673
-3489.19858771144	674
-3448.62399348932	675
-3503.6541448337	676
-3485.70416611914	677
-3501.69579749992	678
-3462.45462446004	679
-3542.0656244464	680
-3513.04374249653	681
-3442.52950021675	682
-3493.46041863531	683
-3474.4091302861	684
-3401.99006294323	685
-3454.12994275851	686
-3526.31221645926	687
-3466.81574622324	688
-3460.98509403541	689
-3385.58609842601	690
-3455.97087058784	691
-3370.62273049554	692
-3485.2945354976	693
-3451.68119214342	694
-3459.237921814	695
-3473.54081640323	696
-3466.70993183327	697
-3395.1559735821	698
-3449.6848180018	699
-3419.36983901294	700
-3505.24716539206	701
-3527.28798492863	702
-3547.34739186098	703
-3585.2674662451	704
-3541.28178273525	705
-3484.32254538963	706
-3451.91801543654	707
-3535.47746769984	708
-3468.34545744128	709
-3415.7333856311	710
-3453.08510521152	711
-3491.97007988185	712
-3506.09351552176	713
-3460.64694460859	714
-3380.71728696379	715
-3469.25312890992	716
-3457.62040639096	717
-3423.28474584542	718
-3506.43368752603	719
-3387.87126813112	720
-3421.32145436282	721
-3438.10142359705	722
-3479.71269165611	723
-3457.72588139621	724
-3517.60475702327	725
-3462.06282886184	726
-3492.77194055589	727
-3427.75130709805	728
-3467.04313977012	729
-3434.08955851069	730
-3473.77413201586	731
-3488.50463987757	732
-3504.66023164028	733
-3474.38028482545	734
-3445.43417363834	735
-3477.06217904258	736
-3439.47094831654	737
-3468.14171562426	738
-3442.26081316191	739
-3485.84372787417	740
-3446.91435786686	741
-3453.46687373187	742
-3509.40695684725	743
-3492.00205577566	744
-3450.52736977664	745
-3448.18817615086	746
-3387.97458461927	747
-3461.27341839972	748
-3498.37808037919	749
-3453.43743666854	750
-3519.81770693549	751
-3511.30299158303	752
-3494.53414936258	753
-3500.27399827513	754
-3482.59597198061	755
-3451.72513312976	756
-3483.87862304195	757
-3399.62159144988	758
-3448.8219086803	759
-3397.77137396304	760
-3451.81964994835	761
-3400.84778915929	762
-3487.86684516028	763
-3490.28128901087	764
-3486.29946034827	765
-3476.6885840619	766
-3441.36623865974	767
-3479.94065204773	768
-3426.61402051154	769
-3464.57744544434	770
-3413.25304563158	771
-3419.02212720094	772
-3492.39596751383	773
-3491.22962805145	774
-3429.95900869085	775
-3519.35731976388	776
-3447.70581007259	777
-3495.7770750345	778
-3493.71373813726	779
-3491.63206715523	780
-3504.70137885622	781
-3502.98695937519	782
-3443.61793614625	783
-3441.7993793543	784
-3380.24936687439	785
-3501.94367487297	786
-3439.9504836183	787
-3410.21356549008	788
-3440.80487351986	789
-3412.44818609642	790
-3406.33240474661	791
-3529.30350865451	792
-3539.55511719067	793
-3523.42217815483	794
-3547.51958696251	795
-3537.40340481095	796
-3447.59957034984	797
-3467.98913333867	798
-3475.4363059767	799
-3465.73607782351	800
-3425.40408954683	801
-3461.94687866394	802
-3514.42266995258	803
-3537.31848590597	804
-3438.59416627849	805
-3408.03930674443	806
-3473.12580048339	807
-3446.10062655599	808
-3473.46981082494	809
-3469.63368720845	810
-3519.24265311379	811
-3439.00427092886	812
-3458.08583177918	813
-3450.993046158	814
-3498.43508882005	815
-3507.48766531028	816
-3513.34347221276	817
-3515.83926965428	818
-3537.24761261086	819
-3474.14081739008	820
-3494.77943118098	821
-3444.49313591572	822
-3458.72320314629	823
-3482.45811782989	824
-3492.99553216202	825
-3450.41136592221	826
-3471.30329393276	827
-3484.84533670711	828
-3460.74191509725	829
-3462.49811142698	830
-3489.81142584846	831
-3439.42292090937	832
-3395.34693543792	833
-3453.96931949377	834
-3461.67764552308	835
-3346.94493431088	836
-3386.89417675263	837
-3404.18064033043	838
-3433.07784041782	839
-3426.08450866915	840
-3456.48289659844	841
-3474.63367816229	842
-3419.27446107852	843
-3427.1271433573	844
-3434.78222479417	845
-3485.73070346118	846
-3332.85352768243	847
-3448.79557114036	848
-3415.6135693381	849
-3457.14612752891	850
-3549.41320640621	851
-3455.74532937718	852
-3462.27451702684	853
-3459.05343093653	854
-3478.37637008079	855
-3492.66261691911	856
-3471.33931751914	857
-3472.67866320758	858
-3482.83118825965	859
-3530.11424297809	860
-3453.09703834016	861
-3503.50804986261	862
-3501.92861169671	863
-3537.01861501794	864
-3419.86110513257	865
-3487.65059946977	866
-3482.50037882907	867
-3467.39972546494	868
-3552.81441000579	869
-3551.04182364512	870
-3538.55336584819	871
-3491.7266692462	872
-3496.4770667543	873
-3502.74768527695	874
-3508.82315460334	875
-3506.32401712883	876
-3454.57570935779	877
-3501.24766179647	878
-3507.75488737839	879
-3544.65385760058	880
-3519.37209407618	881
-3426.82678250165	882
-3494.28989138797	883
-3461.67679579743	884
-3463.17596846304	885
-3494.36905313615	886
-3443.72956866879	887
-3477.99797287195	888
-3527.32880713297	889
-3462.78287527172	890
-3485.47102805795	891
-3532.61548660865	892
-3416.28152200334	893
-3466.6702313211	894
-3413.69977999277	895
-3425.266782826	896
-3458.41493754093	897
-3383.95949245963	898
-3449.98093453937	899
-3457.99305625522	900
-3481.26248362277	901
-3601.11478798636	902
-3525.88818231988	903
-3471.75389180013	904
-3483.72850651849	905
-3480.06495422412	906
-3550.64315372293	907
-3573.57676928481	908
-3538.89173046679	909
-3482.40560323243	910
-3498.12329355529	911
-3414.64994249629	912
-3460.66853583591	913
-3434.83464212221	914
-3451.94302330879	915
-3395.87750117692	916
-3449.34281947552	917
-3493.86614786044	918
-3428.9311925581	919
-3479.5790192897	920
-3458.4176850679	921
-3458.05815359915	922
-3445.65427098514	923
-3496.25024375552	924
-3438.12740320288	925
-3464.50001210942	926
-3556.10007212278	927
-3576.54600444089	928
-3490.14443278297	929
-3501.51048205725	930
-3503.87664215876	931
-3489.04653992933	932
-3495.11684088537	933
-3501.65125311879	934
-3497.53963317981	935
-3475.13296139649	936
-3547.13707295443	937
-3461.44799895217	938
-3514.30447498238	939
-3478.52975908534	940
-3427.13060814377	941
-3398.5471635267	942
-3443.57082635655	943
-3387.74360514709	944
-3405.09644612119	945
-3401.46610076488	946
-3476.6744403178	947
-3451.35659999458	948
-3423.34372032997	949
-3485.02044407109	950
-3455.41233815328	951
-3486.73047828769	952
-3424.49282228511	953
-3497.87339674652	954
-3432.80145777245	955
-3461.80699636239	956
-3488.26243240687	957
-3474.2980798271	958
-3440.18291821851	959
-3480.59376790852	960
-3522.14542663374	961
-3508.1024424221	962
-3467.69942586225	963
-3496.20182408368	964
-3488.62148468624	965
-3462.49243086782	966
-3466.34032412126	967
-3471.51272876727	968
-3410.4426398729	969
-3445.17829765375	970
-3496.15965961077	971
-3424.5745622738	972
-3468.92984274794	973
-3472.58461672855	974
-3487.6187173986	975
-3463.56636230352	976
-3538.28450339797	977
-3527.88429299223	978
-3487.08730045641	979
-3389.31191577658	980
-3531.18203154307	981
-3457.66560295102	982
-3444.21719441876	983
-3475.67064831287	984
-3420.50281379709	985
-3473.0061648901	986
-3487.43204221012	987
-3519.26699589376	988
-3521.24814924003	989
-3469.01872060584	990
-3412.42120971607	991
-3460.18516974934	992
-3468.79720984156	993
-3462.79051434155	994
-3454.8289999925	995
-3404.56092060627	996
-3479.475133761	997
-3520.42186890353	998
-3451.22164958311	999
-3455.52616967855	1000
-3500.0173450855	1001
-3530.1798856018	1002
-3523.55046601285	1003
-3499.44323100421	1004
-3530.79304371553	1005
-3454.81696206336	1006
-3448.29650937902	1007
-3533.74091380551	1008
-3463.39364777914	1009
-3450.24174686741	1010
-3498.00088868606	1011
-3485.01442672125	1012
-3546.41222881046	1013
-3499.22816223591	1014
-3509.66621352173	1015
-3523.60048573997	1016
-3497.32574879961	1017
-3502.4561471507	1018
-3468.08232523012	1019
-3487.80232665828	1020
-3540.95001956828	1021
-3515.65701866384	1022
-3569.4837228404	1023
-3522.79817426216	1024
-3514.34240612188	1025
-3547.40060758226	1026
-3488.2381160305	1027
-3542.23855532287	1028
-3472.86140403985	1029
-3476.91038707326	1030
-3521.91573308551	1031
-3428.72033739558	1032
-3525.10711260377	1033
-3491.58026923928	1034
-3522.87566299854	1035
-3476.10025907334	1036
-3504.1601914756	1037
-3433.37683863528	1038
-3447.17335698613	1039
-3384.59427130481	1040
-3433.4612260975	1041
-3450.50328988647	1042
-3474.59211277261	1043
-3481.81831031862	1044
-3495.90713221307	1045
-3483.99663539569	1046
-3419.87918267391	1047
-3412.2346382606	1048
-3509.49615980757	1049
-3505.78852574343	1050
-3458.82599125822	1051
-3408.7719498852	1052
-3427.75226307996	1053
-3458.42823787679	1054
-3535.13834838125	1055
-3524.9875260112	1056
-3480.72424257988	1057
-3433.5544098472	1058
-3515.73036492778	1059
-3463.87051148139	1060
-3459.94017046256	1061
-3453.78747098707	1062
-3476.52472848068	1063
-3519.61291718632	1064
-3463.54650077659	1065
-3488.59944022603	1066
-3575.88787218226	1067
-3522.29312123951	1068
-3469.36491873674	1069
-3477.20780459845	1070
-3524.37401593804	1071
-3521.04197081929	1072
-3518.93407150568	1073
-3533.89452882495	1074
-3545.90703686594	1075
-3484.90541073883	1076
-3530.65359972116	1077
-3559.90699011038	1078
-3513.19911692445	1079
-3513.90398685251	1080
-3540.94395766898	1081
-3461.37708711483	1082
-3487.17638178193	1083
-3559.22133198981	1084
-3507.69327935924	1085
-3584.69083281987	1086
-3483.19316007014	1087
-3533.23587572701	1088
-3558.38581393385	1089
-3478.56661523328	1090
-3506.46202695805	1091
-3458.86332313076	1092
-3551.83038712713	1093
-3459.74964227829	1094
-3492.87516251659	1095
-3503.62200824056	1096
-3548.86125098486	1097
-3473.05367640794	1098
-3428.56540699177	1099
-3433.35388570077	1100
-3479.29548165978	1101
-3394.99691924969	1102
-3430.39975364439	1103
-3428.57186809419	1104
-3490.73303444686	1105
-3522.40224242695	1106
-3506.06833569516	1107
-3446.89531540912	1108
-3564.61050638245	1109
-3518.52787191374	1110
-3420.74949995353	1111
-3438.39487551812	1112
-3453.95228568467	1113
-3444.54647348195	1114
-3396.51021587143	1115
-3498.71734496632	1116
-3452.82747971069	1117
-3469.44515427923	1118
-3520.77869279686	1119
-3483.88686384992	1120
-3443.64466698851	1121
-3499.07894789184	1122
-3434.66194567324	1123
-3441.20693527221	1124
-3497.39748785377	1125
-3522.85624587317	1126
-3537.75374761362	1127
-3537.16826170272	1128
-3487.69412544629	1129
-3485.00494485317	1130
-3454.13411757284	1131
-3492.98599274726	1132
-3469.82328151791	1133
-3441.89893257188	1134
-3413.23336363829	1135
-3430.70738809809	1136
-3508.33186981322	1137
-3504.02439271298	1138
-3490.35401473527	1139
-3494.54646948985	1140
-3450.49665495275	1141
-3478.27493792353	1142
-3526.30354843124	1143
-3515.58100724359	1144
-3468.07493846383	1145
-3515.46121327369	1146
-3488.60366787767	1147
-3523.27373034156	1148
-3495.74058988746	1149
-3499.07879330653	1150
-3529.40683151173	1151
-3521.72863366839	1152
-3490.46919033492	1153
-3420.73931903059	1154
-3475.49179320231	1155
-3429.33895572611	1156
-3441.93377353993	1157
-3438.97810505621	1158
-3520.9741149822	1159
-3448.40609950469	1160
-3467.05463969612	1161
-3511.03804181778	1162
-3473.84796694252	1163
-3464.32638671236	1164
-3517.35509700513	1165
-3451.19249118002	1166
-3419.07787223194	1167
-3464.94064651165	1168
-3472.94651961918	1169
-3490.2195723514	1170
-3445.11222544999	1171
-3477.45217383894	1172
-3402.21560154656	1173
-3479.35739376779	1174
-3385.01127409725	1175
-3441.32226511825	1176
-3431.62997191752	1177
-3458.42659042568	1178
-3464.05141974101	1179
-3483.9179464373	1180
-3476.19783195703	1181
-3481.59156027577	1182
-3498.12456130206	1183
-3431.40535358899	1184
-3487.12725016958	1185
-3446.37901743315	1186
-3477.8589827446	1187
-3518.17479507603	1188
-3412.16916420978	1189
-3449.05407219657	1190
-3480.0901022917	1191
-3420.42676493269	1192
-3373.78713864789	1193
-3404.95807590588	1194
-3475.13692855936	1195
-3506.71505577335	1196
-3497.73719546955	1197
-3519.7786120693	1198
-3448.05166018719	1199
-3456.73360087112	1200
-3478.41783824879	1201
-3422.92482039593	1202
-3436.38982342686	1203
-3509.34367977093	1204
-3427.66717850353	1205
-3497.73898128154	1206
-3512.40914029167	1207
-3399.83918871103	1208
-3486.59465475397	1209
-3413.00043264834	1210
-3447.13217248823	1211
-3474.66367377319	1212
-3510.62515201405	1213
-3451.45743862081	1214
-3530.96869489433	1215
-3556.45039400093	1216
-3475.77281522968	1217
-3447.78780685347	1218
-3365.60428502189	1219
-3439.63703208509	1220
-3477.90554856412	1221
-3528.1362948368	1222
-3490.52244915978	1223
-3509.92517041773	1224
-3513.66459460855	1225
-3533.66262950289	1226
-3466.48342254017	1227
-3411.01660290929	1228
-3440.48946467607	1229
-3406.85082772271	1230
-3455.81169101523	1231
-3426.22068414084	1232
-3499.41099064202	1233
-3522.9481655639	1234
-3506.15609446732	1235
-3445.39326801516	1236
-3487.27656106123	1237
-3539.04980032829	1238
-3529.34416923217	1239
-3488.57863905637	1240
-3425.20049317726	1241
-3486.9655822483	1242
-3513.77776126787	1243
-3474.03769039713	1244
-3448.98618393067	1245
-3475.63333989224	1246
-3507.39336127345	1247
-3539.24336288193	1248
-3498.46826850802	1249
-3542.8126997055	1250
-3438.89350363826	1251
-3469.64191568369	1252
-3481.79283242067	1253
-3490.1251389779	1254
-3490.46631536347	1255
-3481.23442275744	1256
-3495.49054871928	1257
-3527.67581396201	1258
-3495.51878699955	1259
-3497.69813753336	1260
-3455.03900310551	1261
-3420.65094005875	1262
-3448.09271937755	1263
-3547.77157842864	1264
-3449.44297849897	1265
-3429.34297449268	1266
-3463.06197218281	1267
-3478.36333260376	1268
-3393.82320002041	1269
-3437.8724869726	1270
-3467.71038437157	1271
-3515.35685453178	1272
-3543.11764055885	1273
-3492.59287118366	1274
-3470.42751999824	1275
-3414.74884178106	1276
-3478.37162112349	1277
-3472.07905947245	1278
-3504.64428212406	1279
-3538.21696795337	1280
-3494.32568741647	1281
-3453.87127290047	1282
-3428.76904181391	1283
-3457.16285415621	1284
-3458.14708216119	1285
-3447.33451292206	1286
-3473.69411460361	1287
-3465.26212906651	1288
-3516.85396239385	1289
-3536.46391629648	1290
-3517.20382593478	1291
-3521.09416611307	1292
-3472.78146185741	1293
-3487.99974975799	1294
-3518.86568583259	1295
-3419.3604310516	1296
-3504.68743559263	1297
-3487.57994403616	1298
-3514.84284696353	1299
-3439.34845379934	1300
-3519.55108748708	1301
-3421.6053631575	1302
-3478.78939781274	1303
-3478.29548911024	1304
-3454.21750264633	1305
-3529.00870380283	1306
-3516.12649190472	1307
-3483.69386838753	1308
-3494.2711422095	1309
-3538.92413433224	1310
-3456.0439940524	1311
-3555.37901363058	1312
-3513.64897146691	1313
-3521.66321318305	1314
-3492.00123957053	1315
-3469.16582297247	1316
-3483.60469618318	1317
-3485.19140256756	1318
-3504.87198631363	1319
-3503.68427590591	1320
-3465.40431347199	1321
-3554.47307869905	1322
-3510.84221632715	1323
-3515.38364331714	1324
-3496.1963889833	1325
-3452.82007763821	1326
-3451.64540064601	1327
-3400.23814183949	1328
-3472.32578860747	1329
-3504.26565043338	1330
-3455.86289605425	1331
-3464.17005309599	1332
-3490.51816946195	1333
-3486.22706887491	1334
-3466.66046848384	1335
-3469.27626526224	1336
-3488.25027051032	1337
-3372.12102356462	1338
-3449.81631823511	1339
-3425.66836024299	1340
-3473.30148740288	1341
-3451.80143886046	1342
-3450.2635282107	1343
-3496.70281143053	1344
-3415.34643111243	1345
-3475.11398124131	1346
-3479.84079012802	1347
-3451.26484760461	1348
-3513.28897148613	1349
-3454.07002562193	1350
-3462.34199114155	1351
-3497.57152032041	1352
-3456.33404016742	1353
-3470.31600130373	1354
-3410.07821195433	1355
-3436.98666150463	1356
-3446.31209102987	1357
-3445.12330096716	1358
-3544.84626356884	1359
-3509.09664696211	1360
-3507.92966158362	1361
-3483.07350696035	1362
-3455.29186616728	1363
-3465.91437720618	1364
-3476.04384074667	1365
-3466.325129153	1366
-3436.39514205443	1367
-3431.14039415817	1368
-3498.35883550434	1369
-3502.32759477169	1370
-3508.81614474064	1371
-3505.77914764617	1372
-3514.93522857204	1373
-3473.82573365863	1374
-3505.30688799425	1375
-3492.75167744253	1376
-3455.44121607701	1377
-3497.84174781952	1378
-3504.629034724	1379
-3472.4334829176	1380
-3439.99390758166	1381
-3495.36750788672	1382
-3495.42691828422	1383
-3505.13255821903	1384
-3436.12155284028	1385
-3427.65724175495	1386
-3388.90627982775	1387
-3462.65587446463	1388
-3445.75667443437	1389
-3426.55511709995	1390
-3396.96085295641	1391
-3510.50702588211	1392
-3521.59288238409	1393
-3463.06233405911	1394
-3468.18441390848	1395
-3558.64819427822	1396
-3515.71628254686	1397
-3449.11302480349	1398
-3475.19412667064	1399
-3413.73042189026	1400
-3472.99297780734	1401
-3505.8337162733	1402
-3512.5097695378	1403
-3496.39914341906	1404
-3469.73413536924	1405
-3409.7827927056	1406
-3449.42357151399	1407
-3485.51807269301	1408
-3478.99435648128	1409
-3468.36121282651	1410
-3407.73064836092	1411
-3447.89020920538	1412
-3471.00235876374	1413
-3385.63007350034	1414
-3476.26684667518	1415
-3461.97513436838	1416
-3475.86285575966	1417
-3517.3480652238	1418
-3438.32661650219	1419
-3529.10037486007	1420
-3461.5365648251	1421
-3475.75575908494	1422
-3467.64546098738	1423
-3486.79212904097	1424
-3523.68979231312	1425
-3460.93303372921	1426
-3498.65942527355	1427
-3462.6480244819	1428
-3392.91721961927	1429
-3445.09788342841	1430
-3408.71848183194	1431
-3419.8351312249	1432
-3416.34009537299	1433
-3497.77374735178	1434
-3531.09155964936	1435
-3474.22433589938	1436
-3478.50066219698	1437
-3484.96313998605	1438
-3383.17787386483	1439
-3490.21473886838	1440
-3400.84201949779	1441
-3423.71215698957	1442
-3461.97247630208	1443
-3523.03036387841	1444
-3564.1549156361	1445
-3528.7531515652	1446
-3543.44820663469	1447
-3478.76852873071	1448
-3442.520014842	1449
-3407.0168643923	1450
-3432.60746082998	1451
-3485.85839514476	1452
-3553.6010105437	1453
-3454.25441328578	1454
-3551.08850804194	1455
-3523.28209585389	1456
-3478.38388817796	1457
-3468.96433300121	1458
-3510.27794821581	1459
-3485.56156216867	1460
-3480.87255967458	1461
-3464.35255545036	1462
-3476.05539563914	1463
-3462.67085985549	1464
-3479.48788497845	1465
-3501.59007347894	1466
-3488.81213240125	1467
-3499.02185911706	1468
-3483.34689330039	1469
-3532.18664517989	1470
-3466.72807559361	1471
-3494.21422363327	1472
-3528.32009839619	1473
-3482.34980442196	1474
-3508.49153776145	1475
-3520.7020686138	1476
-3508.43202301345	1477
-3546.44671809802	1478
-3506.27270468907	1479
-3530.79263441371	1480
-3541.21102580755	1481
-3520.47356337685	1482
-3588.50186913753	1483
-3532.96536902908	1484
-3508.76683118084	1485
-3494.74976600345	1486
-3540.09249741843	1487
-3495.9324304908	1488
-3530.42322390196	1489
-3577.79294638674	1490
-3476.32692301824	1491
-3469.66176381343	1492
-3482.55925565235	1493
-3461.75737444514	1494
-3491.95785311934	1495
-3461.01491865711	1496
-3476.63075405557	1497
-3419.33788384239	1498
-3434.42776707263	1499
-3436.99577306942	1500
-3462.2619817146	1501
-3455.17893488541	1502
-3477.15835771584	1503
-3422.99439604802	1504
-3403.65628525791	1505
-3518.24150625457	1506
-3507.9815891354	1507
-3471.73672192372	1508
-3521.87425368008	1509
-3424.03135734508	1510
-3500.30824562512	1511
-3491.9805571557	1512
-3431.0318230688	1513
-3463.28305850544	1514
-3455.22357517352	1515
-3548.74728630808	1516
-3512.33020772773	1517
-3529.34242538663	1518
-3515.06866678677	1519
-3505.04879982714	1520
-3459.34352130134	1521
-3431.32084976737	1522
-3488.46861689548	1523
-3509.58888347346	1524
-3552.28831653603	1525
-3436.82029569068	1526
-3406.68941342507	1527
-3445.7826164273	1528
-3524.54707256016	1529
-3409.63479976851	1530
-3483.46811154675	1531
-3466.16084728932	1532
-3550.30248799197	1533
-3499.36624825765	1534
-3479.02031588375	1535
-3490.79765157184	1536
-3562.87468364205	1537
-3472.9456897846	1538
-3489.76752137944	1539
-3461.32390932815	1540
-3477.94831204355	1541
-3519.29749249959	1542
-3500.06923026744	1543
-3447.14473081693	1544
-3486.53856461186	1545
-3421.94251970317	1546
-3471.18090625917	1547
-3484.4695190062	1548
-3565.74800230762	1549
-3562.72667065841	1550
-3495.11453444047	1551
-3580.33631421593	1552
-3450.51246560903	1553
-3461.70122603782	1554
-3503.98506041413	1555
-3584.09453553499	1556
-3553.76451740517	1557
-3553.64939955433	1558
-3474.17445893578	1559
-3565.00372354907	1560
-3558.58191108483	1561
-3510.33999242122	1562
-3513.40368136801	1563
-3474.48035828526	1564
-3507.41186108647	1565
-3534.99142595176	1566
-3569.58851636345	1567
-3489.18416911037	1568
-3497.01915583614	1569
-3548.21223193818	1570
-3446.26846932596	1571
-3529.47733300384	1572
-3503.36521486685	1573
-3514.61996102614	1574
-3555.49487156207	1575
-3534.08555400455	1576
-3510.70318804527	1577
-3510.05533385104	1578
-3543.51800054892	1579
-3497.95262062441	1580
-3530.59046262757	1581
-3528.75318266065	1582
-3522.28272893551	1583
-3499.55168919836	1584
-3509.87004717322	1585
-3469.06970358523	1586
-3516.40002007881	1587
-3495.80966778848	1588
-3477.21280887434	1589
-3505.3383661843	1590
-3514.61810213589	1591
-3514.82915876828	1592
-3526.91985461001	1593
-3492.79760341172	1594
-3520.56041368671	1595
-3530.06900802072	1596
-3558.58994129458	1597
-3542.93069776757	1598
-3504.81200961908	1599
-3496.81749641723	1600
-3504.09616107117	1601
-3456.95617707025	1602
-3454.23519467246	1603
-3477.24069296697	1604
-3510.6879970798	1605
-3531.39650404161	1606
-3490.92597030285	1607
-3499.93407819932	1608
-3433.25770703393	1609
-3483.92750551937	1610
-3456.11005280182	1611
-3471.69448525663	1612
-3481.58245979248	1613
-3509.138535353	1614
-3442.42258375316	1615
-3408.97511463176	1616
-3490.7717273106	1617
-3430.08242348211	1618
-3433.20637686316	1619
-3423.02577627741	1620
-3500.24413281979	1621
-3468.64870986697	1622
-3520.03032078933	1623
-3515.30334338055	1624
-3509.42871130201	1625
-3533.17774154211	1626
-3500.37259863573	1627
-3489.27448824663	1628
-3426.04547323651	1629
-3550.23061641338	1630
-3510.72112926187	1631
-3487.82243335559	1632
-3450.27932114704	1633
-3476.89932152246	1634
-3458.31263060906	1635
-3430.23580511788	1636
-3458.11394515113	1637
-3483.24887578653	1638
-3458.62160689927	1639
-3469.93237548066	1640
-3444.09045392974	1641
-3451.23998811796	1642
-3404.17611782456	1643
-3413.60383423222	1644
-3389.25091030596	1645
-3399.84776576915	1646
-3448.39400243676	1647
-3440.627237897	1648
-3379.05456368996	1649
-3408.60347519332	1650
-3361.43708013056	1651
-3447.40108169451	1652
-3392.44578668368	1653
-3379.07868427617	1654
-3437.24852102385	1655
-3408.34904643409	1656
-3404.19898356793	1657
-3448.3212207167	1658
-3450.21597635796	1659
-3434.09683498705	1660
-3436.69544341683	1661
-3411.59597063685	1662
-3483.3976076058	1663
-3447.21903135243	1664
-3505.01735122971	1665
-3431.62070682128	1666
-3547.1784871201	1667
-3479.64560018889	1668
-3441.65154717074	1669
-3457.75326969163	1670
-3426.35446867002	1671
-3449.99416592463	1672
-3474.53419109602	1673
-3472.38758175235	1674
-3506.12457974963	1675
-3473.54456532438	1676
-3547.08467274727	1677
-3626.78254008326	1678
-3515.55228682597	1679
-3488.16997790222	1680
-3470.54580858167	1681
-3400.70674202965	1682
-3470.01213931769	1683
-3430.62448692089	1684
-3510.03123076014	1685
-3411.62062765151	1686
-3450.23879726523	1687
-3552.28275140657	1688
-3485.72870769555	1689
-3498.70870190651	1690
-3452.38624975507	1691
-3481.90728362706	1692
-3487.12557111696	1693
-3535.98459065886	1694
-3564.47668320001	1695
-3601.60763664469	1696
-3581.12177366569	1697
-3474.57709320595	1698
-3580.45556784898	1699
-3528.29243114415	1700
-3508.29910334946	1701
-3479.64440772684	1702
-3518.34475648427	1703
-3530.72196043922	1704
-3605.48729159531	1705
-3555.20125719283	1706
-3527.48597920955	1707
-3501.73063533842	1708
-3516.36010779077	1709
-3477.6196715947	1710
-3547.4442816212	1711
-3486.08367656505	1712
-3452.26745202779	1713
-3491.83941021283	1714
-3476.54310520357	1715
-3517.73957260709	1716
-3568.76190793006	1717
-3448.04437558689	1718
-3477.47389177316	1719
-3522.34555643253	1720
-3501.03851301925	1721
-3498.12764201641	1722
-3540.12090057039	1723
-3525.56228419059	1724
-3441.32535551642	1725
-3486.40118300803	1726
-3438.74881965992	1727
-3454.80007989172	1728
-3494.95626378828	1729
-3497.06639046682	1730
-3487.09875273561	1731
-3502.26858835489	1732
-3570.78700064149	1733
-3570.40797825842	1734
-3517.29964084834	1735
-3478.43575283159	1736
-3494.55530454771	1737
-3507.20314348767	1738
-3455.17494331086	1739
-3529.54055431664	1740
-3514.21948899407	1741
-3501.5251116459	1742
-3419.89609623426	1743
-3484.72046131674	1744
-3494.81603089722	1745
-3501.90958792485	1746
-3467.6973755655	1747
-3438.51779538372	1748
-3484.09809575275	1749
-3454.30599678441	1750
-3466.28030708247	1751
-3459.4563142405	1752
-3474.39122008797	1753
-3414.61717548579	1754
-3415.05933347091	1755
-3431.22486041523	1756
-3428.6075895559	1757
-3390.53872497692	1758
-3404.8659448873	1759
-3359.27808506677	1760
-3464.9552495118	1761
-3398.18621131219	1762
-3449.46720610901	1763
-3433.426855613	1764
-3514.46730636309	1765
-3548.64111414891	1766
-3516.56714867659	1767
-3530.49778114702	1768
-3436.21733385595	1769
-3506.67337837786	1770
-3478.4513212238	1771
-3511.90845695602	1772
-3425.87208225391	1773
-3456.40214293318	1774
-3546.3688627202	1775
-3487.89282092578	1776
-3457.74888734064	1777
-3464.4889503977	1778
-3485.61761691408	1779
-3512.87266549957	1780
-3484.81687490714	1781
-3461.97566494928	1782
-3579.14849869833	1783
-3531.40296388909	1784
-3566.8140440406	1785
-3500.78978386739	1786
-3511.66379674257	1787
-3471.52764208736	1788
-3510.2195512839	1789
-3495.20316173128	1790
-3437.54616120051	1791
-3537.15275277745	1792
-3509.348806093	1793
-3501.02054954904	1794
-3508.41178743831	1795
-3503.07195771793	1796
-3451.62630364388	1797
-3408.43452548327	1798
-3465.00151211659	1799
-3537.25220055457	1800
-3473.66110292132	1801
-3401.95303077662	1802
-3569.77673066043	1803
-3557.49709488333	1804
-3532.67353067268	1805
-3579.83126200456	1806
-3560.79055711382	1807
-3536.83060242937	1808
-3454.29454427287	1809
-3560.39130088362	1810
-3523.68353695942	1811
-3459.99727701499	1812
-3460.92295865858	1813
-3479.74455871853	1814
-3478.4621036457	1815
-3450.08108097931	1816
-3492.11139323735	1817
-3447.01800612014	1818
-3514.35165063032	1819
-3469.34952357957	1820
-3498.13126081261	1821
-3512.02957728828	1822
-3456.29966911529	1823
-3410.7607185224	1824
-3521.38957585021	1825
-3494.753114053	1826
-3498.9808216275	1827
-3461.85307116985	1828
-3425.50494266879	1829
-3415.00460170873	1830
-3520.16924069649	1831
-3505.77047444877	1832
-3472.62793939554	1833
-3471.31731009542	1834
-3488.96946644338	1835
-3465.82832422132	1836
-3461.75154540071	1837
-3439.42360691458	1838
-3413.75773406958	1839
-3488.61220230416	1840
-3480.02392766965	1841
-3501.36170231315	1842
-3481.4986751069	1843
-3461.85647328885	1844
-3477.2483578878	1845
-3466.1286964911	1846
-3462.06512740768	1847
-3486.2719054403	1848
-3507.36264568688	1849
-3534.73937796952	1850
-3476.15028784156	1851
-3469.37171320651	1852
-3459.57951728455	1853
-3461.74773727083	1854
-3450.58550399833	1855
-3486.22984960498	1856
-3459.88844373252	1857
-3415.17132300613	1858
-3435.68505594745	1859
-3423.37705189642	1860
-3451.13242307159	1861
-3491.31282667383	1862
-3486.39132825296	1863
-3480.06155124019	1864
-3490.51909037194	1865
-3447.12538558455	1866
-3526.5546210834	1867
-3496.63006413355	1868
-3491.23076440699	1869
-3489.4539654443	1870
-3533.53778799935	1871
-3531.83371720768	1872
-3516.60936344343	1873
-3496.20863197342	1874
-3415.37645743926	1875
-3413.70328278384	1876
-3465.62783901121	1877
-3452.52537158778	1878
-3444.36760573009	1879
-3453.8466254471	1880
-3434.77127065775	1881
-3514.03138686227	1882
-3479.45646384155	1883
-3437.66223310657	1884
-3480.03189332522	1885
-3469.88537065032	1886
-3428.71972476159	1887
-3559.65485242044	1888
-3550.46449855593	1889
-3495.36458103943	1890
-3510.60560832309	1891
-3507.30139267046	1892
-3467.24553149713	1893
-3525.49509933452	1894
-3535.02019974978	1895
-3543.19316748852	1896
-3460.1595097751	1897
-3483.06608413667	1898
-3403.68304969017	1899
-3438.96506850706	1900
-3453.66109944475	1901
-3458.94557849949	1902
-3448.00617139216	1903
-3475.27856425708	1904
-3473.34253489706	1905
-3541.73214642084	1906
-3472.95489104054	1907
-3502.0893766754	1908
-3432.81750438589	1909
-3487.06194915878	1910
-3496.29177973414	1911
-3481.56539080935	1912
-3499.46456045903	1913
-3491.48649386536	1914
-3502.51935716904	1915
-3506.94714211476	1916
-3500.47396096272	1917
-3486.34204635925	1918
-3502.88226930912	1919
-3431.84481233227	1920
-3419.29007881681	1921
-3482.85599096562	1922
-3491.19068299835	1923
-3460.79238207251	1924
-3500.83251661579	1925
-3491.44773868447	1926
-3412.35651677849	1927
-3523.84653649314	1928
-3517.56072438508	1929
-3485.22804699509	1930
-3509.70813601503	1931
-3472.58043173743	1932
-3474.33118698302	1933
-3376.50715374044	1934
-3388.97751961146	1935
-3473.19898222077	1936
-3429.80463663095	1937
-3411.82956813473	1938
-3456.94313614399	1939
-3454.25962192644	1940
-3521.8119529865	1941
-3482.23724380418	1942
-3477.70085420754	1943
-3516.38866893891	1944
-3456.79797047971	1945
-3513.52581031268	1946
-3522.67088180751	1947
-3453.54509015065	1948
-3455.56964958317	1949
-3466.0965702978	1950
-3459.67635600044	1951
-3393.31105654594	1952
-3412.55761502054	1953
-3415.13294086607	1954
-3375.02915675542	1955
-3390.20005653463	1956
-3476.06821166877	1957
-3404.66231668711	1958
-3429.27263667534	1959
-3478.14672387643	1960
-3447.14412330834	1961
-3468.12342963773	1962
-3468.88284461192	1963
-3474.75825017958	1964
-3527.88885086612	1965
-3481.58355156763	1966
-3422.38257445879	1967
-3457.60812817658	1968
-3447.78046159118	1969
-3498.66102001362	1970
-3498.45795253579	1971
-3440.16614244772	1972
-3492.04994021539	1973
-3414.33478310647	1974
-3387.78593277112	1975
-3421.57836819365	1976
-3365.95767896562	1977
-3476.16660973662	1978
-3458.62793158817	1979
-3510.23063487841	1980
-3481.72925872544	1981
-3496.45098445158	1982
-3432.0744875013	1983
-3424.34401465582	1984
-3483.35545446988	1985
-3528.94619102834	1986
-3532.74865733121	1987
-3510.40304608805	1988
-3554.90619954903	1989
-3533.06801677517	1990
-3535.51670702779	1991
-3516.09746094247	1992
-3451.59171537337	1993
-3499.08354337492	1994
-3532.08293079376	1995
-3517.15666911209	1996
-3523.31949584401	1997
-3534.80211943963	1998
-3430.42461435568	1999
-3467.72627056552	2000
-3486.83135095337	2001
-3489.96047192629	2002
-3462.48002283479	2003
-3501.00161983021	2004
-3537.2482969601	2005
-3521.48156879838	2006
-3473.73826559399	2007
-3504.17133155824	2008
-3430.08342702001	2009
-3473.46136504756	2010
-3476.66818017713	2011
-3479.94780597446	2012
-3491.76075321458	2013
-3470.83008229967	2014
-3441.57645197537	2015
-3445.34485227462	2016
-3409.75285587146	2017
-3462.42516443531	2018
-3452.74742006579	2019
-3558.7137591937	2020
-3528.75679090484	2021
-3467.66356464682	2022
-3498.59643746827	2023
-3393.50588731768	2024
-3368.7798224248	2025
-3424.18877863451	2026
-3421.44671253453	2027
-3473.49662985864	2028
-3485.5984083415	2029
-3473.84444100493	2030
-3454.55547702912	2031
-3428.10698366801	2032
-3442.15514555222	2033
-3417.88346093184	2034
-3526.88758398604	2035
-3485.73294032042	2036
-3494.37861501684	2037
-3499.74614250475	2038
-3561.55647297507	2039
-3463.44431822689	2040
-3528.91287070248	2041
-3471.78037833145	2042
-3428.29637901541	2043
-3433.47740069157	2044
-3492.67962344459	2045
-3482.43086245172	2046
-3526.83154777041	2047
-3491.21523592586	2048
-3520.21032001527	2049
-3532.94309542497	2050
-3473.66815053146	2051
-3470.38688976771	2052
-3428.97612276414	2053
-3471.3351372717	2054
-3510.49391386337	2055
-3533.6017707038	2056
-3477.88743954348	2057
-3515.24662684238	2058
-3479.25611439365	2059
-3480.60990155725	2060
-3496.34315003876	2061
-3498.39352110891	2062
-3439.86544469511	2063
-3490.75189703876	2064
-3455.12392179539	2065
-3522.70131222459	2066
-3472.55571640006	2067
-3539.86175814906	2068
-3537.14999948175	2069
-3546.89539875187	2070
-3526.03172511284	2071
-3443.38417017811	2072
-3514.6384825122	2073
-3502.78732997397	2074
-3479.10288790416	2075
-3499.40816111158	2076
-3532.12721346072	2077
-3550.50969577191	2078
-3438.08720831707	2079
-3360.46026203187	2080
-3411.40698472881	2081
-3444.85162935243	2082
-3454.44882946127	2083
-3464.51913049444	2084
-3463.03423289744	2085
-3425.6247578446	2086
-3396.60528890634	2087
-3440.8966785847	2088
-3444.10968415604	2089
-3483.41250627701	2090
-3493.44963594143	2091
-3483.48124967784	2092
-3478.4236918409	2093
-3460.6150358621	2094
-3396.78589731718	2095
-3388.61373654271	2096
-3391.98517953123	2097
-3470.35146377588	2098
-3442.52833146683	2099
-3506.05688175153	2100
-3483.44779114138	2101
-3501.92166988146	2102
-3545.50727150117	2103
-3477.19434757222	2104
-3498.3518137563	2105
-3468.14992835355	2106
-3471.16616882117	2107
-3427.45953493008	2108
-3572.14806627057	2109
-3518.57037256824	2110
-3510.29371680819	2111
-3456.93075516469	2112
-3474.5961477954	2113
-3481.42575285965	2114
-3494.67311943089	2115
-3484.59929989188	2116
-3503.81205455015	2117
-3499.01818527412	2118
-3484.86056842374	2119
-3494.57271258629	2120
-3517.09189647584	2121
-3558.24165360899	2122
-3489.6931705463	2123
-3558.36936100763	2124
-3572.09473297064	2125
-3548.88086130701	2126
-3548.83786202382	2127
-3467.28422988516	2128
-3461.99486766174	2129
-3490.07163562264	2130
-3555.9716853499	2131
-3459.84056569871	2132
-3465.74343686912	2133
-3441.58858099827	2134
-3425.1210744933	2135
-3407.5000413507	2136
-3446.67855979316	2137
-3404.43011301066	2138
-3454.03828431527	2139
-3477.06068455311	2140
-3463.32862858734	2141
-3477.92410512796	2142
-3534.12801498885	2143
-3435.08260807255	2144
-3472.89935429275	2145
-3468.20768770204	2146
-3382.39087410068	2147
-3409.49774313972	2148
-3367.28825422264	2149
-3382.57790604164	2150
-3469.26981974796	2151
-3440.3575254167	2152
-3499.3274328207	2153
-3355.42323104491	2154
-3546.93597229846	2155
-3447.95175740921	2156
-3445.25844388549	2157
-3471.66394537281	2158
-3471.00211392089	2159
-3444.37272383799	2160
-3552.63206124794	2161
-3540.98731108353	2162
-3567.28489163881	2163
-3577.18755879495	2164
-3582.084802924	2165
-3497.82483856481	2166
-3596.01121786526	2167
-3502.37321100914	2168
-3502.47722129357	2169
-3574.37657682474	2170
-3524.60580200896	2171
-3521.09070703062	2172
-3487.74891941762	2173
-3487.5041291353	2174
-3449.97431984395	2175
-3461.19774224493	2176
-3476.70723755646	2177
-3573.17847850061	2178
-3511.11969927346	2179
-3541.75332017222	2180
-3478.19155242554	2181
-3497.53130213284	2182
-3437.28699602725	2183
-3471.05629122612	2184
-3423.6967639181	2185
-3474.64250254726	2186
-3540.41906393141	2187
-3505.39059703225	2188
-3551.06272027707	2189
-3556.79772670385	2190
-3587.34849004783	2191
-3575.95362530391	2192
-3566.31456063372	2193
-3490.61488816048	2194
-3514.95277268458	2195
-3523.84154727324	2196
-3547.71819630917	2197
-3501.30117349215	2198
-3539.53404960964	2199
-3472.90862489399	2200
-3512.36456880536	2201
-3534.561713961	2202
-3470.20146048386	2203
-3463.04617894009	2204
-3471.80412938635	2205
-3473.54898608205	2206
-3439.0269224201	2207
-3483.03057112765	2208
-3446.69100762239	2209
-3469.14000228625	2210
-3480.30512994598	2211
-3588.12261643048	2212
-3563.27866394838	2213
-3510.07791655879	2214
-3533.766240387	2215
-3527.91969027998	2216
-3499.81195412422	2217
-3487.83015482096	2218
-3479.14970274167	2219
-3504.70958306945	2220
-3490.78083767584	2221
-3409.41687472416	2222
-3459.92209356533	2223
-3484.64348295811	2224
-3468.07726329472	2225
-3452.55723659722	2226
-3486.83349826329	2227
-3502.85326944613	2228
-3478.95823786455	2229
-3460.23301584641	2230
-3538.10203227463	2231
-3500.14652858011	2232
-3532.86924567099	2233
-3598.93029310831	2234
-3522.73278281151	2235
-3426.90662931753	2236
-3442.56163498405	2237
-3402.96515036954	2238
-3470.31027608363	2239
-3503.20441242222	2240
-3499.85859850853	2241
-3429.70055469187	2242
-3451.57792887511	2243
-3451.70273639539	2244
-3456.27163808525	2245
-3552.60855739827	2246
-3548.42624695413	2247
-3495.65446236733	2248
-3510.99068900669	2249
-3495.73158814082	2250
-3479.98833770663	2251
-3456.78572251034	2252
-3396.27615904792	2253
-3521.94994342449	2254
-3549.56030339793	2255
-3493.19894380545	2256
-3478.4765009244	2257
-3501.78404545274	2258
-3478.76912281372	2259
-3493.27185318823	2260
-3480.29072388629	2261
-3503.79943654649	2262
-3418.46658461201	2263
-3504.34765011757	2264
-3441.79987458853	2265
-3459.05578787465	2266
-3480.03977191507	2267
-3429.54909178004	2268
-3507.17974336154	2269
-3438.30962376827	2270
-3482.8784763476	2271
-3491.23956566969	2272
-3492.61255462624	2273
-3461.45203214632	2274
-3487.48899007268	2275
-3502.86773237054	2276
-3472.88467997479	2277
-3468.58540137289	2278
-3441.94945231036	2279
-3467.14415637471	2280
-3494.2373217557	2281
-3522.72855194904	2282
-3514.72036849405	2283
-3522.80459508269	2284
-3465.19297170431	2285
-3474.24016658316	2286
-3468.89064241122	2287
-3506.83623297845	2288
-3497.52373302715	2289
-3494.91790684605	2290
-3451.62121467374	2291
-3426.15068083433	2292
-3463.65106717303	2293
-3477.8919540032	2294
-3426.38003127795	2295
-3554.59833080166	2296
-3510.46842732822	2297
-3469.82268631019	2298
-3462.69719163484	2299
-3448.70688679847	2300
-3482.70412557902	2301
-3454.30513722989	2302
-3573.18127693962	2303
-3531.35696095558	2304
-3493.4663392572	2305
-3488.86583711485	2306
-3476.69108315714	2307
-3464.8221921345	2308
-3477.59580078998	2309
-3453.30700409561	2310
-3481.44105518788	2311
-3463.38852482578	2312
-3496.5639039617	2313
-3532.91922699457	2314
-3501.15293815166	2315
-3484.15212888835	2316
-3493.9909442342	2317
-3584.97093457439	2318
-3490.68947787262	2319
-3451.96116589156	2320
-3491.79009659376	2321
-3515.42442972074	2322
-3446.5276101198	2323
-3528.67490151764	2324
-3432.23123118919	2325
-3493.6691328456	2326
-3481.23188055612	2327
-3476.63217546433	2328
-3450.90180926674	2329
-3489.39862368567	2330
-3465.45353061832	2331
-3477.77092861717	2332
-3457.77667387625	2333
-3458.18179563436	2334
-3434.63550735935	2335
-3418.1130958739	2336
-3548.44915810433	2337
-3356.81068706841	2338
-3416.77367026397	2339
-3493.273808476	2340
-3479.36679221728	2341
-3536.06894975999	2342
-3483.6160668164	2343
-3411.62203916313	2344
-3481.60356725084	2345
-3512.50081785751	2346
-3518.90048903199	2347
-3478.59489945926	2348
-3440.74254457306	2349
-3517.5875846234	2350
-3530.88838366032	2351
-3431.9483740795	2352
-3533.92339646418	2353
-3463.72133026616	2354
-3492.67216254818	2355
-3420.88465127673	2356
-3365.37245771684	2357
-3452.96012490116	2358
-3499.96032091768	2359
-3502.17443821503	2360
-3483.37476670097	2361
-3406.51870042409	2362
-3435.32495083296	2363
-3474.89760894556	2364
-3480.56604694386	2365
-3475.53661398808	2366
-3552.53817248224	2367
-3532.42604575526	2368
-3527.0474002828	2369
-3533.69921347374	2370
-3562.94668242315	2371
-3475.53184646489	2372
-3518.85607883764	2373
-3548.65526190649	2374
-3451.47120247258	2375
-3547.39521480301	2376
-3475.47394347924	2377
-3503.73973879618	2378
-3513.76199613808	2379
-3550.6310028441	2380
-3503.3175230388	2381
-3537.25816878781	2382
-3487.21018619103	2383
-3502.06306798398	2384
-3460.47695891249	2385
-3469.10588034586	2386
-3465.63355254868	2387
-3485.19946246056	2388
-3510.2414076541	2389
-3483.06746188933	2390
-3513.5288188259	2391
-3499.59399641628	2392
-3522.82442518637	2393
-3480.20091124755	2394
-3466.39352865519	2395
-3396.54365960824	2396
-3448.4620619941	2397
-3421.8998041225	2398
-3434.48290190918	2399
-3447.07114011346	2400
-3499.58631774682	2401
-3457.33498631341	2402
-3587.23947039595	2403
-3535.55988361515	2404
-3540.5062006818	2405
-3520.00443894283	2406
-3504.00873523121	2407
-3600.72186051332	2408
-3524.40588270141	2409
-3512.98630554614	2410
-3482.46841309873	2411
-3544.88617412437	2412
-3457.87588459399	2413
-3512.83911736523	2414
-3380.54149594736	2415
-3390.67498373731	2416
-3458.24160270782	2417
-3473.71212411277	2418
-3534.95056031879	2419
-3505.29267447287	2420
-3483.0218466292	2421
-3518.18373502831	2422
-3429.84206513454	2423
-3473.2418496158	2424
-3538.3615136525	2425
-3479.29454983714	2426
-3506.52036541532	2427
-3428.36800627363	2428
-3485.58744406519	2429
-3461.60435697997	2430
-3489.72163304065	2431
-3532.73723301677	2432
-3462.86131566764	2433
-3573.28746791502	2434
-3560.52409857596	2435
-3492.52374194839	2436
-3478.64118630145	2437
-3478.81103220031	2438
-3479.86909733071	2439
-3529.37786416165	2440
-3465.85048182565	2441
-3493.82286044955	2442
-3498.92237054743	2443
-3499.40654565026	2444
-3443.11216844728	2445
-3440.22113482025	2446
-3462.38756512975	2447
-3442.56136391846	2448
-3419.61957444612	2449
-3476.39777657459	2450
-3468.35993252697	2451
-3454.86757692677	2452
-3399.07625973056	2453
-3495.20107520215	2454
-3512.3580379803	2455
-3494.48697608565	2456
-3446.89622595025	2457
-3520.5504269985	2458
-3522.54430951718	2459
-3457.73065459528	2460
-3512.33824389012	2461
-3456.50210251959	2462
-3439.01158886146	2463
-3519.83976867912	2464
-3498.22898432372	2465
-3472.01024684883	2466
-3503.07200268639	2467
-3475.7574308898	2468
-3464.86088860872	2469
-3525.04330909254	2470
-3507.85088406733	2471
-3542.91784269192	2472
-3511.03775506479	2473
-3479.9349543271	2474
-3520.33396991343	2475
-3489.56083852345	2476
-3515.57179365248	2477
-3493.06607667803	2478
-3460.20097647251	2479
-3497.93826045824	2480
-3446.10981333424	2481
-3429.55056844965	2482
-3391.02335676738	2483
-3502.50779429502	2484
-3533.23248281539	2485
-3556.48737951078	2486
-3561.40736216715	2487
-3536.53086558466	2488
-3527.09386717609	2489
-3486.16970704259	2490
-3468.47114130388	2491
-3471.3474515475	2492
-3533.05855864153	2493
-3479.07216983071	2494
-3594.54773256591	2495
-3484.69204371179	2496
-3514.82300314367	2497
-3484.91278098592	2498
-3487.39680686036	2499
-3452.67503876728	2500
-3471.75552881837	2501
-3483.89318405208	2502
-3507.17856179966	2503
-3468.41705689969	2504
-3493.22143680995	2505
-3371.0159829048	2506
-3462.69336762863	2507
-3414.76268265185	2508
-3482.60509504184	2509
-3491.13423011339	2510
-3453.18324385533	2511
-3460.16442854968	2512
-3487.25147891068	2513
-3530.25209050311	2514
-3478.20455363089	2515
-3476.3173994856	2516
-3523.56544327975	2517
-3523.3415979402	2518
-3545.01594041843	2519
-3487.72915784828	2520
-3532.51702292402	2521
-3475.95075540839	2522
-3501.00028887743	2523
-3495.47484875925	2524
-3495.44385165295	2525
-3505.17843995138	2526
-3553.68626043297	2527
-3530.44615945054	2528
-3506.15453917273	2529
-3439.3790028466	2530
-3392.17682190184	2531
-3388.75223980108	2532
-3453.21171732443	2533
-3412.28764137382	2534
-3373.81390978113	2535
-3400.13435467849	2536
-3450.39300443776	2537
-3405.52116540353	2538
-3356.05893524374	2539
-3409.26965713031	2540
-3464.10806081479	2541
-3446.57072585767	2542
-3376.25924432642	2543
-3441.60475071813	2544
-3456.65806335794	2545
-3391.14962262192	2546
-3436.99325717184	2547
-3432.72826646282	2548
-3469.01105710582	2549
-3511.53826710118	2550
-3533.41593516923	2551
-3511.09894050025	2552
-3489.28368136261	2553
-3408.65207511376	2554
-3471.01192245333	2555
-3471.60278266005	2556
-3467.18177088325	2557
-3450.1185059494	2558
-3460.06220611303	2559
-3483.1557160814	2560
-3503.6904034109	2561
-3520.31821460867	2562
-3504.29739416594	2563
-3520.98555971551	2564
-3497.6522514833	2565
-3489.55375993799	2566
-3512.06420371285	2567
-3478.66289725297	2568
-3427.71059763287	2569
-3520.64623790118	2570
-3520.63366782831	2571
-3427.76875287407	2572
-3439.0502733191	2573
-3413.73450717444	2574
-3506.04105595529	2575
-3450.97694619924	2576
-3477.99301582615	2577
-3511.7066913445	2578
-3505.41530676902	2579
-3514.99273143166	2580
-3525.79583928894	2581
-3458.00675736798	2582
-3502.75301215522	2583
-3524.44268065683	2584
-3537.44718459326	2585
-3553.01294513032	2586
-3559.23706267162	2587
-3472.92853352925	2588
-3472.94619814108	2589
-3486.61457192247	2590
-3478.98474788185	2591
-3514.74486004654	2592
-3533.08850861421	2593
-3485.86478177978	2594
-3490.74835939372	2595
-3508.26728139016	2596
-3465.24918695147	2597
-3477.86055597357	2598
-3535.87118219955	2599
-3540.61592444276	2600
-3551.64727879912	2601
-3492.70314872495	2602
-3540.56835216675	2603
-3455.52698464494	2604
-3491.71145944052	2605
-3510.49448776514	2606
-3491.1208842404	2607
-3501.80825255835	2608
-3439.54734768202	2609
-3453.12151524903	2610
-3467.37509410454	2611
-3418.36188082067	2612
-3367.43050068816	2613
-3389.25902865772	2614
-3445.99219659773	2615
-3489.90414549382	2616
-3478.62018496703	2617
-3502.50192522852	2618
-3504.66942127276	2619
-3495.53456275588	2620
-3475.27250730404	2621
-3501.29100926564	2622
-3475.73557167159	2623
-3530.71374398748	2624
-3462.14031237945	2625
-3503.90507717559	2626
-3420.5194471973	2627
-3478.7444050848	2628
-3524.1366603262	2629
-3521.44889043883	2630
-3547.32146136508	2631
-3449.66110853239	2632
-3455.79102809644	2633
-3449.44226755967	2634
-3435.86547478744	2635
-3475.82435696906	2636
-3504.27065164933	2637
-3492.84057190837	2638
-3525.45445657959	2639
-3496.355579212	2640
-3435.59662723551	2641
-3471.09123642918	2642
-3513.43493150753	2643
-3482.55595552489	2644
-3454.35455881686	2645
-3446.68859266154	2646
-3435.65774061361	2647
-3489.64739472668	2648
-3426.43275772434	2649
-3433.43645337702	2650
-3506.78390549975	2651
-3494.43297007857	2652
-3506.00305611048	2653
-3488.88500915444	2654
-3454.26895294262	2655
-3520.22272487061	2656
-3501.59245656891	2657
-3454.47438338821	2658
-3532.94766515368	2659
-3484.00500537369	2660
-3428.79359956506	2661
-3402.93872775629	2662
-3462.42398688145	2663
-3461.67313216801	2664
-3445.52377155754	2665
-3489.48748391187	2666
-3517.67128291792	2667
-3448.6064936628	2668
-3480.44984269726	2669
-3468.02252274289	2670
-3477.67066887023	2671
-3515.45117422891	2672
-3467.52159731143	2673
-3513.77928408105	2674
-3463.13921222958	2675
-3441.41932167659	2676
-3410.43814624182	2677
-3357.66910687734	2678
-3431.0508730954	2679
-3431.79807573708	2680
-3400.91280184433	2681
-3441.38022789803	2682
-3491.94963122629	2683
-3474.85001746766	2684
-3523.73168720349	2685
-3449.47792779753	2686
-3514.83681743201	2687
-3455.32509980264	2688
-3415.88637815173	2689
-3462.17593239836	2690
-3466.31757548604	2691
-3415.89776693042	2692
-3514.8577253012	2693
-3503.40532629079	2694
-3507.7406869918	2695
-3490.31887845316	2696
-3440.66280128837	2697
-3426.11473122248	2698
-3475.92962627212	2699
-3461.8332351867	2700
-3464.60033784976	2701
-3427.77180122228	2702
-3486.1514593268	2703
-3450.61760116212	2704
-3548.53629939134	2705
-3539.69662559657	2706
-3546.86737356181	2707
-3555.13208231237	2708
-3525.9889700714	2709
-3595.03695145712	2710
-3526.2502315356	2711
-3498.68287370301	2712
-3515.81543900537	2713
-3565.56022990857	2714
-3434.6066587336	2715
-3410.52600141569	2716
-3419.99942685973	2717
-3469.38417834492	2718
-3450.39131605744	2719
-3553.24238983285	2720
-3494.62881208723	2721
-3486.48091515894	2722
-3486.48105402083	2723
-3538.52348020556	2724
-3463.85543381788	2725
-3484.05599464663	2726
-3530.70142360176	2727
-3501.21955206781	2728
-3428.62905291198	2729
-3525.39240747709	2730
-3482.9942075698	2731
-3435.49923422426	2732
-3516.17651893475	2733
-3425.68403504332	2734
-3427.20118564728	2735
-3404.29932689606	2736
-3468.32364024682	2737
-3498.34354568453	2738
-3404.2591709598	2739
-3531.12703352742	2740
-3496.99124404729	2741
-3426.89257208256	2742
-3500.94087034521	2743
-3463.23419882239	2744
-3450.28503416121	2745
-3467.88816407213	2746
-3483.72783629908	2747
-3477.51350760087	2748
-3441.11457432996	2749
-3531.13554962516	2750
-3489.86980818009	2751
-3465.53313945687	2752
-3458.53751094223	2753
-3473.94824332015	2754
-3510.97862103972	2755
-3455.28143137348	2756
-3490.8228823575	2757
-3389.46604298097	2758
-3434.85324932031	2759
-3431.36016126484	2760
-3448.28207543364	2761
-3510.73525793109	2762
-3476.30560389929	2763
-3483.19013699141	2764
-3449.13441599657	2765
-3446.65673306312	2766
-3498.98607924159	2767
-3452.52625956914	2768
-3483.02060897606	2769
-3393.70670953823	2770
-3497.59496769228	2771
-3419.13955035085	2772
-3413.75139656989	2773
-3496.17558550339	2774
-3433.35508326869	2775
-3483.25695824296	2776
-3495.9223408527	2777
-3450.99683811007	2778
-3460.22589768929	2779
-3456.92731983227	2780
-3477.71497336365	2781
-3445.47118809239	2782
-3461.1837054269	2783
-3470.80121689982	2784
-3483.77018016501	2785
-3415.78208920589	2786
-3458.65088637908	2787
-3506.17430584104	2788
-3552.30463981625	2789
-3532.24029023263	2790
-3447.01567570914	2791
-3484.3943596816	2792
-3466.60671062748	2793
-3473.25302866211	2794
-3496.28380060689	2795
-3509.21946230564	2796
-3524.31842058859	2797
-3415.27119284993	2798
-3367.35700015989	2799
-3402.48815784251	2800
-3499.90269357787	2801
-3415.52244625219	2802
-3516.66821534974	2803
-3452.29535893588	2804
-3485.76288545379	2805
-3525.32266674477	2806
-3457.73980847297	2807
-3441.3341446291	2808
-3481.50134512908	2809
-3486.61649690353	2810
-3458.51932927025	2811
-3467.62833011091	2812
-3459.18517856665	2813
-3412.67041572643	2814
-3438.60043578427	2815
-3404.32569146294	2816
-3463.60851537552	2817
-3442.19557757448	2818
-3493.52665960033	2819
-3513.02992419765	2820
-3508.22688106736	2821
-3488.64480231806	2822
-3520.23009552004	2823
-3489.74449124138	2824
-3484.65435155719	2825
-3484.36226385467	2826
-3483.30479837022	2827
-3553.51843958824	2828
-3433.19569008081	2829
-3431.76993702139	2830
-3462.27426682835	2831
-3484.36041814867	2832
-3475.88934298308	2833
-3431.00248670662	2834
-3530.02967351221	2835
-3413.44519170581	2836
-3480.82644516622	2837
-3529.13175425702	2838
-3488.01417813786	2839
-3505.55232331849	2840
-3526.53563079748	2841
-3467.05986208723	2842
-3459.86616032668	2843
-3390.25239316162	2844
-3474.72526461408	2845
-3482.64210373963	2846
-3397.84024448861	2847
-3435.35790370125	2848
-3429.59168727635	2849
-3502.71137385162	2850
-3511.22636725676	2851
-3526.93975079764	2852
-3437.37529430502	2853
-3533.76331853461	2854
-3418.5024914705	2855
-3449.46244769376	2856
-3564.80736121638	2857
-3515.83145223068	2858
-3518.61865624098	2859
-3493.1902693339	2860
-3526.15151578146	2861
-3508.58027160119	2862
-3441.92097515513	2863
-3518.65109609738	2864
-3502.25603035255	2865
-3418.331626978	2866
-3483.22831793784	2867
-3475.90446023031	2868
-3530.57334761454	2869
-3448.88880759822	2870
-3454.51052485536	2871
-3452.73348098708	2872
-3520.90501837963	2873
-3441.21769173087	2874
-3403.35534946314	2875
-3470.9510704033	2876
-3532.65150949927	2877
-3475.42739229935	2878
-3465.39376198379	2879
-3520.61139495607	2880
-3535.78892193543	2881
-3446.67806784756	2882
-3467.68143408473	2883
-3467.80874446475	2884
-3499.00490929465	2885
-3491.58343423743	2886
-3507.06838433616	2887
-3485.45348080063	2888
-3528.90771472317	2889
-3456.60479906804	2890
-3532.86156935618	2891
-3535.45072812944	2892
-3479.09450268155	2893
-3512.87295167899	2894
-3461.43628381796	2895
-3494.63092477097	2896
-3555.54543898454	2897
-3501.75193871201	2898
-3501.30782135433	2899
-3487.37843263733	2900
-3493.94164163984	2901
-3417.96809546769	2902
-3435.89996308005	2903
-3418.40524388877	2904
-3486.82186088222	2905
-3484.89791913344	2906
-3468.15466643823	2907
-3506.46009890708	2908
-3501.69181324754	2909
-3498.89004115807	2910
-3533.39662384149	2911
-3493.44172451876	2912
-3607.72680209258	2913
-3453.83264403718	2914
-3460.86659691025	2915
-3447.85769090368	2916
-3462.71290420493	2917
-3506.44883611534	2918
-3492.65379990622	2919
-3451.26542792631	2920
-3448.91940176763	2921
-3482.1872005672	2922
-3481.10906229354	2923
-3524.46582542324	2924
-3528.22724556205	2925
-3536.12433697678	2926
-3486.7911452333	2927
-3509.96625241439	2928
-3522.36008190641	2929
-3493.74325799686	2930
-3524.75466693482	2931
-3579.65107298431	2932
-3527.14004538305	2933
-3492.54033970596	2934
-3484.40975961366	2935
-3454.91566014074	2936
-3439.44968899274	2937
-3462.39642507107	2938
-3465.7111777793	2939
-3406.08551377429	2940
-3428.67338685886	2941
-3495.86562101088	2942
-3531.91763777203	2943
-3470.65451456274	2944
-3532.69694113746	2945
-3539.87811938624	2946
-3532.38530678381	2947
-3493.74049577311	2948
-3486.99063696494	2949
-3517.38352492086	2950
-3430.75039406286	2951
-3472.4508196667	2952
-3525.58187473527	2953
-3459.52224036775	2954
-3400.77194483701	2955
-3487.7079322703	2956
-3405.67709195927	2957
-3404.73184778718	2958
-3426.34711421391	2959
-3396.57140633731	2960
-3486.51463019958	2961
-3384.29703524107	2962
-3454.12006706036	2963
-3433.22922486966	2964
-3413.46926074414	2965
-3385.12849919285	2966
-3405.12148631577	2967
-3437.59998097707	2968
-3499.59134301052	2969
-3454.12374625779	2970
-3501.2407509498	2971
-3494.21780518585	2972
-3476.83997848138	2973
-3362.64496185814	2974
-3417.78013703575	2975
-3443.6085155712	2976
-3503.88977916106	2977
-3468.06157431739	2978
-3463.03504498691	2979
-3448.44663650827	2980
-3534.87826208115	2981
-3583.90049611108	2982
-3453.60644161037	2983
-3471.85223413144	2984
-3516.24172352703	2985
-3480.76738665119	2986
-3457.02807669429	2987
-3454.25436735296	2988
-3516.78115632844	2989
-3528.92595958525	2990
-3441.95914295729	2991
-3454.83636644312	2992
-3574.94490479676	2993
-3386.1283332218	2994
-3471.08749776459	2995
-3451.53822177618	2996
-3483.86521176219	2997
-3443.14956182231	2998
-3472.40752553619	2999
-3492.67354312634	3000
-3554.03296059092	3001
-3489.5596438922	3002
-3485.70716942353	3003
-3447.39537542841	3004
-3440.47987781354	3005
-3471.35375035728	3006
-3429.02858464915	3007
-3480.23828187632	3008
-3419.31354734718	3009
-3376.2543361748	3010
-3438.73434155239	3011
-3429.45265446317	3012
-3426.8733390613	3013
-3455.04756302935	3014
-3485.27763033669	3015
-3493.03703869296	3016
-3470.93782778945	3017
-3452.07989372295	3018
-3518.24537858274	3019
-3562.57429965532	3020
-3563.3494661301	3021
-3528.50310541638	3022
-3512.15964961762	3023
-3497.76481362115	3024
-3524.17091865498	3025
-3495.71145985372	3026
-3414.24844516611	3027
-3519.38198258375	3028
-3530.45125784463	3029
-3473.47484792336	3030
-3434.49741809823	3031
-3515.24875551191	3032
-3506.50276074158	3033
-3533.30541560214	3034
-3482.64488379416	3035
-3476.93808245801	3036
-3428.11723222691	3037
-3369.75176687576	3038
-3405.69363687569	3039
-3437.79609931863	3040
-3471.3598374085	3041
-3456.9017459414	3042
-3462.70031274965	3043
-3508.4601223167	3044
-3506.45068082012	3045
-3458.93534589794	3046
-3494.76571636531	3047
-3457.22637672873	3048
-3487.50141314102	3049
-3488.54266999172	3050
-3490.14710343544	3051
-3520.87752893196	3052
-3390.97864941921	3053
-3382.47255839774	3054
-3468.21987014484	3055
-3459.36826016375	3056
-3509.07443644296	3057
-3500.27569987968	3058
-3578.86906456074	3059
-3517.8583658768	3060
-3386.3288935089	3061
-3436.32214158983	3062
-3396.19325338419	3063
-3448.49436840709	3064
-3490.74419803141	3065
-3451.43116969933	3066
-3512.12430818333	3067
-3504.29767013311	3068
-3506.31169987196	3069
-3538.14627479293	3070
-3462.67991576028	3071
-3482.10338212672	3072
-3434.24363185837	3073
-3497.72933694937	3074
-3525.17668039757	3075
-3545.910013974	3076
-3482.39692285894	3077
-3414.72971121964	3078
-3406.64516486955	3079
-3370.36897849587	3080
-3418.93380896393	3081
-3442.41002043335	3082
-3492.32109578515	3083
-3572.38475376573	3084
-3510.10117541838	3085
-3492.79041842297	3086
-3493.22494612094	3087
-3487.87983466647	3088
-3526.52609005767	3089
-3532.45086259901	3090
-3481.00049039371	3091
-3437.62498755882	3092
-3445.81259788695	3093
-3446.49118518671	3094
-3382.16886050037	3095
-3416.93369438146	3096
-3430.92545266578	3097
-3420.09763924263	3098
-3479.22664716991	3099
-3422.33915839539	3100
-3447.82445899219	3101
-3426.81498822504	3102
-3427.1721928309	3103
-3473.2601802479	3104
-3431.84337113624	3105
-3387.90627341178	3106
-3406.96361468316	3107
-3419.18708612735	3108
-3414.55278958881	3109
-3506.24996350114	3110
-3489.15111133418	3111
-3431.77669645011	3112
-3468.173883812	3113
-3490.57292956447	3114
-3507.97945286172	3115
-3440.33278789842	3116
-3453.78487829738	3117
-3435.77512844859	3118
-3507.19450211641	3119
-3498.67070787986	3120
-3477.39549158116	3121
-3522.29311180094	3122
-3476.41474046648	3123
-3495.47522536797	3124
-3486.94795226231	3125
-3471.01020535458	3126
-3503.61152188021	3127
-3520.66960758351	3128
-3557.22040255608	3129
-3530.45804632967	3130
-3474.5886107643	3131
-3485.95634293714	3132
-3495.11050519451	3133
-3505.72243391027	3134
-3413.3048232212	3135
-3426.63484343946	3136
-3544.08728362778	3137
-3453.53166201623	3138
-3450.47615575186	3139
-3523.69192165093	3140
-3558.55225864861	3141
-3441.55759145546	3142
-3433.69839708634	3143
-3468.39064197373	3144
-3460.79571414479	3145
-3428.16970663621	3146
-3433.26401960621	3147
-3547.59155550773	3148
-3544.94933046903	3149
-3485.11966767948	3150
-3484.13353436351	3151
-3474.81954697666	3152
-3566.47789988232	3153
-3482.74438111671	3154
-3472.85647322644	3155
-3525.58709037479	3156
-3475.43180514392	3157
-3493.52753837024	3158
-3554.36332894196	3159
-3514.58388032182	3160
-3485.40935806628	3161
-3533.56700545045	3162
-3529.49839657811	3163
-3500.78933643828	3164
-3527.36429294283	3165
-3533.85489571461	3166
-3609.06911634757	3167
-3477.13978153377	3168
-3512.61219803065	3169
-3551.00899294387	3170
-3509.31008919411	3171
-3469.98472106479	3172
-3456.01232745137	3173
-3542.12813548967	3174
-3605.98330188881	3175
-3547.22113887304	3176
-3548.49390339344	3177
-3514.78993663548	3178
-3455.53012434959	3179
-3509.40251476524	3180
-3481.67041271833	3181
-3552.03019002841	3182
-3409.32240277595	3183
-3515.09913891763	3184
-3467.3757603366	3185
-3493.29049822826	3186
-3532.45217578273	3187
-3497.1308055931	3188
-3454.46766412116	3189
-3526.38094085923	3190
-3537.85179195326	3191
-3536.57659316216	3192
-3486.17047220571	3193
-3561.69698074047	3194
-3527.38660477246	3195
-3528.31939667566	3196
-3441.24722944872	3197
-3486.22476404087	3198
-3482.76208162704	3199
-3525.6140164132	3200
-3473.75950089856	3201
-3501.70581556477	3202
-3542.20254061509	3203
-3572.78966384591	3204
-3494.74306044252	3205
-3480.69051899205	3206
-3465.76145644055	3207
-3480.13328870821	3208
-3460.87856395852	3209
-3520.97935171581	3210
-3479.2969074746	3211
-3562.16370018833	3212
-3498.92713127834	3213
-3490.41745030701	3214
-3521.00243495987	3215
-3445.07052489374	3216
-3472.17834102516	3217
-3486.20702742928	3218
-3502.06647615742	3219
-3443.51449172197	3220
-3461.12444442399	3221
-3445.3795436947	3222
-3524.52048977829	3223
-3503.18875120207	3224
-3466.37788970281	3225
-3466.27054452076	3226
-3504.48273758152	3227
-3477.66777832459	3228
-3536.48200333604	3229
-3501.80192801684	3230
-3477.63490839151	3231
-3540.6869954339	3232
-3506.90960703366	3233
-3568.95757049352	3234
-3521.49542615289	3235
-3532.21039056268	3236
-3473.77277406487	3237
-3418.5276905861	3238
-3450.89975229498	3239
-3522.3146184045	3240
-3407.18135933428	3241
-3415.36480371589	3242
-3443.62724113122	3243
-3406.95223645507	3244
-3446.05422940623	3245
-3415.47342553401	3246
-3373.3641633871	3247
-3408.56311482592	3248
-3449.88484113741	3249
-3449.99578180248	3250
-3598.50876986981	3251
-3526.94968751996	3252
-3496.20378911572	3253
-3485.54604354981	3254
-3524.18266740929	3255
-3512.50116484939	3256
-3493.93200468026	3257
-3508.66558974773	3258
-3519.2911297361	3259
-3559.18924406034	3260
-3514.23549386355	3261
-3435.74217992697	3262
-3433.02106901523	3263
-3491.10188228397	3264
-3383.65475120814	3265
-3460.54307091767	3266
-3467.34897917952	3267
-3473.10857242745	3268
-3518.75775308771	3269
-3497.7799285538	3270
-3441.25725747018	3271
-3537.20961851079	3272
-3453.58571672754	3273
-3534.64411373294	3274
-3465.57202699387	3275
-3565.15388300574	3276
-3550.46866395062	3277
-3484.37374661381	3278
-3491.8059555708	3279
-3495.22266915339	3280
-3528.76041097732	3281
-3504.25920795453	3282
-3499.24860915441	3283
-3545.44630300052	3284
-3542.21151884111	3285
-3486.07494593711	3286
-3443.0204206143	3287
-3473.35494434164	3288
-3446.9915593823	3289
-3547.70728955999	3290
-3457.82800422097	3291
-3538.01149242797	3292
-3572.90640971383	3293
-3524.14625627983	3294
-3578.95574214144	3295
-3610.56755527777	3296
-3509.37943007557	3297
-3455.61577235073	3298
-3489.83629697736	3299
-3421.35374374579	3300
-3464.80570878327	3301
-3471.38933624417	3302
-3439.34590828943	3303
-3427.80286282555	3304
-3433.30166437558	3305
-3429.386876208	3306
-3494.21506831817	3307
-3480.34605970878	3308
-3510.6240933029	3309
-3576.93398403735	3310
-3500.18704387873	3311
-3534.05621320563	3312
-3504.71105567044	3313
-3534.76830835827	3314
-3494.68693859024	3315
-3589.12204550917	3316
-3550.20510625402	3317
-3580.42080039529	3318
-3488.03326512832	3319
-3575.92046753836	3320
-3442.02425945354	3321
-3442.51173495684	3322
-3534.62025134951	3323
-3494.44320033903	3324
-3567.9890568993	3325
-3563.53340730387	3326
-3558.88254335738	3327
-3576.96324657191	3328
-3505.34475496484	3329
-3462.69306164579	3330
-3461.52868586228	3331
-3465.47437435628	3332
-3455.82249467401	3333
-3567.67511153551	3334
-3531.77313811994	3335
-3443.36205992027	3336
-3556.26369637443	3337
-3554.31032859396	3338
-3568.4843432765	3339
-3520.54427665434	3340
-3516.37293259239	3341
-3495.8303441387	3342
-3478.71372885941	3343
-3507.69960787856	3344
-3461.43889673424	3345
-3429.04669196307	3346
-3463.1727746831	3347
-3470.47527920075	3348
-3482.76026005681	3349
-3455.63604680846	3350
-3453.40947950121	3351
-3449.91666634258	3352
-3534.87992787959	3353
-3588.18597838916	3354
-3493.43613126801	3355
-3507.15011535993	3356
-3481.98241336968	3357
-3512.15578078979	3358
-3470.47577701862	3359
-3562.71714368889	3360
-3607.30398856053	3361
-3497.98571867413	3362
-3542.08802034948	3363
-3521.67988668392	3364
-3483.95664556892	3365
-3477.93872236773	3366
-3577.38863978677	3367
-3537.77824708887	3368
-3499.39506254889	3369
-3495.32037984748	3370
-3524.63231458131	3371
-3521.83592371858	3372
-3524.62521149737	3373
-3450.36508935879	3374
-3450.76652892591	3375
-3503.07326176434	3376
-3576.42454998186	3377
-3545.88544505335	3378
-3437.47424393096	3379
-3537.26761371509	3380
-3443.60208905376	3381
-3483.22510832574	3382
-3456.09126512783	3383
-3573.45620953792	3384
-3523.73068224501	3385
-3448.43107361492	3386
-3531.79343033395	3387
-3492.36001380147	3388
-3485.74143866332	3389
-3417.41513848565	3390
-3421.0191584428	3391
-3411.01337837691	3392
-3406.96570690575	3393
-3434.82425084911	3394
-3540.2432675645	3395
-3496.00063079794	3396
-3509.12555365279	3397
-3435.91920968065	3398
-3454.1831682509	3399
-3490.49038298433	3400
-3483.97066648579	3401
-3472.13112799722	3402
-3468.22218515765	3403
-3493.99125079891	3404
-3516.56102016118	3405
-3474.52295338724	3406
-3590.45328242965	3407
-3547.38991487046	3408
-3527.53618739463	3409
-3573.02574521912	3410
-3482.11557061979	3411
-3484.81617923546	3412
-3463.96075677006	3413
-3458.12859681007	3414
-3480.62280876128	3415
-3456.17115946876	3416
-3475.00997055001	3417
-3461.98641273841	3418
-3397.79378798581	3419
-3433.75379095075	3420
-3443.87837084092	3421
-3389.41567027735	3422
-3471.0718163903	3423
-3442.36769858301	3424
-3403.70664135843	3425
-3390.41243755949	3426
-3386.14974529401	3427
-3465.71505770134	3428
-3361.26074631089	3429
-3403.44596649899	3430
-3384.7751174483	3431
-3423.92189293584	3432
-3470.82945790778	3433
-3426.89545027043	3434
-3446.174439161	3435
-3467.80851790104	3436
-3478.5527947811	3437
-3548.20725824802	3438
-3504.64195648326	3439
-3488.58912042417	3440
-3445.95141422332	3441
-3490.0134798957	3442
-3525.14413368013	3443
-3499.535030416	3444
-3468.4193031306	3445
-3494.6721248724	3446
-3530.87422971525	3447
-3560.52824002831	3448
-3512.26841179465	3449
-3494.55635439982	3450
-3543.8429485291	3451
-3549.67492893329	3452
-3462.62681045874	3453
-3459.69018355138	3454
-3419.21560867878	3455
-3518.17023628786	3456
-3457.75970421301	3457
-3505.75008642418	3458
-3411.10379045947	3459
-3449.91153828837	3460
-3418.75282320444	3461
-3401.08854157074	3462
-3441.15299745497	3463
-3429.80247395836	3464
-3455.31466260904	3465
-3522.23657360907	3466
-3456.61956678215	3467
-3499.83649206311	3468
-3489.66668323729	3469
-3450.20447794917	3470
-3440.00540623793	3471
-3479.84354632677	3472
-3474.3418295742	3473
-3453.46228863238	3474
-3429.21249708022	3475
-3417.3154335728	3476
-3452.10801199776	3477
-3435.05327091387	3478
-3460.14350422304	3479
-3458.63820661241	3480
-3477.2114324885	3481
-3508.94881394225	3482
-3447.55904861807	3483
-3513.18573188109	3484
-3406.13135003339	3485
-3429.67864566413	3486
-3457.70129753493	3487
-3439.3533405908	3488
-3513.78828424158	3489
-3499.55905406658	3490
-3519.69473883604	3491
-3540.60711634709	3492
-3532.40544555655	3493
-3467.58429934231	3494
-3476.43286020661	3495
-3462.54754683993	3496
-3431.31252770237	3497
-3417.31837195536	3498
-3453.14679740247	3499
-3510.54534277094	3500
-3509.83587191721	3501
-3513.96708845252	3502
-3442.39405719327	3503
-3448.30360876341	3504
-3427.32993341908	3505
-3462.76344790772	3506
-3476.14354793519	3507
-3463.56536616376	3508
-3477.93824666433	3509
-3439.62667301613	3510
-3464.39712649701	3511
-3513.22026910571	3512
-3564.6821019472	3513
-3509.03363174448	3514
-3534.80298070084	3515
-3446.24972019795	3516
-3437.49260132527	3517
-3474.19702177881	3518
-3408.20014294356	3519
-3402.51649199734	3520
-3403.69589399177	3521
-3426.53332888324	3522
-3519.9541367408	3523
-3594.56466115049	3524
-3433.69555101833	3525
-3429.51527068185	3526
-3438.65282666011	3527
-3405.96908216445	3528
-3438.74467939167	3529
-3427.37193042201	3530
-3447.78411970327	3531
-3578.68069083186	3532
-3512.96362711268	3533
-3515.59833041628	3534
-3504.27354335265	3535
-3436.72258894054	3536
-3477.99436787774	3537
-3428.30954067991	3538
-3517.03406864512	3539
-3476.52093084289	3540
-3476.19092043593	3541
-3486.65619427192	3542
-3475.97307345269	3543
-3504.7800149207	3544
-3454.11034910471	3545
-3481.00473549807	3546
-3506.59696103109	3547
-3467.026691387	3548
-3440.18816509993	3549
-3467.25420012023	3550
-3435.51818231817	3551
-3446.19801546313	3552
-3417.49906641789	3553
-3440.1201855836	3554
-3415.08238324633	3555
-3413.93774403053	3556
-3518.27773411008	3557
-3510.47327044457	3558
-3513.32591990479	3559
-3468.13541724119	3560
-3466.21024119628	3561
-3483.05306782821	3562
-3485.65306984092	3563
-3495.22010586235	3564
-3509.22837168695	3565
-3483.08558380637	3566
-3497.3883713961	3567
-3497.7092982713	3568
-3465.83809304259	3569
-3465.03663973898	3570
-3539.898244797	3571
-3532.48419691376	3572
-3491.6696041997	3573
-3447.42908085412	3574
-3523.28626094767	3575
-3544.90363890863	3576
-3503.52562628257	3577
-3498.06994058653	3578
-3468.76319314473	3579
-3462.66177761152	3580
-3431.4510365431	3581
-3494.43506090748	3582
-3476.66832939644	3583
-3398.72990687652	3584
-3524.41469854827	3585
-3487.99782422211	3586
-3457.92891367607	3587
-3553.84651245142	3588
-3512.94257198835	3589
-3466.68918867641	3590
-3434.15893076573	3591
-3491.25522753121	3592
-3504.47885172952	3593
-3500.45631242536	3594
-3462.23183998248	3595
-3511.4982897409	3596
-3477.62726112255	3597
-3457.33310979689	3598
-3451.17626955848	3599
-3426.14965917933	3600
-3420.11357739492	3601
-3390.7911766978	3602
-3447.91206039455	3603
-3416.1634231697	3604
-3475.06839284998	3605
-3452.38189261597	3606
-3472.80218387572	3607
-3479.00039361384	3608
-3473.57331286252	3609
-3491.81046703776	3610
-3450.49618136011	3611
-3499.7912377472	3612
-3505.81608107656	3613
-3521.88978024803	3614
-3455.38832686163	3615
-3526.54684968133	3616
-3488.04416501664	3617
-3490.21643104083	3618
-3454.8310135293	3619
-3439.32500849709	3620
-3474.8758538787	3621
-3461.79726292286	3622
-3413.32282908966	3623
-3442.6630297896	3624
-3519.54187077341	3625
-3494.16116313668	3626
-3541.63676109268	3627
-3455.24932110583	3628
-3395.07857554522	3629
-3476.15853100352	3630
-3439.64471942032	3631
-3434.12472939784	3632
-3427.19976373019	3633
-3488.68721714538	3634
-3500.12272961594	3635
-3415.33715849655	3636
-3435.97452926221	3637
-3489.83374229329	3638
-3480.91451683205	3639
-3428.4669536694	3640
-3487.89893866632	3641
-3431.19441918079	3642
-3426.64875597709	3643
-3452.67367126514	3644
-3425.98740046421	3645
-3466.38363265523	3646
-3511.44872774842	3647
-3553.9676667827	3648
-3536.99430198624	3649
-3503.06872868525	3650
-3481.52368882107	3651
-3504.72937310422	3652
-3405.52766115107	3653
-3478.99205833338	3654
-3464.8575288625	3655
-3430.81098480589	3656
-3450.50754335235	3657
-3575.95895791799	3658
-3490.24184759066	3659
-3504.33168146979	3660
-3488.7532458568	3661
-3512.58408708144	3662
-3455.53546562114	3663
-3448.45611698789	3664
-3478.87238358374	3665
-3495.2980251492	3666
-3488.75466152509	3667
-3503.34360498204	3668
-3507.57609186666	3669
-3524.66432169489	3670
-3479.40936387041	3671
-3501.0682692133	3672
-3471.98750213988	3673
-3514.24267148165	3674
-3508.96572100247	3675
-3435.63186047385	3676
-3352.74979975854	3677
-3416.48916415803	3678
-3422.85282003786	3679
-3439.56832115937	3680
-3466.85656332158	3681
-3470.60792620797	3682
-3431.70791877735	3683
-3469.49823436644	3684
-3439.53668622897	3685
-3470.27946192361	3686
-3506.28633336495	3687
-3467.27064220094	3688
-3449.51355199859	3689
-3404.61746314606	3690
-3464.60357307686	3691
-3529.14293302984	3692
-3466.16993135715	3693
-3453.18788880897	3694
-3453.08995978067	3695
-3527.11682900557	3696
-3518.00232080356	3697
-3460.36103707475	3698
-3475.55945501106	3699
-3483.75440433552	3700
-3455.6909776512	3701
-3499.37858374489	3702
-3441.44372935974	3703
-3526.27679851941	3704
-3518.53017277754	3705
-3443.92934172504	3706
-3466.87660987292	3707
-3531.3356613605	3708
-3472.98585394913	3709
-3505.10352750102	3710
-3427.069183807	3711
-3443.77741077597	3712
-3435.41714415176	3713
-3455.1648908245	3714
-3435.782221066	3715
-3449.89587398606	3716
-3438.26683320844	3717
-3394.53549758409	3718
-3351.66778706055	3719
-3391.97694712143	3720
-3377.33879369436	3721
-3386.83914529946	3722
-3432.38003339265	3723
-3482.04962126681	3724
-3499.83151055447	3725
-3419.25033472937	3726
-3504.68209679366	3727
-3439.45649394475	3728
-3451.69640531136	3729
-3473.94941304353	3730
-3468.2134422377	3731
-3507.05928136343	3732
-3530.68232810728	3733
-3482.22537235767	3734
-3419.42483437552	3735
-3524.85152574806	3736
-3429.18797387886	3737
-3506.79519061155	3738
-3453.57230544649	3739
-3462.65651517833	3740
-3396.59259909116	3741
-3446.79814316594	3742
-3409.64071269803	3743
-3358.01828119509	3744
-3387.40859707102	3745
-3389.33975819719	3746
-3425.13123917206	3747
-3463.57336201867	3748
-3418.88395375565	3749
-3467.1857575868	3750
-3461.66984223083	3751
-3488.30689797614	3752
-3515.78503313188	3753
-3451.98971826111	3754
-3440.46615888817	3755
-3417.16581084381	3756
-3420.70516380066	3757
-3404.87471105936	3758
-3449.48573274696	3759
-3437.72749397232	3760
-3476.59224991397	3761
-3499.97929325633	3762
-3496.03069437811	3763
-3485.44252198969	3764
-3468.17000370676	3765
-3461.12881579086	3766
-3524.76645499888	3767
-3429.55910428376	3768
-3495.15407135062	3769
-3517.66713232231	3770
-3500.24409887397	3771
-3536.90417156546	3772
-3493.23672952078	3773
-3505.61033288662	3774
-3520.50561675276	3775
-3499.22477319185	3776
-3520.28534105423	3777
-3483.01066216405	3778
-3530.51781317361	3779
-3490.10419090539	3780
-3489.22692723147	3781
-3505.72814225272	3782
-3513.74096872691	3783
-3456.60311529394	3784
-3469.03641920624	3785
-3542.20887979646	3786
-3468.16112574591	3787
-3436.66672364687	3788
-3473.88730568269	3789
-3490.82354038978	3790
-3507.95579867849	3791
-3553.35020454538	3792
-3473.13280900177	3793
-3463.7488390186	3794
-3497.01471781134	3795
-3369.46150054862	3796
-3441.52776819889	3797
-3539.87768961946	3798
-3465.5019938106	3799
-3537.70814449098	3800
-3543.8577543394	3801
-3568.0789260466	3802
-3538.95639379566	3803
-3545.61273243604	3804
-3615.49653949506	3805
-3592.09328247646	3806
-3524.66493176944	3807
-3569.55675155726	3808
-3561.81170399343	3809
-3526.33486809983	3810
-3570.99625752683	3811
-3572.46662110148	3812
-3539.17439642712	3813
-3465.37856404658	3814
-3503.32969215353	3815
-3483.72463912562	3816
-3494.02251649553	3817
-3518.39169467211	3818
-3452.16641961149	3819
-3491.08642626227	3820
-3514.00743414169	3821
-3472.53144694557	3822
-3446.37527990806	3823
-3520.17106970711	3824
-3514.56660403009	3825
-3513.92752102152	3826
-3542.12576181554	3827
-3498.19290004403	3828
-3505.81539604063	3829
-3513.98409401787	3830
-3485.5696586075	3831
-3479.23641914053	3832
-3519.52918072134	3833
-3528.70640424161	3834
-3514.39303615318	3835
-3570.18633278843	3836
-3495.21247924893	3837
-3511.82391750494	3838
-3489.9654684245	3839
-3544.681952509	3840
-3602.33613297956	3841
-3442.24922830077	3842
-3504.22868441447	3843
-3465.14745609935	3844
-3543.88494708766	3845
-3518.88454136284	3846
-3548.53990121343	3847
-3495.49189962054	3848
-3596.97031364932	3849
-3537.09934728712	3850
-3530.40634596269	3851
-3440.26279611354	3852
-3437.14702003733	3853
-3523.72790160241	3854
-3560.31782615892	3855
-3573.1570247053	3856
-3568.37352443675	3857
-3500.88171370809	3858
-3533.34858262341	3859
-3547.08720571638	3860
-3454.50710917838	3861
-3552.6229002343	3862
-3562.82196049053	3863
-3577.06581477026	3864
-3522.70335288091	3865
-3598.52980053377	3866
-3519.36296988607	3867
-3501.23125906282	3868
-3489.48971940808	3869
-3556.35067409629	3870
-3495.77272960345	3871
-3524.04479452007	3872
-3521.5778882066	3873
-3500.39520450209	3874
-3470.64003495166	3875
-3505.35899701753	3876
-3490.42556473028	3877
-3432.33067912308	3878
-3488.83352197939	3879
-3480.15517303768	3880
-3446.19613016355	3881
-3431.32703901057	3882
-3480.08232591195	3883
-3402.19487241563	3884
-3520.0162300208	3885
-3515.35642738621	3886
-3515.39725224648	3887
-3502.15558306914	3888
-3523.20915008653	3889
-3498.30509522768	3890
-3510.45023040414	3891
-3465.08193685057	3892
-3506.26014104081	3893
-3532.48714705413	3894
-3459.68117415963	3895
-3483.52645029729	3896
-3505.61406936162	3897
-3492.4024747015	3898
-3519.65077882413	3899
-3543.81719772736	3900
-3499.48584334974	3901
-3497.44952702923	3902
-3425.30830176127	3903
-3483.38535398416	3904
-3436.62881165286	3905
-3502.50073050764	3906
-3438.9097614022	3907
-3401.032532113	3908
-3446.20146564325	3909
-3338.60391106969	3910
-3484.29117455345	3911
-3417.90457303669	3912
-3455.17826532517	3913
-3413.18867644909	3914
-3436.40304474856	3915
-3427.24284127766	3916
-3441.86839693114	3917
-3487.65259895735	3918
-3496.19277826166	3919
-3440.73800295754	3920
-3435.7966398284	3921
-3432.38641156419	3922
-3497.65657173059	3923
-3460.94990906764	3924
-3469.74797748559	3925
-3435.58420562726	3926
-3472.64648209292	3927
-3508.43035644609	3928
-3482.55005955117	3929
-3500.6744799985	3930
-3431.08257934108	3931
-3394.32804491683	3932
-3472.39028619505	3933
-3426.1048484634	3934
-3471.51732751628	3935
-3451.14039804818	3936
-3397.74215720809	3937
-3419.22991935463	3938
-3464.29067307394	3939
-3438.25664932042	3940
-3516.55081976299	3941
-3465.45447857987	3942
-3453.10961049148	3943
-3370.5132301069	3944
-3418.03698692964	3945
-3467.33680629793	3946
-3445.67422132902	3947
-3432.65940446043	3948
-3472.96199828752	3949
-3418.21276940019	3950
-3493.00758751457	3951
-3423.84035792283	3952
-3481.9078631335	3953
-3466.04681852866	3954
-3425.02805857021	3955
-3334.60009980998	3956
-3402.03337013433	3957
-3406.47581584449	3958
-3422.72771657826	3959
-3460.06267686356	3960
-3444.77856073043	3961
-3489.90386136689	3962
-3541.31757972856	3963
-3538.73253348445	3964
-3531.7451657796	3965
-3484.1899803846	3966
-3522.82198391958	3967
-3570.26538440071	3968
-3573.11476854396	3969
-3530.23905520887	3970
-3395.35314527201	3971
-3491.86361531613	3972
-3438.18286744151	3973
-3450.23646368933	3974
-3514.62640429645	3975
-3418.42146749312	3976
-3462.0480485793	3977
-3485.509284717	3978
-3441.9151375385	3979
-3551.14079648742	3980
-3543.97128129274	3981
-3569.35454576029	3982
-3474.54230349218	3983
-3462.36003923785	3984
-3469.05625621894	3985
-3511.15047926833	3986
-3427.03587948888	3987
-3492.24620563553	3988
-3514.36544329519	3989
-3501.58466266361	3990
-3497.16163611069	3991
-3441.23731011955	3992
-3395.21293570779	3993
-3446.43008223698	3994
-3460.19858890025	3995
-3472.23290320545	3996
-3550.66669727477	3997
-3579.77352408811	3998
-3610.71606198588	3999
-3533.11101345334	4000
