"Iteration"	"tau_Intercept"
1	1122.12962268807
2	1080.01883105469
3	1094.65017709072
4	1032.85106111513
5	1152.41387301047
6	1055.37925054477
7	1040.22999020608
8	1043.24995537281
9	1126.28895625357
10	1123.86161861727
11	1043.8431965846
12	1056.7307407095
13	1088.53679665263
14	1164.49391813594
15	1126.56935889316
16	1008.74533037425
17	1116.38722028481
18	1098.4014955593
19	1062.9435201525
20	1170.04663609525
21	1099.9061514527
22	1066.55785467646
23	1071.49244086154
24	1117.1977476386
25	1055.93619215054
26	1124.50528133176
27	1106.34182996705
28	1158.02479532327
29	1136.44775676763
30	1095.44938164214
31	1056.42264141523
32	1025.66481468659
33	1142.4027955684
34	1114.14945787436
35	1129.89766125075
36	1082.93553908601
37	1026.63188359058
38	1042.01900746083
39	1102.49052747784
40	1054.5677593043
41	1050.37299204531
42	1068.37370732693
43	1036.98834091718
44	1027.52256764784
45	1011.22474685931
46	1100.24677254235
47	1098.66131539505
48	1082.5566151377
49	1094.46040312627
50	1062.37836860684
51	1094.71786546983
52	1073.57544023365
53	1082.5125793477
54	1078.84338128855
55	1156.47110801506
56	1042.62382701986
57	1099.93141673336
58	1143.31817206063
59	1170.56731413252
60	1105.86423930973
61	1025.6352877451
62	1123.42944406791
63	1052.91607317697
64	1035.22604417532
65	1134.57139423797
66	1029.92897721062
67	1058.22643720031
68	1053.64883723454
69	1126.9170875566
70	1041.41702832639
71	1154.11285645082
72	1076.24196352766
73	1012.65489463194
74	1064.71114335578
75	1123.99737099988
76	1079.82370584326
77	1038.99093056835
78	1160.57714470168
79	1161.50882091471
80	1084.18314308463
81	1103.80667187534
82	1066.75310753182
83	1118.51856634499
84	1094.08318136163
85	1142.26126429549
86	1047.35988075393
87	1141.60308356653
88	1117.08204687484
89	1062.60991218161
90	1119.7036465114
91	1166.49981076196
92	1127.85086363506
93	1081.05282058108
94	1100.10402271785
95	1104.19111414856
96	1071.40517629684
97	1135.0984969149
98	1157.12256798064
99	1085.67530725317
100	1115.88156980727
101	1138.09399535754
102	1063.7319374425
103	1098.17496752929
104	1153.20699497272
105	1068.12662706746
106	1037.7126334992
107	1141.43248007021
108	1164.92030350291
109	1064.91776323096
110	1149.30527732211
111	1033.43381538183
112	1075.8036521671
113	1050.83634540974
114	1139.25986650551
115	1093.60597166687
116	1139.20323349335
117	1102.93462515667
118	1176.17650918818
119	1062.41831112068
120	1052.55104377287
121	1129.61746532623
122	1136.19826432171
123	1075.22589461569
124	1017.75641676947
125	1082.17228373764
126	1058.15947916718
127	1069.93840657193
128	1052.8157697697
129	1102.8565841962
130	1159.75230097638
131	1073.46363975757
132	1125.33295507029
133	1044.44723972213
134	1085.09643626462
135	1081.35766731062
136	1130.03651007264
137	1060.59118957561
138	1076.79652141425
139	1101.16060161711
140	1108.51364809925
141	1095.09629553612
142	1046.84123272466
143	1075.74466829013
144	1049.01225241556
145	1038.85417907158
146	1070.11237268566
147	1060.66992237267
148	1080.37691836818
149	1043.83516173783
150	1061.03659913531
151	1078.31235524906
152	1130.55500154512
153	1112.58344311042
154	1054.01979813986
155	1085.95498242167
156	1070.89546115584
157	1110.50278964513
158	1125.83989375987
159	1058.30995714161
160	1123.11028595486
161	1018.10597464918
162	1126.35307441452
163	1103.80376269536
164	1042.11345040419
165	1149.13503190242
166	1080.94319113004
167	1101.60311632729
168	1083.79304462212
169	1207.62128244951
170	1089.43723297657
171	1072.51051551211
172	1041.1162871565
173	1106.75890641481
174	1165.18193779695
175	1066.52811386014
176	1082.01897442289
177	1050.94466133202
178	1173.31874587538
179	1099.64053748489
180	1095.89431490896
181	1123.00534523278
182	1082.55911804502
183	1060.4676195312
184	1111.31415893766
185	1158.72832745889
186	1056.10746320321
187	1049.17743542655
188	1101.71667241725
189	1102.83750162481
190	1034.69229271129
191	1142.87734576859
192	1107.94137369908
193	1079.91945782563
194	1048.24355001993
195	1136.40983394229
196	1062.43265505723
197	1085.46981946487
198	1122.89178726702
199	1063.83034420789
200	1070.7463150168
201	1045.332802187
202	1085.55101563877
203	1122.83746940784
204	1075.19626287564
205	1077.54268455656
206	1100.37884556051
207	1087.57535458325
208	1049.70608967506
209	1050.81365591027
210	1006.66458437529
211	1130.9935299681
212	1130.892714507
213	1131.98703558226
214	1154.0576192129
215	1055.46159933562
216	1100.09624929051
217	1027.61195734916
218	1081.62877530918
219	1054.22385003744
220	1071.32912671604
221	1020.71116643435
222	1104.92596560097
223	1076.68569838981
224	1109.52130308175
225	1098.59314125646
226	1113.41934318554
227	1052.22459249237
228	1079.92116124993
229	1086.03594023961
230	1071.65517928023
231	1076.54570404442
232	1071.42612811788
233	1080.10924808435
234	1076.60129918081
235	1137.72278799609
236	1036.10847872457
237	1113.02346363875
238	1038.16725257808
239	1088.98341384693
240	1078.63538097152
241	1075.8127393215
242	1100.30516987445
243	1095.68688391199
244	1109.08688820929
245	1111.70102733154
246	1061.08679596043
247	1066.28353293549
248	1132.46168687941
249	1125.13293983525
250	1112.04958650051
251	1041.78377328465
252	1035.87932096358
253	1023.8335323362
254	1128.2267998326
255	1077.61693941403
256	1136.23109532384
257	1094.99225377614
258	1079.01485337012
259	1127.50100520627
260	1100.23314936255
261	1094.67743955994
262	1121.66735229208
263	1093.01543883457
264	1098.68585528197
265	1062.65502037132
266	1091.00987025134
267	1095.16194362689
268	1076.12674819025
269	1082.13090776066
270	1036.15950221694
271	1095.03255010233
272	1120.1400381182
273	1068.64982787837
274	1094.81094171168
275	998.307275081524
276	1071.28950041849
277	1045.47685227013
278	1056.06365678345
279	1051.50398358942
280	1133.28804174021
281	1090.2433998422
282	1152.48183527201
283	1129.92030695897
284	1055.67185509729
285	1091.96763215757
286	1062.84852432409
287	1071.94114463479
288	1161.38228452041
289	1091.59074298091
290	1084.58818137175
291	1093.213780557
292	1017.50980322638
293	1019.61555122685
294	1054.91848223396
295	1173.43689091772
296	1114.45877370452
297	1058.0845240389
298	1145.81307288507
299	1082.72885209798
300	1058.96082205769
301	1060.2082598785
302	1128.86850073079
303	1136.17455119836
304	1061.25006396883
305	1104.98780811542
306	1055.39151780194
307	1092.8795502012
308	1035.08554151851
309	1044.3724679835
310	1099.52930163241
311	1146.05545372326
312	1054.28712428579
313	1109.55005598716
314	1119.26257116558
315	1092.83116435203
316	1068.8562884082
317	1029.32261966911
318	1078.95701929993
319	1133.62004553
320	1139.91756435922
321	1068.79353591316
322	1107.42000678309
323	1056.70164486513
324	1056.20909153243
325	1109.84138165215
326	1086.11103828715
327	1022.09152244001
328	1068.81180711416
329	1033.05063353742
330	1096.73874566202
331	1100.13050066492
332	1094.97576136499
333	1153.81911290998
334	1129.96226135035
335	1081.22994389663
336	1077.40068412849
337	1110.942038499
338	1056.50595355872
339	1076.73798701668
340	1098.76110629936
341	1070.62932462574
342	1044.15438169311
343	1120.49667695557
344	1173.78693273274
345	1070.34517418108
346	1073.87922087135
347	1149.88801814453
348	1039.22761107093
349	1087.74128978067
350	1097.96387534549
351	1088.95496391144
352	1094.81330511413
353	1101.28022046872
354	1097.37440130407
355	1116.49203784777
356	1106.03357504169
357	1054.20219348768
358	1102.91777303015
359	1128.80422103736
360	1074.18986096801
361	1061.0606548617
362	1102.20119695377
363	1050.53797579918
364	1078.54833479561
365	1063.98802147506
366	1126.63791186702
367	1067.06914355103
368	1129.27176735688
369	991.301720072154
370	1088.95693865171
371	1125.54451503297
372	1123.78026236348
373	1129.86708257078
374	1144.67066246312
375	1143.94479340899
376	1055.58408302195
377	1112.62539338734
378	1065.4829971477
379	1125.15386787051
380	1094.47465480862
381	1090.73261302953
382	1062.40953800585
383	1138.72653854752
384	1074.93898349411
385	1090.36094091567
386	1095.76973216548
387	1119.53654975561
388	1109.2538668201
389	1095.83055006004
390	1054.781270909
391	1118.1618013184
392	1088.87297440645
393	1043.97291323179
394	1085.55085914284
395	1071.04283965931
396	1074.49710467333
397	1088.82429957236
398	1149.31384740819
399	1070.38241039453
400	1116.72782660862
401	1138.6273672942
402	1053.6670606428
403	1120.63431022647
404	1055.13348581643
405	1059.37299995858
406	1137.00448577368
407	1082.79641366753
408	1090.51573515792
409	1072.26563882912
410	1123.78369335039
411	1053.77796386117
412	1046.46885240966
413	1062.55696224263
414	1116.27336306563
415	1066.40858952695
416	1096.0576384533
417	1106.37835527852
418	1167.41516248763
419	1100.68196677515
420	1075.99082500913
421	1123.80198496765
422	1079.73455570291
423	1068.16562292704
424	1077.00080006193
425	1020.60721937201
426	1153.07412426043
427	1114.91008154362
428	1090.31768630541
429	1071.73022880235
430	1065.91188377558
431	1124.80236506818
432	1096.405387164
433	1124.70337474577
434	1181.70263415688
435	1121.91757863922
436	1097.80506095912
437	1138.41224336263
438	1093.96046298079
439	1077.6437507544
440	1063.97270291539
441	1092.57461918037
442	1147.69403133783
443	1020.59255530591
444	1125.85681270622
445	1087.56943547076
446	1109.21567739799
447	1115.39455779252
448	1102.50204856229
449	1154.56507143565
450	1049.08302047739
451	1084.85501447067
452	1111.31952224227
453	1075.64207187839
454	1040.71009409523
455	1117.61077084464
456	1154.84381867827
457	1090.73298235969
458	1091.7264423091
459	1051.21482787062
460	1159.38126298631
461	1059.62115335294
462	1042.59608655477
463	1046.28754332992
464	1134.09346329806
465	1110.17099604951
466	1070.81560400868
467	1092.53450121577
468	1035.32280870872
469	1099.93493498416
470	1105.75334886179
471	1084.93376463117
472	1145.77504449405
473	1105.00142147338
474	1086.58953829072
475	1067.41621256149
476	1046.14685538775
477	1115.13452844741
478	1146.35341005464
479	1097.75758279858
480	1159.56793537743
481	1088.69764105617
482	1143.67713343129
483	1036.57471405656
484	1110.24661855039
485	1088.61763935774
486	1022.50028059311
487	1074.5156787767
488	1076.73450007605
489	1075.56215465465
490	1147.75048590973
491	1112.3403082298
492	1114.71699375017
493	1063.86905493717
494	1098.1571361731
495	1111.3232939617
496	1062.66303906433
497	1076.70054718062
498	1127.27532758172
499	1097.65215525266
500	1090.50050546664
501	1153.71394330779
502	1080.14180614243
503	1120.69412010835
504	1044.94101110343
505	1076.0008967599
506	1048.19017971803
507	1080.79838348774
508	1148.63238339846
509	1113.28299301985
510	1040.25147873205
511	1035.57113421415
512	1127.82069645845
513	1103.14024013689
514	1008.67376223835
515	1093.03382254751
516	1050.84460114794
517	1032.21202583473
518	1112.32712308618
519	1113.3953467988
520	1085.75028278903
521	1084.54301645567
522	1173.15064914893
523	1055.53435255975
524	1057.8686536336
525	1115.90883468403
526	1124.84176280718
527	1044.11479794548
528	1142.20047380037
529	1076.44923937172
530	1051.7723223174
531	987.393193930441
532	1025.10553738365
533	975.762033112183
534	1036.57004614191
535	1111.69482781994
536	1038.27845061419
537	1038.44936516921
538	1130.54026471116
539	1107.56237927623
540	1138.5111830039
541	1109.49550829254
542	1112.71574584758
543	1101.84893653449
544	1071.46331604769
545	1046.71403832469
546	1076.4201906632
547	1158.2509660073
548	1119.89244242352
549	1118.89939253827
550	1081.40581186266
551	1025.18306848542
552	1112.85080789307
553	1125.6499578414
554	1034.98105635583
555	1079.92832483509
556	1028.90960828391
557	1027.59380000026
558	1133.49065147063
559	1044.89409904783
560	1055.21614190023
561	1133.8334850054
562	1098.32444794544
563	1017.39326366205
564	1153.67928559811
565	1106.94366681832
566	1157.84262907429
567	1072.73323739435
568	1072.82125123616
569	1090.67104817419
570	1065.32423891283
571	1083.06525839268
572	1116.56129370268
573	1061.60086058755
574	1058.45398535845
575	1111.66223440232
576	1115.58428685994
577	1095.23224330103
578	1095.21350778433
579	1104.83157476431
580	1057.46731355265
581	1086.0929291911
582	1129.3990713365
583	1098.3868924982
584	1114.19616795177
585	1066.81868193779
586	1108.10610007554
587	1079.85155161557
588	1099.25657198376
589	1076.51847161291
590	1131.89414866706
591	1008.90766154113
592	1064.38178717256
593	1114.03094640173
594	1098.13503021608
595	1080.49354114465
596	1048.30649692803
597	1030.79381303269
598	990.195123641801
599	1149.87358599276
600	1061.70404153919
601	1059.55725219631
602	1077.0440961665
603	1076.19790332884
604	1057.39868023949
605	1100.85530585443
606	1056.36061498613
607	1054.20526002307
608	1083.24979031419
609	1154.72344335898
610	1073.9185097397
611	1079.1400558241
612	1069.31070872476
613	1060.05869425276
614	1103.81533210214
615	1112.21168192383
616	1099.35856348445
617	1071.36230677698
618	1071.24073933053
619	1137.91297138085
620	1089.1740153343
621	1099.10972830202
622	1055.1467459073
623	1108.82919466725
624	1145.92494149449
625	1043.28143197145
626	1087.10008169255
627	1143.30969853767
628	1037.14742319395
629	1083.10599320905
630	1096.81798844034
631	1074.68697177431
632	1087.85950393138
633	1119.61435583537
634	1107.42523797572
635	1136.37702090136
636	1055.76258118001
637	1067.43851285001
638	1117.14865297346
639	1061.63500559241
640	1041.04753541519
641	1057.10504437377
642	1063.76218034425
643	1118.65498715528
644	1146.15689553194
645	1078.88750649107
646	1059.15023113938
647	1128.80995491602
648	1034.29729473004
649	1064.69693702836
650	1065.32992884568
651	1075.14132894125
652	1126.56750405766
653	1064.23118983892
654	1162.54839976585
655	1071.11457645424
656	1096.3518136366
657	1077.11343845162
658	1089.55710003041
659	1063.48959386847
660	1053.76828696613
661	1058.61874734903
662	1098.23702956184
663	1102.52423772379
664	1055.0327498609
665	1116.86662426852
666	1057.02938004175
667	1029.75776392207
668	1097.98345233367
669	1026.89681164664
670	1124.19353910375
671	1048.37450312273
672	1072.68385722974
673	1078.73988566768
674	1041.41009773527
675	1074.20263940625
676	1121.27007609736
677	1120.21148086929
678	1088.7452709059
679	1090.34690660213
680	1139.10768117733
681	1058.68397406201
682	1071.48280266232
683	1085.24795556876
684	1087.50856432638
685	1062.1628884251
686	1116.63416004497
687	1060.91085064974
688	1078.55978159808
689	1076.15534052144
690	1103.64916646518
691	1072.28672377696
692	1091.40362872074
693	1145.14039641077
694	1071.554517689
695	1086.10834112855
696	1083.03388263211
697	1129.2572730982
698	1107.7128561674
699	1142.47499069788
700	1102.74585339891
701	1070.83775084368
702	1053.6603886898
703	1080.70421526822
704	1042.44358164787
705	1066.5165188592
706	1040.90850026524
707	1104.10855311494
708	1052.54178214359
709	1118.64407963172
710	1098.44243449824
711	1080.28246526822
712	1153.31694715329
713	1100.14693389834
714	1014.85178224019
715	1108.60208258012
716	1149.78313105399
717	1118.26232393101
718	1063.96903840231
719	1101.33196951781
720	1019.69140292224
721	1082.67425179167
722	1125.07184436447
723	1037.51962730317
724	1118.29994666596
725	1060.59245400952
726	1124.83762021062
727	1079.73814024633
728	1141.89139087612
729	1093.65525940541
730	1082.8332165176
731	1081.5587666917
732	1069.15878044443
733	1153.68977631763
734	1049.72529898382
735	1094.02845736147
736	1044.04479450155
737	1115.01665687424
738	1082.20655584373
739	1127.38760252058
740	1099.64369283128
741	1079.7364334907
742	1099.23636721427
743	1138.42487928398
744	1073.53608912551
745	1109.41377264296
746	1113.06990521518
747	1063.88168708662
748	1113.31801618317
749	1090.04020989031
750	1107.26549201988
751	1075.61895510135
752	1067.27561221469
753	1133.01304534946
754	1113.63974572206
755	1090.64865930559
756	1080.65631992509
757	1058.10980246886
758	1124.50821164835
759	1058.42737452489
760	1094.37027386743
761	1039.21268760896
762	1124.17875344357
763	1073.54567346309
764	1060.53424227081
765	1184.98138218469
766	1058.31099796307
767	1115.88090389287
768	1098.53839477374
769	1018.63375671911
770	1043.57709203998
771	1043.70093150225
772	1111.66497748431
773	1123.89810398549
774	1108.81843117807
775	1058.45930179595
776	1086.14122974745
777	1155.38215614826
778	1132.46650330958
779	1068.97479810401
780	1132.11285054516
781	1055.88765667303
782	1056.82602633666
783	1066.4539684058
784	1136.93710361547
785	1072.31802306322
786	1087.86343329715
787	1059.86578880839
788	1124.27225810482
789	1072.25878769182
790	1085.89963951829
791	1071.73745470707
792	1093.28306364199
793	1112.83434638128
794	1035.84905959067
795	1046.62015223429
796	1062.74609484051
797	1076.38491815636
798	1155.04704558358
799	1083.68944280214
800	1148.51213134867
801	1164.45563232616
802	1098.72391523722
803	1098.24309369152
804	1116.15056055932
805	1063.92143891914
806	1078.04571551515
807	1017.66941802848
808	1093.06342563171
809	1053.25816072803
810	1085.34967468245
811	1063.96280853537
812	1111.78447273613
813	1128.69138086683
814	1097.4000758166
815	1071.84967367594
816	1110.20010827734
817	1054.06382367432
818	1117.18061109835
819	1137.35843966869
820	1129.87422894937
821	1062.83414369306
822	1127.81604668494
823	1128.19297896356
824	996.776391849069
825	1041.88681133477
826	1077.38585401591
827	1159.29530830334
828	1080.82384009138
829	1035.21160805756
830	982.047073349342
831	1105.0894367446
832	1070.87816263324
833	1111.97502573581
834	1084.35379590494
835	1044.95230638513
836	1178.33172208794
837	1087.18806708575
838	1095.11763328165
839	1057.96590944692
840	1107.95017080415
841	1084.86266859572
842	1084.65960737007
843	1105.79309560643
844	1144.60706535351
845	1105.45041401911
846	1050.22054956021
847	1013.46151935458
848	1115.06647097099
849	1119.70655073655
850	1058.77433144612
851	1078.57245559055
852	1078.39157762002
853	1109.8642803549
854	1154.25570681437
855	1031.16308491264
856	1091.32302331578
857	1061.54896480654
858	1008.37083197715
859	1082.93297827835
860	1061.26635895422
861	1008.89804960924
862	1125.58219462229
863	1031.44608070177
864	1108.16162983011
865	1115.7558589728
866	1119.87320058698
867	1075.54301685107
868	1114.76228702409
869	1092.4404099571
870	1099.14083421177
871	1083.03351664386
872	1152.10820504821
873	1082.40574149312
874	1047.61286711091
875	1141.2508494321
876	1077.70889404169
877	1044.4815277816
878	1121.32737115445
879	1104.15725460402
880	1100.68918882625
881	1113.57323975535
882	1051.09993010723
883	1026.66967686856
884	1047.56248371786
885	1093.57703179278
886	1084.86539722152
887	1046.75464265075
888	1108.0874469405
889	1103.4909530231
890	1116.12334129695
891	1051.45538048693
892	1128.39491037259
893	1100.15789320481
894	1100.75399168333
895	1129.52084043828
896	1119.96166913753
897	1155.84785575745
898	1128.87211179756
899	1071.75076017989
900	1095.38817986972
901	1093.36247374216
902	1075.72053923674
903	1129.01678094107
904	1133.25956205055
905	1069.33144585707
906	1152.69487792607
907	1032.54737559856
908	1062.7232936572
909	1085.30935222507
910	1067.97766561469
911	1037.96850600808
912	1086.27654112106
913	1111.43568013757
914	1146.16050278683
915	1139.23807237223
916	1051.61252034079
917	1102.45228383511
918	1053.69192536545
919	1090.85979515594
920	1090.97635146701
921	1151.36939921995
922	1092.33584781981
923	1070.13342656519
924	1134.87487646179
925	1042.34073235742
926	1102.34281844484
927	1142.36893681402
928	1081.36593222276
929	1155.02273655335
930	1073.17806147238
931	1022.84194649764
932	1124.24246006206
933	1070.65790134898
934	1093.88478352798
935	1072.06534225502
936	1037.58968129193
937	1105.02180707485
938	1037.75335474519
939	1094.71419202888
940	1029.32338668889
941	1050.72790457797
942	1110.62884138724
943	1107.58392645469
944	1159.15577867277
945	1112.51287804595
946	1100.914108858
947	1039.26575775004
948	1110.29968749405
949	1068.22037400952
950	1053.60485028491
951	1095.72295723663
952	1051.5276563502
953	1122.28445327161
954	1151.08770350608
955	1142.26483072654
956	1066.16224550988
957	1073.80872497482
958	1092.05501717422
959	1123.04456070823
960	1045.86373950441
961	1169.1660698158
962	1146.57559952831
963	1084.57356215029
964	1122.51936198037
965	1117.06259964553
966	1119.39341779687
967	1087.88775862708
968	1083.29435920987
969	1120.86812306738
970	1112.42492347559
971	1087.98677422142
972	1035.77367870568
973	1026.22191492078
974	1045.98686547398
975	1071.66907655742
976	1081.55178897583
977	1084.32786515628
978	1060.02413203801
979	1056.12737202206
980	1040.16404300915
981	1096.33543017675
982	1071.92644652494
983	1134.67272614573
984	1081.6107311438
985	1097.95145179202
986	1099.25872910835
987	1091.26111790345
988	1094.64649121937
989	1059.1579155036
990	1044.09539003397
991	1076.55377761114
992	1100.58447603507
993	1083.19569385813
994	1138.60902431265
995	1081.4826988697
996	1102.98769049718
997	1100.54242806238
998	1178.46288378656
999	1104.50765310256
1000	1080.80522923333
1001	1108.91375187098
1002	1084.27500168444
1003	1116.38271866643
1004	1124.17713448099
1005	1116.35292253874
1006	1088.63652100016
1007	1021.74008232978
1008	1040.59977315262
1009	1124.61171290963
1010	1067.36986091458
1011	1098.12945193676
1012	1125.99463488559
1013	1134.61428358878
1014	1031.10668306269
1015	1126.19075705517
1016	1080.81332941982
1017	1119.16337475355
1018	1111.68534424913
1019	1059.2601101405
1020	1094.89166343664
1021	1088.51738659542
1022	1069.92748056795
1023	1091.05983069784
1024	1138.25351930425
1025	1037.96246419314
1026	1075.55397095086
1027	1105.60160432101
1028	1127.23185993965
1029	1127.16048000329
1030	1159.34170223334
1031	1064.71417110663
1032	1065.35301003146
1033	1102.6506393966
1034	1112.90539269228
1035	1080.50013252024
1036	1048.88551391574
1037	1054.20614474953
1038	1149.31820749688
1039	1062.64684624153
1040	1107.5069362704
1041	1057.61109854197
1042	1098.79560982844
1043	1152.3253441647
1044	1113.39836876598
1045	1106.59113280803
1046	1103.48357651976
1047	1103.03476475395
1048	1083.74628623119
1049	1108.12986542012
1050	1067.32949943842
1051	1123.25633758685
1052	1106.64265825388
1053	1088.62563047762
1054	1079.20325901294
1055	1092.93233261592
1056	1116.82900521043
1057	1041.42584172914
1058	1098.95857709378
1059	1131.44384439323
1060	1047.48531388791
1061	1070.99685606631
1062	1065.27848834172
1063	1065.09946584588
1064	1048.29760426644
1065	1096.07315969753
1066	1131.55662528267
1067	1094.53332455025
1068	1098.10159298136
1069	1052.19306262873
1070	1067.80493532059
1071	1114.28054768382
1072	1083.64342343681
1073	1093.52355199236
1074	1091.88198560674
1075	1071.01169730113
1076	1078.6327684578
1077	1128.43095723061
1078	1122.50299744816
1079	1079.41591158541
1080	1138.28597766669
1081	1169.36525773689
1082	1085.24063875192
1083	1071.73959023706
1084	1145.48916131806
1085	1090.48332420625
1086	1053.71579862608
1087	1055.01036596476
1088	1114.34054576967
1089	1097.01867075116
1090	1067.91318900415
1091	1032.50142936539
1092	1100.86759904443
1093	1086.79160667814
1094	1061.72808634757
1095	1106.85614892768
1096	1112.69817143579
1097	1104.35112004802
1098	1112.02839945396
1099	1084.15619568626
1100	1059.15688083654
1101	1088.85615146151
1102	1055.66362662561
1103	1064.1135205953
1104	1073.43407077599
1105	1076.90233524406
1106	1091.55801413797
1107	1123.68659864222
1108	1095.17138100524
1109	1030.54364640325
1110	1020.99822258246
1111	1131.53315736186
1112	1132.77141273629
1113	1085.41913074436
1114	1120.50505613367
1115	1099.49276898802
1116	1112.51338337444
1117	1023.29371792668
1118	1044.65647475505
1119	1144.30662957465
1120	1069.88450242309
1121	1115.99928938407
1122	1135.82197567162
1123	1045.61584736597
1124	1082.39648981679
1125	1029.06633118449
1126	1065.51405946491
1127	1107.05781606207
1128	1074.01654053043
1129	1180.66016169197
1130	1074.90920886145
1131	1049.92541418086
1132	1041.25293532909
1133	1097.67123595204
1134	1071.48114464615
1135	1135.65392815688
1136	1060.98635990242
1137	1119.07892675828
1138	1065.5379641041
1139	1066.59068269909
1140	1136.90257438628
1141	1112.62825840624
1142	1082.84646998155
1143	1097.61776831631
1144	1112.450674825
1145	1074.03904212608
1146	1068.05176391458
1147	1098.27815679431
1148	1118.92939285419
1149	1107.85878700737
1150	1068.28268331326
1151	1146.06435535979
1152	1038.65562568438
1153	1093.58161589446
1154	1019.67401076805
1155	1138.46609925428
1156	1108.10095997987
1157	1108.67962448095
1158	1126.73375119416
1159	1095.63565522679
1160	1055.35325091469
1161	1041.99682080366
1162	1061.0986922112
1163	1117.52880356962
1164	1040.17023613561
1165	1103.40343783006
1166	1057.13437089582
1167	1130.03645853095
1168	1071.81951202961
1169	1057.63279373453
1170	1029.29026496368
1171	1089.11661408493
1172	1055.45968924622
1173	1080.54317660123
1174	1102.80475571809
1175	1167.9255963495
1176	1048.19726253301
1177	1108.77414497151
1178	1040.30155219873
1179	1163.45445752382
1180	1081.0942134937
1181	1102.74911750661
1182	1071.96928000847
1183	1043.6456644282
1184	1079.83128987558
1185	1075.12445748246
1186	1137.04138158258
1187	1095.34485252847
1188	1007.5652054051
1189	1038.86647107495
1190	1100.73489088369
1191	1052.65930997609
1192	1114.34572523316
1193	1046.12149739993
1194	1134.5883718335
1195	1128.62180269777
1196	1050.49176505756
1197	1123.18492207298
1198	1136.55241758322
1199	1143.72958369273
1200	1129.51648832789
1201	1092.39862283287
1202	1166.43474938703
1203	1130.13890854371
1204	1089.96164600425
1205	1031.55117717683
1206	1139.85066467609
1207	1021.42671459017
1208	1096.62083514504
1209	1040.4348551983
1210	1049.70056206706
1211	1046.00910991854
1212	1076.37614559698
1213	1115.31797537479
1214	1128.20420124593
1215	1129.98449022568
1216	1097.12801534177
1217	1044.02308584219
1218	1049.39287719309
1219	1076.51927081891
1220	1083.43233134473
1221	1088.95657479222
1222	1027.50037236039
1223	1095.98359913388
1224	1109.78712871471
1225	1151.03343311798
1226	1031.04477881374
1227	1127.12513118549
1228	1114.19995367633
1229	1127.15114142788
1230	1115.04387152129
1231	1057.57964425818
1232	1067.20002520037
1233	1041.70320970843
1234	1084.31646886111
1235	1020.20620275909
1236	1147.07573519019
1237	1137.91786657827
1238	1038.00303813408
1239	1120.273860274
1240	1158.21514398511
1241	1117.31665989621
1242	1200.18605215447
1243	1107.20033389441
1244	1136.80724907525
1245	1094.92721320874
1246	1087.93484016329
1247	1074.41002144887
1248	1080.95234283837
1249	1052.78012149773
1250	1111.47489955957
1251	1125.56794992895
1252	1095.22011662658
1253	1089.67580762823
1254	1033.59719250569
1255	1099.46273124758
1256	1102.93792749453
1257	1124.50330369238
1258	1133.51909663754
1259	1117.66082673626
1260	1102.96664376387
1261	1103.65519395807
1262	1091.22586119896
1263	1164.13949285595
1264	1079.64908764664
1265	1169.00240581516
1266	1062.74223442365
1267	1074.57070438285
1268	1047.3891282915
1269	1122.42947143053
1270	1136.19364473105
1271	1081.98060855247
1272	1063.93116740598
1273	1083.36429615198
1274	1126.47103263442
1275	1144.6827309769
1276	1041.82803531632
1277	1079.45502312004
1278	1118.78324805786
1279	1132.20666557905
1280	1024.33405527778
1281	1079.32909931266
1282	1089.04845799084
1283	1113.04069637092
1284	1106.80634159673
1285	1088.73971813435
1286	1078.73712653513
1287	1046.77161446277
1288	1039.21588444811
1289	1051.0540710524
1290	1108.15107128295
1291	1092.67217215843
1292	1044.17715582296
1293	1099.53265780675
1294	1132.72201868281
1295	1064.22239179634
1296	1041.83966547795
1297	1073.4613324538
1298	1077.95277318531
1299	1094.51917626853
1300	1129.91734401456
1301	1083.39142114497
1302	1130.37818440037
1303	1048.54135690862
1304	1084.94324472732
1305	1086.63951254326
1306	1086.42778377351
1307	1126.18704613279
1308	1062.24516368614
1309	991.539534972467
1310	1081.8264451994
1311	1066.59579685294
1312	1153.21519757775
1313	1125.29816094285
1314	1076.56210079222
1315	1096.29309091164
1316	1042.22039974552
1317	1077.17100223833
1318	1052.44343945727
1319	1109.64579603056
1320	1099.77839875905
1321	1097.82351720775
1322	1045.17261599346
1323	1063.98011186856
1324	1065.19305209292
1325	1070.5759998926
1326	1139.13684037168
1327	1120.19085079004
1328	1076.57937511083
1329	1126.23996764081
1330	1076.71710020997
1331	1071.54796147942
1332	1014.33824982959
1333	1116.7855967668
1334	1062.94648327118
1335	1154.3978190972
1336	1145.57190211981
1337	1155.93476784047
1338	1042.78892186599
1339	1018.79754099783
1340	1066.22678647931
1341	1033.6458813347
1342	1087.11612599223
1343	1127.97029407539
1344	1036.39274132495
1345	1115.1786739681
1346	1123.30746827211
1347	1128.70459072913
1348	1062.11303169503
1349	1104.76062401924
1350	1143.9374263189
1351	1102.83048973943
1352	1161.82918454886
1353	1084.66319791885
1354	1045.35352011437
1355	1115.71963978738
1356	1130.86052497107
1357	1088.41528106915
1358	1115.78239014064
1359	1153.36591220991
1360	1071.89346694718
1361	1051.21028184683
1362	1119.65019872863
1363	1061.50061933657
1364	1131.2846308791
1365	1131.25546679353
1366	1076.12346271504
1367	1060.47641162974
1368	1092.91511680244
1369	1073.36451686344
1370	1096.36609909016
1371	1127.08651796904
1372	1046.04717940715
1373	1061.87942703
1374	1146.26506922372
1375	1090.75422591308
1376	1100.947492212
1377	1134.25029916222
1378	1178.35091725217
1379	1069.67786462246
1380	1150.77958887729
1381	1011.94172165531
1382	1094.19393440104
1383	1061.26017891205
1384	1016.29412924954
1385	1118.56072250211
1386	1117.84043501824
1387	1117.74083837789
1388	1101.2468270553
1389	1102.89461811308
1390	1120.3841058588
1391	1129.66316440857
1392	1069.83493689176
1393	1118.8863829557
1394	1137.66025978079
1395	1078.99417808512
1396	1107.50867979527
1397	1069.79840940891
1398	1121.4319132509
1399	1052.09593959333
1400	1112.51889097957
1401	1172.3178287774
1402	1068.19010584102
1403	1081.37108339377
1404	1117.81973134997
1405	1082.22778106358
1406	1053.02275646097
1407	1135.07313669019
1408	1020.76441044344
1409	1134.82735895448
1410	1081.90559821082
1411	1194.14015130727
1412	1050.96208130851
1413	1055.60264374428
1414	1204.30310071963
1415	1134.51897387799
1416	1088.5406858714
1417	1122.38473038737
1418	1043.33070639149
1419	1072.07264608581
1420	1052.5378370277
1421	1097.18592475107
1422	1098.53994232025
1423	1077.95727545497
1424	1107.11821372646
1425	1091.04000330832
1426	1046.33512588491
1427	1082.43303043881
1428	1094.62610212286
1429	1094.77310830983
1430	1080.8792178748
1431	1171.5552800655
1432	1131.88105101514
1433	1032.28519128596
1434	1057.88238584604
1435	1165.88657754117
1436	1104.55421861938
1437	1017.96990720581
1438	1100.70786388746
1439	1115.9519489275
1440	1055.97195563562
1441	1079.05161043532
1442	1080.92067335581
1443	1101.01236698959
1444	1122.75568974449
1445	1080.24339173428
1446	1098.60039401232
1447	1060.761482861
1448	1092.61844357952
1449	1092.22609658404
1450	1173.49488266677
1451	1063.90110243698
1452	1133.76905862838
1453	1109.20440682317
1454	1169.98386823523
1455	1040.25880901626
1456	1082.18430681779
1457	1067.66806336662
1458	1064.14449994737
1459	1090.36036167894
1460	1032.42884064657
1461	1159.26227966124
1462	1096.63341210119
1463	1113.06211300938
1464	1098.64256538803
1465	1158.88705774054
1466	1117.80417764162
1467	1048.49234122599
1468	1141.38294162324
1469	1180.5623864248
1470	1053.7168712381
1471	1075.98287395192
1472	1024.26182948065
1473	1174.74331855312
1474	1119.73597353547
1475	1144.24625003037
1476	1087.12157422128
1477	1068.55488462035
1478	1098.63123849597
1479	1076.87305266074
1480	1074.49998877034
1481	1076.13592620166
1482	1079.28259084948
1483	1076.99969491635
1484	1093.36769292422
1485	1145.07183357142
1486	1035.89722056653
1487	1126.05605734988
1488	1077.70315906138
1489	1144.71664936526
1490	1039.02420246139
1491	1053.28496264142
1492	1054.80200911827
1493	1109.21619144836
1494	1067.10391968472
1495	1062.11415114256
1496	1095.30824853225
1497	1117.33200183473
1498	1051.69044010956
1499	1084.44387431401
1500	1118.66958779182
1501	1058.88041148635
1502	1046.78934808623
1503	1099.53192968942
1504	1094.45054809539
1505	1070.34772065314
1506	1006.50862598432
1507	1187.43988756702
1508	1112.05823861029
1509	1040.72644411649
1510	1057.66237031256
1511	1121.51609321593
1512	1129.29284425103
1513	1069.21847331281
1514	1090.05892041403
1515	1084.72365574023
1516	1092.05096542148
1517	1034.34606057126
1518	1130.93691306867
1519	1104.54506174634
1520	1018.68627785296
1521	976.504825176677
1522	1076.29749511035
1523	1050.42385346191
1524	1078.77029959931
1525	1073.44708187953
1526	1098.72937691787
1527	1085.24139936545
1528	1085.74525256024
1529	1091.80979081693
1530	1042.76461166759
1531	1120.73502687506
1532	1039.58922079122
1533	1096.10962051148
1534	1029.96193247559
1535	1055.54046810635
1536	1047.36280237199
1537	1075.01665301222
1538	1099.15900702547
1539	1071.14279551907
1540	1106.85917865173
1541	1105.90667770211
1542	1088.07796013135
1543	1036.72001614997
1544	1083.22787052009
1545	1116.25130195912
1546	1058.56734506019
1547	1100.07496996621
1548	1102.88849643038
1549	1110.80214504967
1550	1051.32099754615
1551	1092.29227157742
1552	1065.16287788559
1553	1062.34549711306
1554	1050.91251453637
1555	1101.0902896571
1556	1131.58472427689
1557	1059.5758531146
1558	1048.14859006553
1559	1126.73671793224
1560	1047.66686107042
1561	1119.89982824893
1562	1017.03826403691
1563	1057.95132501329
1564	1048.83915291394
1565	1070.56509818857
1566	1099.81336812924
1567	1103.06068002357
1568	1092.98588317645
1569	1029.27001489917
1570	1113.13964926044
1571	1099.22934714844
1572	1119.39039668924
1573	1099.34846689812
1574	1018.66461556911
1575	1107.0325948025
1576	1117.61085777683
1577	1043.61734535772
1578	1116.7999143948
1579	1088.81689183853
1580	1059.26186499874
1581	1138.74045270773
1582	1127.26565271744
1583	1049.6664051723
1584	1161.3821419287
1585	1093.56603565697
1586	1138.41020907085
1587	1096.27673350171
1588	1125.57445150696
1589	1035.20331448344
1590	1116.45593418135
1591	1029.1913637913
1592	1093.20649573218
1593	1118.97133277924
1594	1098.68625567283
1595	1090.87512409592
1596	1119.92908037981
1597	1114.40505871035
1598	1056.42555497914
1599	1084.60329765587
1600	1060.1735793336
1601	1139.42636762867
1602	1123.05406054538
1603	1071.58732164153
1604	1066.39744982204
1605	1041.18288537043
1606	1058.10350457151
1607	1051.30174203316
1608	1133.60108753393
1609	1160.25729007921
1610	1099.47512692997
1611	1092.11292196656
1612	1111.19419700388
1613	1076.78216550697
1614	1054.12614708021
1615	1127.64363708565
1616	1104.73870466153
1617	1057.25972494482
1618	1101.60653863349
1619	1116.29147136883
1620	1100.39291787579
1621	1061.2502824871
1622	1061.52975683976
1623	1132.10360597952
1624	1103.46837005624
1625	1066.58149667761
1626	1087.49264123787
1627	1074.37814205648
1628	1081.76007561054
1629	1074.33256472031
1630	1146.19480992768
1631	1088.31509039929
1632	1113.06523716885
1633	1121.45546161985
1634	1095.06022712239
1635	1087.06803994439
1636	1125.953468065
1637	1086.05318330609
1638	1037.36722468625
1639	1077.06117301899
1640	1064.78307698692
1641	1046.47267881866
1642	1078.95748496393
1643	1075.34500596665
1644	1071.89038547704
1645	1121.48085588477
1646	986.965116316888
1647	1027.25833363334
1648	1094.14356867388
1649	1036.04564437096
1650	1115.72765152542
1651	1130.64174571235
1652	1083.54302189937
1653	1137.66809207749
1654	1074.26198020071
1655	1047.26217184147
1656	1055.28430413958
1657	1125.52872046166
1658	1079.76413223782
1659	1095.10307165358
1660	1075.55382912938
1661	1069.97813909412
1662	1063.61290688297
1663	1032.77163274746
1664	1086.98362466719
1665	1067.46050053403
1666	1073.76424378995
1667	1066.61397040986
1668	1106.66021859418
1669	1100.11641374317
1670	1000.82611971461
1671	1108.06166836511
1672	1029.23169987503
1673	1077.2692689664
1674	1078.17643035436
1675	1129.52744388939
1676	1062.94143516954
1677	1085.21116773777
1678	1122.97064639671
1679	1100.44315430177
1680	1063.58056610787
1681	1041.12217492698
1682	1128.91160304007
1683	1091.51069053929
1684	1050.47012200126
1685	1060.87494869938
1686	1078.2602233608
1687	1023.98595875929
1688	1092.72551633862
1689	1066.24648351835
1690	1123.86963341936
1691	1122.62455832384
1692	1149.10596066671
1693	1086.19359446482
1694	1105.342363196
1695	1174.99807094054
1696	1114.42895307298
1697	1141.26982240907
1698	1060.10353288551
1699	1053.29937979534
1700	1058.24024946312
1701	1121.01341301337
1702	1088.79756330555
1703	1114.80403528962
1704	1036.7799937158
1705	1101.92958432706
1706	1103.53866234618
1707	1091.34428559674
1708	1105.71885583753
1709	1112.66132197685
1710	1104.44694071985
1711	1041.89829044112
1712	992.391776171943
1713	1078.62656942749
1714	1110.46589180979
1715	1153.09576430623
1716	1032.047065672
1717	1069.68294842422
1718	1071.76561068234
1719	1116.34679269189
1720	1061.98956283722
1721	1028.26431873987
1722	1224.99901200907
1723	1039.51259633907
1724	1066.9980073911
1725	1115.29896471338
1726	1086.37505516285
1727	1105.65109922456
1728	1142.74754386056
1729	1033.26771103684
1730	1124.65723209545
1731	1087.2227249551
1732	1065.08049512927
1733	1057.75455284788
1734	1080.49277422985
1735	1085.83756235378
1736	1071.99960638311
1737	1108.60484569023
1738	1067.15083277296
1739	1098.12092435708
1740	1105.55504611705
1741	1102.75209999852
1742	1087.52417737182
1743	1075.98183792022
1744	1098.76566393062
1745	1080.72095080347
1746	1116.1678839052
1747	1083.74558034681
1748	1092.22646863024
1749	1082.59339078063
1750	1088.22017734872
1751	1083.78125053249
1752	1045.29961952186
1753	1113.25346268542
1754	1069.32246867477
1755	1056.75693697725
1756	1118.8489031681
1757	1067.58754182972
1758	1029.12405211712
1759	1094.26042204751
1760	1118.37121879335
1761	1069.3769911988
1762	1090.98534774174
1763	1142.81041856353
1764	1123.92409374451
1765	1094.94507564076
1766	1144.65973573531
1767	1085.35974477717
1768	1127.04430438876
1769	1115.20883855642
1770	1082.38882574709
1771	1047.82746966006
1772	1057.01394691917
1773	1066.21750730493
1774	1106.98020181959
1775	1106.05650993186
1776	1055.5837959873
1777	1045.58731723766
1778	1079.96576663801
1779	1105.12061148143
1780	1117.67396575279
1781	1096.29181572913
1782	1105.9553283462
1783	1110.87438062083
1784	1059.81406298327
1785	1040.57376572996
1786	1050.04556847112
1787	1104.2637610383
1788	1072.51283604647
1789	1110.88360815402
1790	1119.30057261175
1791	1066.76843483027
1792	1082.68955577335
1793	1034.49512523834
1794	1134.63912810248
1795	1079.96763052161
1796	1099.46569726656
1797	1057.72330858095
1798	1120.82171849054
1799	1063.44202541265
1800	1147.74007667587
1801	1052.93404998492
1802	1063.6115678809
1803	1093.89055764554
1804	1059.05645323993
1805	1079.916531606
1806	1093.35080189753
1807	1090.20356989767
1808	1041.72411216157
1809	1099.9564487705
1810	1104.60809027428
1811	1061.75008447831
1812	1117.81645558488
1813	1078.82127239104
1814	1129.16474743899
1815	1125.49774849615
1816	1103.41398880786
1817	1128.21160907583
1818	1050.49184710423
1819	1088.6656589084
1820	1086.13935366135
1821	1063.08049224998
1822	1179.81494894007
1823	1042.82274749901
1824	1052.50443338542
1825	1097.27708510678
1826	1068.03495495866
1827	1093.91201788026
1828	1098.88883733427
1829	1081.071242103
1830	1088.35100134692
1831	1008.1271141181
1832	1071.65150339575
1833	1011.60199585227
1834	1045.36059599559
1835	1044.72970819558
1836	1147.56411298125
1837	1158.44542576916
1838	1064.12257684699
1839	1168.9390176188
1840	1077.47996625667
1841	1078.78136210709
1842	1043.08509437792
1843	1058.54250477708
1844	1067.18683146552
1845	1063.40509244707
1846	1066.64989093978
1847	1115.66778925813
1848	1047.22608492293
1849	1053.83236133266
1850	1127.39346242471
1851	1029.48703153322
1852	1081.02053896437
1853	1099.06472760734
1854	1052.38153286934
1855	1085.67807862511
1856	1114.16382166808
1857	1144.02421556389
1858	1080.42522493533
1859	1076.41951073051
1860	1099.69291875932
1861	1087.46809847277
1862	1125.33865322414
1863	1124.39839543022
1864	1043.15179486291
1865	1131.80252803569
1866	1066.84481473828
1867	1131.15067938178
1868	1131.17879690316
1869	1097.94333888391
1870	1024.02634653232
1871	1084.29157734435
1872	999.487157127651
1873	1095.87047199991
1874	1087.25203951008
1875	1076.26790919378
1876	1029.47604550528
1877	1129.85307192884
1878	1061.19597826224
1879	1132.61245168493
1880	1028.61209427081
1881	1039.8709147598
1882	1064.93338012854
1883	1106.79067124492
1884	1110.55189528727
1885	1115.76686407383
1886	1160.19490501419
1887	1126.64645534981
1888	1066.23343355858
1889	1099.39354640944
1890	1123.11975499218
1891	1079.31235126093
1892	1102.39842368395
1893	1087.88986766249
1894	1102.18738454295
1895	1082.94371742569
1896	1061.16220947029
1897	1027.46052331758
1898	1144.59089513434
1899	1106.03021725217
1900	1091.87181105719
1901	1066.16669446696
1902	1085.5159505869
1903	1139.38893048596
1904	1058.1585981239
1905	1034.44268397766
1906	1046.36712840371
1907	1142.64634308471
1908	1119.44580176665
1909	1117.61321997237
1910	1041.19693103362
1911	1054.72340771268
1912	1130.20515112552
1913	1125.28138483175
1914	1113.45323999076
1915	1099.75095519703
1916	1074.37204241536
1917	1022.92249373802
1918	1179.47819812793
1919	1070.88036911877
1920	1070.88308382496
1921	1095.6647624335
1922	1087.4556741393
1923	1047.31964284372
1924	1059.62346076793
1925	1084.1709887841
1926	1124.06590636775
1927	1049.91317098595
1928	1062.76172491453
1929	1096.34004829424
1930	1131.55663655582
1931	1102.00687623537
1932	1056.76350357224
1933	1087.45000153382
1934	1059.0044914063
1935	1163.8586935954
1936	1113.1457725034
1937	1163.02818942459
1938	1062.90333930414
1939	1012.494931201
1940	1171.09122333262
1941	1097.35949068021
1942	1180.01436706918
1943	1115.35599368193
1944	1087.9567083683
1945	1114.02890246849
1946	1175.88832799007
1947	1094.44582658337
1948	1055.36696293125
1949	1069.67787942978
1950	1082.17960425583
1951	1123.6409570885
1952	1075.23145294745
1953	1062.92569224272
1954	1070.25547083824
1955	1080.85248156218
1956	1143.99322069641
1957	1088.54911709921
1958	1049.30505401764
1959	1086.55260955018
1960	1102.08685573719
1961	1122.9271466098
1962	1063.30245606202
1963	1111.10679027137
1964	1128.53994544822
1965	1063.07104022862
1966	1077.00520208295
1967	1068.92738549148
1968	1113.44082847389
1969	1061.79808850822
1970	1085.98228366294
1971	1132.97681620827
1972	1042.32475824715
1973	1082.07715032442
1974	1156.58788760158
1975	1067.24396135443
1976	1119.23078856331
1977	1163.43451148932
1978	1078.95116299968
1979	1049.14195739143
1980	1130.58925587354
1981	1112.25239807246
1982	1102.25717608943
1983	1078.28110406539
1984	1087.36206563171
1985	1051.99160245402
1986	1173.82503147292
1987	1092.58379465618
1988	1045.46782355866
1989	1130.85242581517
1990	1063.55383942592
1991	1137.77665232819
1992	1121.06516687824
1993	1130.15180345241
1994	1060.74987603231
1995	1163.29167873887
1996	1068.34084219095
1997	1096.46779907074
1998	1098.54948679563
1999	1104.86761942733
2000	1135.68074955388
2001	1072.61353199043
2002	1163.93506477929
2003	1057.37295477044
2004	1104.97510027271
2005	1045.86435426298
2006	1097.87758860626
2007	1074.66347480243
2008	1080.56637806932
2009	1109.05845303843
2010	1113.560017478
2011	1073.27221074709
2012	1036.03068335579
2013	1086.01056043526
2014	1161.02940069852
2015	1149.43082279029
2016	1039.53907168022
2017	1065.99130363932
2018	1057.46056623118
2019	1051.6192042233
2020	1052.3753269288
2021	1128.77337369161
2022	1079.95329190891
2023	1131.47284383744
2024	1116.83930380601
2025	1146.93105243934
2026	1054.00779805616
2027	1067.94189229604
2028	1032.03712507122
2029	1059.34796760055
2030	1048.11168261763
2031	1115.20669231876
2032	1104.0314310669
2033	1101.63251281696
2034	1058.02454031139
2035	1068.66420749896
2036	1100.51448243224
2037	1033.88753500173
2038	1040.59672788453
2039	1066.74877219032
2040	1066.66340143198
2041	1099.31138717965
2042	1094.36125384524
2043	1097.96438411095
2044	1163.78065233553
2045	1129.15912870616
2046	1106.99746298006
2047	1137.25837119541
2048	1051.22845525921
2049	1129.15538611584
2050	1108.65037241958
2051	1072.46197854952
2052	1140.44967666528
2053	1095.90988069412
2054	1119.27799391376
2055	1086.63959167279
2056	1063.86104926547
2057	1096.88756639058
2058	1121.84336649249
2059	1121.14979674885
2060	1085.54799931197
2061	1089.76651089742
2062	1051.66313727597
2063	1110.07593235573
2064	1059.35383403965
2065	1060.76330851261
2066	1119.73134295139
2067	1071.7899571605
2068	1110.98230035642
2069	1122.0467718386
2070	1090.82721525814
2071	1120.01330577603
2072	1123.12477987023
2073	1113.99124047964
2074	1049.57932487694
2075	1137.00192341854
2076	1143.24229910063
2077	1097.35761105565
2078	1023.21065540468
2079	1090.07539746039
2080	1019.35011169437
2081	1048.49351422322
2082	1095.4496438713
2083	1086.76473257189
2084	1104.13623351172
2085	1119.033446814
2086	1074.83479088529
2087	1127.76562374179
2088	1055.60967688343
2089	1113.34099430964
2090	1116.46864149803
2091	1156.75067785555
2092	1099.78983506025
2093	1106.71936816446
2094	1071.75706016311
2095	1077.79601395352
2096	1043.20400181396
2097	1128.1155767033
2098	1043.0990784333
2099	1060.27850070335
2100	1153.09917002136
2101	1070.12015736058
2102	1111.10693376813
2103	1082.6023763473
2104	1122.24014953743
2105	1119.7863158935
2106	1101.01420565116
2107	1096.84897020361
2108	1122.58282124158
2109	1126.94957680172
2110	1071.84055918306
2111	1043.74662413572
2112	1061.733842162
2113	1070.88114615818
2114	1054.49776759487
2115	1064.29555015027
2116	1016.71177672169
2117	1112.09901362526
2118	1125.41458768513
2119	1085.4362557173
2120	1070.35743383598
2121	1044.84118642085
2122	1138.37237347665
2123	1075.87463640707
2124	1066.47197556142
2125	1059.65930006343
2126	1092.54252296303
2127	1150.4744341321
2128	1082.70044467543
2129	1105.19534690585
2130	1140.98252654195
2131	1139.88617324373
2132	1086.5359349521
2133	1064.63664576446
2134	1070.67489136491
2135	1114.6635055633
2136	1026.83038457039
2137	1062.50969398066
2138	1090.13494085111
2139	1075.19283782046
2140	1120.08520065702
2141	1095.93133166836
2142	1011.85803806696
2143	1043.07703845696
2144	1084.49599421669
2145	1117.58246721024
2146	1041.38814315338
2147	1118.16524079809
2148	1085.43900184127
2149	1129.28458107627
2150	1100.01898048807
2151	1029.71155324098
2152	1129.02513303792
2153	1088.35247642822
2154	1130.04877020554
2155	1065.89812166915
2156	1012.65998204183
2157	1081.50782809247
2158	1128.67940735005
2159	1079.58398577736
2160	1110.9144234731
2161	1122.90178326743
2162	1037.5574397123
2163	1056.5703615877
2164	1067.25107413013
2165	1092.63374012047
2166	1073.48712101821
2167	1124.93829587643
2168	1132.42668418646
2169	1108.11104676509
2170	1083.34044303534
2171	1106.44527024428
2172	1054.48404209242
2173	1107.45008030318
2174	1032.65100295116
2175	1110.97319081511
2176	1064.28083143313
2177	1119.19703815046
2178	1137.27311425755
2179	1089.1728696143
2180	1123.20620955514
2181	1144.40589608745
2182	1010.64282882277
2183	1074.21403242541
2184	1157.58525024374
2185	1007.76784672314
2186	1060.20236637852
2187	1091.56201152452
2188	1084.27859246786
2189	1064.56487363829
2190	1145.63661315546
2191	1119.11867452463
2192	1080.8830887322
2193	1062.39892421319
2194	1102.10329482338
2195	1033.88749471149
2196	1100.41730189247
2197	1055.96896169059
2198	1093.79371357893
2199	1069.64089248917
2200	1114.83127299785
2201	1101.74018850893
2202	1075.0142965121
2203	1083.71485511409
2204	1070.29393630506
2205	1161.03743267268
2206	1088.02919651603
2207	1096.75313253355
2208	1094.11270545516
2209	1099.24317572107
2210	1062.15357785861
2211	1147.50594385586
2212	1139.69952847501
2213	1091.59531946386
2214	1064.98156204332
2215	1097.22508119342
2216	1089.90217871842
2217	1087.31885310988
2218	1052.98963818284
2219	1046.95878377578
2220	1081.39448292515
2221	1100.01454590497
2222	1090.73856440478
2223	1074.04387722241
2224	1124.81205649206
2225	1066.82405537573
2226	1072.27489909686
2227	1051.9836335239
2228	1054.56329621981
2229	1056.94972999987
2230	1115.56155939448
2231	1070.56087716157
2232	1093.66177974119
2233	1118.38197371295
2234	1053.01041416755
2235	1097.04395407885
2236	1036.33647254096
2237	1060.17023530183
2238	1036.03669673437
2239	1088.05765795804
2240	1079.98493919705
2241	1081.88780937209
2242	1111.50463241764
2243	1118.22863505961
2244	1104.64839151371
2245	1045.56740027616
2246	1094.92088092179
2247	1069.29179357145
2248	1101.3771313468
2249	1149.21543439269
2250	1086.69426996425
2251	1008.74216870996
2252	1076.84777112441
2253	1073.36492479884
2254	1142.79262214547
2255	1143.2401421275
2256	1060.8062662807
2257	1111.27193399769
2258	1096.02184348724
2259	1078.6869425664
2260	1051.44725589116
2261	1092.84442587313
2262	1103.54467079826
2263	1098.04492942978
2264	1049.37819971176
2265	1049.09199781577
2266	1081.93985043917
2267	1025.92391195218
2268	1048.86350688929
2269	1055.9355490995
2270	1046.27560596691
2271	1076.29537435339
2272	1110.40954146728
2273	1014.40800981581
2274	1113.56071509619
2275	1098.50817952818
2276	1034.51191507596
2277	1062.04265511042
2278	1089.21681094353
2279	1107.46196523116
2280	1141.25283300199
2281	1091.43331456106
2282	1097.29163469628
2283	1116.927833311
2284	1079.36672508045
2285	1095.48928630127
2286	1008.71220025706
2287	1092.59298918127
2288	1104.21505296729
2289	1018.25957898323
2290	1135.90686540565
2291	1060.01102389571
2292	1050.42434957789
2293	1106.63897684246
2294	1100.79208762229
2295	1089.11127207752
2296	1050.73428069306
2297	1087.32527680192
2298	1091.78781395869
2299	1080.92731525817
2300	1085.4862909282
2301	1105.84252954778
2302	1132.17203540018
2303	1076.93919239257
2304	1123.13768211338
2305	1141.99924451839
2306	1061.3144524421
2307	1087.91382282552
2308	1072.49661408955
2309	1083.67745404327
2310	1075.29390547266
2311	1066.82927778073
2312	1067.43274277008
2313	1119.77289147804
2314	1098.66258823827
2315	1077.88413925288
2316	1097.5046698481
2317	1025.84273608958
2318	1065.81763411917
2319	1069.23891159908
2320	1058.85931979591
2321	1078.74481314195
2322	1135.32164274681
2323	1074.87954215927
2324	1122.4684810366
2325	1162.4125751647
2326	1036.44051162725
2327	1050.93841933367
2328	1157.74024348932
2329	1076.16107381612
2330	1074.34375619265
2331	1061.41529289192
2332	1120.50202133587
2333	1131.411235067
2334	1113.01776091825
2335	1060.62918622199
2336	1191.073210994
2337	1063.92027338966
2338	1068.70111483679
2339	1144.28383973351
2340	1138.11531140542
2341	1110.2975974473
2342	1034.12323648264
2343	1126.27251404419
2344	1120.08582872806
2345	1052.86894477409
2346	1046.32922920514
2347	1032.38503761532
2348	1080.46059124956
2349	1111.8007699896
2350	1105.44395154296
2351	1113.39295712185
2352	1081.21965072172
2353	1012.95109935001
2354	1117.19094343625
2355	1112.55227656154
2356	1177.73367485311
2357	1168.45484455311
2358	1116.33280780517
2359	1045.30292571329
2360	1042.84142405094
2361	1188.13418509971
2362	1074.0887324664
2363	1110.08187660941
2364	1123.53553031748
2365	1076.8372719464
2366	1124.33250553734
2367	1091.5572554859
2368	1050.71611827998
2369	1058.7640994698
2370	1095.522964061
2371	1122.76457665618
2372	1116.30432003541
2373	1054.26792415444
2374	1156.22909411867
2375	1131.74196990732
2376	1081.78073828918
2377	1100.55091035591
2378	1068.43678018371
2379	1147.24802842036
2380	1068.25884853921
2381	1117.17144176941
2382	1083.77613936641
2383	1036.43330381298
2384	1085.8981943378
2385	1038.00044610294
2386	1154.88202274173
2387	1071.01455252
2388	1099.25922382565
2389	1116.02971882562
2390	1168.35966127645
2391	1146.05988869661
2392	1049.47671957584
2393	1117.05859132427
2394	1114.93759453501
2395	1027.45906014264
2396	1104.28703499097
2397	1084.0875065059
2398	1114.5345725135
2399	1111.45556108534
2400	1080.37322477781
2401	1114.18325119321
2402	1044.67661069299
2403	1126.36187879072
2404	1091.67815229543
2405	1103.72954272208
2406	1099.44524396084
2407	1028.22514879001
2408	1037.39723476158
2409	1107.14514248299
2410	1144.34589209173
2411	1096.55455418092
2412	1088.54283223224
2413	1067.60638961629
2414	1042.9422616379
2415	1085.4392029766
2416	1121.21508065627
2417	1059.82771022719
2418	1115.14046203616
2419	1039.18449199565
2420	1062.3165296713
2421	1033.80522768246
2422	1132.3769247379
2423	1147.14167106124
2424	1102.71869211792
2425	1119.8488060887
2426	1125.88138543959
2427	1150.72215611442
2428	1046.11911160766
2429	1068.43718274066
2430	1026.50244943689
2431	1083.34744807821
2432	1054.80961529796
2433	1162.45349932041
2434	1093.60300409775
2435	1093.39481527463
2436	1159.11439798082
2437	1095.54367926129
2438	1085.27396882998
2439	1114.62109528096
2440	1105.23997183382
2441	1156.644392457
2442	1100.79337162436
2443	1063.89578429655
2444	1048.81728147791
2445	1101.32201523835
2446	1021.03897204393
2447	1099.4793578915
2448	1128.34186808311
2449	1072.7531855238
2450	1059.31724793066
2451	1029.72333576117
2452	1152.26415927955
2453	1078.59839477642
2454	1144.46684602804
2455	1054.35441106578
2456	1147.84349853896
2457	1079.39222053476
2458	1079.44818557835
2459	1094.80118266157
2460	1186.19390215484
2461	1089.87156639094
2462	1143.46038601335
2463	1124.84109762506
2464	1066.65969566574
2465	1128.66853547246
2466	1076.44759717285
2467	1107.89843867303
2468	1087.64115761091
2469	1104.24496210494
2470	1100.33165405278
2471	1081.97204663433
2472	1048.58746571228
2473	1140.97653236941
2474	1141.00076266592
2475	1083.70544260157
2476	1036.63044985081
2477	1149.76205752999
2478	1106.47054570743
2479	1142.61268078585
2480	1122.38189394709
2481	1075.59770439964
2482	1060.36325068037
2483	1111.33619874069
2484	1139.36461869192
2485	1100.25591334249
2486	1035.15842311652
2487	1096.45716622097
2488	1073.82765355755
2489	1106.37011036788
2490	1122.21956783315
2491	1118.7718536005
2492	1091.2488175785
2493	1055.05890093744
2494	1040.79196190229
2495	1078.8763217809
2496	1082.22983139678
2497	1125.18554274038
2498	1087.3656145482
2499	1119.70695960967
2500	1091.02470747028
2501	1053.72506833854
2502	1109.71130480448
2503	1124.5220744999
2504	1060.2962276476
2505	1098.75884813987
2506	1124.92836458616
2507	1087.58896809413
2508	1096.99757545715
2509	1170.67571287921
2510	1065.51437943692
2511	1111.86636380203
2512	1080.57059902174
2513	1045.13769864463
2514	1100.31376597324
2515	1055.95166301642
2516	1103.27288570974
2517	1091.43524664425
2518	1115.65489847021
2519	1207.34733018882
2520	1062.4485376706
2521	1072.55223407712
2522	1036.98680408973
2523	1069.37408373714
2524	1150.14411751261
2525	1099.84785490658
2526	1149.88621721947
2527	1071.67524660676
2528	1053.36519274579
2529	1079.5435014494
2530	1112.7052155228
2531	1082.39636068704
2532	1089.41551286531
2533	1092.53681751457
2534	1070.26504128806
2535	1033.31460489367
2536	1162.50183163781
2537	1068.62329270331
2538	1098.24935075316
2539	1101.07607581361
2540	1090.41966113169
2541	1084.86108385511
2542	1097.23707377257
2543	1111.54237409955
2544	1073.85498143427
2545	1084.58109705684
2546	1089.05946116833
2547	1054.93304016463
2548	1123.32012380049
2549	1098.12668696149
2550	1167.26615792519
2551	1111.97089340728
2552	1099.52366059801
2553	1085.55191080292
2554	1158.55029827758
2555	1044.20097384692
2556	1093.10341163148
2557	1054.70191927311
2558	1136.82884258811
2559	1088.06332355604
2560	1070.3459697363
2561	1075.66411967241
2562	1063.00559183317
2563	1119.31101093193
2564	1137.65255920669
2565	1102.1160201613
2566	1145.86636996902
2567	1072.34285016922
2568	1053.39813648691
2569	1038.31378555529
2570	1079.58709919366
2571	1140.12736850072
2572	1037.40512708281
2573	1156.69077117127
2574	1100.30645556314
2575	1005.89960637874
2576	1037.81874112036
2577	1104.77779387368
2578	1077.76881712709
2579	1118.17348729894
2580	1077.08788988619
2581	1080.41192317499
2582	1030.02528590973
2583	1126.96994273903
2584	1089.80467885947
2585	1187.40608120229
2586	1085.49337203594
2587	1105.92836461813
2588	1080.81429475021
2589	1102.90173986765
2590	1051.59789137492
2591	1038.89439093446
2592	1073.7907051406
2593	1125.00944442593
2594	1122.98292913621
2595	1137.0861919228
2596	1057.6808033369
2597	1084.25247860097
2598	1135.16921923758
2599	1120.88821521064
2600	1176.31280788002
2601	1119.46212150896
2602	1048.69258493919
2603	1027.05848524815
2604	1127.54110521559
2605	1067.14629808516
2606	1051.28787437833
2607	1146.38686153149
2608	1042.9670201355
2609	1094.02438667181
2610	1112.68354473698
2611	1100.08972898015
2612	1112.74891674556
2613	1102.2842483486
2614	1042.86552719504
2615	1103.06174585945
2616	1101.84274818141
2617	1110.20632190078
2618	1142.35779947711
2619	1059.4710831633
2620	1137.12652484654
2621	1087.35855378488
2622	1103.88888858992
2623	1012.4128936504
2624	1079.20829803438
2625	1070.47090774787
2626	1072.00752938583
2627	1042.18916769132
2628	1111.93194934717
2629	1189.97138878308
2630	1145.62101673823
2631	1151.81882228305
2632	1124.22486737198
2633	1053.049183957
2634	1122.21612098136
2635	1057.62265529387
2636	1141.20253445397
2637	1088.34793149229
2638	1048.98541245233
2639	1116.9766724919
2640	1119.79098919852
2641	1079.14033345045
2642	1079.69452291263
2643	1053.20477175903
2644	1081.86881639853
2645	1073.27266280011
2646	1104.36493986972
2647	1076.51764222098
2648	1106.37456557405
2649	1018.31394357625
2650	1103.1371788455
2651	1123.1131993571
2652	1072.29710842955
2653	1074.86996049679
2654	1082.26529772468
2655	1028.99487994013
2656	1058.15950401739
2657	1088.40934198782
2658	1154.29361644546
2659	1042.44275986512
2660	1061.72479398829
2661	1115.90929096849
2662	1148.90525954569
2663	1064.45620222915
2664	1152.44522626961
2665	1073.64254890359
2666	1050.20376440628
2667	1097.71154760514
2668	1146.20823615206
2669	1045.63227549569
2670	1067.06352091701
2671	1077.87880755974
2672	1105.33676079488
2673	1094.72433930733
2674	1043.31675456091
2675	1101.34895440516
2676	1107.6611552832
2677	1144.48162396589
2678	1103.72153938757
2679	1069.91491499978
2680	1105.47028233725
2681	1119.79282199757
2682	1090.21524319315
2683	1106.69093816071
2684	1058.33308681108
2685	1094.0911588225
2686	1036.52601587188
2687	1105.48205081689
2688	1065.36714095409
2689	1094.20310969123
2690	1085.61745112712
2691	1101.6426524464
2692	1099.95077243295
2693	1097.26394922238
2694	1089.43283767138
2695	1082.63303579884
2696	1081.27302013933
2697	1026.34576928058
2698	1089.06944201731
2699	1110.05265083089
2700	1131.43904289066
2701	1108.18178692895
2702	1088.51418353607
2703	1151.71213242571
2704	1089.51714852448
2705	1149.22684250714
2706	1080.87029181772
2707	1045.73472189929
2708	1099.4886891453
2709	1069.2363531717
2710	1084.39073768769
2711	1081.02398919613
2712	1123.01378777133
2713	1098.54820872066
2714	1102.34886638238
2715	1064.37117754903
2716	1111.41003585896
2717	1079.37281930081
2718	1019.46645945944
2719	1102.46432975209
2720	1037.18209310729
2721	1105.42601216156
2722	1123.87461509203
2723	1067.73408323412
2724	1077.34371932172
2725	1128.32739598407
2726	1103.97613780212
2727	1081.45855724237
2728	1160.34802648299
2729	1029.50223792755
2730	1163.49169707556
2731	1095.29431235539
2732	1099.25635285741
2733	1055.40851016465
2734	1187.23117496017
2735	1088.20857520807
2736	1096.84336360098
2737	1122.71683498666
2738	1101.5351098149
2739	1113.81345429899
2740	1081.08775062325
2741	1078.96315149144
2742	1056.30979063445
2743	1051.75602808564
2744	1051.71737139409
2745	1092.34250407208
2746	1108.61458959686
2747	1084.4525801294
2748	1095.50605287323
2749	1064.29272707719
2750	1098.08545105198
2751	1087.9347369812
2752	1102.41171311171
2753	1090.83921939609
2754	1093.43253142825
2755	1092.16340189159
2756	1046.4257483034
2757	1133.82916899147
2758	1074.5672698741
2759	1113.53504811113
2760	1107.32689886384
2761	1039.52126729165
2762	1155.81284617546
2763	1053.16685217148
2764	1077.92849398839
2765	1098.36278237461
2766	1093.46070831034
2767	1062.38998121126
2768	1125.10189592589
2769	1074.53611940751
2770	1070.92676623598
2771	1123.18671366401
2772	1055.17079706716
2773	1048.92143980334
2774	1059.12278795026
2775	1083.59994108003
2776	1077.24980597203
2777	1112.71433964156
2778	1100.68520936813
2779	1053.49665299965
2780	1125.51435913063
2781	1135.861599788
2782	1132.65234644142
2783	1118.81350450085
2784	1109.69601125733
2785	1107.32899424509
2786	1111.2877041001
2787	1089.60925580662
2788	1115.02060235109
2789	1106.06655781854
2790	1104.29105133523
2791	1032.88989677675
2792	1112.48920924157
2793	1074.39525566993
2794	1074.72410107052
2795	1023.28814880855
2796	1116.06077668926
2797	1128.79390586916
2798	989.133894145151
2799	1092.86011695278
2800	1091.58326389117
2801	1132.88974898742
2802	1190.58930993922
2803	1142.48854040059
2804	1089.61354903659
2805	1095.30070246118
2806	1045.57827347128
2807	1058.21511236445
2808	1058.64771765405
2809	1163.81218925943
2810	1145.40391765862
2811	1137.89076951724
2812	1078.30319857033
2813	1083.84663448503
2814	1062.823335993
2815	1129.32505915648
2816	1096.78552689667
2817	1019.03034772209
2818	1130.37977503345
2819	1048.09866130956
2820	1070.19141790732
2821	1161.44208987363
2822	1150.99012545722
2823	1100.17184684402
2824	1087.3468312387
2825	1069.65694926105
2826	1044.41318167925
2827	1105.64876702489
2828	1079.45552834635
2829	1046.57251413097
2830	1057.1930380116
2831	1059.71762318061
2832	1105.1245662214
2833	1093.4267691192
2834	1077.35846615799
2835	1091.47462628817
2836	1128.13354547301
2837	1095.76959673957
2838	1068.91097482834
2839	1093.30715256752
2840	1089.21019236515
2841	1052.15629071634
2842	1117.53104249257
2843	1061.39956314768
2844	1134.61831511262
2845	1044.96049738294
2846	1075.02103591152
2847	1143.01607756144
2848	1061.48879290126
2849	1094.92323833268
2850	1113.44094017669
2851	1045.92714438127
2852	1108.46039593734
2853	1160.24395345897
2854	1044.38101339383
2855	1115.36190563996
2856	1072.11855075723
2857	1109.62435524965
2858	1139.49810114094
2859	1092.01585543277
2860	1057.560630033
2861	1085.36176835749
2862	1093.88589793752
2863	1066.37555180528
2864	1088.91170539091
2865	1131.19114923389
2866	1087.12246413481
2867	1119.3593081521
2868	1048.46607219301
2869	994.219832216509
2870	1050.63170959404
2871	1102.85519329933
2872	1119.95634699758
2873	1007.28039809192
2874	1164.86303344551
2875	1087.31721289355
2876	1093.31446672519
2877	1030.39056809175
2878	1082.60683839566
2879	1086.42309144204
2880	1117.37155782399
2881	1147.67469212458
2882	1123.52638942272
2883	1079.8226257654
2884	1057.55358990581
2885	1095.99147373927
2886	1050.86979890075
2887	1119.42425711297
2888	1125.05616480393
2889	1140.00101760185
2890	1115.73957898232
2891	1047.39270749831
2892	1003.15003884051
2893	1107.36210008826
2894	1075.49255615875
2895	1054.03021843506
2896	1039.43056160263
2897	1216.7407482505
2898	1101.0505034794
2899	1112.99840908868
2900	1116.66955531638
2901	1074.46343614833
2902	1117.98723036513
2903	1129.82901675879
2904	1069.90420354602
2905	1095.30232491799
2906	1139.41186005352
2907	1070.32913891928
2908	1096.53879599474
2909	1110.6433202091
2910	1052.23618642766
2911	1090.57934149796
2912	1012.79918023992
2913	1035.6889677118
2914	1050.10308039425
2915	1167.27373747567
2916	1046.47655111313
2917	1087.16780551143
2918	1157.68284472468
2919	1121.53528639078
2920	1114.92637453652
2921	1095.14041003364
2922	1048.77948964799
2923	1050.86974084897
2924	1105.88603482681
2925	1100.13947912334
2926	1084.94876279194
2927	1065.99613815311
2928	1101.85364586858
2929	1054.17674869377
2930	1108.30424796656
2931	1070.89980218886
2932	1123.48490980189
2933	1106.3611796069
2934	1084.45757948241
2935	1087.40613728388
2936	1131.74820930769
2937	1069.38049945895
2938	1056.67865754649
2939	1167.03159236587
2940	1096.44018398061
2941	1039.26198575515
2942	1067.87994013877
2943	1093.36699694376
2944	1011.3684521576
2945	1098.23479046884
2946	1066.92926982412
2947	1100.90185938062
2948	1103.29637991559
2949	1112.24811671989
2950	1111.08409938451
2951	1070.13263683146
2952	1093.56190174965
2953	1084.44056983326
2954	1097.0333731641
2955	1065.29265402477
2956	1040.28482106953
2957	1071.62494604397
2958	1075.27434501629
2959	1074.06285951451
2960	1112.35258746536
2961	1131.46522818606
2962	1106.42583724909
2963	1108.32234539431
2964	1100.2320595311
2965	1138.19494922841
2966	1110.19716915462
2967	1088.48552190746
2968	1074.48934966825
2969	1075.29206936383
2970	1037.27752387409
2971	1123.97715513518
2972	1075.99191966527
2973	1137.008727562
2974	1117.47660881082
2975	1116.23366158175
2976	1041.2631813004
2977	1112.46095125899
2978	1057.51434803781
2979	1106.43838060358
2980	1154.47483990335
2981	1057.38746547494
2982	1020.64211096942
2983	1052.61441070017
2984	1061.44073996299
2985	1134.57267920619
2986	1032.86432050186
2987	1104.89530993941
2988	1119.93770533303
2989	1091.9864739101
2990	1119.02728117099
2991	1160.66101642271
2992	1034.7055603951
2993	1111.05139989601
2994	1103.26660966155
2995	1100.01198702357
2996	1117.53448797157
2997	1068.84053441188
2998	1094.61682376827
2999	1112.56682910808
3000	1107.0121735159
3001	1094.32632286881
3002	1113.56233157061
3003	1113.55999696028
3004	1069.76803352025
3005	1092.46150007924
3006	1087.77240817759
3007	1045.16733166863
3008	1075.17525866738
3009	1080.94095376926
3010	1088.77599758082
3011	1011.69975212952
3012	1112.21969655525
3013	1106.08132739416
3014	1092.57624141866
3015	1022.15659837594
3016	1170.76850782102
3017	1093.93630752029
3018	1103.49687337942
3019	1089.4984641739
3020	1064.6960038846
3021	1102.86530041929
3022	1092.22253142086
3023	1064.69783623335
3024	1093.68154772145
3025	1110.39923921357
3026	1088.56513537508
3027	1098.21151550256
3028	1063.16357030682
3029	1150.82008097924
3030	1139.16603795701
3031	1079.01358037997
3032	1089.85702857042
3033	1108.04346332911
3034	1052.34390725739
3035	1099.36599771283
3036	1104.87735140381
3037	1092.11830705567
3038	1019.22519143508
3039	1094.36034850843
3040	1051.87478543264
3041	1094.58405765589
3042	1119.60124534688
3043	1117.7285334355
3044	1141.09832166233
3045	1097.60310384129
3046	1039.19368166708
3047	1107.22967019333
3048	1102.16780713477
3049	1099.28358908281
3050	1058.67825293597
3051	1106.93117903862
3052	1099.30487896809
3053	1036.24035581756
3054	1071.33838938131
3055	1079.37147308135
3056	1094.98690475908
3057	1120.61613427039
3058	1018.22272861238
3059	1088.08848645867
3060	1103.56249846921
3061	1112.22769139105
3062	1046.45534524892
3063	1073.18357693296
3064	1087.29659047047
3065	1084.67885062335
3066	1085.70761098208
3067	1133.30160849864
3068	1026.53512547377
3069	1168.04136819121
3070	1051.60307191344
3071	1056.68521944989
3072	1057.17309073143
3073	1131.77132816118
3074	1073.02323327509
3075	1045.65635290357
3076	1069.14920602597
3077	1085.39124167566
3078	1122.78687475797
3079	1121.25190196115
3080	1167.88693119639
3081	1085.67035836164
3082	1073.6970753869
3083	1075.01894143134
3084	1040.36356447684
3085	1161.43026982644
3086	1082.2448625588
3087	1058.24506647185
3088	1094.83140615141
3089	1137.49389011021
3090	1158.65161684745
3091	1073.18963432303
3092	1067.64382148455
3093	1113.50860833337
3094	1056.12042544221
3095	1122.528991376
3096	1113.851472351
3097	1076.83906460028
3098	1047.50045502082
3099	1083.91548321119
3100	1065.40013296691
3101	1070.07829787559
3102	1082.52333318077
3103	1059.17117283113
3104	1071.3360253509
3105	1113.33120525093
3106	1116.75365314791
3107	1124.90285479253
3108	1058.33339462965
3109	967.734451096463
3110	1085.03267879473
3111	1109.99655574938
3112	1080.41258539522
3113	1057.56537132363
3114	998.051254986655
3115	1103.03071272633
3116	1140.60617248826
3117	1123.4103557266
3118	1091.11011284861
3119	1049.62578068573
3120	1160.39180211265
3121	1114.56066524944
3122	1152.05044131225
3123	1089.73613276371
3124	1105.18429670391
3125	1083.60849579979
3126	1116.2278004656
3127	1052.07459841728
3128	1063.27696348214
3129	1086.77006649622
3130	1047.79409075704
3131	1107.31952560852
3132	1070.3332966404
3133	1071.35385497885
3134	1130.94787092603
3135	1076.18334714302
3136	1078.86128782386
3137	1104.95657017551
3138	1078.93509029006
3139	1067.62191843712
3140	1085.19371071381
3141	1030.4612487094
3142	1092.69990639725
3143	1106.6725544181
3144	1097.33350713523
3145	1084.5467346239
3146	1122.99850508605
3147	1088.61610575228
3148	1090.8480667176
3149	1146.85789789933
3150	975.201132565038
3151	1062.16912018086
3152	1018.35517920796
3153	1104.73630965548
3154	1129.60951257154
3155	1083.1627345039
3156	1065.67398545682
3157	1109.6906196052
3158	1118.7313586656
3159	1074.78832022516
3160	1043.21692641666
3161	1153.82553861243
3162	1107.92370294479
3163	1063.25020314395
3164	1077.69391039023
3165	1122.11621994661
3166	1053.65957512753
3167	1106.78506099073
3168	1084.88966165449
3169	1153.90465088339
3170	1085.79580518552
3171	1134.61215009921
3172	1150.69200006488
3173	1082.06280343155
3174	1163.13860828035
3175	1141.21384540778
3176	1063.81047118057
3177	1035.08631397823
3178	1111.60349679323
3179	1121.42957680105
3180	1107.09866268967
3181	1117.68871451264
3182	1085.29899036619
3183	1163.26175531149
3184	1097.47804143651
3185	1150.04252178403
3186	1097.61737944923
3187	1035.61070334051
3188	1074.88349110317
3189	1057.41454358116
3190	1101.2439437334
3191	1076.8780422443
3192	1168.64060976046
3193	1077.23257009688
3194	1062.33757809769
3195	1116.91313027242
3196	1098.31746731161
3197	1110.6504653327
3198	1056.9593516864
3199	1133.28102880842
3200	1053.05107578561
3201	1102.52169818961
3202	1107.99450898992
3203	1029.56325257673
3204	1087.26608693624
3205	1101.78382581219
3206	1077.52969323147
3207	1002.55982118147
3208	1170.47475063765
3209	1107.48155411984
3210	1094.82813171607
3211	1066.56730719367
3212	1122.61046354742
3213	1137.59653343174
3214	1079.84215017446
3215	1095.20041042856
3216	1052.21766683324
3217	1045.7018414695
3218	1096.0787672114
3219	1064.57805726414
3220	1123.35280531316
3221	1096.39343298287
3222	1043.28659392677
3223	1056.02807827149
3224	1060.48977907836
3225	1134.00486542487
3226	1081.22637377982
3227	1141.45377065341
3228	1066.81485784681
3229	1112.69437588408
3230	1129.08619549941
3231	1064.27156457173
3232	1085.07430786871
3233	1097.86438081889
3234	1064.07682845642
3235	1136.54661190153
3236	1169.59736218571
3237	1055.14744744389
3238	1081.06922421868
3239	1056.32716531217
3240	1072.95835478172
3241	1135.29139600877
3242	1009.3951592891
3243	1101.26136697207
3244	1136.57942302843
3245	1124.10641724817
3246	1075.80792376094
3247	1143.11735974296
3248	1097.20935676163
3249	1099.44101936589
3250	1096.54015774598
3251	1053.24524401183
3252	1092.17888173648
3253	1153.10970773645
3254	1068.81924368983
3255	1091.56153406481
3256	1035.28451163642
3257	1154.18704309497
3258	1083.54667470772
3259	1090.44294587749
3260	1088.74831479612
3261	1148.68709911522
3262	1085.13586378542
3263	1097.05564543729
3264	1115.09218059261
3265	1047.59556602777
3266	1079.84157377944
3267	1086.23800830406
3268	1049.77497028706
3269	1151.40895004933
3270	1075.23253473752
3271	1123.63202368095
3272	1112.14483005808
3273	1220.27418908367
3274	1047.55046902762
3275	1054.12070678498
3276	1103.30105264333
3277	1090.92300432301
3278	1086.0710759998
3279	1113.43019464578
3280	1080.01608653732
3281	1078.25832310225
3282	1072.55832521235
3283	1177.47931346399
3284	1153.15434446433
3285	1084.96476785282
3286	1019.14144889858
3287	1132.55148737942
3288	1163.65632116994
3289	1120.28958561564
3290	1091.15095233287
3291	1122.60259178876
3292	1085.69724565834
3293	1058.56121493619
3294	1104.29622297895
3295	1075.78428928219
3296	1149.98514526716
3297	1080.29914788487
3298	1055.27265021968
3299	1053.42568385407
3300	1192.00263106459
3301	1079.425449282
3302	1048.49763204362
3303	1055.74107541379
3304	1075.6033988803
3305	1059.24042661316
3306	1114.01737789842
3307	1146.71757858787
3308	1088.66937294598
3309	1093.58532655393
3310	1093.90192173268
3311	1034.48602034728
3312	1090.94083928832
3313	1095.42043659221
3314	1007.24797572801
3315	1071.16904147018
3316	1115.18820085892
3317	1043.16642172846
3318	1082.27086309079
3319	1079.92027223622
3320	1023.66369097437
3321	1094.6366445278
3322	1127.00836342914
3323	1117.07891412724
3324	1147.70546069958
3325	1122.69561418968
3326	1161.28922502963
3327	1078.28725149178
3328	1034.29093628088
3329	1052.14632828088
3330	1161.80385458298
3331	1101.25023519825
3332	1107.69729017755
3333	1090.83006700182
3334	1056.50091144851
3335	1041.69056571652
3336	1131.37405231989
3337	1146.00853014326
3338	1121.84839626745
3339	1054.68675128669
3340	1125.41917154328
3341	1015.86831380619
3342	1079.63805769535
3343	1132.03810257171
3344	1035.11946621598
3345	1142.70471153536
3346	1061.85730288758
3347	1115.85193695833
3348	1091.72056994221
3349	1047.35474276815
3350	1100.91485119059
3351	1109.11937453014
3352	1065.69101742891
3353	1081.53801133851
3354	1079.15588061391
3355	1051.04829721145
3356	1111.06592771698
3357	1053.20652662187
3358	1119.82541445931
3359	1128.12341790886
3360	1182.28681507641
3361	1092.73217452014
3362	1067.59360375312
3363	1072.17661683459
3364	1130.14349947014
3365	1120.96676253363
3366	1031.02698744781
3367	1118.56849829792
3368	1149.85278039475
3369	1065.87244606056
3370	1022.34535164234
3371	1106.1850914363
3372	1077.7730333007
3373	1142.57680910953
3374	1088.306289214
3375	1109.37063186831
3376	1103.86188759392
3377	1076.38357294813
3378	1030.85081796106
3379	1105.06407149275
3380	1134.78242781025
3381	1119.62867785787
3382	1057.19707123756
3383	1059.54136406375
3384	1114.96439329266
3385	1113.91248267589
3386	1136.03401883346
3387	1102.29771984409
3388	1163.98165638718
3389	1072.98859986259
3390	1119.02550621774
3391	1083.62149192129
3392	1102.39020470991
3393	1085.47257452928
3394	1111.14708931054
3395	1069.66508001499
3396	1140.342683483
3397	1095.30330805589
3398	1077.83825236941
3399	1072.92506610559
3400	1100.3292548532
3401	1062.21743286115
3402	1097.8678159311
3403	1110.90382948777
3404	1112.5370416524
3405	1117.62869233222
3406	1064.30430179785
3407	1094.01888711316
3408	1036.40836841935
3409	1111.30941442218
3410	1077.69775118035
3411	1129.90778993288
3412	1059.05036724858
3413	1144.37809078943
3414	1133.36160446009
3415	1068.79281425203
3416	1055.83638575945
3417	1138.50127073033
3418	1121.19741138503
3419	1112.14606278962
3420	1105.43807133195
3421	1149.87572955386
3422	1074.90371650001
3423	1130.1911899498
3424	1058.83771594745
3425	1131.34924020532
3426	1050.92240809061
3427	1117.20232362588
3428	1088.76163877176
3429	1114.51486074604
3430	1079.99508621471
3431	1113.87169363208
3432	1083.54630791833
3433	1143.92065232339
3434	1072.69299129398
3435	1072.28496961814
3436	1052.88513179112
3437	1091.62086763746
3438	1152.18599455837
3439	1099.69767200482
3440	1005.44103613502
3441	1086.06954335801
3442	1138.4656435452
3443	1032.1891841311
3444	1083.41110798929
3445	1077.26170924606
3446	1049.53661791586
3447	1141.65614769101
3448	1147.27664299182
3449	1094.29513744869
3450	1119.85321228306
3451	1071.74407263245
3452	1111.64463373686
3453	1059.52015147878
3454	1073.48898806439
3455	1099.85206591131
3456	1030.24507695232
3457	1125.58356331444
3458	1067.35186503633
3459	1107.95826817718
3460	1065.45908519543
3461	1125.86748174237
3462	1046.95975321909
3463	1074.82595348573
3464	1081.61565812419
3465	1069.49231066795
3466	1129.22555051166
3467	1088.20951358122
3468	1111.13757661617
3469	1098.17123777888
3470	1116.26882517219
3471	1108.75122837834
3472	1059.07792495252
3473	1080.30115711075
3474	1138.09049282063
3475	1054.34643848767
3476	1106.34557429584
3477	1096.24146362624
3478	1057.73064944427
3479	1079.52630131988
3480	1079.89509283904
3481	1104.18958985941
3482	1097.40737231437
3483	1071.03800193738
3484	1123.3270330394
3485	1117.87960272547
3486	1079.36608940726
3487	1075.40564991512
3488	1071.74480019643
3489	1112.65324910049
3490	1068.45417352165
3491	1095.32571648524
3492	1115.31501585222
3493	1069.37722203845
3494	1041.90940107613
3495	1125.07952198619
3496	1091.03101829935
3497	1078.76066729744
3498	1095.29877178251
3499	1124.09533165217
3500	1089.13936223507
3501	1035.42989636849
3502	1108.15037152326
3503	1033.61750140165
3504	1136.6191863791
3505	1103.17835019084
3506	1122.89142798245
3507	1060.84196006882
3508	1104.07403556848
3509	1060.42886511021
3510	1040.86605849241
3511	1055.17944288614
3512	1093.78816610473
3513	1106.04683776863
3514	1117.93521589069
3515	1156.81887287545
3516	1147.92887543251
3517	1052.80781762878
3518	1090.44404260378
3519	1108.15325828075
3520	1117.92666821137
3521	1073.33376839776
3522	1094.96337303267
3523	1093.68579847191
3524	1089.02816876352
3525	1033.24929738546
3526	1101.10606919772
3527	1133.9388050648
3528	1102.28759113142
3529	1049.74573295004
3530	1025.85290615773
3531	1111.67867454884
3532	1111.58414691487
3533	1104.16304923951
3534	1062.56789543844
3535	1127.70769084872
3536	1069.85062084138
3537	1122.22313421304
3538	1074.4991741963
3539	1047.72349435615
3540	1080.98234885825
3541	1078.19726555788
3542	1118.32926811758
3543	1064.47788220086
3544	1078.11547700763
3545	1061.50563940462
3546	1037.1443113609
3547	1093.15240302467
3548	1077.38294769692
3549	1107.8795388518
3550	1039.45860175755
3551	1074.2806718629
3552	1152.53128636252
3553	1131.67070694036
3554	1097.08222747984
3555	1078.4963879815
3556	1140.50960030812
3557	1116.09977997792
3558	1053.25303487741
3559	1096.09511805273
3560	1134.50076331623
3561	1153.19399327577
3562	1027.8424105311
3563	1025.01012900408
3564	1055.96674287987
3565	1093.02812494327
3566	1072.29886863481
3567	1160.52218923752
3568	1043.37494192694
3569	1179.36637806142
3570	1130.67559766287
3571	1098.33595554989
3572	1109.03829419749
3573	1177.97250784117
3574	1040.4809538899
3575	1099.03158193157
3576	1104.93443951063
3577	1113.36311867613
3578	1100.62274728616
3579	1080.9890983739
3580	1019.52549437452
3581	1133.44108450725
3582	1149.67688258784
3583	1099.20706754902
3584	1017.25873287986
3585	1059.46240837029
3586	1058.46186939774
3587	1139.84297822798
3588	1155.1160182054
3589	1021.33003637751
3590	1169.16019749445
3591	1069.85924561634
3592	1072.92600030809
3593	1113.92887087132
3594	1086.51159479201
3595	1073.37226895113
3596	1087.41050133025
3597	1041.25174812014
3598	1127.2257744931
3599	1112.40412058865
3600	1089.04278492475
3601	1127.14635851963
3602	1093.80027172447
3603	1052.3144827572
3604	1087.69090016219
3605	1033.95579052667
3606	1079.93666759016
3607	1070.14692666382
3608	1185.8201148032
3609	1098.23483833932
3610	1015.06729254265
3611	1100.52461175982
3612	1103.20326966973
3613	1107.11333304562
3614	1165.90739590957
3615	1130.67618726234
3616	1127.57613262252
3617	1131.0127690342
3618	1175.28367327703
3619	1070.89519486366
3620	1091.98255608926
3621	1095.06947474232
3622	1117.56162969653
3623	1096.58292278641
3624	1002.85395803685
3625	1042.94832180739
3626	1040.16932398746
3627	1033.06199343616
3628	1026.6297480054
3629	1149.32834742977
3630	1171.94661041233
3631	1097.95621484596
3632	1007.97835090415
3633	1064.60048341161
3634	1046.15182300731
3635	1078.3653144613
3636	1141.84201727162
3637	1037.66108354387
3638	1161.39487702482
3639	1107.05786410369
3640	1064.70054861465
3641	1038.47082757565
3642	1153.36576091373
3643	1103.68388209456
3644	1061.18948131453
3645	1084.00550972133
3646	1089.49268562021
3647	1084.02335570043
3648	1056.4066793871
3649	1047.25227973576
3650	1158.42988524639
3651	1125.07333381772
3652	1101.29784696428
3653	1035.51601752452
3654	1145.45817382107
3655	1057.82106681842
3656	1063.3856117485
3657	1116.35642414504
3658	1082.0661577286
3659	1145.51509583968
3660	1098.09272601086
3661	1165.47117316863
3662	1021.25042862759
3663	1107.20019934174
3664	1100.43412386145
3665	1080.32251234388
3666	1103.55769013747
3667	1124.60059731987
3668	1124.75528314443
3669	1023.96484555712
3670	1185.04642285504
3671	1078.71084121765
3672	1115.77345977703
3673	1096.55293116497
3674	1124.30926999048
3675	1136.27263560077
3676	1070.32990205891
3677	1081.70661225166
3678	1045.79879899751
3679	1057.20227499246
3680	1089.15399657044
3681	1106.18013862978
3682	1071.42747785184
3683	1074.84936737071
3684	1163.16052833459
3685	1101.68046716182
3686	1147.91213851509
3687	1107.78880702711
3688	1159.46956635766
3689	1111.59334536674
3690	1070.55935147766
3691	1071.48529420352
3692	1056.80390410399
3693	1029.20126858183
3694	1119.04825983858
3695	1169.30622273448
3696	1044.02968607912
3697	1107.67390570296
3698	1135.17580440048
3699	1179.53288512186
3700	1112.01382920134
3701	1103.24825622856
3702	1096.08579373084
3703	1090.78055508642
3704	1115.27701123531
3705	1096.65006123371
3706	1041.19892766315
3707	1018.69635887834
3708	1115.55906788284
3709	1054.24904769261
3710	1084.88734640194
3711	1036.59155567383
3712	1050.63556046018
3713	1082.34675708052
3714	1152.7607345614
3715	1127.60327021033
3716	1055.5105427923
3717	1122.44950628923
3718	1107.37904180121
3719	1093.18255571948
3720	1089.38724750999
3721	1049.78167469751
3722	1050.03067409987
3723	1060.89580060018
3724	1156.99602933684
3725	1090.80384446588
3726	1027.10963593561
3727	1064.58343061094
3728	1080.07983281844
3729	1093.13699670728
3730	1131.94623508918
3731	1078.4394374409
3732	1063.936123413
3733	1061.13836179667
3734	1147.85675532932
3735	1071.04587537485
3736	1030.19583146125
3737	1028.36994267607
3738	1072.4036974483
3739	1122.95473205946
3740	1143.1594472377
3741	1128.45393926698
3742	1085.77480111545
3743	1075.88987673322
3744	1081.57398340387
3745	1091.81435421655
3746	1010.14259754869
3747	1091.13485569668
3748	1044.42452423549
3749	1068.35439723422
3750	1071.58646587453
3751	1134.38984026875
3752	1114.8249604535
3753	1152.87305444525
3754	1122.15763422024
3755	1155.57109128904
3756	1027.14266899568
3757	1167.95051445004
3758	1124.613956848
3759	1066.27048506427
3760	1077.3104208136
3761	1198.63721447554
3762	1083.4261405556
3763	1111.06407733343
3764	1040.24907171332
3765	1084.17525978722
3766	1028.98068095179
3767	1105.02897838804
3768	1110.44642561239
3769	1058.62295061738
3770	1117.81743227514
3771	1044.83651711323
3772	1059.5955977677
3773	1163.53214131454
3774	1067.15895288658
3775	1071.26410972184
3776	1029.26673663362
3777	1051.68254204876
3778	1079.6551227628
3779	1090.62697981151
3780	1106.94166608467
3781	1106.04579666518
3782	1121.59353266214
3783	1086.82791063462
3784	1144.32961402618
3785	1077.09579528528
3786	1071.92241241073
3787	1048.39303589211
3788	1068.05808553122
3789	1030.03712941341
3790	1154.53922216052
3791	1099.42730238928
3792	1140.64278062663
3793	1052.82367471882
3794	1103.66036915203
3795	1086.48858763128
3796	1075.65958370367
3797	1055.28804813544
3798	1019.35976183912
3799	1112.26423689381
3800	1087.85680979451
3801	1099.22573742119
3802	1074.24019558547
3803	1049.33951037981
3804	1042.76085254488
3805	1096.21068001756
3806	1118.4032310058
3807	1026.83066099755
3808	1053.3355300944
3809	1145.9984931135
3810	1069.3558914834
3811	1096.71368900184
3812	1083.89661800707
3813	1107.86034978251
3814	1067.44614801276
3815	1157.86469822974
3816	1017.13499681758
3817	1083.28671913006
3818	1105.13859296761
3819	1113.32079676845
3820	1052.91034009284
3821	1054.32985078139
3822	1110.89698502635
3823	1103.87198897302
3824	1087.21014108024
3825	1088.68519008249
3826	1084.02286760824
3827	1118.83421796495
3828	1092.81848999629
3829	1102.05349110836
3830	1033.59111542208
3831	1099.2305423539
3832	1070.65894791254
3833	1052.55042658821
3834	1053.81429322652
3835	1101.65405127115
3836	1129.1825916314
3837	1090.99755775151
3838	1083.16679254011
3839	1088.72079760043
3840	1123.38591907013
3841	1138.57552153445
3842	1105.98988246204
3843	1109.05609693869
3844	1089.49821522181
3845	1024.85887684184
3846	1043.77539495149
3847	1112.97026205431
3848	1113.7261840473
3849	1103.09754607793
3850	1058.9804353455
3851	1117.72997697918
3852	1018.2438478196
3853	1128.67062190832
3854	1154.17698967887
3855	1094.47639269456
3856	1103.39649678419
3857	1128.43639226578
3858	1074.05569474209
3859	1115.1001454351
3860	1052.96944791247
3861	1080.86583322047
3862	1093.5329237991
3863	1088.99950411977
3864	1036.35241200137
3865	1103.53454439788
3866	1158.70854710212
3867	1174.72861551073
3868	1084.6991972525
3869	1105.71826055133
3870	1096.49103834331
3871	1049.79937155357
3872	1125.26326241644
3873	1121.0970104471
3874	1107.68748740155
3875	1080.71064548252
3876	1085.97506721757
3877	1048.8529151853
3878	1011.67439161976
3879	1081.30290812469
3880	1039.92731821921
3881	1109.37506858357
3882	1133.35381161122
3883	1029.14435303357
3884	1092.35637157112
3885	1073.80184452549
3886	1057.72411175706
3887	1051.30466047958
3888	1116.27892096227
3889	1059.52147283089
3890	1101.27150061033
3891	1135.76458483213
3892	1087.58515202677
3893	1111.16632095218
3894	1165.84699846264
3895	1046.08201654487
3896	1057.00564012691
3897	1041.6047036546
3898	1085.66775933742
3899	1133.9384619573
3900	1044.15168100124
3901	1122.65316327639
3902	1094.70463853415
3903	1094.48116109508
3904	1092.76240991881
3905	1054.34326908459
3906	1073.36201139206
3907	1132.68920237935
3908	1091.06410582663
3909	1012.20648665372
3910	1057.70494542924
3911	1055.98922071292
3912	1029.82638745057
3913	1141.84876001207
3914	1203.8310661543
3915	1083.94926225893
3916	1043.25269205385
3917	1128.29443299861
3918	1057.59064616625
3919	1096.05669984537
3920	1107.1849245909
3921	1033.06323917613
3922	1117.1016475793
3923	1085.29363609178
3924	1121.75459794879
3925	1095.87435167601
3926	1112.12495002649
3927	1109.91066711836
3928	1139.55763041501
3929	1047.67608927209
3930	1014.42774266444
3931	1039.29697135584
3932	1056.82356504156
3933	1104.20038089476
3934	1013.52993835104
3935	1076.55849422206
3936	1088.51411445013
3937	1045.16435932893
3938	1130.2002089581
3939	1079.67836273934
3940	1048.80433686491
3941	1167.86705259222
3942	1102.91382808702
3943	1114.11324967654
3944	1163.9785461455
3945	1100.61357146595
3946	1073.76267582384
3947	1091.97115539616
3948	1106.77147413954
3949	1048.58469539967
3950	1100.47091415471
3951	1049.05929588613
3952	1045.21859213162
3953	1029.06121731129
3954	1016.24933251333
3955	1077.4645664228
3956	1071.98073247841
3957	1085.05246959145
3958	1122.33763888037
3959	1018.10347445652
3960	1007.79194610154
3961	1036.95438237022
3962	1069.4825593493
3963	1140.72541801741
3964	1082.22314163036
3965	1113.74806321266
3966	1051.32784181119
3967	1064.51362971174
3968	1064.84588984991
3969	1074.13221951741
3970	1067.29277478696
3971	1165.6122069477
3972	1090.5645313824
3973	1140.00603883252
3974	1105.79221843099
3975	1067.23497405531
3976	1041.61598404236
3977	1055.18207022098
3978	1083.32141745592
3979	1111.39702670213
3980	1074.3584209653
3981	1053.45482025741
3982	1128.18971470337
3983	1083.93247182558
3984	1070.5904086242
3985	1035.95713084194
3986	1057.642733299
3987	1060.04947597133
3988	1113.47761276751
3989	1078.98475542263
3990	1076.63353179475
3991	1054.2220393105
3992	1100.40392629745
3993	1120.73270275275
3994	1072.78620687147
3995	1069.61748916199
3996	1077.76120850434
3997	1108.39515892724
3998	1160.4908086111
3999	1093.97985099911
4000	1082.97060093323
