"LogLikelihood"	"Iteration"
3939.99882800628	1
3934.55942904573	2
3929.40898950377	3
3935.99196408649	4
3942.25991812257	5
3941.59949635951	6
3931.79986361981	7
3933.64341880887	8
3943.01306745414	9
3937.66709360377	10
3943.96129665865	11
3933.52521634859	12
3937.17071578117	13
3944.63696535003	14
3937.73574241536	15
3925.32988451169	16
3941.27844393575	17
3937.21256658982	18
3942.5598805188	19
3935.3215248	20
3947.0847692046	21
3944.01936720319	22
3934.8124405486	23
3942.24214934176	24
3939.84304067747	25
3947.08822983088	26
3938.46609886255	27
3936.4974594821	28
3946.14875482388	29
3939.26688315678	30
3932.12193899029	31
3927.34151710967	32
3934.95542348167	33
3927.31615078914	34
3937.07249553637	35
3939.66654995963	36
3920.48340555837	37
3933.79109114989	38
3939.39177795632	39
3930.06783625264	40
3938.84987033478	41
3941.1235312967	42
3935.43479256767	43
3933.51418804418	44
3936.01982521781	45
3935.53386152195	46
3930.08818436033	47
3930.12788225365	48
3935.62835328072	49
3932.5141596722	50
3937.46278956778	51
3940.3451050348	52
3945.90860371453	53
3949.55660345707	54
3931.82890346277	55
3930.91218263559	56
3950.05393944896	57
3935.32238729569	58
3943.18816741885	59
3940.35832859626	60
3940.68818513514	61
3944.05198068546	62
3926.46721145363	63
3933.73669390994	64
3940.76390095588	65
3929.22976065106	66
3933.70690822977	67
3939.47651560774	68
3946.1149650011	69
3929.97222959087	70
3945.88237160205	71
3932.62653132405	72
3941.76712489777	73
3938.42250966439	74
3945.60110800184	75
3937.69521959264	76
3919.17762046394	77
3944.36765886938	78
3939.96037909546	79
3929.44553141919	80
3946.21974233923	81
3944.49321076316	82
3929.09030730244	83
3948.46325588378	84
3944.25263855831	85
3921.36384070067	86
3943.3103283356	87
3948.32404134313	88
3928.5681370894	89
3940.15582002117	90
3939.37501974685	91
3933.35551415463	92
3933.76538814742	93
3941.71560567948	94
3936.90857005443	95
3935.0988630318	96
3949.36935697721	97
3934.21131255145	98
3935.50250114424	99
3949.56272633223	100
3935.46968508696	101
3939.47407700578	102
3946.27021767076	103
3934.3577517764	104
3944.30163120726	105
3934.93405870526	106
3931.70491188159	107
3950.60273637588	108
3935.74875856503	109
3938.72176672391	110
3935.02024041825	111
3927.39308185452	112
3932.68105858817	113
3934.07411872287	114
3928.89894971695	115
3949.53712661872	116
3933.08160141537	117
3928.29034262643	118
3933.81353431556	119
3938.02986887558	120
3940.86005425599	121
3936.04925590765	122
3937.84119615137	123
3942.0911685554	124
3926.01600023553	125
3939.77621131676	126
3939.67739578895	127
3928.94931284423	128
3927.22224855021	129
3942.40383080112	130
3936.50110538394	131
3943.15393861528	132
3943.52127462895	133
3939.52631457867	134
3933.30308344167	135
3949.32178164242	136
3931.74909083867	137
3932.82875385481	138
3942.18422022729	139
3939.30430382454	140
3933.23472642125	141
3939.4818343004	142
3942.4567182333	143
3936.8124277719	144
3933.93323536791	145
3935.65171880097	146
3928.34376892227	147
3937.91772134463	148
3938.92337405622	149
3938.15336968575	150
3926.685173325	151
3937.17647024251	152
3935.00262088066	153
3940.85114859001	154
3941.86168127784	155
3935.24022663858	156
3938.34936969682	157
3923.93917858453	158
3932.89995474415	159
3943.02775669469	160
3919.83249946769	161
3942.85934596414	162
3928.0341437352	163
3927.69547612675	164
3945.1179595125	165
3934.65693053143	166
3945.53639829457	167
3934.16342589723	168
3946.86427021676	169
3935.20103098802	170
3933.94850889482	171
3931.05189559693	172
3944.61547428153	173
3942.22387217302	174
3945.30117267269	175
3937.16687519227	176
3938.61955387307	177
3943.7214125159	178
3938.83978463342	179
3946.09632613104	180
3939.96330351799	181
3937.2282333464	182
3936.23778619423	183
3936.14168174698	184
3922.80701058789	185
3933.84278977136	186
3928.37301138281	187
3945.54261549358	188
3941.23281175438	189
3939.18188204633	190
3940.11929196272	191
3940.06260699351	192
3929.7444831879	193
3942.82583678532	194
3921.80603739292	195
3940.10824934905	196
3943.71724011201	197
3941.4667088326	198
3932.38415768628	199
3938.16969953454	200
3933.96341310467	201
3934.80063393928	202
3941.95371817501	203
3932.8867467076	204
3925.90426959299	205
3934.33158661561	206
3937.94683945523	207
3937.79746860915	208
3943.0680774182	209
3925.10825493199	210
3944.46254319411	211
3944.6705202686	212
3933.95332785084	213
3939.24308912424	214
3932.06062804827	215
3933.80414095992	216
3926.26115149907	217
3945.60633184583	218
3932.38623047647	219
3927.60523391591	220
3929.39776168576	221
3934.79294394897	222
3926.54684467571	223
3931.03661546502	224
3933.82270730299	225
3932.29932038285	226
3934.74493404839	227
3928.4204080829	228
3926.98265654683	229
3941.68513351205	230
3933.85357206114	231
3940.18074848482	232
3942.62555485225	233
3933.5639436063	234
3937.60774638854	235
3933.04731426782	236
3934.77585144281	237
3928.60850398209	238
3938.94658142654	239
3936.4563275992	240
3922.53208274508	241
3943.65291234371	242
3944.05161332434	243
3924.36733488632	244
3935.28585508702	245
3932.46090231646	246
3935.60284093163	247
3938.13242736595	248
3941.42973628616	249
3941.62367894692	250
3943.22332435581	251
3940.03961209498	252
3938.41710691515	253
3947.54700929485	254
3931.21080427591	255
3931.2072699304	256
3933.19028874124	257
3935.90122144013	258
3930.08805193279	259
3941.30348358808	260
3939.37582568684	261
3942.53893054297	262
3935.16646655297	263
3937.37425748201	264
3932.25619653883	265
3940.43842585476	266
3918.62706453913	267
3927.00218448682	268
3941.07331472118	269
3938.95302662564	270
3941.81598493276	271
3936.66567431101	272
3936.64916048472	273
3935.79301410328	274
3941.88570929915	275
3927.41142469353	276
3928.71797314568	277
3941.27083342189	278
3930.98905362781	279
3933.27287333273	280
3933.6100802162	281
3943.5167001328	282
3934.36115746608	283
3931.72764247233	284
3940.74293377862	285
3933.30633430036	286
3936.71583219214	287
3940.00014963863	288
3941.84147189521	289
3949.15987420372	290
3939.55809741361	291
3930.88925847545	292
3936.01799215858	293
3930.52059192744	294
3943.64869022542	295
3940.60723233166	296
3935.58409110878	297
3944.76510930822	298
3933.14862616871	299
3942.80495895608	300
3939.91380629214	301
3953.18474462269	302
3927.85351097352	303
3936.4434014631	304
3939.02387482586	305
3932.94617531725	306
3934.65909257674	307
3934.53814855724	308
3929.62854359647	309
3931.16101177171	310
3945.9425765304	311
3926.03542176707	312
3935.97571772158	313
3944.92692140328	314
3937.23660188088	315
3928.18629509138	316
3938.9460232481	317
3926.98819889604	318
3933.05965781422	319
3930.35519622457	320
3935.16780845284	321
3939.82380444602	322
3929.95874510353	323
3930.67530151491	324
3933.86038279271	325
3927.91905523819	326
3928.85881490901	327
3937.74603740146	328
3928.93398435285	329
3937.76906676512	330
3947.69631634371	331
3936.45689796857	332
3931.39780838314	333
3935.05083362738	334
3942.40250780469	335
3936.1838549838	336
3937.52453529901	337
3932.88470062959	338
3931.4943650966	339
3937.60581367811	340
3927.22049957429	341
3940.86583038108	342
3942.22912394304	343
3929.37730190713	344
3931.98935402119	345
3934.99769156084	346
3942.64069220727	347
3938.86064765738	348
3937.56180133033	349
3931.95822009918	350
3932.14887600393	351
3941.64135374439	352
3936.36132875028	353
3937.02658722972	354
3945.39329074118	355
3928.2058539243	356
3938.94597378954	357
3924.13905561328	358
3934.49577658083	359
3929.99781944772	360
3941.05255500956	361
3934.40068865039	362
3939.22323938588	363
3942.83820064587	364
3926.89262064267	365
3943.14587900939	366
3935.58507694269	367
3938.1555649065	368
3934.65500837586	369
3924.09889170997	370
3926.28932222311	371
3927.27593914497	372
3940.11715409152	373
3921.56559429264	374
3928.58168216243	375
3932.7937638014	376
3936.55014279618	377
3936.98562790493	378
3932.45078862255	379
3938.92268523165	380
3939.62004153922	381
3940.09881315091	382
3941.10970196017	383
3941.57343972013	384
3936.67239831452	385
3937.16673535375	386
3941.39739556863	387
3942.57363119814	388
3933.69959181411	389
3937.23898875813	390
3930.5307307997	391
3930.04444859981	392
3932.8542929946	393
3948.23704508678	394
3941.83314065868	395
3944.17677112764	396
3925.32215893915	397
3940.67758863365	398
3943.54012283402	399
3943.18461176281	400
3940.41571777869	401
3937.22620542452	402
3941.18836028645	403
3949.84655013	404
3932.45411053812	405
3942.25934314087	406
3932.63382226758	407
3940.55446655675	408
3924.28194559899	409
3939.89615103296	410
3931.02829635774	411
3932.60980155634	412
3932.32726059562	413
3937.38529740175	414
3927.11319375874	415
3939.80173778021	416
3935.11803745182	417
3946.64095167829	418
3939.31880986697	419
3936.61271341317	420
3946.90263817891	421
3941.55164799134	422
3936.59638972349	423
3936.41488009577	424
3920.78431557345	425
3932.94609659775	426
3933.31113097504	427
3943.56463269214	428
3936.51224387774	429
3930.72146061895	430
3935.88628993231	431
3943.61880742817	432
3931.45411969322	433
3935.49528312702	434
3933.58140683339	435
3934.87303026852	436
3930.55775360752	437
3936.00209736873	438
3918.70271800061	439
3939.22541736496	440
3937.57312528939	441
3942.67158228513	442
3924.68983914116	443
3941.16370455227	444
3933.16073594344	445
3940.66273442668	446
3935.62814263462	447
3936.0180079322	448
3942.61072143336	449
3917.88582463899	450
3936.74074742813	451
3945.12113881172	452
3939.88370213699	453
3931.0127641981	454
3938.50376874506	455
3946.36580307537	456
3937.88379080008	457
3932.43895460128	458
3937.30719232634	459
3931.98540719618	460
3935.67454675725	461
3941.40780780349	462
3940.9180675851	463
3946.38008802642	464
3936.78647379203	465
3932.7736831738	466
3928.65215713438	467
3934.80117443206	468
3927.56709238205	469
3945.87410395845	470
3927.57751524723	471
3937.78231371804	472
3932.52417934215	473
3923.76762475013	474
3918.08110346206	475
3939.41401625436	476
3936.84690145355	477
3941.38128008583	478
3935.54231620908	479
3945.65196608786	480
3942.79905587909	481
3937.90369111269	482
3925.58093923903	483
3938.00934026865	484
3938.24024770197	485
3930.91880063142	486
3935.65291333791	487
3933.17730033806	488
3935.18089879399	489
3928.02925754843	490
3928.26501339356	491
3938.34640564712	492
3939.50483624884	493
3941.56158312397	494
3939.69214654279	495
3933.48670305481	496
3932.8666731274	497
3944.20416340989	498
3946.25912358316	499
3946.39355883404	500
3934.69440710703	501
3925.33685737558	502
3936.86815120605	503
3927.82580073585	504
3933.84240231126	505
3926.23013017981	506
3930.73439671422	507
3940.53053799576	508
3936.82297247959	509
3928.29117717647	510
3925.31953787063	511
3941.4336573595	512
3940.11039783058	513
3933.34415926612	514
3938.93592946317	515
3937.91901293693	516
3930.63334407506	517
3944.99307067047	518
3941.22326564185	519
3932.13423618091	520
3938.88959738226	521
3936.11027565952	522
3926.09579481652	523
3940.18915055299	524
3944.78549181606	525
3940.75688926638	526
3915.82662473581	527
3936.12608901623	528
3938.50730442622	529
3936.97904643272	530
3930.0719567534	531
3927.66222905822	532
3918.07245053748	533
3932.98328810754	534
3934.68048976922	535
3928.553595265	536
3926.66862998056	537
3945.72841518854	538
3932.63517291474	539
3942.72661541291	540
3940.98921081703	541
3938.8021338877	542
3936.17912225148	543
3938.58364914479	544
3936.9939918413	545
3939.55320803331	546
3941.64805714547	547
3931.29769838872	548
3949.34356039864	549
3943.4662230091	550
3938.87868474361	551
3938.96279598368	552
3945.53913626037	553
3927.36023175171	554
3938.64591412474	555
3928.21304450185	556
3922.84300962876	557
3953.25132851437	558
3919.11774829404	559
3940.44799794242	560
3938.18553984618	561
3929.31049179367	562
3931.5239238234	563
3939.59500830593	564
3939.1124973441	565
3938.89215942818	566
3940.67594355032	567
3918.78717960111	568
3939.39413772872	569
3933.60722748823	570
3942.90892945203	571
3927.49078715748	572
3931.75622166933	573
3938.77742127976	574
3933.78488870793	575
3936.07827084286	576
3938.96739900157	577
3936.04282183537	578
3924.726142878	579
3923.66848598763	580
3931.53578535863	581
3947.18782043147	582
3943.13360151505	583
3939.25375554083	584
3926.43290721262	585
3945.84721343727	586
3933.81104737197	587
3952.05761600593	588
3932.86838398931	589
3943.43454651542	590
3935.76261749738	591
3933.1992164639	592
3921.3130300289	593
3930.70197604367	594
3937.50420953217	595
3938.14846409112	596
3935.87208097712	597
3931.19428690202	598
3939.12548599256	599
3935.30397275977	600
3928.89484683157	601
3934.7719857635	602
3935.17901006975	603
3934.88606405689	604
3935.65887634679	605
3932.66419094148	606
3935.35828061282	607
3929.35872091318	608
3935.466175284	609
3941.86186300199	610
3916.9949066925	611
3939.68571126385	612
3929.85654061763	613
3937.17259890261	614
3943.21917356167	615
3939.33575357577	616
3933.20316712629	617
3925.22551868293	618
3936.71857319353	619
3938.87927222533	620
3931.46614990876	621
3937.51253916548	622
3947.25208738301	623
3931.4529617584	624
3930.20504627759	625
3940.00908959681	626
3941.17071685366	627
3924.48084230106	628
3931.08962830681	629
3928.72870571542	630
3940.6128132864	631
3937.26309001103	632
3931.09497268083	633
3947.95924160905	634
3944.34826796524	635
3927.8879325113	636
3939.8504357742	637
3941.29171840096	638
3946.62498968588	639
3936.49678044083	640
3927.11890225178	641
3942.21400916815	642
3931.49272842158	643
3933.35806019421	644
3943.16593552326	645
3936.79745260175	646
3937.7076293218	647
3937.59096557898	648
3929.7073388152	649
3936.19868629097	650
3944.61676754758	651
3946.01688926767	652
3931.29309695665	653
3945.61399490545	654
3936.77539110728	655
3936.2549635593	656
3936.69603798456	657
3938.3465973757	658
3929.57289717568	659
3938.14774272495	660
3940.19634656344	661
3938.27270240701	662
3946.08455909157	663
3941.27397415262	664
3942.20134582278	665
3940.81363798454	666
3936.58224494927	667
3937.60402224052	668
3940.8721809308	669
3943.3295254378	670
3935.42645116565	671
3942.30981863827	672
3941.39979208943	673
3939.92241476829	674
3938.84376813886	675
3932.8408649631	676
3935.67808325271	677
3938.4779602853	678
3942.68692549792	679
3928.12049554084	680
3938.79592085185	681
3931.17208741507	682
3936.08075924769	683
3938.71042234764	684
3932.34880553537	685
3941.15678615106	686
3944.58017256651	687
3931.20978540918	688
3938.20297372711	689
3929.72109890958	690
3933.25525118854	691
3940.07515701925	692
3939.69160727906	693
3934.43110619254	694
3947.73048537229	695
3925.76029240018	696
3938.22522135103	697
3933.06072906541	698
3942.06451370603	699
3941.73518740416	700
3923.79086450913	701
3922.67251435358	702
3943.6287461848	703
3936.74696150237	704
3926.41345550277	705
3926.16816351898	706
3945.44084729456	707
3940.24060480816	708
3937.24257888866	709
3926.32892667363	710
3930.71458921948	711
3935.57030869286	712
3937.02553857266	713
3927.23177872432	714
3937.43795709856	715
3936.03162642156	716
3930.89956377456	717
3942.84816460645	718
3939.25629694216	719
3923.75694627657	720
3940.1835575737	721
3941.02864446969	722
3938.92795660804	723
3932.9195413656	724
3927.62651352281	725
3939.54190109959	726
3935.11569934465	727
3944.76380232178	728
3936.10131091576	729
3941.75315992158	730
3937.52423161718	731
3926.87894214255	732
3937.37323695992	733
3916.51413173149	734
3942.38445978847	735
3937.45522046706	736
3941.84043369695	737
3928.96534725893	738
3939.70145862235	739
3939.56252763488	740
3925.61703999545	741
3935.53801374328	742
3926.02975156697	743
3942.57161619108	744
3934.29021210635	745
3933.59270301961	746
3928.57603026051	747
3932.37431124379	748
3936.34459164886	749
3930.89744117056	750
3940.06278391025	751
3934.35626116516	752
3940.7396401367	753
3930.08705102602	754
3939.28274165255	755
3935.82544082254	756
3943.36735124503	757
3939.8888201132	758
3941.56656132533	759
3936.15394723127	760
3938.90040105428	761
3935.75251236671	762
3944.71571658667	763
3935.18995753441	764
3947.72047645994	765
3928.49477296455	766
3938.56255126627	767
3932.82706953026	768
3926.95632047736	769
3938.64916490233	770
3939.06707618928	771
3944.18219650154	772
3931.7905252753	773
3941.87571950655	774
3932.37482067298	775
3933.97454807638	776
3936.97954917143	777
3931.86141383615	778
3928.65802726353	779
3927.05189258755	780
3934.97761949458	781
3944.20046578004	782
3939.20331174449	783
3945.38937836737	784
3948.00606688989	785
3938.40201536628	786
3934.81607555507	787
3935.16841626805	788
3943.33450599153	789
3944.42311341995	790
3943.24133618524	791
3939.49228616566	792
3920.48106376612	793
3925.26933689291	794
3934.07029860185	795
3935.50530685391	796
3932.85614076825	797
3937.00400797992	798
3943.99330213182	799
3938.65801947405	800
3935.28154978221	801
3937.81744817657	802
3942.12110813092	803
3938.83434031955	804
3933.94881300037	805
3942.60225907004	806
3936.0670583723	807
3939.44510147179	808
3932.12394000945	809
3934.59676946738	810
3930.20452825431	811
3935.85267573482	812
3941.17429037914	813
3922.97176337261	814
3943.07955439119	815
3940.71891332573	816
3934.13319395541	817
3941.71528043153	818
3936.96536553106	819
3935.92793456263	820
3939.51350992331	821
3941.05276734357	822
3946.18906414703	823
3932.46364035592	824
3935.02475491296	825
3932.31353763677	826
3930.02331826311	827
3929.87374393232	828
3924.72786308312	829
3918.48599938391	830
3938.64061810565	831
3940.86167244302	832
3936.58006557267	833
3933.68089013829	834
3933.23166223629	835
3938.20866006131	836
3935.35313933974	837
3936.60299433392	838
3950.42295147585	839
3935.04793302341	840
3941.93937719412	841
3941.81528108661	842
3939.07441060396	843
3948.25802721065	844
3932.59124848701	845
3931.50510561974	846
3935.51425744888	847
3948.42008599861	848
3930.45788475734	849
3934.35675146218	850
3946.60291590073	851
3929.51933520006	852
3946.98803297949	853
3941.65415812563	854
3943.03962257964	855
3938.07227097881	856
3945.91207211612	857
3931.12272681638	858
3939.21398709523	859
3930.80516066734	860
3924.88423480263	861
3935.24818844449	862
3935.35337976926	863
3941.92296790033	864
3933.73245604904	865
3931.20045549318	866
3944.08799386217	867
3935.36846503889	868
3930.97068880382	869
3940.38430473202	870
3940.45813047649	871
3927.4399859083	872
3946.32508591276	873
3927.65060972806	874
3936.91008912713	875
3943.17071342312	876
3936.13628883032	877
3940.34516779511	878
3938.54454745013	879
3931.17763677689	880
3942.00366213649	881
3929.90483780615	882
3931.10478325721	883
3930.00615030602	884
3942.68110153603	885
3938.3422412331	886
3929.80224560049	887
3934.98427513265	888
3928.91947175166	889
3937.23483808052	890
3931.44732325328	891
3940.87244648074	892
3923.89393674783	893
3944.20150080685	894
3931.11715068671	895
3942.0700736924	896
3926.57596844072	897
3938.24931172303	898
3927.39742487714	899
3932.7102729203	900
3930.70048914062	901
3940.11701902461	902
3939.0495646086	903
3942.91748936323	904
3933.0349293064	905
3933.52302409352	906
3932.35974316447	907
3940.41551957521	908
3922.24436069071	909
3926.000211365	910
3928.41315104205	911
3931.59753927884	912
3931.53104396167	913
3932.98620724141	914
3944.69429355308	915
3926.14286510111	916
3931.74456933362	917
3929.10629949247	918
3938.92007437585	919
3931.85364743488	920
3936.13858080977	921
3937.11725917084	922
3934.94136712454	923
3939.09266130738	924
3944.76128866596	925
3936.76177419384	926
3939.10289815162	927
3932.93329843341	928
3934.63467866599	929
3942.0675526536	930
3934.14457805802	931
3938.35922886282	932
3935.3236447127	933
3942.58881190195	934
3935.58692278605	935
3916.73813954655	936
3928.71697742909	937
3930.98443852789	938
3936.80787564753	939
3928.9169551896	940
3933.45143278543	941
3932.95020235134	942
3932.72039995094	943
3947.47800034835	944
3933.24663827266	945
3936.61140765643	946
3929.32336002826	947
3941.53207326709	948
3943.89947184746	949
3923.7167042316	950
3927.22391823624	951
3938.74213430982	952
3937.00918946499	953
3944.7279507784	954
3933.19781571124	955
3938.48021477015	956
3930.34386820304	957
3936.3865790031	958
3944.44958247693	959
3932.04284858263	960
3941.64475997903	961
3938.47494551471	962
3938.66960417586	963
3947.910348757	964
3939.96392579004	965
3935.7104767851	966
3937.9124505234	967
3945.55583920227	968
3936.34212757824	969
3926.01006629487	970
3934.45562007177	971
3937.2772473305	972
3939.79784784741	973
3935.86033153409	974
3943.64585108351	975
3931.97791698305	976
3942.25051019648	977
3933.88919948242	978
3936.71927550725	979
3938.47959525225	980
3938.53307134764	981
3941.11290362683	982
3945.07443186264	983
3941.51109496017	984
3936.15078480841	985
3938.45092215826	986
3941.75626246193	987
3944.84789549762	988
3931.01229153056	989
3937.40641098548	990
3942.39808015999	991
3943.48985925263	992
3937.21006065866	993
3942.96090992616	994
3941.22171019	995
3935.62555701469	996
3937.72603806822	997
3943.82608548492	998
3944.84016150707	999
3937.60719084601	1000
3931.00404269954	1001
3937.81451075306	1002
3948.51226491031	1003
3942.79656183408	1004
3944.28836524855	1005
3946.17183522441	1006
3939.12992796224	1007
3928.03533665592	1008
3934.07723740926	1009
3932.13599989954	1010
3931.62263208866	1011
3936.26263755947	1012
3933.8731288022	1013
3933.50111364858	1014
3936.92984913193	1015
3925.34316066069	1016
3933.61162703733	1017
3934.21289833592	1018
3927.57722748978	1019
3937.99071924098	1020
3939.79313602716	1021
3940.93178961066	1022
3926.05090342797	1023
3932.1826004298	1024
3925.51174245251	1025
3933.20485099058	1026
3935.4780291902	1027
3942.93588883363	1028
3936.52012905616	1029
3942.92525528765	1030
3932.95361706558	1031
3944.31320820287	1032
3934.49484486427	1033
3927.34606053433	1034
3925.82140394621	1035
3939.17689820191	1036
3937.03065028544	1037
3932.47571914211	1038
3934.54033108755	1039
3928.40851884541	1040
3938.52435090192	1041
3938.64656262223	1042
3944.59572706251	1043
3935.02404185551	1044
3924.55326683567	1045
3946.69802587277	1046
3932.65475421907	1047
3941.47825079627	1048
3938.54602828062	1049
3936.51463595625	1050
3928.4008679696	1051
3944.58652253055	1052
3934.11912112732	1053
3931.79595949665	1054
3936.88413729893	1055
3940.22043288186	1056
3942.36518971228	1057
3932.27783386085	1058
3931.58786129795	1059
3937.24171082453	1060
3917.04363051299	1061
3930.53957847164	1062
3938.24188132971	1063
3946.25695599555	1064
3933.88978732405	1065
3933.16267211323	1066
3938.24804125446	1067
3932.71726652841	1068
3936.47772859248	1069
3936.58497929216	1070
3935.45994039214	1071
3934.69115623551	1072
3931.93119919384	1073
3940.46456300462	1074
3930.01966468025	1075
3933.44532002017	1076
3943.68856678506	1077
3940.64083796239	1078
3945.43492968925	1079
3936.3217556086	1080
3932.17649656225	1081
3942.26468009465	1082
3941.460632855	1083
3936.71746240711	1084
3927.57406101863	1085
3936.69326449978	1086
3938.81913027829	1087
3941.97477488685	1088
3940.78788477703	1089
3935.64837301666	1090
3933.90151124317	1091
3939.35423767364	1092
3945.24651440763	1093
3932.02243228401	1094
3932.22543094969	1095
3944.28985963643	1096
3935.78968091371	1097
3940.59347576706	1098
3930.93891461307	1099
3938.6771239078	1100
3937.24227791027	1101
3932.02863501292	1102
3932.79152102987	1103
3929.85318857434	1104
3938.29450716308	1105
3936.19469170158	1106
3929.53523789411	1107
3932.50605727384	1108
3931.21515566251	1109
3937.86127338296	1110
3936.76095824119	1111
3940.84690933831	1112
3938.0887767835	1113
3945.07517441235	1114
3925.1545982477	1115
3932.90788516262	1116
3941.93107968202	1117
3924.96902153783	1118
3927.81196014861	1119
3934.62867659277	1120
3928.0881609836	1121
3929.11939272416	1122
3934.1547615719	1123
3934.12710214616	1124
3938.5336174922	1125
3926.30550602438	1126
3933.38491189132	1127
3932.3487764831	1128
3935.77369386562	1129
3944.9581608239	1130
3933.43033410393	1131
3939.82307099383	1132
3940.58681826794	1133
3934.02739973814	1134
3938.09247846237	1135
3937.64697238035	1136
3937.88002535138	1137
3941.15969000722	1138
3932.66736297904	1139
3933.72651932556	1140
3938.36541639323	1141
3939.57260798455	1142
3937.25793023566	1143
3938.78501081676	1144
3939.45873802489	1145
3926.80732417969	1146
3931.259942746	1147
3934.93999508653	1148
3935.34949982599	1149
3939.65644750776	1150
3932.05511894692	1151
3928.68245427183	1152
3929.29835323828	1153
3924.65603125129	1154
3945.93193933103	1155
3942.30933321526	1156
3930.47040006254	1157
3936.2842436929	1158
3942.48403442101	1159
3938.01343412161	1160
3930.29247492923	1161
3926.13811143885	1162
3939.23722840199	1163
3934.54373611272	1164
3934.96719078354	1165
3938.61234944901	1166
3939.36879504815	1167
3943.16200031882	1168
3942.22311396521	1169
3939.38825051126	1170
3944.09935347712	1171
3941.26099734367	1172
3938.08222833202	1173
3937.64466039034	1174
3933.37135895915	1175
3936.06563647423	1176
3931.95067511817	1177
3933.62936116581	1178
3945.51992534081	1179
3933.2478079375	1180
3943.5455434502	1181
3938.21740103807	1182
3932.27748321295	1183
3916.78224527727	1184
3942.8059547997	1185
3946.37612796277	1186
3947.72038366041	1187
3936.92356926685	1188
3925.73922631761	1189
3941.65992815296	1190
3939.14047362518	1191
3923.37838692889	1192
3936.65748530803	1193
3928.79379149644	1194
3943.62160446773	1195
3943.92216234828	1196
3938.3279597399	1197
3939.98347555094	1198
3935.78271181433	1199
3944.73426058613	1200
3936.43469218961	1201
3944.52025736879	1202
3943.42926944163	1203
3936.51482996711	1204
3927.94871963238	1205
3931.03071201973	1206
3932.1377251162	1207
3941.62774375538	1208
3928.48190235213	1209
3935.08494069759	1210
3929.98612875513	1211
3934.92815077443	1212
3936.02771871056	1213
3946.89771739237	1214
3949.74572786643	1215
3931.73398107793	1216
3941.37081665682	1217
3931.48674368104	1218
3931.34410551337	1219
3938.15474376797	1220
3936.37423387217	1221
3924.42668924859	1222
3937.61451343197	1223
3939.62657451098	1224
3941.7807386216	1225
3927.37004456694	1226
3917.69737975326	1227
3937.38215779216	1228
3937.38126974015	1229
3936.87769965205	1230
3933.44339191668	1231
3939.42139892452	1232
3941.51148891763	1233
3945.68460870056	1234
3923.45041168065	1235
3927.16695045033	1236
3930.10473087664	1237
3928.07256725213	1238
3949.70379313926	1239
3929.06846648216	1240
3922.91809599213	1241
3943.57590161479	1242
3949.72856026269	1243
3927.16845804828	1244
3934.08772086475	1245
3934.52326588074	1246
3936.75767584123	1247
3936.57982793921	1248
3926.5687134684	1249
3940.54620243225	1250
3942.14045078022	1251
3947.24818613247	1252
3928.41362681642	1253
3946.63723760293	1254
3933.80171412044	1255
3938.27637512392	1256
3936.17452639137	1257
3934.68929825795	1258
3932.00414129808	1259
3935.00298601161	1260
3930.0429927903	1261
3943.2409462553	1262
3937.14977097273	1263
3935.06555168524	1264
3940.13481444175	1265
3938.56016039768	1266
3933.70370332223	1267
3935.38760644616	1268
3929.72236935933	1269
3932.5226604229	1270
3928.27343911727	1271
3941.39572048149	1272
3946.88297929991	1273
3939.10173005188	1274
3943.33356006181	1275
3933.69823972425	1276
3939.38346221322	1277
3927.89576778805	1278
3936.82995067996	1279
3925.09395798629	1280
3945.8055514631	1281
3935.87223216096	1282
3938.65325403066	1283
3936.78210198009	1284
3935.17031919982	1285
3933.43439985769	1286
3937.94194407853	1287
3935.93766062992	1288
3931.85991175573	1289
3930.81029728923	1290
3942.60736439307	1291
3932.0399268802	1292
3932.09281859663	1293
3952.26041615661	1294
3936.50457016558	1295
3937.58420139657	1296
3936.86796317899	1297
3927.18909780767	1298
3943.43860770113	1299
3934.4304162731	1300
3937.39271670973	1301
3932.61668611026	1302
3927.90163320613	1303
3944.83709036257	1304
3927.00366270947	1305
3928.75443929516	1306
3941.31575078242	1307
3932.40545254279	1308
3918.74153246203	1309
3937.56271958888	1310
3940.46219971795	1311
3936.37546808071	1312
3935.04958472748	1313
3927.2952940023	1314
3926.67083046489	1315
3943.69273986355	1316
3948.39549083617	1317
3934.15122253822	1318
3921.14285281225	1319
3936.29560812302	1320
3934.67221124304	1321
3927.74829085687	1322
3943.54319486466	1323
3933.44026063571	1324
3932.06696947565	1325
3937.83628208099	1326
3947.96647090444	1327
3939.35881470688	1328
3937.61107872799	1329
3922.9663332542	1330
3923.78030063355	1331
3921.42858399646	1332
3945.32405165026	1333
3938.25785059503	1334
3950.64516966682	1335
3939.42804837385	1336
3942.80872051935	1337
3931.70319179546	1338
3925.62632623946	1339
3941.3231092902	1340
3933.62757836717	1341
3942.29738912521	1342
3930.15166285551	1343
3934.59226290318	1344
3934.57955809759	1345
3940.42383698448	1346
3938.68152795288	1347
3927.44154493697	1348
3937.45035449112	1349
3935.91080288058	1350
3942.27035226931	1351
3930.55458677828	1352
3939.16712252235	1353
3942.41399392241	1354
3934.71627716436	1355
3942.71427654776	1356
3947.0910247563	1357
3934.05872727601	1358
3935.11504719585	1359
3940.28521525858	1360
3931.51552392505	1361
3939.03110893314	1362
3935.20306558752	1363
3936.17028024612	1364
3934.13697433213	1365
3945.2649497296	1366
3937.00475190824	1367
3935.3742833425	1368
3946.38309645424	1369
3935.96220363975	1370
3939.64985258131	1371
3929.88015955523	1372
3929.21877284016	1373
3930.08209894358	1374
3943.4140418546	1375
3939.07001385957	1376
3941.82924742533	1377
3942.36883665717	1378
3945.16661743331	1379
3935.71420222097	1380
3930.68235326895	1381
3922.18303236695	1382
3939.28340097631	1383
3932.3493375113	1384
3938.84596152492	1385
3930.17144396212	1386
3949.61053472113	1387
3938.48065803674	1388
3936.92003817487	1389
3932.05619275108	1390
3930.97115831128	1391
3935.87984720286	1392
3940.85195746908	1393
3935.06358687655	1394
3935.26635476421	1395
3930.62599202947	1396
3938.93293845283	1397
3940.9977989265	1398
3934.08105331863	1399
3936.11072082525	1400
3939.0745234117	1401
3937.33544777701	1402
3929.73310258857	1403
3933.99253264623	1404
3939.6237569104	1405
3941.73085664978	1406
3937.053710526	1407
3929.29343024461	1408
3933.68123650264	1409
3935.3499325038	1410
3942.85418978487	1411
3931.02067757906	1412
3944.83907599863	1413
3936.31787388226	1414
3931.16726602915	1415
3939.74579939337	1416
3937.93714392111	1417
3936.97183270378	1418
3940.62663724442	1419
3936.32789741566	1420
3918.40181899536	1421
3946.63200903094	1422
3937.17972517859	1423
3933.47704993313	1424
3925.36486133308	1425
3935.6700373827	1426
3936.87410190381	1427
3943.23908212555	1428
3929.25994777848	1429
3936.8396350772	1430
3943.41043801646	1431
3939.4261190383	1432
3942.63955811156	1433
3935.66588387032	1434
3945.63622157761	1435
3941.36175502675	1436
3934.04690144598	1437
3935.08558817082	1438
3925.43010594104	1439
3934.72950015676	1440
3935.31461679282	1441
3937.31584392714	1442
3943.38709206533	1443
3937.66641383144	1444
3941.22237219476	1445
3936.19198170874	1446
3933.2145483393	1447
3927.74807647453	1448
3923.00179212564	1449
3937.16589169631	1450
3939.30914296517	1451
3930.91110466862	1452
3936.53015869343	1453
3936.37170110572	1454
3937.05468274666	1455
3929.50459838166	1456
3940.14134731983	1457
3934.98959789574	1458
3939.20508367561	1459
3937.73454950342	1460
3939.32769726215	1461
3936.58504911177	1462
3942.17708682348	1463
3927.83458206937	1464
3931.34670961743	1465
3925.47772430781	1466
3937.11245408709	1467
3938.37738337241	1468
3934.05515425177	1469
3929.74836321318	1470
3932.53721793503	1471
3930.50876655965	1472
3939.13319119738	1473
3933.55366425307	1474
3926.17069414406	1475
3921.34034491451	1476
3936.31331998222	1477
3939.17934831939	1478
3933.32047690361	1479
3938.01256556148	1480
3942.50775632331	1481
3928.38894290694	1482
3934.48755486752	1483
3942.95819225107	1484
3943.7383706072	1485
3934.59726282106	1486
3945.04542288369	1487
3932.99060206549	1488
3938.71918241578	1489
3936.03781778163	1490
3932.57497544283	1491
3927.99189038858	1492
3952.69897403201	1493
3940.07499999266	1494
3939.08789159979	1495
3931.40060471111	1496
3938.25594588291	1497
3928.88551135173	1498
3933.12407952718	1499
3931.68292412663	1500
3925.46190970639	1501
3938.31155270468	1502
3936.14836955244	1503
3938.87336218468	1504
3926.07887595702	1505
3927.95814930053	1506
3933.113649506	1507
3944.89171783267	1508
3933.1800400163	1509
3935.56474970839	1510
3929.55889017578	1511
3933.44450473684	1512
3931.07012820773	1513
3928.2828101138	1514
3948.35047193099	1515
3930.2979775332	1516
3936.66935043192	1517
3940.03538921176	1518
3940.90577536511	1519
3926.55549275314	1520
3916.8219343934	1521
3931.48447680993	1522
3936.93198878574	1523
3950.41311881336	1524
3939.89941191211	1525
3943.60057850092	1526
3945.50693899198	1527
3947.7275511464	1528
3931.64892034387	1529
3938.04560262551	1530
3936.73363321824	1531
3928.50500996639	1532
3937.36888772585	1533
3925.18159173381	1534
3940.21951632898	1535
3931.71750930214	1536
3923.55529439087	1537
3941.30682690411	1538
3930.70939302407	1539
3932.15617758075	1540
3938.8477104698	1541
3939.06069070222	1542
3934.31119153684	1543
3931.44218698554	1544
3935.06534187271	1545
3934.65019248558	1546
3940.30152565192	1547
3938.48850694723	1548
3936.42198763252	1549
3935.90304425094	1550
3933.9322301652	1551
3926.7187785464	1552
3930.0868623287	1553
3940.26110532941	1554
3942.19325832861	1555
3935.17222393604	1556
3943.5878106696	1557
3929.60864876156	1558
3937.35576642104	1559
3933.98933707049	1560
3929.47580142762	1561
3935.77510113524	1562
3941.92613673168	1563
3932.47823785889	1564
3932.19276217296	1565
3923.73750561377	1566
3940.78426815749	1567
3924.48675036401	1568
3934.08285059237	1569
3937.63724817045	1570
3947.53256547172	1571
3937.74517803035	1572
3944.12079455199	1573
3929.05040603817	1574
3939.89194879781	1575
3927.45773655212	1576
3934.34088993694	1577
3936.67468148561	1578
3931.41350352096	1579
3934.46247253101	1580
3938.17542408489	1581
3937.10702128766	1582
3944.22281887055	1583
3941.85968785321	1584
3937.48766634359	1585
3943.82669136628	1586
3927.16475887913	1587
3932.57277009878	1588
3936.22595406623	1589
3934.76830836999	1590
3933.84661612177	1591
3946.79811327321	1592
3944.5479171863	1593
3942.75294696173	1594
3944.39553874105	1595
3939.67929772221	1596
3940.88361490167	1597
3930.60863392765	1598
3936.7397308445	1599
3932.12336074646	1600
3936.21429225318	1601
3930.26631251229	1602
3936.77133853871	1603
3937.38518323865	1604
3937.10602576688	1605
3939.17355993862	1606
3932.19706166313	1607
3932.19957846472	1608
3937.60414088127	1609
3946.16143408428	1610
3925.09450485101	1611
3938.39449736753	1612
3940.41614715642	1613
3930.78021409343	1614
3945.81729387193	1615
3932.53679577037	1616
3934.88950309082	1617
3933.2714974649	1618
3947.32741167038	1619
3937.4024268596	1620
3928.55779557003	1621
3943.2667804032	1622
3933.83728414368	1623
3927.06616461768	1624
3920.37347348785	1625
3936.20217235775	1626
3932.29397884433	1627
3938.76117270129	1628
3924.40277898313	1629
3944.30307643072	1630
3946.15485600419	1631
3935.31287342433	1632
3939.85226665893	1633
3937.88421548375	1634
3932.66799420062	1635
3935.54339289709	1636
3939.89250124048	1637
3932.40694956457	1638
3928.47298691014	1639
3938.11062018217	1640
3932.37745369183	1641
3937.14937476734	1642
3925.4120560489	1643
3931.24255238568	1644
3929.78955541926	1645
3930.97804129546	1646
3929.31721132822	1647
3929.2990651826	1648
3933.48241892135	1649
3931.55643929524	1650
3938.23805982496	1651
3924.20862308575	1652
3930.91491014975	1653
3935.95498562989	1654
3932.85359717499	1655
3933.17070523175	1656
3936.59953053131	1657
3939.2183309289	1658
3925.44872690572	1659
3936.30220473889	1660
3936.19368696987	1661
3935.36284219855	1662
3932.21588183783	1663
3937.75465298452	1664
3923.33920752834	1665
3945.62057209514	1666
3941.77852992921	1667
3946.68599000662	1668
3930.27219472142	1669
3940.19609270781	1670
3942.0597260918	1671
3942.01857665469	1672
3922.9159640408	1673
3935.91947167551	1674
3928.17702694924	1675
3934.8922780446	1676
3930.36147512694	1677
3932.83130552511	1678
3937.15369233243	1679
3925.27259092536	1680
3936.83043211901	1681
3934.10375364145	1682
3944.97229318683	1683
3933.7216297319	1684
3942.26018834381	1685
3939.81485735586	1686
3932.95059258018	1687
3935.04370125197	1688
3940.16492309679	1689
3940.87118271461	1690
3934.53656940663	1691
3931.35569797943	1692
3928.62771597272	1693
3939.02821171233	1694
3938.59650100171	1695
3935.29881526392	1696
3938.91071620394	1697
3928.92445255797	1698
3933.70039331334	1699
3937.18818532423	1700
3939.24528403903	1701
3940.03196070006	1702
3940.22224908701	1703
3936.24872968168	1704
3937.50761090489	1705
3922.24821678689	1706
3932.27159696932	1707
3942.57061953604	1708
3939.7735745394	1709
3937.60685074926	1710
3935.39425121913	1711
3930.01348855714	1712
3927.29065313435	1713
3943.33321013748	1714
3926.34340479351	1715
3930.98865310376	1716
3934.82909765072	1717
3939.31739936854	1718
3934.40149639193	1719
3927.99358545316	1720
3934.04601884181	1721
3923.6480404002	1722
3940.5387822494	1723
3938.14968620713	1724
3943.97494568613	1725
3942.4195247038	1726
3936.41563337256	1727
3937.03607266208	1728
3938.82178802258	1729
3937.016498026	1730
3927.8802883104	1731
3932.95071204105	1732
3935.43330098578	1733
3937.89549105118	1734
3934.30176585321	1735
3929.13090083734	1736
3935.00768958231	1737
3934.54326319077	1738
3926.36662756984	1739
3947.00775637852	1740
3933.35124981173	1741
3942.01549355345	1742
3937.37544169723	1743
3929.25053069274	1744
3929.98517009664	1745
3930.93300005268	1746
3939.30825759349	1747
3940.47878897607	1748
3929.0838149149	1749
3932.08995418134	1750
3946.37813666357	1751
3928.72195612811	1752
3937.20547283715	1753
3922.74557471765	1754
3931.56468159898	1755
3939.32131795812	1756
3940.45977372707	1757
3933.01283350631	1758
3944.42618597447	1759
3929.50170138061	1760
3940.4044036735	1761
3937.74129114034	1762
3935.7554872031	1763
3946.91692520074	1764
3945.20104610163	1765
3935.85307296846	1766
3938.97379455052	1767
3940.12891828757	1768
3943.57159793344	1769
3941.6364867271	1770
3941.41637267068	1771
3922.73279371299	1772
3929.07608451642	1773
3942.76073169161	1774
3929.48128205466	1775
3935.02407972771	1776
3933.62009331692	1777
3935.83181434566	1778
3945.84041536716	1779
3942.29532592788	1780
3939.18944320175	1781
3949.32192025936	1782
3927.89142821508	1783
3940.69507892797	1784
3934.01952411845	1785
3946.73681507114	1786
3944.91950871354	1787
3932.56982659411	1788
3941.91350637561	1789
3937.93341577699	1790
3942.23845759805	1791
3947.34736609346	1792
3935.72272949404	1793
3942.16316406175	1794
3932.87102268516	1795
3945.37584222428	1796
3938.03910322672	1797
3942.71926909762	1798
3936.44907534444	1799
3942.20779873894	1800
3934.17742985483	1801
3935.40101082952	1802
3944.08541743582	1803
3936.27851246298	1804
3935.18940734414	1805
3933.19593469263	1806
3940.60788138874	1807
3940.79425072109	1808
3938.94291961345	1809
3949.47160017124	1810
3929.2535477521	1811
3930.20629846401	1812
3937.01751534445	1813
3936.04554574083	1814
3939.33728664597	1815
3930.41464590793	1816
3943.33470030273	1817
3918.45023766131	1818
3942.969294258	1819
3934.11158405722	1820
3932.93712000652	1821
3945.86205270026	1822
3928.61886384528	1823
3934.69062169362	1824
3931.3116332184	1825
3941.71926789181	1826
3932.83933432942	1827
3952.96218546419	1828
3934.01823798568	1829
3930.86745095675	1830
3933.82234675037	1831
3940.44130229605	1832
3932.23298226889	1833
3930.73846703543	1834
3930.15536919756	1835
3932.24516156938	1836
3937.85239416143	1837
3936.36199631323	1838
3934.84926651751	1839
3939.76731887742	1840
3919.06727283407	1841
3941.89972699612	1842
3940.13405555482	1843
3940.08478811236	1844
3936.32490294429	1845
3933.05932847984	1846
3940.66565185659	1847
3930.98749490686	1848
3935.98792611365	1849
3937.37561212442	1850
3929.50153935522	1851
3942.39305949096	1852
3940.48171064179	1853
3935.86688066654	1854
3932.89584173417	1855
3940.20857581942	1856
3933.87219053311	1857
3948.88997226805	1858
3922.08523892372	1859
3928.37163323625	1860
3942.3127537181	1861
3932.37970964197	1862
3934.92774173274	1863
3930.75193330287	1864
3944.20292612906	1865
3937.8424634901	1866
3934.40758120351	1867
3932.03095537886	1868
3936.77363460249	1869
3940.36578619039	1870
3940.53534500666	1871
3931.07414649573	1872
3929.37349211118	1873
3939.05968948534	1874
3938.71583545179	1875
3928.81189170856	1876
3945.40711331904	1877
3940.91240483697	1878
3936.54258847776	1879
3929.97635400574	1880
3935.10522903132	1881
3937.46060685078	1882
3938.97760963953	1883
3944.98890051488	1884
3939.47570268358	1885
3925.37773305228	1886
3937.28174310437	1887
3939.9018558349	1888
3936.31885645194	1889
3939.32079801923	1890
3921.69932411839	1891
3937.74670443613	1892
3935.25770173535	1893
3936.80382488884	1894
3937.60504561656	1895
3937.02449237731	1896
3928.63657014923	1897
3941.63902268311	1898
3937.14591230399	1899
3936.56729904092	1900
3925.70987287305	1901
3936.53057777539	1902
3933.62711688776	1903
3942.67462951457	1904
3931.93642119791	1905
3936.14025782805	1906
3910.57238663066	1907
3927.65622524728	1908
3944.41019232859	1909
3942.1362511158	1910
3938.54140417551	1911
3939.80563646786	1912
3934.3012847571	1913
3947.31151229052	1914
3929.21070626231	1915
3945.4940247673	1916
3936.42777279784	1917
3933.98331101182	1918
3917.43201326832	1919
3935.44604859946	1920
3934.7737109633	1921
3933.77405821743	1922
3935.67416146777	1923
3940.36308223335	1924
3937.90744317031	1925
3937.71445811027	1926
3925.72514476668	1927
3932.99602020433	1928
3945.03127308139	1929
3939.11449404107	1930
3929.08122624633	1931
3932.61056814786	1932
3935.33724774186	1933
3935.60405514306	1934
3945.26486473328	1935
3933.6644953053	1936
3942.5924148866	1937
3948.73493367879	1938
3943.25706749392	1939
3946.15620304857	1940
3935.31717337267	1941
3939.68965560216	1942
3935.20788935916	1943
3933.19370530033	1944
3930.7324984329	1945
3955.16332985224	1946
3938.59842750085	1947
3931.53769829086	1948
3939.5578799789	1949
3942.20718908273	1950
3942.1759524549	1951
3940.37723683408	1952
3947.38028801523	1953
3936.63283191677	1954
3937.02843247443	1955
3944.10902447162	1956
3922.83313829559	1957
3928.59362326202	1958
3942.56262221621	1959
3933.46432898899	1960
3941.73143543502	1961
3926.81438937834	1962
3933.96678391982	1963
3938.4269361404	1964
3926.30179244461	1965
3934.44010864477	1966
3939.78660873192	1967
3947.79992809542	1968
3927.63991747575	1969
3935.06011622168	1970
3941.31530162574	1971
3937.30222571853	1972
3938.53693551282	1973
3942.26959789828	1974
3943.66820060406	1975
3933.77304980939	1976
3940.95240344153	1977
3930.38583057755	1978
3932.99314402625	1979
3940.47296879963	1980
3951.22006579397	1981
3941.97752260812	1982
3942.02216267928	1983
3937.74372781304	1984
3925.49783812887	1985
3925.91499095343	1986
3919.3917195759	1987
3934.4547304565	1988
3941.55154257897	1989
3943.95632558145	1990
3941.64185911093	1991
3944.54651875386	1992
3936.8564407228	1993
3940.97444884007	1994
3941.97683275053	1995
3935.68870470772	1996
3933.91034143681	1997
3935.81160356634	1998
3938.20826316428	1999
3937.4444276734	2000
3934.22480540189	2001
3941.71690162478	2002
3935.90671425092	2003
3944.73608037934	2004
3920.88445676275	2005
3933.88815023042	2006
3947.63152902555	2007
3935.89934492375	2008
3937.23875150211	2009
3930.72549003284	2010
3930.21345467502	2011
3924.69075519073	2012
3936.17898264439	2013
3936.15718700401	2014
3927.7232927234	2015
3942.76581740276	2016
3926.40710564924	2017
3938.95099781947	2018
3922.01448510655	2019
3943.352890288	2020
3943.32554653844	2021
3933.18337889672	2022
3938.02074728198	2023
3930.386508842	2024
3937.11386776099	2025
3938.98204375015	2026
3934.55448991476	2027
3925.68649033733	2028
3940.81571255507	2029
3932.22431772937	2030
3934.75367842114	2031
3925.76291090886	2032
3943.33739375488	2033
3942.07907149946	2034
3945.11779615322	2035
3939.00298249371	2036
3928.0811010473	2037
3933.31948749494	2038
3937.40121098015	2039
3947.73880805717	2040
3937.09517252429	2041
3940.48335396353	2042
3924.10756568752	2043
3936.13422464416	2044
3949.62913723734	2045
3934.11739590904	2046
3941.32418572	2047
3930.89856049885	2048
3936.5561174603	2049
3934.17699733667	2050
3941.87512015599	2051
3935.94321319387	2052
3925.79957449955	2053
3942.33879220689	2054
3934.37129329313	2055
3937.92706992311	2056
3936.80041830126	2057
3946.8795790778	2058
3930.77657607794	2059
3929.79295246217	2060
3933.25870198457	2061
3921.49428649871	2062
3946.87026726329	2063
3934.8983917024	2064
3927.7508288917	2065
3934.91250189799	2066
3938.88580854023	2067
3935.31001161336	2068
3943.21574511404	2069
3939.30929555641	2070
3936.5229479159	2071
3933.6558109672	2072
3936.03067239591	2073
3935.46614140033	2074
3938.19990062825	2075
3951.15831920579	2076
3943.76198948905	2077
3931.82586453109	2078
3935.30186247445	2079
3934.55284489022	2080
3945.29823979427	2081
3930.60291333948	2082
3940.64808968381	2083
3930.24654265114	2084
3937.5472016997	2085
3939.10779707597	2086
3931.63169583699	2087
3926.02679179308	2088
3939.44953837776	2089
3942.38410593718	2090
3934.88065501303	2091
3939.32853774659	2092
3929.05050799979	2093
3921.17432703849	2094
3932.26792367984	2095
3937.95102777066	2096
3938.08090509372	2097
3935.75382028729	2098
3927.69372674666	2099
3941.54044687133	2100
3933.80044938365	2101
3943.8713907845	2102
3936.0921063896	2103
3934.82153493376	2104
3935.93686898093	2105
3931.0782651327	2106
3941.87436579419	2107
3939.96702665658	2108
3942.0750635865	2109
3940.05774680738	2110
3931.50765030493	2111
3931.80761414265	2112
3922.41032435289	2113
3936.58766707889	2114
3935.04249540021	2115
3941.11151967611	2116
3932.65313702125	2117
3927.13717150529	2118
3932.67369350462	2119
3931.13617368518	2120
3938.81399524349	2121
3941.62773507129	2122
3927.31728716891	2123
3928.06535978773	2124
3939.81077219782	2125
3932.01939271373	2126
3940.49966275767	2127
3942.18812466733	2128
3932.21039185168	2129
3941.22395716016	2130
3939.17616913161	2131
3932.45311787985	2132
3937.77195352051	2133
3941.84406120641	2134
3933.33879180083	2135
3925.29186704514	2136
3943.63034235318	2137
3935.53092352285	2138
3928.14767388701	2139
3940.05386305766	2140
3949.67023430446	2141
3944.50868220088	2142
3936.82535964453	2143
3933.45740135883	2144
3945.37990981459	2145
3924.73956035642	2146
3953.49903678301	2147
3943.16017994354	2148
3937.62377151751	2149
3935.04117535274	2150
3933.85740462402	2151
3929.40257681585	2152
3946.48560139314	2153
3939.56778435556	2154
3938.32983269536	2155
3940.99778470381	2156
3942.2382196531	2157
3938.63715313758	2158
3940.95685963524	2159
3925.81817616044	2160
3936.69958900946	2161
3929.91848369556	2162
3922.76346312348	2163
3950.48068770017	2164
3930.06732950163	2165
3935.68188219896	2166
3929.86894470653	2167
3936.5846652246	2168
3929.84723533949	2169
3924.24272793272	2170
3931.0369386676	2171
3938.49220387423	2172
3940.05501208316	2173
3934.75356740255	2174
3939.78139444474	2175
3933.415685961	2176
3925.1598877227	2177
3934.95606731478	2178
3941.44137942056	2179
3942.34363045114	2180
3927.94289633698	2181
3932.72245426841	2182
3927.42767135789	2183
3933.96148992967	2184
3938.71777206574	2185
3931.82354129145	2186
3942.60394212341	2187
3930.60566031189	2188
3942.39751786426	2189
3946.00865072187	2190
3940.30755324593	2191
3937.24899729166	2192
3938.27696408249	2193
3934.02138478284	2194
3936.12369468518	2195
3938.10236539763	2196
3933.69409453937	2197
3943.29231786932	2198
3928.21344202108	2199
3947.65248788359	2200
3946.29102927655	2201
3936.65128497371	2202
3934.22182773393	2203
3937.23055931457	2204
3939.98311494881	2205
3946.5081999702	2206
3937.07307456525	2207
3946.59848365763	2208
3942.29138892646	2209
3929.81943771515	2210
3940.67202600293	2211
3941.38192348493	2212
3935.27964643973	2213
3944.40129112443	2214
3948.8404567276	2215
3932.22953147351	2216
3938.12207983463	2217
3934.63305088695	2218
3939.93751415235	2219
3931.72954160696	2220
3934.34827370812	2221
3942.62154893448	2222
3934.55864256817	2223
3930.93864329733	2224
3929.24269832759	2225
3935.75154789777	2226
3931.24598631044	2227
3942.08242215981	2228
3934.91411280108	2229
3942.02200060629	2230
3932.42014429194	2231
3941.17310625836	2232
3943.33454577378	2233
3934.49766538257	2234
3927.22354253077	2235
3927.95669141215	2236
3945.96486190509	2237
3933.77327598234	2238
3932.60938378654	2239
3941.12756258567	2240
3932.41405774372	2241
3933.61474582158	2242
3936.21842150894	2243
3926.94733189957	2244
3933.21772854108	2245
3935.72655767868	2246
3943.225079607	2247
3935.9377085334	2248
3938.77256741408	2249
3935.88155186188	2250
3938.41480166529	2251
3930.72146272633	2252
3938.93841845572	2253
3938.51076879104	2254
3936.4681025315	2255
3927.93433504796	2256
3940.3447826149	2257
3941.56343791757	2258
3940.6014324461	2259
3944.24698804133	2260
3932.79760832006	2261
3936.07519696844	2262
3940.12479765825	2263
3942.63575873139	2264
3935.27664390392	2265
3935.01371274798	2266
3933.20213466839	2267
3933.51263150962	2268
3925.94712861954	2269
3928.48786463187	2270
3935.46848304615	2271
3931.05627123376	2272
3940.48224683901	2273
3938.0772707424	2274
3943.58503877059	2275
3942.78481237441	2276
3925.58369564641	2277
3948.32152933523	2278
3944.87201300236	2279
3933.7678499515	2280
3937.83388748297	2281
3934.03310511662	2282
3943.29423450113	2283
3935.97673087666	2284
3940.53543634033	2285
3933.18545154276	2286
3942.68408143554	2287
3934.85515468511	2288
3930.12284460914	2289
3937.10238613113	2290
3928.64965279019	2291
3936.10427768608	2292
3925.03050890084	2293
3935.07646482589	2294
3942.04549557742	2295
3936.92077541393	2296
3926.00541278323	2297
3934.0925943813	2298
3942.66394191958	2299
3931.54904203035	2300
3937.46505750673	2301
3941.99636922265	2302
3939.58386018379	2303
3944.39555223483	2304
3930.39292790597	2305
3928.31274751843	2306
3932.15716907535	2307
3934.60946578919	2308
3943.50862771785	2309
3929.81766352836	2310
3942.53094453123	2311
3944.99757190147	2312
3934.4787882423	2313
3932.18001685486	2314
3937.10437462116	2315
3942.0668564889	2316
3926.69210352744	2317
3927.39180403653	2318
3935.44215248744	2319
3937.88802759039	2320
3928.14873429328	2321
3942.24832430143	2322
3934.55830345803	2323
3939.81785300602	2324
3932.26751396385	2325
3927.65450904717	2326
3932.91857410901	2327
3924.19492403621	2328
3939.54796077136	2329
3925.73341490558	2330
3942.41777543816	2331
3934.60734980512	2332
3928.08712698015	2333
3925.94093288051	2334
3934.25531056105	2335
3940.77202141836	2336
3931.87020026691	2337
3938.42129414401	2338
3943.00867012414	2339
3934.85754046472	2340
3938.74884753202	2341
3934.45501997289	2342
3941.39695769307	2343
3931.12426389748	2344
3933.15646016966	2345
3935.64013506545	2346
3943.02457836971	2347
3940.53749974083	2348
3937.94168336424	2349
3934.81182878437	2350
3935.44847491831	2351
3938.00803664116	2352
3930.00574062815	2353
3939.33623767216	2354
3941.66902533961	2355
3947.83515160123	2356
3942.79590066891	2357
3942.56850923589	2358
3937.33757539231	2359
3928.90170297072	2360
3950.05013223965	2361
3935.57026957249	2362
3948.36899680021	2363
3937.9469004124	2364
3933.79869769606	2365
3942.76367210037	2366
3923.2516845424	2367
3942.74441099621	2368
3934.1853553705	2369
3944.77676411683	2370
3940.84377676596	2371
3933.0019955268	2372
3927.84961263977	2373
3944.83379792852	2374
3945.19134131338	2375
3938.95560253016	2376
3942.68094254298	2377
3931.46602696814	2378
3932.4515880198	2379
3939.82230862712	2380
3941.18591017739	2381
3933.37558214102	2382
3927.23607558267	2383
3942.18845765684	2384
3937.43423710818	2385
3936.58471215362	2386
3927.69218708316	2387
3933.21056432935	2388
3939.65580218565	2389
3939.10571839455	2390
3933.48381497603	2391
3934.11041004793	2392
3938.24999802057	2393
3938.07320899145	2394
3923.47680344093	2395
3941.68527719077	2396
3939.64104971625	2397
3914.97129566727	2398
3946.7975765901	2399
3937.34040009618	2400
3938.1755040376	2401
3929.76617993045	2402
3937.5248611511	2403
3939.07474718619	2404
3936.54579190011	2405
3943.24086019637	2406
3932.92197601501	2407
3934.29150167334	2408
3933.94532146091	2409
3940.67928634404	2410
3934.93958591469	2411
3940.38976476892	2412
3941.12817229454	2413
3930.19265376385	2414
3934.20660039539	2415
3930.06134067924	2416
3936.05412251807	2417
3937.38478200603	2418
3937.47022485838	2419
3932.60427021234	2420
3934.75173655424	2421
3937.31784785954	2422
3938.87579154247	2423
3940.18377935833	2424
3931.14955806847	2425
3926.23281934613	2426
3941.3575446692	2427
3931.57234093403	2428
3938.54261184771	2429
3931.61937073521	2430
3929.24134309458	2431
3935.5227919917	2432
3941.02658521557	2433
3944.04942792191	2434
3934.76248671896	2435
3941.46747255761	2436
3938.72559810953	2437
3939.8088036425	2438
3927.31548846377	2439
3940.71787396358	2440
3942.92139380534	2441
3946.25518458701	2442
3925.88229146529	2443
3936.88195352681	2444
3927.13234479005	2445
3941.95174335759	2446
3945.58769069536	2447
3937.97865415199	2448
3931.08815132229	2449
3929.72751780242	2450
3918.76751552988	2451
3942.42870843522	2452
3934.43628088774	2453
3935.7176114753	2454
3934.20669614405	2455
3939.92518937748	2456
3932.49402528923	2457
3942.07190966614	2458
3927.92671493411	2459
3946.28443891607	2460
3937.03128424135	2461
3930.87085377115	2462
3935.73622078654	2463
3933.46200825146	2464
3936.87187910239	2465
3942.99204066568	2466
3941.08369751626	2467
3942.96637039637	2468
3935.78755585184	2469
3942.72960295708	2470
3930.36944487908	2471
3936.53622423924	2472
3922.24970879019	2473
3932.14804433124	2474
3940.36301112529	2475
3933.31010939108	2476
3942.0638517578	2477
3935.90221848517	2478
3936.05754082648	2479
3939.88534835554	2480
3938.95645172489	2481
3937.89198343841	2482
3941.49825102964	2483
3929.8171527934	2484
3939.09639983599	2485
3933.51847736914	2486
3939.17177450128	2487
3925.55174888762	2488
3932.54972754056	2489
3939.53830780595	2490
3939.79841284155	2491
3922.2172935712	2492
3938.53414361067	2493
3938.65834847134	2494
3944.29272657826	2495
3932.94904126941	2496
3937.72977928452	2497
3925.02421630993	2498
3945.99156140628	2499
3933.89575103316	2500
3938.75680866017	2501
3932.1171094669	2502
3950.73019888228	2503
3926.52385810381	2504
3946.81097384667	2505
3939.83201984541	2506
3930.31296739224	2507
3929.23346628366	2508
3949.30712223903	2509
3944.36553887946	2510
3934.00115327187	2511
3942.77025061422	2512
3933.35829454683	2513
3944.17724413235	2514
3926.46614956876	2515
3955.81064764755	2516
3941.34748765658	2517
3931.25792173181	2518
3936.68568574756	2519
3929.77434115107	2520
3939.09265463774	2521
3922.19086731733	2522
3938.85683924876	2523
3939.352197636	2524
3945.81961414146	2525
3937.27694780954	2526
3933.69893055407	2527
3940.75877024696	2528
3926.74009671892	2529
3935.00707943099	2530
3931.12714578571	2531
3931.10626242148	2532
3931.82814195706	2533
3931.8643903866	2534
3925.57864986702	2535
3945.58392465935	2536
3936.03690484966	2537
3942.23508282456	2538
3949.14532088408	2539
3933.01704715106	2540
3926.09665985469	2541
3940.93480122357	2542
3937.7720910967	2543
3947.2505017902	2544
3930.44716920109	2545
3939.93095753082	2546
3935.48735069684	2547
3937.15964498198	2548
3945.62162386341	2549
3931.19486887926	2550
3932.16475295063	2551
3944.05653387011	2552
3938.5426298039	2553
3937.87093309414	2554
3930.56787892111	2555
3932.95699794948	2556
3938.59150908305	2557
3938.15060261025	2558
3938.97465135848	2559
3938.40347316583	2560
3947.11871443309	2561
3924.06001027927	2562
3929.40300116782	2563
3937.25174338833	2564
3940.01687206912	2565
3935.2674552855	2566
3943.41603052752	2567
3923.18715694766	2568
3929.52607640472	2569
3931.99766746573	2570
3934.44825705007	2571
3926.42632782868	2572
3948.20698231365	2573
3946.55458194258	2574
3930.64336579861	2575
3928.02064060179	2576
3939.68512933041	2577
3939.90685457396	2578
3942.04307934301	2579
3947.6931229549	2580
3939.28917822908	2581
3933.14578101243	2582
3933.63718529622	2583
3947.48627021557	2584
3943.97512253818	2585
3941.26604190243	2586
3930.6510381962	2587
3945.26194491901	2588
3946.44695896102	2589
3926.09472838637	2590
3929.97187501955	2591
3939.15436387949	2592
3938.33725195637	2593
3931.50768845039	2594
3927.02595815233	2595
3932.65988737852	2596
3926.83132787875	2597
3940.05390596866	2598
3922.32944276347	2599
3945.30930537412	2600
3945.96945398598	2601
3923.47737467273	2602
3935.33440851341	2603
3928.30857465137	2604
3930.59931952705	2605
3932.19381194067	2606
3934.38336130735	2607
3939.98795584356	2608
3941.08979280929	2609
3939.08497413674	2610
3945.05467235039	2611
3936.3935845271	2612
3936.10608470441	2613
3929.9867645722	2614
3937.89453891353	2615
3939.8574668294	2616
3947.22570544239	2617
3936.29106060647	2618
3943.69991945546	2619
3930.28611816083	2620
3942.9761683334	2621
3940.71426557064	2622
3938.91833184467	2623
3932.94494842343	2624
3933.48413025444	2625
3921.5478630894	2626
3938.60342834784	2627
3934.47715373188	2628
3929.1870245877	2629
3930.4446793268	2630
3943.64741683662	2631
3945.57348963184	2632
3935.61803227672	2633
3943.42979031428	2634
3931.10295924547	2635
3938.20504952561	2636
3934.34231115763	2637
3937.0530664304	2638
3941.1486588032	2639
3929.1490761153	2640
3939.23236464117	2641
3936.93092128378	2642
3934.04967010904	2643
3940.0724248587	2644
3934.5864091516	2645
3939.98137566178	2646
3934.93396817714	2647
3946.22226868612	2648
3934.12517341203	2649
3923.01536364825	2650
3939.78097441117	2651
3943.70479484426	2652
3933.5418239794	2653
3928.03670370644	2654
3934.6949421233	2655
3936.49470332025	2656
3934.84019045668	2657
3948.94714637268	2658
3928.64638362207	2659
3938.40513684911	2660
3941.78302592204	2661
3940.15089887848	2662
3931.79072030736	2663
3945.56162921926	2664
3931.48761294361	2665
3932.24559012077	2666
3938.84573854508	2667
3945.29746632495	2668
3932.47648346763	2669
3939.60861392538	2670
3930.98835350269	2671
3926.19151005157	2672
3928.54129572494	2673
3929.02209096246	2674
3926.65873447493	2675
3943.40323166255	2676
3943.54907967589	2677
3935.6989562427	2678
3930.29870877484	2679
3930.29539371922	2680
3943.83936321178	2681
3933.95749924527	2682
3935.73282391146	2683
3933.79341428484	2684
3932.53105791843	2685
3936.62912699094	2686
3941.97500543726	2687
3931.04733902393	2688
3935.77909465176	2689
3943.56963910898	2690
3940.11877126369	2691
3934.042102017	2692
3944.49839222029	2693
3938.18647616304	2694
3943.06625413996	2695
3925.16485195333	2696
3937.27739848968	2697
3938.52982268552	2698
3936.27011238237	2699
3929.92725305302	2700
3935.0751764311	2701
3936.72777784046	2702
3928.85659105481	2703
3935.26234805126	2704
3930.89380782845	2705
3929.50776437847	2706
3932.62026071371	2707
3935.27621634781	2708
3934.98802075118	2709
3937.79156447941	2710
3929.94622860255	2711
3935.72308279775	2712
3941.16110607991	2713
3927.43678907118	2714
3939.0913458357	2715
3933.62481740095	2716
3946.40267865171	2717
3935.93753723152	2718
3937.08272643647	2719
3933.57572240843	2720
3931.14324524138	2721
3946.70139805693	2722
3937.23761281405	2723
3939.40654882359	2724
3938.62131003096	2725
3943.74585464349	2726
3939.91768067161	2727
3924.09449499359	2728
3939.3281542525	2729
3940.79352611534	2730
3936.30145804664	2731
3935.90199136004	2732
3939.11869932785	2733
3939.08006706987	2734
3935.72612286164	2735
3944.38066121432	2736
3945.0412851033	2737
3943.9443638625	2738
3941.05338577451	2739
3929.90980697326	2740
3934.23902438598	2741
3933.84350054405	2742
3942.78445511998	2743
3942.84180970685	2744
3926.08223827414	2745
3930.57209262542	2746
3937.18819462243	2747
3937.15685965812	2748
3939.88713988463	2749
3942.47577737446	2750
3943.05443782673	2751
3927.19191752811	2752
3945.30413046118	2753
3927.91839696334	2754
3936.8016070537	2755
3927.98829608175	2756
3929.39990455507	2757
3937.90929294956	2758
3935.37261992246	2759
3935.0434462518	2760
3947.51930449714	2761
3941.77499662022	2762
3936.95266155469	2763
3939.81505908448	2764
3941.87232202976	2765
3929.58274435502	2766
3938.1734206999	2767
3937.52251100443	2768
3949.99365021398	2769
3936.40812030907	2770
3928.81521483708	2771
3928.07920988	2772
3930.66346892154	2773
3940.35301636298	2774
3941.30323176062	2775
3941.94957331129	2776
3927.05481519792	2777
3934.41732234934	2778
3928.2451184544	2779
3936.51760372206	2780
3927.80926824782	2781
3944.92092631355	2782
3942.28843260631	2783
3933.82849040044	2784
3928.86827873251	2785
3944.77444766087	2786
3941.34988406026	2787
3948.58651488508	2788
3931.90035426215	2789
3936.24942720844	2790
3937.35128075002	2791
3935.61024127849	2792
3930.11172365238	2793
3928.372642457	2794
3934.59640116818	2795
3936.48638966154	2796
3930.352840107	2797
3932.69509025104	2798
3941.13528255969	2799
3938.81576402334	2800
3934.65481254886	2801
3938.19819168585	2802
3933.49881979827	2803
3942.08420574669	2804
3929.11613607536	2805
3939.62519369806	2806
3937.26886022765	2807
3936.01935637766	2808
3941.03524694251	2809
3942.62029148133	2810
3945.90762760537	2811
3932.85294711798	2812
3918.20582293944	2813
3930.75052837596	2814
3944.52154564246	2815
3941.79557259947	2816
3930.58438872039	2817
3936.69502661804	2818
3941.16254782916	2819
3938.69769727147	2820
3936.19398123931	2821
3930.33160646068	2822
3936.12408643656	2823
3931.78743001972	2824
3940.20008109102	2825
3933.23885750577	2826
3951.08135253428	2827
3938.31992658887	2828
3941.49259025748	2829
3943.61545819991	2830
3927.40561998798	2831
3942.72068201091	2832
3950.84402416145	2833
3933.9238197231	2834
3931.702729841	2835
3935.34566678946	2836
3938.9249728811	2837
3926.46933644338	2838
3936.59562400324	2839
3938.74926650366	2840
3932.45374200662	2841
3941.11592670248	2842
3935.75738824681	2843
3937.24558220101	2844
3936.05345400374	2845
3924.58719758884	2846
3928.61938572268	2847
3938.28019396858	2848
3928.67984449902	2849
3943.48101890067	2850
3933.16444449808	2851
3949.69735043156	2852
3938.18515602835	2853
3935.79290712141	2854
3948.15631777457	2855
3939.16149027265	2856
3937.99228216608	2857
3939.01610503629	2858
3943.18271536412	2859
3935.96469337451	2860
3937.52752119417	2861
3932.82759382926	2862
3932.50141701671	2863
3938.28136744129	2864
3935.4712989359	2865
3943.51722488018	2866
3930.67224275933	2867
3938.1474030207	2868
3914.07135445547	2869
3919.98789132692	2870
3939.47706207962	2871
3930.16776241313	2872
3943.28855735886	2873
3944.42226079734	2874
3920.12823082082	2875
3948.41579750008	2876
3940.79780358823	2877
3935.35986770385	2878
3940.12383736629	2879
3940.86531922038	2880
3926.35654720548	2881
3940.66908253791	2882
3937.12018895721	2883
3933.2695413218	2884
3942.4883940468	2885
3931.78150471582	2886
3930.94908925483	2887
3950.4648899395	2888
3938.7847047997	2889
3944.72884785608	2890
3921.08225537353	2891
3928.10449292784	2892
3936.96731163621	2893
3940.43526741919	2894
3927.05788585182	2895
3932.05450833064	2896
3935.62135319886	2897
3936.36138450202	2898
3945.91201751524	2899
3933.34075284553	2900
3936.82053422033	2901
3941.47601041056	2902
3941.08429933876	2903
3937.12812889958	2904
3929.59569198766	2905
3940.2233972734	2906
3932.20382511327	2907
3942.39312423996	2908
3940.09684951817	2909
3936.40697962752	2910
3945.5641065699	2911
3928.33595219817	2912
3931.67695683385	2913
3920.73534834605	2914
3939.28578387164	2915
3920.49439663993	2916
3942.67947419718	2917
3939.1894766515	2918
3935.41020932219	2919
3936.62599746217	2920
3929.84086009013	2921
3945.52851496953	2922
3923.56393903667	2923
3937.98520592984	2924
3937.59331262599	2925
3931.86624161869	2926
3937.88369160289	2927
3939.26291913466	2928
3940.64672780675	2929
3942.66450751613	2930
3931.86167034182	2931
3935.59614611937	2932
3945.90636385296	2933
3940.66525521888	2934
3936.34528269539	2935
3931.81651359922	2936
3933.44976165275	2937
3938.22004519577	2938
3944.87338285858	2939
3921.67409347576	2940
3935.46993029726	2941
3942.45823699979	2942
3936.36403435454	2943
3919.93635867153	2944
3935.83510308124	2945
3941.33973716424	2946
3943.4669781179	2947
3943.28205653484	2948
3937.81951195025	2949
3932.98086027527	2950
3939.28672955355	2951
3925.66930294685	2952
3942.4214842128	2953
3936.94222790199	2954
3938.65136455498	2955
3929.39890195918	2956
3929.07281930139	2957
3931.06200605037	2958
3931.13802525834	2959
3939.0595834286	2960
3947.9582955846	2961
3941.51162178318	2962
3936.5994640562	2963
3946.69667250059	2964
3936.32711635099	2965
3941.30218839098	2966
3935.72019306616	2967
3932.60768401725	2968
3943.15777257151	2969
3919.29528224301	2970
3944.03466118358	2971
3943.6478482707	2972
3938.01070018534	2973
3937.28372797356	2974
3935.14416094512	2975
3936.44439348746	2976
3944.12665658329	2977
3928.81652310977	2978
3933.25750804964	2979
3944.62406375073	2980
3935.9633667743	2981
3934.66769197614	2982
3935.83020226907	2983
3937.32563342184	2984
3931.14301916483	2985
3914.22562596469	2986
3943.84054406633	2987
3936.18730811987	2988
3938.15356140824	2989
3939.68266594373	2990
3938.60628832754	2991
3932.53104772962	2992
3923.3673437809	2993
3936.21815553304	2994
3927.36553785318	2995
3933.53169981362	2996
3926.95084703032	2997
3934.94847456299	2998
3948.07834197371	2999
3940.42213438868	3000
3933.7070488128	3001
3938.80147996301	3002
3930.92860357662	3003
3933.13428193039	3004
3936.47936595154	3005
3944.32223270234	3006
3931.33778715861	3007
3935.49781274802	3008
3937.05417568298	3009
3936.84716581439	3010
3933.61683857922	3011
3934.49365909382	3012
3941.73709000935	3013
3930.42902062729	3014
3935.26412021767	3015
3943.71222350069	3016
3938.94821291174	3017
3938.30516866866	3018
3937.31736673427	3019
3935.52722019912	3020
3935.03108311656	3021
3934.54821032169	3022
3934.80265632853	3023
3929.70130363834	3024
3930.74151481069	3025
3929.59623817266	3026
3939.79135059154	3027
3935.54841518171	3028
3945.61067020699	3029
3929.59191032491	3030
3946.00768627586	3031
3935.97756096694	3032
3929.93357533488	3033
3931.23150497952	3034
3942.71714544255	3035
3944.33754981345	3036
3930.56033757597	3037
3943.27607932519	3038
3937.43320352934	3039
3938.52920547393	3040
3927.0168826233	3041
3939.84896422437	3042
3928.13248405406	3043
3942.17864176278	3044
3930.36558589388	3045
3929.67853108039	3046
3937.46774658765	3047
3947.20513674012	3048
3936.70885840207	3049
3934.69130868277	3050
3942.58019134486	3051
3930.63158734381	3052
3938.39150982946	3053
3937.68296928945	3054
3944.32062183986	3055
3938.02709622422	3056
3932.44911011391	3057
3934.10766094408	3058
3943.43705225221	3059
3924.44498777356	3060
3945.62660228195	3061
3932.78112252331	3062
3935.39895839699	3063
3946.61133610246	3064
3932.20458674797	3065
3941.3210975944	3066
3941.36221543925	3067
3942.43105629475	3068
3942.39756704232	3069
3935.0506754514	3070
3948.03140899572	3071
3942.51968130976	3072
3932.65238478396	3073
3925.6946876909	3074
3937.57896919714	3075
3939.14078221774	3076
3942.20661125462	3077
3938.7378601712	3078
3941.23041405782	3079
3941.48465975246	3080
3941.54493961447	3081
3940.89969165241	3082
3934.39053659953	3083
3944.018038826	3084
3937.9943036079	3085
3930.98292867842	3086
3938.35845775482	3087
3937.49081590616	3088
3946.80762801451	3089
3948.36732612559	3090
3934.22231652634	3091
3933.38269233665	3092
3932.4537342147	3093
3926.86360006597	3094
3926.80886444456	3095
3944.60065137581	3096
3933.62740158822	3097
3936.74506744023	3098
3918.12562411404	3099
3925.44473785662	3100
3932.28889648272	3101
3931.40859329683	3102
3936.0760862762	3103
3933.368687751	3104
3937.70833400131	3105
3935.18620846419	3106
3945.60354539953	3107
3926.89124883575	3108
3924.94296930327	3109
3936.76231618986	3110
3940.06847369746	3111
3946.50187327822	3112
3931.9205794067	3113
3933.94085233035	3114
3925.20383559822	3115
3922.08885143043	3116
3948.44471001253	3117
3937.13094314358	3118
3926.36744722826	3119
3946.72958741993	3120
3948.11560112099	3121
3939.89026253279	3122
3930.66556721285	3123
3936.19484409445	3124
3947.82908387905	3125
3936.85881418849	3126
3936.35295742919	3127
3930.22295910204	3128
3943.52441595345	3129
3936.32942651346	3130
3940.59900057139	3131
3936.85217222306	3132
3936.20170604877	3133
3933.00287788389	3134
3941.4560709614	3135
3933.08581811745	3136
3944.21322810003	3137
3940.5851620084	3138
3938.71167133295	3139
3943.80632939837	3140
3925.42102133347	3141
3924.91078531272	3142
3937.74998657701	3143
3932.17533814273	3144
3928.57013094629	3145
3934.4715338368	3146
3949.27085546958	3147
3944.31368951847	3148
3947.27828622981	3149
3926.00780539997	3150
3937.86883162237	3151
3916.38186320309	3152
3944.13672561589	3153
3929.61466255126	3154
3935.14378160235	3155
3946.0454151932	3156
3929.86492328808	3157
3940.7225162227	3158
3938.97613733111	3159
3943.85569269783	3160
3944.71995984864	3161
3928.49707882818	3162
3929.59564096519	3163
3940.3499266406	3164
3942.45056824637	3165
3935.53266634586	3166
3927.1442778297	3167
3931.14035084828	3168
3933.84430994534	3169
3934.18872901611	3170
3944.96628277896	3171
3941.23133062707	3172
3945.26319694991	3173
3944.49916764585	3174
3943.49848708392	3175
3936.84900444661	3176
3931.26980202824	3177
3941.31003024111	3178
3935.33951836657	3179
3927.90906070046	3180
3934.77277268703	3181
3928.13325272599	3182
3939.44227201988	3183
3933.80750457097	3184
3941.55771135274	3185
3931.23611055122	3186
3925.03768805742	3187
3941.03654571097	3188
3932.57629574634	3189
3927.30156494194	3190
3935.3753139303	3191
3934.35703072085	3192
3937.3464063507	3193
3942.15970515341	3194
3949.91848078802	3195
3937.61101577869	3196
3941.89001576074	3197
3928.4228662231	3198
3940.11817203411	3199
3939.03517772505	3200
3925.63664154132	3201
3931.98335512157	3202
3937.4238293457	3203
3937.10864625924	3204
3939.75100672992	3205
3930.76658476907	3206
3931.74481066159	3207
3934.88817627024	3208
3930.07374544943	3209
3951.35047544951	3210
3943.89610623762	3211
3940.50606959697	3212
3937.90850494424	3213
3944.5147375322	3214
3944.87949176021	3215
3942.89971791318	3216
3935.70164207165	3217
3933.13225269778	3218
3932.62476487861	3219
3939.35556847346	3220
3940.15678449225	3221
3931.8806929098	3222
3937.31784930705	3223
3938.72005583429	3224
3940.3807150255	3225
3925.90605557289	3226
3931.84083003059	3227
3931.89070377341	3228
3933.72481564133	3229
3937.78836742848	3230
3929.03265681458	3231
3944.37701247837	3232
3942.00232658818	3233
3939.03533413507	3234
3938.85351042012	3235
3939.33980823361	3236
3931.26484414458	3237
3939.27305233836	3238
3924.57606597438	3239
3932.94643371111	3240
3943.2046455426	3241
3935.53712008477	3242
3933.7499449751	3243
3937.1059881129	3244
3944.4382731381	3245
3930.0696073257	3246
3947.07730459679	3247
3928.7433904939	3248
3926.71538731486	3249
3942.26959782035	3250
3936.42550022835	3251
3940.48494021089	3252
3940.19343502633	3253
3941.34948866423	3254
3930.81098415709	3255
3935.94506007581	3256
3937.19121677977	3257
3941.02907040019	3258
3939.19804049832	3259
3940.07352744516	3260
3938.03659920084	3261
3939.72985455113	3262
3946.61435265934	3263
3937.5740457006	3264
3934.26410360427	3265
3934.02814276465	3266
3935.78446352531	3267
3929.9556967608	3268
3947.48506576018	3269
3930.78868161362	3270
3937.74504072419	3271
3948.36542496948	3272
3946.37399213779	3273
3936.05794246006	3274
3935.08952544464	3275
3945.14916060662	3276
3939.79508287706	3277
3942.18309803293	3278
3941.83737767523	3279
3948.98171811229	3280
3926.79161799996	3281
3915.39381014486	3282
3944.66467401385	3283
3929.47741212523	3284
3931.21550293646	3285
3933.76603583002	3286
3941.19711359874	3287
3938.41418465171	3288
3947.37105591133	3289
3938.27050916154	3290
3933.03552859955	3291
3929.916076297	3292
3933.77835863079	3293
3942.64478661377	3294
3939.33481951878	3295
3932.63222500833	3296
3933.390405919	3297
3938.89524840251	3298
3928.84453288347	3299
3935.26360826598	3300
3930.66758223222	3301
3918.88601640462	3302
3922.89726883966	3303
3927.0919856046	3304
3941.70422896827	3305
3937.50760767987	3306
3941.69560951713	3307
3921.53958739494	3308
3936.81982648578	3309
3944.17928243936	3310
3936.83720229341	3311
3933.56179851874	3312
3948.50627809544	3313
3932.94615214826	3314
3946.53933036074	3315
3936.38277729907	3316
3934.68067627612	3317
3930.35969665482	3318
3916.83751477242	3319
3938.1001816787	3320
3930.36903127488	3321
3933.74787101912	3322
3934.7064104735	3323
3932.44108570755	3324
3942.96216245187	3325
3934.00040462226	3326
3937.33977859548	3327
3934.37418782485	3328
3934.52692835596	3329
3943.66468202232	3330
3932.54788396913	3331
3935.98766162446	3332
3937.7432458942	3333
3933.15389501422	3334
3936.00526269763	3335
3932.12937955732	3336
3947.31659769037	3337
3946.18245005879	3338
3942.00039703895	3339
3942.19553629331	3340
3927.48880596577	3341
3936.5578066506	3342
3934.5531461491	3343
3938.32722503751	3344
3937.18473611611	3345
3930.89315316463	3346
3944.72005395778	3347
3937.56971798664	3348
3932.02465812034	3349
3936.69253911941	3350
3933.31483112715	3351
3933.05115303427	3352
3946.34718326265	3353
3926.68248563755	3354
3936.37606058917	3355
3918.20416467343	3356
3937.5690713525	3357
3943.1433154704	3358
3947.2837085896	3359
3934.5833830983	3360
3930.97797703967	3361
3938.16356625369	3362
3937.05587568905	3363
3939.29725597918	3364
3937.6275100416	3365
3942.61389788774	3366
3947.39133534185	3367
3937.89286216247	3368
3941.27592820345	3369
3926.30423225639	3370
3949.25518159438	3371
3938.45649718068	3372
3935.96052872205	3373
3940.13827646292	3374
3939.68296259489	3375
3920.93333255081	3376
3936.12425805796	3377
3935.14748993753	3378
3938.02156845527	3379
3940.29817861924	3380
3941.39400994504	3381
3939.79810714368	3382
3943.0086477856	3383
3939.71776758816	3384
3935.68673715131	3385
3936.84937915177	3386
3933.87008860808	3387
3938.11102750984	3388
3937.70647891763	3389
3940.13188474419	3390
3935.24035748035	3391
3945.43989484482	3392
3933.18578449254	3393
3936.79219876723	3394
3937.04656392655	3395
3947.34910402578	3396
3936.09180706008	3397
3941.21759427962	3398
3940.53833389914	3399
3942.56843411036	3400
3945.72891361446	3401
3936.31496104456	3402
3942.58416851675	3403
3947.45450451814	3404
3930.042333127	3405
3939.91294981735	3406
3930.15253661301	3407
3937.58167578212	3408
3941.15793966016	3409
3933.09940577709	3410
3943.29024781271	3411
3941.15086946175	3412
3943.91559768988	3413
3934.70657896599	3414
3928.99617855327	3415
3941.3094554086	3416
3944.58930557448	3417
3935.37542747753	3418
3927.36108903865	3419
3934.52008054665	3420
3940.28199863439	3421
3935.77769613904	3422
3941.62951357254	3423
3935.15854594638	3424
3942.01634616994	3425
3925.08529934561	3426
3934.90466998744	3427
3930.59103830505	3428
3933.49510155264	3429
3942.22210320231	3430
3941.46340663309	3431
3931.70408120923	3432
3939.40573931489	3433
3931.58990696217	3434
3925.00303578041	3435
3932.48245257811	3436
3944.05037719522	3437
3951.06333437514	3438
3945.79646751639	3439
3933.02863173088	3440
3937.62355507851	3441
3935.80281090001	3442
3933.7773085116	3443
3936.03066993722	3444
3942.58547190006	3445
3938.17669091715	3446
3942.73583541564	3447
3934.64396008657	3448
3940.24624610977	3449
3931.0529751333	3450
3946.69057730881	3451
3934.18749992194	3452
3932.67063834227	3453
3941.08405583372	3454
3937.87257519775	3455
3933.82842031588	3456
3931.80896408277	3457
3942.70713238264	3458
3932.6709185816	3459
3931.81008476752	3460
3938.85200436728	3461
3934.68996085873	3462
3937.37463019706	3463
3934.4992929971	3464
3934.71892510164	3465
3939.21611726221	3466
3945.39019688136	3467
3938.56555915779	3468
3939.58731253443	3469
3933.23373942846	3470
3936.68430273211	3471
3932.59408969053	3472
3939.96743055853	3473
3941.34709206986	3474
3940.08374196607	3475
3945.28663092196	3476
3945.90747257691	3477
3926.22006084494	3478
3938.18878969977	3479
3942.06743014856	3480
3944.96569286104	3481
3925.89252396806	3482
3939.79517933482	3483
3932.39463862327	3484
3938.83042828699	3485
3944.43679178698	3486
3943.84207434609	3487
3934.41394718053	3488
3942.00048829496	3489
3931.00773960238	3490
3936.98439841414	3491
3939.19674899101	3492
3941.70181128608	3493
3948.51697346908	3494
3929.52943198049	3495
3929.59266854316	3496
3943.74947405114	3497
3932.54222770618	3498
3929.74522100834	3499
3934.30079484507	3500
3918.31096921461	3501
3936.41944438724	3502
3944.42684613064	3503
3935.41735034714	3504
3931.52953526125	3505
3934.84197024948	3506
3935.38138933198	3507
3933.74207113882	3508
3929.64059397907	3509
3922.68126139051	3510
3938.47353526066	3511
3938.19978673807	3512
3939.92924928811	3513
3942.25377342366	3514
3942.07877628005	3515
3938.2581936515	3516
3941.77373410027	3517
3944.88462089741	3518
3938.8937479613	3519
3938.51441676508	3520
3932.24398144739	3521
3935.5686460548	3522
3942.67280686164	3523
3944.27519389789	3524
3930.05304068328	3525
3941.72881824648	3526
3944.13409416753	3527
3926.41225930843	3528
3938.30137178713	3529
3936.32977591637	3530
3931.05447311425	3531
3942.76987303212	3532
3929.11662969122	3533
3937.66538024081	3534
3942.98332774191	3535
3940.33043123501	3536
3934.17757208415	3537
3933.93022958742	3538
3930.13647612516	3539
3943.46126916475	3540
3925.35542671726	3541
3933.26176828987	3542
3914.86052000809	3543
3934.89337621478	3544
3943.00380525943	3545
3939.29254232775	3546
3935.18630167158	3547
3936.58714403725	3548
3934.05839336787	3549
3935.31389117741	3550
3935.97050725983	3551
3934.79374620471	3552
3934.95999559167	3553
3939.8987714628	3554
3929.06092770254	3555
3937.12996601116	3556
3945.12885298702	3557
3931.64473620946	3558
3931.48468704915	3559
3945.90251552945	3560
3939.72146890447	3561
3937.57630794814	3562
3930.30704030407	3563
3930.75177643368	3564
3935.1021086878	3565
3937.63479597006	3566
3939.50850321303	3567
3935.77761396901	3568
3936.33369622438	3569
3933.57631479404	3570
3931.79356367132	3571
3934.02038093119	3572
3937.62556672695	3573
3933.09128020718	3574
3937.43199963021	3575
3938.06315795224	3576
3936.9300391591	3577
3931.50923020306	3578
3934.7420152476	3579
3932.87742355586	3580
3939.53373400446	3581
3942.97933543323	3582
3940.0036032517	3583
3938.54145653225	3584
3925.14056864336	3585
3938.95579092219	3586
3939.02006270056	3587
3934.40394297873	3588
3944.29533984578	3589
3945.49790093594	3590
3925.29465636366	3591
3939.86049972949	3592
3941.68431408256	3593
3945.43868886925	3594
3931.25816201762	3595
3945.30484580241	3596
3926.19928487382	3597
3930.47217329013	3598
3940.89494811985	3599
3943.55667745546	3600
3944.60117015181	3601
3936.56448660931	3602
3936.15168264283	3603
3931.14445552899	3604
3928.15937808472	3605
3946.13560697171	3606
3932.80567041892	3607
3939.62339002086	3608
3936.56480834184	3609
3931.45109294816	3610
3941.97449023672	3611
3944.21106473292	3612
3937.05664952302	3613
3935.75706768403	3614
3925.81038770343	3615
3936.22483832221	3616
3931.93065195586	3617
3935.33907081875	3618
3924.97624456365	3619
3922.78247405193	3620
3939.78248517695	3621
3944.6686268367	3622
3941.19057442015	3623
3924.52144475	3624
3931.18354471629	3625
3916.29712190899	3626
3931.68674392926	3627
3925.41473076336	3628
3942.95904943182	3629
3942.35475520318	3630
3944.78734723013	3631
3935.76352632302	3632
3925.74285072198	3633
3940.43655774989	3634
3924.97176376848	3635
3932.49978479578	3636
3928.60246394827	3637
3938.37538994484	3638
3940.45097316547	3639
3937.98153249644	3640
3939.49500844964	3641
3946.88800930166	3642
3924.09721614562	3643
3928.6141245542	3644
3943.83139585878	3645
3939.97984538033	3646
3933.83131727242	3647
3941.63753642987	3648
3937.25926674692	3649
3939.2881272315	3650
3937.4685265581	3651
3941.63301709282	3652
3933.45219180515	3653
3922.59342639199	3654
3935.34164843187	3655
3930.29561312866	3656
3936.86301344041	3657
3935.68769276511	3658
3935.77175793087	3659
3936.8742264177	3660
3940.40641315862	3661
3927.31847703584	3662
3935.92836976334	3663
3931.72484087546	3664
3927.32842102894	3665
3937.68783531896	3666
3931.75726102437	3667
3945.15874415183	3668
3928.69146809074	3669
3932.01176171481	3670
3935.12039649033	3671
3932.99658021981	3672
3939.86282598658	3673
3934.0140776352	3674
3935.7477979974	3675
3934.81278156857	3676
3925.31467041158	3677
3935.37347393076	3678
3944.61071938568	3679
3934.82478136291	3680
3945.54522222875	3681
3937.00616832169	3682
3931.5150946062	3683
3929.00183717614	3684
3933.51749860475	3685
3930.6950414645	3686
3941.69944540817	3687
3936.84618832141	3688
3935.57786068646	3689
3919.48503156325	3690
3933.54979824306	3691
3933.79447567532	3692
3932.59224013864	3693
3938.34925887585	3694
3936.78036349141	3695
3939.05766380117	3696
3933.82296134298	3697
3941.22027818415	3698
3944.18213728241	3699
3941.71537940462	3700
3942.99369756374	3701
3933.5451257905	3702
3943.38541308509	3703
3938.89946116096	3704
3943.18529483688	3705
3937.46533766345	3706
3935.86843398507	3707
3936.24854492053	3708
3936.47747705057	3709
3933.19836816093	3710
3936.34498261322	3711
3932.97135651135	3712
3934.14737903588	3713
3931.13575223862	3714
3941.61997330118	3715
3920.35310278236	3716
3933.86211425828	3717
3932.8956931353	3718
3928.44723051483	3719
3936.89597037556	3720
3932.88401189106	3721
3933.89398116804	3722
3934.56052033431	3723
3943.09565375285	3724
3932.69326282347	3725
3941.24266447226	3726
3930.44304216945	3727
3931.04735244999	3728
3925.05794418983	3729
3943.91442440615	3730
3925.76070675171	3731
3921.04520517868	3732
3935.60074949729	3733
3941.93603538404	3734
3945.5660315705	3735
3933.35822549815	3736
3935.54072614296	3737
3945.69332318816	3738
3937.92357756392	3739
3936.60284130275	3740
3928.20767120012	3741
3938.49807570472	3742
3934.97723216869	3743
3929.87163800402	3744
3942.83068577671	3745
3936.23656496252	3746
3941.36123893297	3747
3943.31180250273	3748
3939.95418374639	3749
3944.03983473542	3750
3939.23781371689	3751
3936.32550043808	3752
3936.76075402178	3753
3937.8105959938	3754
3932.6345057338	3755
3933.92276504617	3756
3939.78735200218	3757
3932.4354271106	3758
3942.76339955308	3759
3940.50880129459	3760
3929.49427840521	3761
3936.52797327095	3762
3935.65809503838	3763
3924.04889640016	3764
3933.39821697348	3765
3925.04386300533	3766
3930.35843496859	3767
3944.98796418504	3768
3936.27594585817	3769
3944.96207667268	3770
3946.65469511161	3771
3935.39673364474	3772
3939.29624218795	3773
3926.94652219149	3774
3938.19790186123	3775
3935.76234349389	3776
3928.75528950014	3777
3932.93478670548	3778
3940.39772266907	3779
3942.56232486617	3780
3945.59738431718	3781
3941.29343958853	3782
3939.959898764	3783
3934.24793017969	3784
3934.38172996548	3785
3939.63648123332	3786
3938.57322511179	3787
3941.3799123419	3788
3933.03143330549	3789
3939.73656547889	3790
3932.95321661725	3791
3933.70563565245	3792
3944.74662273776	3793
3943.74714039216	3794
3934.83603930612	3795
3928.7602175342	3796
3920.08867782986	3797
3927.0643277467	3798
3951.96173729768	3799
3926.40800644215	3800
3937.55703831052	3801
3928.88237658266	3802
3939.06114949536	3803
3930.53083029582	3804
3944.22092154445	3805
3936.25877110982	3806
3936.52551837844	3807
3936.60025316001	3808
3936.44532887944	3809
3939.31050805275	3810
3937.27408659071	3811
3933.00914749555	3812
3932.39365602591	3813
3940.22755418577	3814
3942.33312245798	3815
3936.90371717757	3816
3936.8215611758	3817
3928.04695918894	3818
3946.48211216089	3819
3936.4079737255	3820
3919.50998371692	3821
3942.4934022689	3822
3943.10522000446	3823
3940.18502032986	3824
3933.5330246621	3825
3943.80375833611	3826
3941.25560341576	3827
3929.34729964968	3828
3939.4327678339	3829
3929.76219243355	3830
3949.24016033622	3831
3933.78129436632	3832
3939.75662270438	3833
3921.27134074634	3834
3942.80588701306	3835
3937.95550483032	3836
3931.63800866204	3837
3932.85047796839	3838
3940.84761180941	3839
3935.62398334796	3840
3949.75591623797	3841
3944.4892621784	3842
3936.16968429199	3843
3933.72286832283	3844
3934.43779070191	3845
3930.02801891565	3846
3932.60648964246	3847
3940.0010998357	3848
3946.63078600165	3849
3931.24336509127	3850
3927.85858369541	3851
3933.93615809257	3852
3931.08299149611	3853
3942.89795033778	3854
3927.7173286566	3855
3945.64044961109	3856
3934.42246283804	3857
3926.97473346727	3858
3936.08535446725	3859
3938.23069853128	3860
3931.68080282092	3861
3937.32055848075	3862
3928.33737767723	3863
3940.81517768901	3864
3942.50515758551	3865
3948.58462617019	3866
3922.47163431141	3867
3943.13394075699	3868
3935.22207737006	3869
3932.1220446469	3870
3931.13932429334	3871
3948.90345239172	3872
3945.57507316173	3873
3928.86111947996	3874
3934.35542972454	3875
3932.19756001589	3876
3941.37803489174	3877
3936.73253785336	3878
3930.63186930074	3879
3928.38632054322	3880
3941.16338999682	3881
3938.79518547492	3882
3940.0266441741	3883
3934.17094548903	3884
3929.29624594334	3885
3941.73276113956	3886
3937.98872742072	3887
3934.51661896636	3888
3935.9807044159	3889
3927.68609176339	3890
3942.8112441295	3891
3936.32917609211	3892
3937.64220478301	3893
3941.07682828664	3894
3934.73766303654	3895
3943.69637563254	3896
3933.29317149068	3897
3936.94745822439	3898
3933.4793690441	3899
3941.32144146258	3900
3933.31656168038	3901
3926.14787699903	3902
3935.95147267061	3903
3932.77946650103	3904
3941.78166959828	3905
3937.07954381417	3906
3936.13425217015	3907
3929.84966447379	3908
3933.54669214375	3909
3937.5100883077	3910
3926.81508116281	3911
3933.56115790433	3912
3939.22076087818	3913
3937.47722384253	3914
3927.80246166608	3915
3935.38829380955	3916
3939.48360422664	3917
3941.72673427479	3918
3947.12493241949	3919
3941.64651624773	3920
3932.07075791535	3921
3939.62297818661	3922
3934.12236418717	3923
3943.15570096339	3924
3928.12400525802	3925
3948.89994611775	3926
3935.6653376331	3927
3940.44379012504	3928
3926.41712170704	3929
3926.86553448319	3930
3929.58700576509	3931
3932.5233212334	3932
3944.14043705849	3933
3938.25977692502	3934
3926.30236343861	3935
3936.66561355007	3936
3935.21562490907	3937
3929.61015021949	3938
3942.90695555061	3939
3929.55847821489	3940
3942.55969565163	3941
3930.19013355193	3942
3938.59202194792	3943
3950.66878643802	3944
3933.74202279691	3945
3936.44264880497	3946
3926.39691806478	3947
3933.76377169543	3948
3937.26113205893	3949
3933.68988772431	3950
3927.0422160411	3951
3940.17630055867	3952
3928.69906355325	3953
3933.87877483117	3954
3943.58952975989	3955
3944.17645109317	3956
3934.38827011405	3957
3934.35465211903	3958
3933.35213585009	3959
3941.62100634435	3960
3934.81753448619	3961
3937.50493314578	3962
3942.89362312376	3963
3932.80660275845	3964
3942.45484345381	3965
3941.76446001676	3966
3932.87923255298	3967
3946.03905398319	3968
3935.04130593891	3969
3931.75473827998	3970
3937.90037991217	3971
3937.79963425966	3972
3932.09328643312	3973
3935.64603100626	3974
3945.94986629485	3975
3932.62188693104	3976
3928.36455089185	3977
3939.52476019687	3978
3944.40282773466	3979
3927.09895993339	3980
3934.90504855724	3981
3935.55143459099	3982
3943.17500495767	3983
3932.98283337283	3984
3934.82867245275	3985
3933.32123943608	3986
3936.73439901123	3987
3931.82937931957	3988
3934.08964509276	3989
3938.96875593262	3990
3939.42236442932	3991
3931.97685768748	3992
3925.13257084952	3993
3925.27477293272	3994
3933.46281989766	3995
3931.64737268305	3996
3936.47664533893	3997
3937.55265879921	3998
3937.71334981447	3999
3944.29583052691	4000
