"Iteration"	"tau_Intercept"
1	1.68882664111133
2	1.9064179844805
3	1.86708125782034
4	1.9624219997842
5	2.20908812494362
6	1.75871141368492
7	2.18127258552828
8	2.64378689801086
9	2.123652941676
10	2.53917909895192
11	1.62234297435697
12	1.89960984636337
13	1.98285720599796
14	1.59816727857698
15	1.91632379714338
16	2.23000932744942
17	2.01121577776746
18	2.33403474899193
19	2.15944980930472
20	2.16735580418192
21	2.18898934012812
22	1.90089908688537
23	1.67622877291304
24	2.20611407367507
25	2.24386741657839
26	1.88662479915552
27	1.72244997822102
28	1.64490227605684
29	1.64599475990763
30	1.77536269298741
31	1.78106980164577
32	1.86494958167384
33	2.26478709279833
34	1.91335344018295
35	1.99796201366092
36	1.7503275996077
37	1.6708825931629
38	2.07708922317435
39	1.93532527874877
40	2.33458265238184
41	2.08502846777142
42	2.20890251234338
43	2.37421650892312
44	2.46257997930203
45	2.51019036973873
46	2.11180054533698
47	2.1128265096623
48	2.22783040759182
49	1.75629247433767
50	2.06617671347418
51	2.24464749084
52	1.91837966498137
53	2.19947319377574
54	1.74465572300963
55	2.02459129094575
56	1.86806149454018
57	2.19936722570972
58	2.23926438996101
59	1.54899128432425
60	1.9422450085221
61	1.82814550503733
62	2.18387926889048
63	2.27775302470734
64	2.28885987474966
65	2.21051167024194
66	1.95591321194986
67	1.74968813083721
68	1.67864125054988
69	1.63285761336528
70	2.00794993874603
71	1.95458498590352
72	1.78295837791311
73	2.08485915849589
74	2.09516551569763
75	2.02894690116527
76	1.86605643038839
77	1.8407374304212
78	2.53732195229329
79	2.22320509238801
80	2.02627823505915
81	2.09306247174139
82	2.1699207532655
83	1.93008749098167
84	1.86178146264114
85	1.74716399746657
86	1.63143720479807
87	2.10563665035396
88	2.066167277088
89	1.92491464014725
90	1.93965766381475
91	1.75629976291763
92	1.77337643516607
93	2.06968810817787
94	3.01558321059413
95	2.00694994423375
96	1.79660250374057
97	2.29356200335157
98	2.17419355762143
99	1.85230273271449
100	2.16555318009351
101	1.85010669085831
102	1.47915955680487
103	1.98616963983171
104	2.33520571770849
105	1.83693381296062
106	2.48814709359278
107	2.12932078237621
108	1.82502625168744
109	1.80169509991366
110	2.38626256831502
111	1.80736201867083
112	2.18182946463467
113	2.26903136814543
114	2.1285263410402
115	2.08149867323004
116	2.05094908800542
117	2.09282301547744
118	2.00065944610029
119	1.66070028031617
120	1.92175441029581
121	2.07667256686665
122	1.92965073844597
123	1.89743128032692
124	1.98264598495257
125	2.07654001829023
126	1.88777492694052
127	2.08535448864065
128	1.96947373249904
129	1.77761443834555
130	1.7600937989937
131	1.98722491218972
132	1.81426053521417
133	2.22049492915593
134	2.04290770106756
135	2.44603571004274
136	2.45788337877009
137	2.04277909346615
138	1.9063595318335
139	1.92402025311563
140	1.7484967299573
141	1.94652242799759
142	2.23963036961442
143	1.79565244026759
144	1.89646134773238
145	1.64311018474858
146	1.804080486768
147	2.09121741441995
148	2.13575663339438
149	2.03099559578459
150	2.8591581980647
151	2.05235270659486
152	2.24408136816141
153	1.93782500637429
154	2.3653541663343
155	2.16959571806462
156	1.95167072938236
157	2.40283376794481
158	2.24588310376283
159	2.20470724694701
160	2.17551020263574
161	2.02766898748893
162	1.85600649925477
163	1.67015811382066
164	1.87912122363162
165	1.81927692019447
166	1.80005027104494
167	1.83473040326332
168	1.87243414822958
169	1.96283748095443
170	2.2559992304604
171	1.94111432211372
172	2.05948247241616
173	1.81928751779402
174	2.27294993957991
175	2.21744458618597
176	2.75274559623249
177	1.94081661544915
178	2.05874129455408
179	2.10006851851224
180	1.98010906387791
181	2.41507067610381
182	1.88606047020174
183	2.05901967944603
184	1.91931229709725
185	2.11874850754993
186	2.19654322610573
187	2.36628031244664
188	2.39998573265815
189	2.13788380335323
190	1.86697105678121
191	2.07918652106827
192	2.00915671594888
193	1.47748846228102
194	1.70977011727205
195	1.95997355048931
196	1.99462120703303
197	2.00480720661205
198	1.66705261804506
199	2.11923463755864
200	2.05866746543824
201	2.07828298269106
202	1.71676106048591
203	2.14655962931849
204	2.13222052063534
205	1.7225594093632
206	2.12149997880555
207	2.22180388253446
208	2.42363225224998
209	1.90615492926064
210	1.72508545435821
211	2.13775095324914
212	1.7744082124754
213	2.07684311266718
214	2.24012380674991
215	1.77772309595992
216	1.94105948080266
217	1.81034465770017
218	2.11837632993087
219	2.1279926077865
220	1.99275036016014
221	2.34694984141637
222	2.00175816080915
223	2.27251057732215
224	2.44747524888025
225	1.76008128290495
226	1.75771173902211
227	1.88289915459968
228	1.942769817635
229	1.39675264024091
230	2.00283913904803
231	1.81669868329329
232	2.51569393652816
233	1.78780966029751
234	2.05144098038262
235	1.78979064237342
236	1.69383912745903
237	2.32286019789409
238	2.03645619712657
239	2.02073639017789
240	1.88593284018991
241	2.15565842686413
242	2.31297499014399
243	2.22865838031393
244	2.16924825834943
245	2.19232287816419
246	1.84904942902892
247	2.3449586737029
248	2.39059516291861
249	1.95124502389975
250	2.06104011696003
251	1.87972012129193
252	2.22533304409979
253	1.76741438659214
254	2.06236921997098
255	1.61786718850865
256	2.302976805019
257	1.71801880442271
258	2.27043677201555
259	1.68858407620788
260	1.94881113084033
261	2.2852996986522
262	1.92053698836554
263	1.61909084787628
264	2.23894619900704
265	2.30812158665521
266	1.84653016815942
267	1.76403838735632
268	2.04627209380238
269	1.9854189656012
270	1.94455200728654
271	2.56522214211522
272	2.20791517673298
273	2.02903016612842
274	2.02863102257569
275	1.66949156756438
276	1.89139224191628
277	2.14912767863961
278	2.15972060329991
279	1.9728243044814
280	2.1170833403491
281	2.0928393935588
282	2.00350426997117
283	2.4861612738196
284	2.42577822198892
285	2.86512243386239
286	2.0004531111335
287	1.66001675626603
288	1.89536562108066
289	1.97192947887851
290	2.0055028159626
291	2.59566599222357
292	2.10120103922731
293	1.70552169099594
294	1.82585074811328
295	2.20122484270742
296	1.98486441156779
297	2.48283039819239
298	2.16506523864305
299	2.05431238470693
300	1.7416813266991
301	1.72280599460061
302	1.41334025177835
303	1.81670160021461
304	2.3865863100513
305	2.19653853137702
306	1.4275020301858
307	1.75610029118724
308	2.20567523041133
309	1.76807416965761
310	1.76101880989471
311	1.88129688598466
312	1.77828904807786
313	1.90192364972993
314	2.22707835985634
315	2.47883950304868
316	1.94246585051362
317	2.71655184297289
318	2.29340209626185
319	1.82364323358964
320	1.94219972918738
321	2.27199765463529
322	1.68145565018787
323	1.93788458526396
324	1.98308959196625
325	2.05939780493279
326	2.32819982103536
327	2.05287616885086
328	1.97378937347058
329	1.81301492227676
330	1.62739161192542
331	1.68845647849788
332	2.00543881462035
333	1.96760696893413
334	2.0346490788333
335	2.02567586205465
336	1.77264391457176
337	1.68028107825868
338	1.77318800427148
339	1.86654379261295
340	2.52311279121218
341	1.88455902885894
342	2.15691450271776
343	2.13490953248601
344	2.13968087616145
345	1.73150090255678
346	1.81721890579603
347	1.87791276186534
348	2.03173116119269
349	1.96391163740415
350	2.03930552738772
351	1.49993053440746
352	2.10623051267506
353	1.82216879388493
354	1.92641220439638
355	1.87161315211525
356	2.06723728573874
357	1.94723094654088
358	2.25465603227506
359	2.31086734752398
360	1.70069615191718
361	1.79951707401075
362	2.07601295932297
363	2.0189732926719
364	1.70816597044953
365	2.08757215434194
366	1.67095428393062
367	1.78228437457236
368	1.91062137933195
369	1.9986915961367
370	1.98724538525233
371	1.78453865973216
372	1.85822765047274
373	2.12828006111227
374	1.89408352696848
375	1.64501456584723
376	2.05200999851353
377	2.46441202899497
378	1.765639463086
379	2.63730052040603
380	2.16231135627003
381	1.89210648316386
382	1.98696323447795
383	1.83917119700707
384	2.11869046613932
385	1.74787886669119
386	2.10168676752655
387	2.52773560210489
388	2.39034876181557
389	2.14020523943122
390	1.89913056814128
391	1.77488164947347
392	2.04373075189027
393	2.33295350917402
394	2.03556679142653
395	1.871804112129
396	1.94679243714825
397	1.74648007964026
398	1.99277924861831
399	1.88285764828852
400	1.57067072226353
401	1.64351719503624
402	1.64818568003098
403	1.74679447805961
404	2.24347824204387
405	1.82854108953138
406	1.63818371474122
407	2.08485816323903
408	1.93116108926835
409	1.60882618357757
410	2.34593655008952
411	1.96745224857327
412	2.27957647050303
413	2.16038260749232
414	2.30063461943417
415	1.82269342764933
416	1.94059745435029
417	1.95601550278994
418	1.71300672742857
419	2.14245753236509
420	1.95295604855877
421	1.76233085797075
422	1.78134752326445
423	2.32830824826489
424	2.26824998005383
425	1.7641742717467
426	1.96709243564372
427	2.03366302722817
428	2.08426623087583
429	1.89024794035389
430	1.76231733028885
431	1.79834231703669
432	1.72089564849354
433	1.7784689188371
434	1.46165664058705
435	1.87623144563315
436	2.15772395260312
437	2.03211986863496
438	2.27536078561269
439	2.10470541393945
440	1.78933597549373
441	2.06480259866874
442	2.18700773713362
443	1.73578757505138
444	1.63852490694319
445	1.94205900031408
446	1.77391398657317
447	1.77687381841383
448	2.03791113529957
449	1.90260981600515
450	2.05417813594624
451	2.2775455495324
452	1.68656084195372
453	2.12555693586987
454	1.9460269830125
455	1.78890737223329
456	1.64552452555287
457	1.70503712536318
458	1.78516126647442
459	1.77532347371672
460	2.12641077402326
461	1.89113176574164
462	2.23211193002139
463	2.18356530659451
464	2.04872601910591
465	2.22419102723401
466	2.2105548267529
467	1.65303756937156
468	1.85822354921234
469	2.03943986451569
470	2.21010163855691
471	2.05914408848163
472	2.32247955194496
473	2.1252342635611
474	1.99288609591304
475	2.41818633355108
476	2.44490948212282
477	2.28734251223852
478	1.80644298248127
479	2.32564800066244
480	2.24104831864724
481	2.56947583973526
482	2.28176812063395
483	2.39104364107753
484	2.14203013634463
485	1.70422227116765
486	2.29698467068453
487	1.85268208046537
488	1.95003507053915
489	1.98670955811275
490	1.59266848058641
491	1.77214290321581
492	2.31240316961852
493	2.04243899384659
494	2.13828376211425
495	2.3944059395658
496	2.32663202226728
497	1.99741143638943
498	1.62826458518556
499	2.16617746927594
500	2.1050801999882
501	1.93738828600685
502	1.93323151952111
503	1.95273096028045
504	2.05072776040629
505	2.03451163679238
506	2.27863845428013
507	2.01045951176346
508	2.43363137734069
509	2.19197150218549
510	1.85492152913673
511	1.86725537961875
512	2.01977999047111
513	2.16457412157981
514	1.74160848769464
515	2.31694768825334
516	2.22953810922538
517	2.18117277597594
518	2.35073959126923
519	2.21026989074579
520	1.85083419793359
521	1.7681738552945
522	2.1729927491719
523	2.00525097907003
524	1.90292820022516
525	1.77117769071871
526	2.0680928613465
527	1.95033923208697
528	2.13867636073036
529	2.45283121172258
530	2.46275444714184
531	1.71999356435697
532	2.07413099923239
533	2.59200608098473
534	1.97629090170757
535	2.061923691435
536	2.29860393376856
537	1.95870438937731
538	1.8679349625085
539	2.00972778751908
540	1.88078401439903
541	1.98913493410954
542	2.19864871191731
543	2.50842650576321
544	2.0602474539151
545	2.11731106685374
546	1.85016130357968
547	2.18351525184722
548	2.38897049894169
549	2.12400818957737
550	2.19442720727721
551	2.1901398533774
552	2.38404372312223
553	2.26544266695672
554	2.14040202857802
555	2.0771463889496
556	1.94042954215651
557	1.24805556792001
558	1.80469480041849
559	1.88844079693493
560	2.23576849019291
561	1.81181444088997
562	1.97967569548905
563	2.10022216902843
564	2.36757474833498
565	2.04750332752081
566	1.6459278061341
567	1.77026603306293
568	1.78262899984029
569	2.35592689828746
570	2.08293056366717
571	1.71826214856811
572	1.94176037910385
573	2.02212700346787
574	2.26598374128947
575	2.16991582027325
576	2.27740248055398
577	1.93764405308284
578	2.31290893537688
579	2.10199759038857
580	2.22636406967736
581	2.09181669817497
582	2.26202835580777
583	1.94041072709613
584	1.86686563468113
585	1.94303395254944
586	2.42081241822984
587	2.00212169900286
588	2.02774454971343
589	1.75244866976944
590	1.75373219916801
591	1.59627701179955
592	1.68859497493982
593	2.25320336471228
594	1.96144033898297
595	1.85456336362864
596	2.00329287565156
597	2.10667590976061
598	2.01146676279306
599	1.80142121288475
600	1.85034247665093
601	2.01601085929104
602	2.16884352161064
603	1.76564916270091
604	2.27138346601139
605	2.15302511264678
606	2.05758153320577
607	2.25240933510734
608	1.7852981592138
609	2.37474848899273
610	2.12030004957905
611	1.95675663858569
612	1.71148477451757
613	2.07727655715017
614	2.12591642675698
615	1.64244387226926
616	1.92816968875391
617	2.51499185270606
618	1.91417345325649
619	2.49637234405223
620	2.49085189823649
621	2.29924118220901
622	1.89667546122689
623	2.06142108128882
624	2.1825651412484
625	1.96620900099227
626	1.64486433891304
627	1.88719105471234
628	2.17617934850797
629	2.18232782232706
630	2.47606655962581
631	2.35669012357424
632	2.51648910350654
633	2.21195522800077
634	2.21119482601542
635	1.85525711191042
636	2.34196018065104
637	1.98019014572996
638	1.95894635982407
639	2.08295014308574
640	1.88305126771401
641	2.00137856414927
642	1.67697613547947
643	1.79520333151472
644	1.82178925147153
645	1.97519761208139
646	2.02022474643066
647	1.90401677150494
648	1.79837654999818
649	2.14292652443037
650	1.98844136214965
651	1.92172268351237
652	1.81794125045221
653	1.91404591929028
654	2.04817819293869
655	1.83743405822543
656	1.88378795360175
657	2.09387250272329
658	1.96954805085616
659	2.54296196703704
660	2.19186999089155
661	2.04690610649256
662	1.7814957455136
663	1.86404463257853
664	2.3566667029019
665	2.03865484212316
666	1.80077288364339
667	2.33511378707749
668	2.12260563664328
669	2.09883535204786
670	2.38586695662063
671	2.44623447711774
672	1.99490777937967
673	2.10499499698749
674	1.94878871671072
675	1.68478190151982
676	1.72200025570838
677	2.13384129290721
678	1.79142020652563
679	2.11275296726551
680	1.70457282400148
681	1.92608569386508
682	2.17245085462025
683	2.22672369266931
684	1.74715593798278
685	1.91640118462801
686	2.12730289644232
687	2.17703758281697
688	1.89286364849629
689	2.21327147644079
690	1.87413749393712
691	2.21198528842049
692	1.7866932076025
693	1.55315295923436
694	2.13461257231527
695	1.45546660231903
696	1.47879613361746
697	2.34141317793072
698	1.69052867565537
699	2.2026037369635
700	2.29329927231233
701	2.12939192612808
702	1.87434575078574
703	2.01646609418838
704	2.06755632314541
705	1.86541957017792
706	1.82490012199717
707	1.96353167775548
708	2.44984851289677
709	1.84590168500008
710	1.95576912281106
711	2.00118535953676
712	1.79902908349211
713	1.85980189391135
714	2.08661514403365
715	2.14853108557149
716	1.84491611735716
717	1.96806000104795
718	2.07785899952817
719	1.96694078914814
720	2.12031519905536
721	1.64164320703992
722	1.8419703867082
723	1.85250002740067
724	2.09984538443699
725	1.98447662454963
726	1.85243699277342
727	1.83184855963706
728	2.29344113156326
729	2.05455871940768
730	1.676072182841
731	2.04555859631934
732	1.65441231498102
733	1.87988457573567
734	2.14947191564978
735	2.24694474519649
736	2.23385605387655
737	1.92971370899768
738	2.66592026005201
739	2.30972254718351
740	1.88660179186199
741	1.95916105947705
742	2.05072825356336
743	1.72273786158029
744	2.06239304360962
745	1.8381218324233
746	1.84237319864759
747	1.92145115263106
748	2.07856379465652
749	1.98765776997251
750	2.29677893642068
751	2.16609717310178
752	1.82841718820172
753	2.27789312672033
754	2.25853577043369
755	2.09281308930297
756	1.81586288778838
757	1.94812254607799
758	1.99869423431097
759	1.9448403814444
760	2.2015573597517
761	2.17330526970339
762	2.02186099817715
763	2.05878768070013
764	2.33045653184371
765	1.94245443838589
766	1.88854886326709
767	1.73536807632584
768	1.90540059511159
769	1.89979764921872
770	2.11726119838194
771	2.462002695062
772	2.22573761077536
773	2.31814715861148
774	2.07706581441389
775	1.71142857686206
776	2.15605820271269
777	2.16705330558789
778	2.23813875368334
779	2.18914011013416
780	2.21317169058292
781	2.08939243831458
782	2.02989192368347
783	2.19128748482597
784	1.75303262241519
785	2.41275533873829
786	1.95463459284303
787	2.01502529944324
788	2.03525010941354
789	1.98423404655755
790	2.05641550047935
791	1.88729690013026
792	2.0996278256417
793	1.78585217814605
794	1.96570646551716
795	1.70146472091601
796	2.45393927675133
797	1.79635601020978
798	2.03410850974449
799	2.01087006397894
800	1.94378450921791
801	2.18725886797571
802	2.24423059574282
803	1.94749489760526
804	2.13025344430451
805	1.96687524621987
806	2.65922636538846
807	1.97478338190616
808	2.43613572093037
809	2.1073606110712
810	2.05204973552133
811	2.10013924312687
812	2.42841041624304
813	1.96245304336581
814	1.78483032796806
815	2.07212030013543
816	1.72335702844267
817	1.85781018920269
818	2.1322849380681
819	1.66021551842206
820	1.92848558455823
821	1.94561766749209
822	1.86130320538117
823	1.81723017520055
824	2.23786504407276
825	2.08030651487718
826	1.89167309056011
827	2.53996505263479
828	1.56648076588914
829	1.76781954610163
830	1.99115735178997
831	1.99526406282439
832	1.80372703277669
833	2.07423800389858
834	2.07718720629361
835	2.35444145058959
836	1.78592603831091
837	1.99504621541644
838	1.96972295492482
839	1.88414675209878
840	1.51990854858327
841	1.89826416376193
842	2.06136385385765
843	1.63360287785224
844	1.92415619293458
845	2.28424327561372
846	2.07528321957948
847	1.65024809601428
848	1.75422082516956
849	1.603313762872
850	1.62398322650572
851	2.1587698556107
852	1.99838045614339
853	2.20884209579748
854	1.89507144381524
855	1.78961447813339
856	2.03575271798599
857	1.94311531207537
858	1.80118851349506
859	1.79572021237594
860	2.21451844775671
861	2.30624565688608
862	2.12734236715357
863	1.9626491588025
864	1.9571140409046
865	1.87565622272458
866	1.93006595398081
867	2.39504317809884
868	1.80040478020246
869	1.78838445799984
870	1.51295182395383
871	1.86752782934029
872	2.03418238346208
873	1.98093729462101
874	1.90627430981579
875	1.86845087130523
876	1.95529740221218
877	2.05998820837208
878	1.74747418542826
879	2.18310878719351
880	1.72777636290822
881	1.64331569790402
882	2.51332692748344
883	2.15084127509132
884	1.8406242542932
885	1.92105231581472
886	2.0999304718744
887	1.73784007845671
888	2.05879211883717
889	1.99298046446462
890	2.0182288038112
891	1.94696273562591
892	2.1727289219431
893	1.82388096247167
894	1.71250900510769
895	1.87685698594719
896	1.93554880736857
897	1.77140491990314
898	1.92595051233305
899	2.0540693251698
900	2.29395749242165
901	2.09537608499944
902	2.33044047062716
903	1.85378551405024
904	1.76225723610006
905	1.61918457825117
906	2.06306330303861
907	1.58436789791075
908	1.78031783040948
909	1.98668076131895
910	1.88561033899924
911	2.43656107751727
912	2.27923324311648
913	1.89139167477549
914	1.99825614795077
915	2.10136094263383
916	2.29766666280378
917	1.82615343523239
918	2.17061868320826
919	1.9931121613015
920	2.14654638330993
921	2.15322094103344
922	1.86089523903283
923	2.36625734604109
924	1.83466820951379
925	2.24386305963864
926	1.75399038466188
927	2.01127454519509
928	2.14032616635962
929	2.03766835339675
930	2.13482293884695
931	1.65940256280336
932	2.17524562833085
933	2.14340210968907
934	1.92238787747815
935	1.82353980251867
936	2.14857461137416
937	2.00469557491419
938	2.42521895011397
939	1.94353596745591
940	1.93725141737238
941	2.0454913768823
942	1.97325854588702
943	2.25691366355359
944	2.22229330618735
945	2.35514473958059
946	2.20076818304622
947	1.83146154238718
948	2.57529270427722
949	2.17115730397873
950	1.99435262279813
951	1.8821974549927
952	2.21665470921263
953	2.39675240858343
954	2.16824202062078
955	1.69697705148533
956	1.59297220815164
957	2.11985013466525
958	1.92743019675657
959	2.04144588266315
960	1.56094096379111
961	2.03176152503417
962	2.06827556518012
963	2.35222089691573
964	2.12337386832467
965	1.81512904847867
966	1.77578356509985
967	2.08987452637235
968	1.79526497462642
969	1.70351070499325
970	2.15899140713285
971	1.93303831034705
972	1.84612543571698
973	1.99945160254341
974	1.95007334644999
975	2.63671100782404
976	2.46169795485767
977	1.92554507378624
978	1.91235061965994
979	1.66814610163686
980	1.98795516873135
981	2.23379245090619
982	2.24045097017918
983	1.81469207906248
984	2.01586069264797
985	2.06301964784232
986	1.96323964001201
987	1.9900219068655
988	1.71389751114155
989	2.0816996410837
990	2.01477409714779
991	1.70298811205335
992	2.12420936703843
993	2.15175068928166
994	2.02139289352502
995	2.4212355045955
996	2.08737045737094
997	1.91244313763577
998	2.01250067643145
999	3.01770631340997
1000	1.86899710765532
1001	1.6455513908525
1002	2.03795338116956
1003	1.90108875515217
1004	1.66114258493917
1005	2.05299693575559
1006	2.14530496534067
1007	2.00491247979379
1008	2.14465140759087
1009	1.83391478946223
1010	2.05653469091906
1011	2.21306740975306
1012	1.62351372406645
1013	1.83133319542947
1014	2.11283868061576
1015	1.62728035913245
1016	1.63613210812643
1017	1.6502305859949
1018	1.69266915705924
1019	1.75550171259579
1020	2.17965213412924
1021	2.28347413159269
1022	2.05421421063368
1023	1.7511242898458
1024	1.97203917767598
1025	2.77326070532042
1026	2.0828939620121
1027	1.9003807087402
1028	1.74589335325798
1029	2.34090308184262
1030	2.32722640594164
1031	1.81889834381823
1032	1.69609160266678
1033	1.81744807784849
1034	1.61455518115121
1035	2.08910552427009
1036	2.18817385905376
1037	2.27515927726079
1038	2.15115638835764
1039	2.11156041390919
1040	2.10310021730459
1041	2.05701921878167
1042	2.44293039154712
1043	2.00778526322116
1044	1.74330582669852
1045	2.35626884600658
1046	1.8987987253721
1047	2.5823925217814
1048	2.18445563080848
1049	2.33642248828382
1050	1.92418801775409
1051	1.82175146286142
1052	1.87112433070264
1053	1.85249218437043
1054	1.8088104398506
1055	1.81338287883041
1056	2.06310401817142
1057	2.3685329307651
1058	1.69730848190579
1059	1.59138923376338
1060	1.94232127504086
1061	2.26661496707905
1062	2.0370043865025
1063	2.10374127746076
1064	2.02688199901255
1065	2.18225240002902
1066	2.21830820744739
1067	1.98515232791981
1068	2.44789564890071
1069	1.94191785091813
1070	2.12229856268705
1071	1.96585046055631
1072	1.87603573918242
1073	1.88399941379505
1074	1.87597635130585
1075	1.98643936378462
1076	1.75348373610474
1077	2.14761178134493
1078	1.87733616923209
1079	2.16190142017735
1080	1.7667284455276
1081	1.7893063931303
1082	2.10579971901044
1083	2.07502373521253
1084	1.6281885050017
1085	2.01259724549733
1086	2.12371282940541
1087	2.02442711552162
1088	2.03137576593903
1089	1.91783261684385
1090	1.96293195138957
1091	1.87861710839578
1092	1.98275658563574
1093	2.39961173455485
1094	2.26752170812656
1095	1.75223313774075
1096	1.91394057042504
1097	2.28565968038468
1098	2.06832759633179
1099	1.97559569144947
1100	2.10485709029635
1101	2.01947884168824
1102	1.8802625468474
1103	2.00479497901784
1104	2.07870493647463
1105	2.25703462214027
1106	1.39267288579251
1107	2.08166948564612
1108	1.82316680822852
1109	2.1214434787759
1110	2.23731185071658
1111	2.22327649029542
1112	2.17674765859082
1113	2.16675767959394
1114	2.26137992133128
1115	2.10393389850955
1116	1.78680675746174
1117	2.2276816440131
1118	2.0618509087736
1119	1.98477382713851
1120	2.02957319729807
1121	1.84901417030598
1122	2.06938838126285
1123	1.86303102239916
1124	1.85964199574438
1125	2.13874298839413
1126	1.9989502653654
1127	1.67526002102158
1128	1.84405998637879
1129	2.11266986585361
1130	1.983216712904
1131	2.43402402553523
1132	1.61478522976719
1133	1.97312568256031
1134	1.87466268524318
1135	1.71933419502929
1136	1.85467166375313
1137	2.37682781389084
1138	1.81073716594523
1139	1.94913865834424
1140	2.03589116577123
1141	2.03162247553067
1142	2.00293859132031
1143	2.47182724310625
1144	2.10535632864452
1145	2.09091392868757
1146	1.70644717311953
1147	1.83811744436189
1148	1.913987531186
1149	1.82328299646304
1150	1.84747990907874
1151	2.30743624420877
1152	1.97718221962234
1153	1.71206424457564
1154	1.98496692374785
1155	1.89899801706597
1156	2.17246596084091
1157	1.82689599465868
1158	1.74467266453913
1159	1.74722173795855
1160	1.80307282526024
1161	1.82462375840547
1162	1.99991991134946
1163	1.95669265549557
1164	2.22203540165697
1165	1.95205224546534
1166	1.91615327027891
1167	1.99027837546031
1168	2.18085928338211
1169	2.04078740729229
1170	2.12733049171004
1171	2.34075557075175
1172	2.13817850164943
1173	2.10914589192003
1174	2.19970568654361
1175	1.83673221507789
1176	1.81864112467751
1177	2.33079772619557
1178	2.30298460733163
1179	2.33776493361538
1180	2.00498253361115
1181	2.21201905429915
1182	1.93419854414191
1183	2.24302051392765
1184	1.85595884396037
1185	1.58751724027225
1186	1.89794848862479
1187	2.15912762766472
1188	1.99147986976248
1189	1.99702356329694
1190	1.95586734912802
1191	1.76013522300899
1192	1.9009768757729
1193	2.35959642743372
1194	1.73225150146963
1195	1.83120309017332
1196	2.00895552728688
1197	1.68259488831907
1198	2.27544903132759
1199	1.8573654445675
1200	1.91932626634871
1201	2.15411730040828
1202	2.40376547778605
1203	2.02037013423815
1204	2.2548441928781
1205	1.78794332944524
1206	2.67624755632703
1207	2.34000230522348
1208	1.89258600921716
1209	2.16999551780379
1210	1.84254266860158
1211	2.07364994194277
1212	2.13167074106972
1213	1.97892124851507
1214	1.9828368026402
1215	2.13072797577711
1216	2.15057541854428
1217	1.83629737751834
1218	2.07436796966411
1219	1.84773902844063
1220	1.86256157105595
1221	1.98440387864561
1222	2.24680185846865
1223	2.34594190371902
1224	1.85976028983118
1225	2.4283224552041
1226	2.35624349708884
1227	1.911011336569
1228	1.8723198755029
1229	1.80653927273732
1230	2.06446459288396
1231	1.88147507967124
1232	2.26597522137922
1233	1.81805548131541
1234	2.12013262880039
1235	2.09253601973093
1236	2.38966534433705
1237	2.42860748410491
1238	2.82842137372149
1239	1.7601579282651
1240	1.93279744940821
1241	1.89767230438182
1242	1.55918752938073
1243	2.19327508538504
1244	2.17345185943144
1245	1.86938066022366
1246	2.46144353253565
1247	2.17500315581412
1248	2.49820479457149
1249	1.86271896020746
1250	1.82258519874382
1251	2.30958563844343
1252	1.85281434152811
1253	1.9476529641106
1254	2.20773638935127
1255	2.21009188718051
1256	1.9564381110752
1257	2.24596527190604
1258	2.7775404752902
1259	2.30692365702826
1260	2.05255564972643
1261	1.63497172202187
1262	2.03570653382627
1263	1.67181863055282
1264	1.95106338241724
1265	2.23664044218142
1266	2.17492573058144
1267	2.19320371139974
1268	2.05497064386713
1269	2.02096365338302
1270	1.7118352697374
1271	2.09040316036503
1272	2.16252556138047
1273	1.83371267749583
1274	2.15034361653722
1275	2.10534292097824
1276	2.11550521525952
1277	1.844810866693
1278	1.51264540090374
1279	1.97350020753395
1280	2.24551072099397
1281	2.29121235684375
1282	2.070293530451
1283	2.17812245738428
1284	2.19719321127391
1285	2.45678490259768
1286	2.35522528849092
1287	2.24878064166561
1288	1.7677544102131
1289	1.90768626385007
1290	2.26221359177874
1291	2.3588795448375
1292	1.9768087364696
1293	1.95506270391347
1294	2.15637069803731
1295	1.70856111115127
1296	2.23984350939721
1297	1.89734102335217
1298	1.58933334569874
1299	2.11399917768856
1300	2.12858791783238
1301	1.92173881157609
1302	1.85246784793107
1303	1.89654111392297
1304	2.18543348647709
1305	1.51079136036105
1306	1.64689170063767
1307	1.70283666623469
1308	1.87481947858966
1309	1.452729119621
1310	2.12343402406807
1311	2.02292026922453
1312	2.38275368556423
1313	1.68187958791695
1314	1.94712079125353
1315	1.82777613676064
1316	1.55489340846665
1317	1.9750592526677
1318	2.08263031328742
1319	1.83522962502829
1320	1.61986929384118
1321	2.40376666284043
1322	1.78985705589201
1323	2.36571691679695
1324	2.51395961150032
1325	2.31477065968864
1326	2.06966831807825
1327	2.06334577587827
1328	1.94270852846892
1329	1.61556457034232
1330	2.05530342176611
1331	1.61527150129754
1332	1.92877568668626
1333	1.9690328837692
1334	1.94751929617196
1335	1.743971213668
1336	1.97536401390224
1337	1.6776490038396
1338	2.23108820185182
1339	1.85892023387283
1340	1.97992335539899
1341	2.11081418443823
1342	2.13838728087056
1343	1.98806226021307
1344	1.77016911402845
1345	1.95584454404882
1346	2.50601659472726
1347	1.99463230849034
1348	2.38077098940851
1349	2.15050925549886
1350	1.66443158634252
1351	2.08234764743826
1352	1.72055385570378
1353	2.51906456189838
1354	1.97961510446501
1355	1.9727372238938
1356	1.9186566417276
1357	1.83851716544684
1358	1.90530214242596
1359	2.00696699518577
1360	2.09876890570068
1361	2.02937906722832
1362	1.89405066331357
1363	1.90712156888994
1364	1.78526650532005
1365	2.09586613413533
1366	2.56338199293191
1367	2.18360092204719
1368	2.51693864216822
1369	2.11808353013959
1370	1.88221244889993
1371	1.91086476251557
1372	2.02818883471174
1373	1.97622134061283
1374	1.601930097201
1375	1.77403438043726
1376	1.96031081565316
1377	1.7855521941574
1378	1.94267840417927
1379	1.94037019307789
1380	1.97194022653568
1381	1.70364028263198
1382	1.79213449931293
1383	1.70419541498585
1384	1.74126712506185
1385	2.51363420581368
1386	2.42333365763465
1387	1.79319368453518
1388	1.85683220485239
1389	2.10542208586117
1390	1.84086904808578
1391	1.93849395880432
1392	2.15966553107239
1393	2.03521801971793
1394	1.73800003206344
1395	1.90213403428516
1396	1.93175566489567
1397	1.7540661510674
1398	1.97182194775723
1399	2.26757290003307
1400	1.71360092158998
1401	1.86984922387639
1402	2.00184339861026
1403	1.78831843433854
1404	2.13908579955195
1405	1.85649251115823
1406	2.19242051958703
1407	2.565625781571
1408	1.6974628312085
1409	1.99673790118878
1410	1.85924309523187
1411	2.11610823800029
1412	1.73573472458862
1413	2.05565385125138
1414	1.92195888638359
1415	1.77211796761883
1416	2.29065351620268
1417	1.78225575244642
1418	1.95027415625723
1419	1.76599650688237
1420	2.14327270506789
1421	1.88063091551979
1422	2.17046824464768
1423	2.09163211337494
1424	2.20073448381713
1425	2.27373511758577
1426	2.19166254809458
1427	2.09391066141758
1428	1.91655649876804
1429	1.95374231372237
1430	1.91688530772608
1431	1.86367801442434
1432	1.77497920838546
1433	2.10160579923084
1434	1.90030432073586
1435	1.93304919630601
1436	1.45277313956121
1437	1.73170064434057
1438	1.73577587756157
1439	1.90377125884105
1440	1.43009666635807
1441	1.80377771156362
1442	1.79146961994332
1443	1.67966276950561
1444	1.89366169802232
1445	1.82439884228977
1446	2.3360697316771
1447	2.04544446509503
1448	1.71190821449706
1449	2.4425713016926
1450	1.77344284907559
1451	2.26028831438374
1452	1.87466774331372
1453	1.77249071552074
1454	1.95087817575993
1455	1.97954191919524
1456	2.43349483898353
1457	2.22414661426832
1458	2.12334674318556
1459	2.05236604175756
1460	2.05134560544974
1461	2.20211164920224
1462	2.02375995019161
1463	2.07427138202586
1464	1.7766246368082
1465	1.90974842679779
1466	2.24710226323113
1467	1.96183135710108
1468	2.18429720394785
1469	1.70912263259724
1470	2.29720581849411
1471	1.96729888412348
1472	2.16618785537643
1473	1.82017293626434
1474	1.80067925191153
1475	2.12465428136338
1476	2.06175660195643
1477	1.83307646975714
1478	1.69032177638899
1479	2.16085936193589
1480	2.19274437558861
1481	2.26275528415146
1482	2.24609882518197
1483	1.91782854602175
1484	1.86314270935862
1485	2.11010231798054
1486	1.56629550473054
1487	2.04840439206809
1488	1.92089670176926
1489	1.8433770193261
1490	2.19050842699923
1491	1.81778813885818
1492	1.64303464348108
1493	1.71190445322064
1494	2.09593409278644
1495	2.05020484196614
1496	1.88171671438655
1497	1.99840488533158
1498	1.85238624122173
1499	1.82700738429802
1500	2.33143351015836
1501	1.77059635779523
1502	1.80004217887493
1503	2.52639757934383
1504	2.46588769384006
1505	1.87291772046342
1506	1.5040699650119
1507	2.05604094055032
1508	2.39735279049619
1509	2.20522129530929
1510	1.71671507200493
1511	2.05587196520126
1512	2.23299956601084
1513	1.71763732375071
1514	2.01691362329526
1515	1.57206966365066
1516	1.83438000422342
1517	1.99516828208361
1518	2.02892192396993
1519	1.86924715194332
1520	2.02590693497774
1521	1.88858575220514
1522	1.81701159979349
1523	2.53799578226381
1524	2.03697982669002
1525	2.01881475544647
1526	1.98804997565399
1527	2.06523418623686
1528	2.02036625109865
1529	2.02259925438729
1530	1.51348497079418
1531	1.98512205484267
1532	1.90192601482142
1533	2.15276020160313
1534	2.03838858993844
1535	1.82321324360117
1536	1.80446975097916
1537	2.14906729743019
1538	2.1174497446022
1539	2.42379978985943
1540	1.73342630587813
1541	1.89737404984649
1542	1.57207166466138
1543	1.66980039024874
1544	2.4557570554818
1545	1.86229451212816
1546	2.18502441097953
1547	2.25199643643174
1548	2.34835357292351
1549	1.88096239893396
1550	2.05416580995095
1551	1.7628887012912
1552	1.71429136797682
1553	2.3895460471106
1554	2.03503678893725
1555	1.81403899291527
1556	1.73267938403767
1557	1.64663398210329
1558	1.73348115762511
1559	2.04490143898222
1560	2.13330477918915
1561	1.87804257551394
1562	1.9893882079052
1563	2.11438231591302
1564	1.75133408815497
1565	1.77674786896017
1566	1.77552896313788
1567	2.30225471538457
1568	1.50589026525239
1569	1.81253941341953
1570	2.10451449847032
1571	2.246959883022
1572	1.94008078760239
1573	2.05009194886165
1574	2.09498206262005
1575	1.69857343051037
1576	2.22265527541706
1577	1.63799012719256
1578	1.80230177225441
1579	2.33891484507901
1580	1.6400988286888
1581	1.88885439917854
1582	2.00271802060576
1583	1.7997794562908
1584	2.22411370940057
1585	2.06501933603852
1586	1.67362590425459
1587	2.37117334119141
1588	1.721136963746
1589	2.15642294324912
1590	1.99425109926619
1591	1.97764037366157
1592	1.63628796384037
1593	2.03071631518983
1594	2.1443733580098
1595	2.17099103943559
1596	2.50080622253937
1597	2.01456107526636
1598	1.81119428919003
1599	1.99876000726904
1600	1.84293132949135
1601	2.08414743849175
1602	1.90074979585062
1603	2.21861855511273
1604	1.80702026482548
1605	1.70934869020358
1606	1.58948547207238
1607	2.02894677215289
1608	2.22970518938611
1609	1.86726620868418
1610	1.91301305558319
1611	2.05758007869741
1612	1.86707768016773
1613	2.15804889130241
1614	2.1349663742583
1615	2.14910679521698
1616	1.97525380966703
1617	2.09230217243561
1618	1.82500590607758
1619	1.68296872847946
1620	1.64124684409545
1621	1.93512387327889
1622	1.68641550275423
1623	1.96835311371578
1624	2.2096140721406
1625	1.85718739812972
1626	2.53605372891094
1627	2.07179903946663
1628	1.99342032736154
1629	1.97873436926465
1630	2.17350645195314
1631	2.06260944847082
1632	2.07639813315915
1633	1.76299421214868
1634	1.86965505291828
1635	2.20399067777249
1636	2.49026311184691
1637	1.94969509330143
1638	2.21449976476513
1639	1.93147604302946
1640	2.20483941949437
1641	2.91133967501018
1642	2.0689476884889
1643	2.41978534983139
1644	2.19557640123055
1645	2.06362451922961
1646	1.88437702273597
1647	2.14271485269762
1648	2.2660673670306
1649	1.93474594366513
1650	2.330440674196
1651	2.02848927868767
1652	2.16037567649314
1653	1.85222994241136
1654	1.68201411988928
1655	2.28198404026799
1656	1.7530183703829
1657	2.27888268295623
1658	1.6771825414193
1659	1.77329867318347
1660	1.74546505560501
1661	1.71357935847923
1662	1.81913543760076
1663	2.27025726854171
1664	1.80600344839836
1665	2.10721728580109
1666	2.16279708593541
1667	2.39980906172816
1668	1.92406072340806
1669	1.71306791371826
1670	1.82959335870699
1671	2.357795538459
1672	2.24763364939287
1673	1.94653486713943
1674	1.94083417717516
1675	2.27880454244277
1676	2.0765320557532
1677	2.36022114044526
1678	1.58816956863513
1679	2.21109974783781
1680	1.95093826602113
1681	2.22090937352652
1682	1.93174670002674
1683	1.59878115185159
1684	1.76189355865821
1685	2.29410775614433
1686	2.0349124608998
1687	1.93982473315055
1688	1.69488843795561
1689	1.91016493104923
1690	1.90526351085314
1691	2.040304444008
1692	2.23840658707259
1693	2.15954805383336
1694	1.59204743291793
1695	1.7911384747449
1696	2.27815762177008
1697	1.8964993360075
1698	1.80261489353554
1699	1.97750395482714
1700	1.72630457277432
1701	2.07154305597456
1702	2.11091745682756
1703	1.77933573672434
1704	2.97524329912118
1705	1.82915668195949
1706	1.96334747691985
1707	2.42679095325121
1708	2.04328785032063
1709	2.31380802681493
1710	1.78931264373514
1711	2.16685494988739
1712	2.17518979045628
1713	1.82662644979615
1714	2.04689361618058
1715	2.28014008350722
1716	1.88217589885033
1717	1.85876124896994
1718	1.85428562511697
1719	1.95459433011474
1720	2.20622117989379
1721	2.26376216152416
1722	2.12537670478208
1723	1.85684673064308
1724	1.80398775999131
1725	1.54436707451479
1726	1.9336336101573
1727	2.02718179548248
1728	2.12675965915584
1729	1.86371652137607
1730	2.27737121307699
1731	1.7163538743689
1732	2.63401910857122
1733	1.96784478185182
1734	1.74678178375684
1735	1.75125229845553
1736	2.00840350720582
1737	2.04055441344246
1738	2.07888117663964
1739	1.77326908358357
1740	1.93403343946471
1741	2.14251526544228
1742	1.82527429871924
1743	1.79580723990715
1744	2.27203250513136
1745	1.93795033332327
1746	1.87944436250891
1747	2.07579941371833
1748	1.95855260910621
1749	1.65400342822834
1750	1.84486923403008
1751	1.82317659030662
1752	1.97771464446373
1753	1.86466156754997
1754	1.89489024558804
1755	1.99424274882746
1756	1.76850675117086
1757	2.15364981382933
1758	2.2554401885607
1759	2.16285257471902
1760	1.76219067231837
1761	2.11515595478476
1762	1.93542159004532
1763	1.91510385311851
1764	1.83946750943445
1765	2.77023914848968
1766	2.46102055425699
1767	1.71100106753197
1768	1.99032332383113
1769	2.27863667566801
1770	2.17407104952472
1771	2.31684756689978
1772	1.56731952928967
1773	1.68886362740016
1774	2.04301430915583
1775	2.24481980745263
1776	2.44963904799851
1777	2.03311056457958
1778	2.32559947650566
1779	2.20036556667433
1780	2.20423108855041
1781	2.05790471040117
1782	2.03626544210687
1783	2.24883909719473
1784	2.04470237042475
1785	1.7709593414831
1786	1.62316330989919
1787	2.28634229719895
1788	1.96654505345365
1789	1.9687456173659
1790	1.7705577086529
1791	2.02602094722982
1792	2.02714297423832
1793	1.89868337465545
1794	1.90132706574686
1795	1.64632360549879
1796	1.63612001173155
1797	1.98137261441305
1798	1.6998654055326
1799	1.93194355229223
1800	2.03571630104508
1801	2.34436654783356
1802	2.21991540267338
1803	2.03063375035135
1804	2.05207651993059
1805	2.43096337535482
1806	2.07805602372167
1807	2.07993527771968
1808	2.25433704908404
1809	1.98841732992192
1810	2.07908776573085
1811	1.79503791626437
1812	1.84834121312125
1813	1.92301548676963
1814	2.08698040367892
1815	1.98265732033882
1816	1.65569528593367
1817	1.80569502052523
1818	2.04836642664389
1819	1.81482907115037
1820	1.90780584436395
1821	1.91307608479909
1822	2.10396591127284
1823	1.55701368625292
1824	2.26648510483575
1825	1.85696470118856
1826	2.10905527712129
1827	1.99438295415975
1828	1.90513052966017
1829	1.98240974007847
1830	2.19075084569674
1831	1.7491960530512
1832	1.93940870018096
1833	2.63942148691176
1834	1.95826203385067
1835	2.16348212318064
1836	2.43676069911695
1837	2.10655774658587
1838	1.62726811962023
1839	2.03428777859305
1840	1.87068630070141
1841	2.08619130740139
1842	2.2350416680256
1843	1.94362820522832
1844	2.03112517392
1845	2.29716227075547
1846	2.20129148387535
1847	2.03999902634987
1848	1.72004407750156
1849	1.95417910358318
1850	2.21911571057738
1851	1.80242538776918
1852	1.74394884724343
1853	2.03320194106412
1854	2.13702043693824
1855	2.46960390181362
1856	2.31028144981927
1857	2.15241065352021
1858	2.22919879584536
1859	2.03890133065721
1860	1.84709712430696
1861	1.92283586204242
1862	1.94690249179985
1863	2.00141234093415
1864	2.4470178913095
1865	2.12382852270054
1866	2.01285465961177
1867	2.11800956072507
1868	2.05494121041787
1869	2.42404820014826
1870	2.10594145847194
1871	1.740871888342
1872	2.01349908371842
1873	1.73414360408871
1874	1.9880359284971
1875	2.16977671219763
1876	1.74470675356298
1877	1.76691590674554
1878	1.78889718669318
1879	1.91084903779838
1880	2.30476311056496
1881	1.73587851711519
1882	2.10854236106639
1883	1.98075585574604
1884	1.8260428762481
1885	1.88591041519281
1886	2.17733706356254
1887	1.95784022226793
1888	2.03648998103066
1889	1.89241484438827
1890	1.77067978897292
1891	2.07180985055988
1892	2.15722518515144
1893	1.85888997503578
1894	2.16270261624883
1895	1.94291498790592
1896	1.87614924827132
1897	1.55810383358985
1898	1.85936180341382
1899	1.77367822274621
1900	2.09825394684751
1901	2.30386574842264
1902	1.90380620425787
1903	2.03275900389513
1904	1.77305243515779
1905	2.07486793320204
1906	2.24375538926308
1907	2.20321525598554
1908	1.99137998522062
1909	1.94332188795929
1910	1.79687299068597
1911	2.1639575220764
1912	2.31929670887738
1913	1.93058136677178
1914	2.01714785241914
1915	2.00623939435987
1916	2.26150997792569
1917	1.85165032196279
1918	2.01602146472689
1919	2.29692230272339
1920	2.0588488233723
1921	2.23005722403454
1922	1.95573078897378
1923	2.2668817542661
1924	2.08014506073477
1925	2.01595191025329
1926	2.40832461732174
1927	1.8972703446711
1928	2.24481849385636
1929	2.27273882136698
1930	1.73355067169054
1931	2.07728138548029
1932	1.87028906814397
1933	1.86004499072015
1934	1.81122853496324
1935	1.88065701199493
1936	2.31726833961954
1937	1.63503669846519
1938	1.91732437327699
1939	2.15524136775458
1940	1.72068733060273
1941	2.02932750315421
1942	1.87408234175401
1943	2.13285032453426
1944	1.89403832364045
1945	2.0575007216216
1946	1.70892580772165
1947	1.61106707136445
1948	1.7236500283416
1949	2.27689484989315
1950	1.72083321128045
1951	1.95510847357591
1952	2.46410269422151
1953	1.93304926400289
1954	1.75289170686651
1955	2.0991741171557
1956	1.95817149306465
1957	1.79207195817637
1958	2.12496143599552
1959	1.6383485176557
1960	1.74185669969563
1961	1.8909381733968
1962	1.9004847506008
1963	2.08932913365615
1964	1.75435366143056
1965	1.88114871910344
1966	1.94035984671212
1967	1.95657920835347
1968	1.71108409417212
1969	1.8386340896981
1970	2.14526352661133
1971	2.10158733222135
1972	1.67144050877683
1973	1.89625418825112
1974	1.88446920887074
1975	1.80672409385734
1976	2.03808023906452
1977	1.85824261902687
1978	2.01436024905467
1979	2.16987820161936
1980	1.93548347329438
1981	1.76018734420769
1982	1.82549803107892
1983	2.37537592923586
1984	1.92097758480684
1985	1.89966516448734
1986	2.12364849810283
1987	1.8668503544356
1988	2.39298115795304
1989	1.97933880603674
1990	2.01846617938254
1991	1.84394550233786
1992	1.81907523040922
1993	1.90467993329062
1994	2.49926637099476
1995	2.20221663104625
1996	2.02901310383007
1997	1.96269303788189
1998	2.26806167293579
1999	1.90726826093702
2000	1.91644756621323
2001	1.87809087250818
2002	2.23657175955895
2003	1.83476116258311
2004	1.66460265119884
2005	1.97515766408218
2006	1.76536847498761
2007	2.15978044239501
2008	1.7706082341295
2009	1.92495476745106
2010	1.68693860125013
2011	1.740472987793
2012	2.32763377827239
2013	1.67485808868253
2014	1.9429732773153
2015	1.85878779161323
2016	2.11458075718512
2017	1.6566518634519
2018	2.20463543255703
2019	2.40316022772218
2020	2.56751715696313
2021	2.89356757350858
2022	2.37988617168435
2023	1.96154627728788
2024	1.98921973678094
2025	1.86695049440558
2026	1.98889268280916
2027	1.58191950805698
2028	2.06206766376073
2029	2.09427550638698
2030	1.97272863212867
2031	1.82150982905691
2032	2.16575402851103
2033	1.97883588146404
2034	1.96434878082504
2035	1.8804328013345
2036	2.16319393657401
2037	2.31670341063086
2038	2.21256775579817
2039	1.941120768396
2040	2.19324455254611
2041	1.89557834919038
2042	1.66392923392317
2043	1.86709327559095
2044	1.68399034156706
2045	2.54501917504654
2046	1.79506379851425
2047	1.77188565692096
2048	2.08101297871605
2049	1.9057697748904
2050	1.78041311155926
2051	1.6970781159326
2052	2.39432461265311
2053	2.05707477889275
2054	1.80205671286931
2055	1.88674370526014
2056	2.036567839461
2057	1.81730705408454
2058	1.86085021121682
2059	1.94544331852748
2060	1.82278237379346
2061	1.92709390339243
2062	2.40859545918025
2063	1.67355812639655
2064	1.80590877276859
2065	2.01185352384365
2066	2.08440455543405
2067	2.10207728071917
2068	2.0891770694358
2069	1.8359588538405
2070	1.8166078505029
2071	2.06991778404356
2072	1.96348506034874
2073	1.87029705124129
2074	1.78193309266819
2075	1.71884698529492
2076	2.17127436402054
2077	2.06488856811384
2078	2.11035259053702
2079	2.09436374018963
2080	1.80655225506253
2081	2.57445816606546
2082	2.25641842158212
2083	1.74196253669435
2084	1.78406730134081
2085	2.39194243382725
2086	1.9611913877896
2087	1.99433246170913
2088	2.0354132704945
2089	2.0328935893659
2090	1.94559691836798
2091	1.95135445234208
2092	1.82123094712032
2093	1.90826919697418
2094	1.75120584555426
2095	1.7895162766491
2096	2.40664413165893
2097	1.77355032931686
2098	2.59145718587724
2099	1.64945871957216
2100	1.87459947711303
2101	2.04519819131134
2102	1.40945845332363
2103	1.8578796248281
2104	2.00871082542215
2105	1.98895131375864
2106	2.36077748786991
2107	2.33290850775773
2108	1.81159165541506
2109	2.19012940537982
2110	2.17248430903798
2111	1.59015953070127
2112	1.768686259699
2113	2.03819944365576
2114	1.8424761491791
2115	2.08878696491954
2116	2.01363763583475
2117	2.28297720320454
2118	1.91043525579283
2119	2.21768377466609
2120	1.83043916029114
2121	2.25698947077155
2122	2.13942469267636
2123	2.25713400446127
2124	2.08172611046093
2125	2.02569810024262
2126	2.22313583955852
2127	2.57646508422006
2128	1.96367746073255
2129	1.92439915889996
2130	1.91378898518007
2131	1.82052872162519
2132	1.75200920470785
2133	1.77310258646316
2134	1.45410261061116
2135	2.00606564034353
2136	2.05504798842923
2137	1.93172617635843
2138	1.89799809692851
2139	1.77415409283023
2140	2.00261148828061
2141	1.68034828741038
2142	1.70556913135956
2143	2.3773167833634
2144	2.28800029941268
2145	1.9153346367536
2146	1.96092540737757
2147	1.8453301721075
2148	1.85429069733815
2149	2.3766717855752
2150	1.86453384176334
2151	1.91404575901697
2152	1.49554785824217
2153	1.91885815503273
2154	2.49642480761195
2155	2.60417145092106
2156	2.11135764320197
2157	1.89052159807087
2158	2.08880572392228
2159	2.15185526939621
2160	1.81325936774435
2161	2.10802746651722
2162	2.09900996507785
2163	1.84320669087374
2164	2.08149984209677
2165	1.92390436916964
2166	2.20001791002519
2167	2.5590372499581
2168	2.26805896564357
2169	1.83004977989441
2170	2.00898144667041
2171	2.03836484286494
2172	1.92585550358012
2173	1.83044483074251
2174	2.07965936576001
2175	2.22052653341315
2176	2.27534124850113
2177	2.34071075467392
2178	1.77186752730419
2179	1.68726795464428
2180	2.03408684408666
2181	1.86686968367159
2182	2.59047688666429
2183	1.96466185171451
2184	2.13882078131996
2185	2.05258184701143
2186	1.847557278945
2187	2.19931578845336
2188	2.29177787096329
2189	2.10834978044113
2190	1.77427793824604
2191	1.81465668393991
2192	1.78754096533146
2193	2.04896860708978
2194	1.9970907921861
2195	2.02264677182853
2196	2.06699342679463
2197	2.07425499988007
2198	1.75051824465732
2199	2.31025732456121
2200	1.9663415053474
2201	1.77498609421821
2202	1.95265664846002
2203	1.76121780741911
2204	2.24209402955019
2205	2.17492253758295
2206	2.18001433153097
2207	1.91439368713813
2208	1.96691564927617
2209	1.8455931371516
2210	2.21089519902038
2211	2.02105299294221
2212	1.95304752982737
2213	2.27504028402667
2214	1.83147318357953
2215	2.10264527989459
2216	2.17845437503481
2217	1.99985069533518
2218	1.79719828046606
2219	2.00857982540236
2220	1.79445896009938
2221	2.15530906017448
2222	2.02361520924475
2223	1.69620978755264
2224	2.14881167472164
2225	1.79765448649588
2226	2.03523392089463
2227	1.72831017725032
2228	2.0459377741537
2229	2.34185748154918
2230	2.17107213746155
2231	1.92720098716097
2232	2.05185513005206
2233	2.02878095875782
2234	2.19381514755905
2235	1.91256762913537
2236	2.26824454238741
2237	2.08912803672887
2238	2.46080215948802
2239	1.82865900175692
2240	1.85499693614597
2241	1.65810213260865
2242	1.73740383595472
2243	2.44864670053431
2244	1.88934172005058
2245	2.21037824885093
2246	1.76718256723416
2247	1.94216205275328
2248	2.12686643807334
2249	2.05485052212604
2250	2.18067022613921
2251	1.77914421938627
2252	2.0093014850065
2253	1.56940214893905
2254	1.8617664013528
2255	1.9062961652101
2256	1.97574086028517
2257	1.80293074808681
2258	1.91052224927977
2259	1.94124988404613
2260	2.07090356525355
2261	2.21828203379292
2262	2.0613316488215
2263	2.03400350824493
2264	2.12468340910992
2265	1.54264305482823
2266	1.87186497201271
2267	1.85896129572861
2268	2.14624712788794
2269	1.90044829145177
2270	1.79736312930517
2271	1.9687053910028
2272	2.20141501375929
2273	2.30627558792204
2274	2.24479473157261
2275	1.91368168653736
2276	1.77914392584764
2277	1.90930150022733
2278	1.82415922188523
2279	2.0688977833983
2280	1.88374694856749
2281	2.23344742672735
2282	2.25105877896732
2283	2.14910246449554
2284	1.93098495443937
2285	2.29169388559975
2286	2.21965331794376
2287	1.82903584898808
2288	1.93888788816859
2289	2.19932518836463
2290	1.89229172611575
2291	2.23172446558814
2292	2.00282114225118
2293	2.26861691076656
2294	2.21798540207727
2295	1.73774806473306
2296	1.97847316976028
2297	2.09724832085752
2298	1.66151428738359
2299	2.03623032177185
2300	1.97687575155003
2301	1.91016657501851
2302	1.90266312237748
2303	2.17056876743849
2304	2.38298805503795
2305	2.01992849404158
2306	1.78662177130973
2307	1.72702076019151
2308	2.31428554205038
2309	2.29528270310699
2310	2.44316272059499
2311	2.09353680829092
2312	1.71700824023472
2313	1.55609975824029
2314	1.87028564865117
2315	1.79172660504971
2316	2.22961056218877
2317	1.83326477306368
2318	2.24872414248802
2319	2.21228814078685
2320	2.21871004637664
2321	1.95353703926367
2322	2.04746633253856
2323	1.6535285369421
2324	2.23974491749254
2325	1.62068819591088
2326	2.22507574399032
2327	2.17217553211385
2328	1.71974705267329
2329	1.91830033345298
2330	1.85964710213415
2331	1.92972097588596
2332	2.53743095283967
2333	2.12614042071475
2334	2.00078499205459
2335	2.0063894666229
2336	2.2437541243142
2337	1.60770687201789
2338	2.03955408990167
2339	1.90025653126233
2340	1.98834459714851
2341	1.95596603970106
2342	2.10686999911934
2343	2.6386406314342
2344	2.0547106895401
2345	1.77762131724619
2346	1.85048711220847
2347	1.9404906744555
2348	2.0694874471555
2349	2.06924352043436
2350	2.18204386995061
2351	2.19621909251201
2352	2.04808944667772
2353	1.82405722318158
2354	1.92822315186663
2355	2.02803259974736
2356	1.85323273557729
2357	1.94114298597122
2358	1.95703975606674
2359	1.66965631381893
2360	2.03260858739531
2361	1.86629810847015
2362	1.69373744659564
2363	2.03327879521168
2364	1.93827282396174
2365	2.08361819571433
2366	1.61625904823174
2367	1.84126925597061
2368	2.08445404374142
2369	1.76478696596384
2370	2.16810436974434
2371	2.2876006133343
2372	2.20059854064617
2373	2.09017025428655
2374	2.1418889002664
2375	1.74445748599541
2376	2.30302805329421
2377	2.15359328044978
2378	2.58710166114776
2379	2.18483447089356
2380	1.7461399741161
2381	2.02105577924187
2382	2.4010608763259
2383	2.53099887191535
2384	1.68658869480879
2385	2.16401436986199
2386	1.82774287084802
2387	1.88175563792488
2388	1.73806702134192
2389	1.85680987099063
2390	2.02174100701463
2391	2.74626798071672
2392	2.37704257403094
2393	2.08905436853099
2394	1.80882027203364
2395	1.69673540480629
2396	2.60198269611073
2397	1.95835728681879
2398	1.83243669272285
2399	1.97303989024368
2400	1.93699713864145
2401	1.75931634503351
2402	1.7650748069662
2403	2.08030856505126
2404	1.86940156634187
2405	1.76760236515763
2406	2.00520949647359
2407	1.76906493074361
2408	1.87233143196706
2409	1.97164499729442
2410	1.77239039696691
2411	2.10184749458894
2412	2.22197922913941
2413	2.02680755314533
2414	2.21258499012874
2415	1.95345521516718
2416	2.1892767412527
2417	1.80968408738946
2418	1.9929721549197
2419	1.97181506460762
2420	1.69357348052347
2421	1.97625880867161
2422	1.77630391933703
2423	1.60337068003453
2424	2.01401361503901
2425	1.97587610951199
2426	1.77000813436743
2427	2.37877703557693
2428	2.2597836711781
2429	1.83901026917008
2430	2.15076736907811
2431	1.78964919008031
2432	1.95504838139788
2433	2.36258611333631
2434	2.4071486309328
2435	1.90100862897894
2436	2.09536838882707
2437	2.15632930334819
2438	1.68045034718356
2439	1.93408455069841
2440	2.64674166723623
2441	2.37406434698009
2442	1.54211489773765
2443	2.10700262489938
2444	1.72884129214674
2445	2.01897510849025
2446	2.32183996787217
2447	2.68681287314442
2448	1.91299047242355
2449	1.6902779865979
2450	1.9833782525034
2451	2.18812004458132
2452	1.88754249759682
2453	1.90226834067716
2454	2.05447048996684
2455	2.13754114913361
2456	1.8665285878717
2457	2.15070061756462
2458	2.24659930318298
2459	1.88461758471482
2460	2.37877346621056
2461	1.96103038598262
2462	2.3817157304667
2463	1.94381245761246
2464	1.94912048108466
2465	1.88199716931004
2466	1.94492149837069
2467	1.6874494066242
2468	1.8710373272576
2469	2.01654296774008
2470	1.86167592769856
2471	2.16082329224782
2472	2.24146348819774
2473	2.16869002391381
2474	2.02539000007144
2475	1.83248158814984
2476	1.70663705243763
2477	2.60193157339128
2478	2.10677828008486
2479	2.11127390808129
2480	1.86306867103982
2481	1.79802182615643
2482	1.84060629826943
2483	2.2836387147165
2484	1.7592660750836
2485	2.06413566922784
2486	1.65608341569733
2487	2.3091094384641
2488	1.8709466589135
2489	2.17066701176237
2490	1.9051825140724
2491	2.03284901601
2492	2.14438471940205
2493	2.1293967493609
2494	2.29425285695003
2495	1.74689779198624
2496	1.68715086054556
2497	1.92657306802762
2498	2.40508115837749
2499	2.0775988684962
2500	1.88592886494041
2501	1.74032999839349
2502	1.84074559631017
2503	2.00715209731138
2504	2.00817248168595
2505	1.98244983735046
2506	1.86496536614592
2507	1.81687661403265
2508	1.8334559781549
2509	1.97531409295011
2510	1.84580682132117
2511	1.80715870096756
2512	1.9797096443377
2513	1.77142251354314
2514	1.78613935922487
2515	2.2219644789674
2516	2.21402292898766
2517	2.29573713084131
2518	2.01895720223189
2519	1.88050477552492
2520	1.79176744658253
2521	2.03242652114483
2522	2.53138055339613
2523	2.45635470793319
2524	2.12767878535124
2525	2.03137632816275
2526	2.12489275461523
2527	2.5129980473278
2528	2.14509718473538
2529	2.07061680082539
2530	2.17852229405773
2531	1.86831184236184
2532	2.03042777348846
2533	1.99846627544615
2534	1.94502881922082
2535	1.99299430490188
2536	1.91905417886396
2537	2.18951384361562
2538	1.99211169824647
2539	2.13127392023778
2540	1.99311064683012
2541	1.74740516141846
2542	2.04618196602077
2543	1.93886095397289
2544	1.78564435571187
2545	2.1646019728764
2546	1.57639742335976
2547	1.91302880994932
2548	1.71688600854742
2549	1.72583451256875
2550	1.95711803425619
2551	1.9257205027827
2552	1.90165509566549
2553	2.34465803642319
2554	2.0257387344762
2555	2.17348285574498
2556	2.03023005015881
2557	1.84753715895486
2558	1.70532221051625
2559	2.72987930462512
2560	1.94600816352762
2561	2.21419635660057
2562	1.91958519882389
2563	2.12479650752911
2564	1.88921906669438
2565	1.98970788942119
2566	2.07803024758725
2567	1.86352212030078
2568	2.17201393280077
2569	2.11932660540083
2570	1.7931624263786
2571	2.03808674839168
2572	2.39754161731339
2573	1.89446568693131
2574	2.13490956024488
2575	1.97393556278796
2576	1.7084437443591
2577	1.53680800264751
2578	1.72019813085557
2579	2.08374302676733
2580	1.84836350332331
2581	1.66672044459287
2582	1.78737111116333
2583	1.97670942466633
2584	1.90380793832338
2585	2.43035349369423
2586	2.08152529528074
2587	1.989426884715
2588	1.71793519563821
2589	2.14474465152841
2590	2.08449036514796
2591	2.03118412190036
2592	1.93537392503811
2593	1.7457573361455
2594	1.60027563735681
2595	2.100870893142
2596	2.40080158225219
2597	2.0485143299467
2598	1.44147469156731
2599	2.03234469827816
2600	1.65235909111554
2601	2.29456321318493
2602	2.2226937624741
2603	2.24730491949108
2604	2.10596467757316
2605	2.99090767857539
2606	2.37744574540778
2607	2.11111208629612
2608	2.05490668485597
2609	2.00330931453953
2610	2.06506311380115
2611	1.83188408519953
2612	2.32247644893885
2613	2.24991663662643
2614	1.81280266431643
2615	2.15680959336815
2616	2.02562598707134
2617	1.87315036192987
2618	2.13811811018742
2619	1.94884289523753
2620	2.13883349078309
2621	1.83836981320108
2622	2.03837017259268
2623	2.22780192582653
2624	1.80899602932286
2625	1.97037849681741
2626	1.83632833331747
2627	2.16349609326878
2628	1.70487722277355
2629	1.94903047643655
2630	1.72960005050381
2631	1.76929103397957
2632	2.2103434851408
2633	1.85194972192827
2634	1.90360701671703
2635	2.27018525278025
2636	2.13601211194588
2637	1.96727552208204
2638	1.8808776652101
2639	2.34506351309676
2640	2.16331079706897
2641	1.68605257225037
2642	2.32498502783467
2643	1.96125537580945
2644	1.91876377076989
2645	1.93157410419269
2646	1.98621427385098
2647	2.07154886346675
2648	2.09292178497104
2649	2.12201615354701
2650	2.05247225616818
2651	2.06410432689513
2652	2.11528554636294
2653	2.10032050951496
2654	2.22876274127501
2655	2.04236963591161
2656	1.72003342404742
2657	1.48666304692137
2658	1.79448141896857
2659	2.10061767147969
2660	1.81650167161078
2661	1.62674441314066
2662	2.14023099553486
2663	1.92488891894882
2664	1.79583601896724
2665	2.09467926537915
2666	1.5985480997722
2667	2.01536444536497
2668	2.03296243694195
2669	1.99406181740373
2670	2.03544210119294
2671	1.92512822954559
2672	1.83758258616094
2673	1.83530248994759
2674	2.03475639699479
2675	1.97207944855076
2676	1.71306535706268
2677	1.92941252146434
2678	1.90887673003136
2679	1.65566905165875
2680	2.16823228791517
2681	2.4528671384994
2682	1.97436263422552
2683	1.72728655686915
2684	1.95656938335906
2685	2.16923618707949
2686	2.04825504187764
2687	1.7974727641198
2688	2.43982282737156
2689	1.95631883584556
2690	1.8631297914925
2691	1.69730073765863
2692	2.1772617600042
2693	1.85293116595467
2694	2.32149810953472
2695	2.22155741231528
2696	2.55505785890053
2697	2.21158526278328
2698	1.69936645889587
2699	2.1993069746008
2700	2.40089087312
2701	2.00327471922536
2702	1.7464204531491
2703	1.9354142262678
2704	2.35370642100982
2705	2.45207701177198
2706	1.94020404438178
2707	1.52006159834855
2708	1.69342530499796
2709	2.23531446633206
2710	1.99773874893977
2711	1.92920377648247
2712	1.83812347019113
2713	1.72765885100294
2714	1.98295935732775
2715	2.14705028016959
2716	2.13146598757331
2717	2.15100744266991
2718	1.84385126695918
2719	2.03555901273759
2720	2.4696860208817
2721	1.99053486634316
2722	2.51915216649403
2723	2.70006315613262
2724	1.76798786017013
2725	1.96667323381482
2726	2.1031424021705
2727	2.46571656733894
2728	1.59911235447465
2729	1.90894566230002
2730	2.06968005048352
2731	2.11006916099852
2732	2.11772965823405
2733	2.23620546058405
2734	1.89422058249442
2735	1.95611193511408
2736	2.13818119672007
2737	1.87552326378299
2738	1.80915966485837
2739	1.75132411655782
2740	1.98573477043224
2741	2.44375243685867
2742	2.27300694394546
2743	1.8560743457361
2744	1.86040416240171
2745	1.66862297122664
2746	1.84433807522697
2747	2.40797301544025
2748	1.99583139255136
2749	1.87624055135505
2750	2.20926643451654
2751	2.29571286768852
2752	2.26528991550801
2753	1.98321546912534
2754	2.04580633715722
2755	1.63337885589621
2756	2.25962808654137
2757	2.00615951238756
2758	1.95818530189609
2759	1.6396883220437
2760	1.61522634800106
2761	1.64593547565771
2762	2.02612800791144
2763	1.93464387614947
2764	1.6637208129996
2765	2.00693409809001
2766	1.64342451132524
2767	1.92136988291091
2768	2.1111434089838
2769	2.10531973072346
2770	1.96330648290245
2771	1.96215288092759
2772	2.26210098104218
2773	1.71167919122454
2774	2.16411576316652
2775	1.98598651334332
2776	2.11198745103302
2777	1.86605721371704
2778	1.77337574804515
2779	2.27176181853929
2780	1.99199125759055
2781	2.01550036413874
2782	1.97282053658438
2783	2.0781405004218
2784	1.87456864724364
2785	1.91750516001198
2786	1.98933214966709
2787	2.04666331056055
2788	1.94858314356252
2789	1.88318887830813
2790	2.44093257477914
2791	1.98901909323538
2792	1.96958383026288
2793	2.0458042219993
2794	1.84879794308476
2795	2.09525187120836
2796	1.98685829205015
2797	2.08516658669313
2798	2.10680081371758
2799	1.80971907710865
2800	2.03570548189886
2801	2.37022234466215
2802	2.21886287519189
2803	1.87390303860641
2804	1.59729532755247
2805	1.85950657186893
2806	2.56219057499346
2807	2.66596367522564
2808	2.04559140433688
2809	1.77949104386708
2810	2.14142749792297
2811	1.90643160848318
2812	2.10011747577939
2813	2.45585652439678
2814	2.47470989701041
2815	2.20810947809321
2816	2.03421836395768
2817	1.9262580421266
2818	1.78179522461942
2819	1.8395929273841
2820	2.0021381624457
2821	1.77137514467886
2822	1.75588944343609
2823	2.59669120426314
2824	1.71370863355229
2825	1.88466678009346
2826	2.07256604682444
2827	2.5244246736761
2828	2.15173979664489
2829	2.35493772618407
2830	1.9165246008568
2831	2.04603601505878
2832	1.8632652674231
2833	2.5381326654514
2834	2.13506298363843
2835	1.923361024385
2836	1.87900359422189
2837	2.20030003388798
2838	2.10476876697525
2839	1.7308450733161
2840	1.76644396676104
2841	2.07506546401547
2842	1.98258419606742
2843	2.02324621879396
2844	2.17440486620669
2845	2.20683137037684
2846	1.81334140406894
2847	2.02254579178369
2848	1.84447093209702
2849	2.39021848491503
2850	2.03811692523498
2851	2.2487037777505
2852	1.81237381278039
2853	1.71161982314253
2854	2.24028260644733
2855	1.55798168381901
2856	1.70642779731341
2857	1.89953505460025
2858	2.26429014944337
2859	1.90891840213138
2860	2.08925535321729
2861	1.89034134726909
2862	2.26481307194413
2863	2.43043171271347
2864	2.22189107834499
2865	2.04797807420274
2866	1.75817109250616
2867	1.72596113852921
2868	2.47511314118891
2869	2.09033637891598
2870	2.13365022907403
2871	1.62973249135002
2872	1.77285531723593
2873	2.52236704537581
2874	2.30032691427941
2875	2.12957888721864
2876	2.18785322071522
2877	2.19391705591408
2878	1.94655350396798
2879	1.95438736710287
2880	2.6247163100287
2881	2.24380423667536
2882	2.16506083459675
2883	1.86728471434044
2884	1.90266327770236
2885	1.74237275861983
2886	1.96808555986435
2887	2.27930291805881
2888	2.00674014415596
2889	1.87000080290676
2890	2.19018737348363
2891	1.80006392072334
2892	1.95641413823569
2893	1.75899177717301
2894	1.80035700225877
2895	2.00114432211998
2896	1.76965432593586
2897	2.23850594296082
2898	2.10930153555122
2899	2.06621585994362
2900	2.28210039245378
2901	1.86108715350418
2902	1.76643990650883
2903	1.97882664701447
2904	2.04578880429792
2905	2.00264698035234
2906	1.48231046256965
2907	1.8660820807662
2908	1.86621395261233
2909	1.8411087162532
2910	2.46337827951051
2911	2.02984700088676
2912	1.74336422567241
2913	2.08977856002012
2914	1.58381797894203
2915	2.16030037578584
2916	1.90720982706775
2917	1.79056601613904
2918	1.97032582131688
2919	2.54836815441771
2920	2.06361015084938
2921	1.85323454342601
2922	2.04785891052151
2923	1.60476553612765
2924	1.99292231560893
2925	1.92492649694002
2926	1.72752997095984
2927	1.87895491161551
2928	1.94788319510583
2929	2.07964025188756
2930	1.87533762133627
2931	2.12355577540514
2932	1.68350385182321
2933	1.84608434214754
2934	2.02923177517938
2935	2.10760112999315
2936	1.98561233837403
2937	2.50774828574183
2938	1.6164204507346
2939	2.24547068318077
2940	1.83662845029663
2941	1.72649329106802
2942	1.83221062030028
2943	2.25475640814251
2944	1.54834445933233
2945	1.98519639853512
2946	2.09812645975357
2947	2.04340069604905
2948	2.02052309249407
2949	2.29217642790641
2950	2.1284576863468
2951	1.84840338544927
2952	1.59729509548117
2953	2.31263823776915
2954	2.25117771075418
2955	2.36045305048333
2956	2.72425534292504
2957	1.99194795509796
2958	1.86853716668237
2959	2.21774824446962
2960	1.99548460284057
2961	1.86303929342157
2962	1.88406557832278
2963	2.24940852262595
2964	2.11461170006533
2965	1.68398112023439
2966	2.09424347653807
2967	1.81018835268346
2968	2.46280485276673
2969	2.12688842287136
2970	2.00223236174084
2971	2.10189903659358
2972	1.97276344019441
2973	1.91570408180804
2974	2.30927771960867
2975	2.04422567611761
2976	1.78889702255562
2977	1.85254861582421
2978	1.87357923622385
2979	2.28815699979059
2980	2.18768869157501
2981	1.73290096152522
2982	2.0669032137852
2983	2.00462612674526
2984	1.68277785894181
2985	2.14404629209331
2986	1.95601960250829
2987	1.68009117358823
2988	1.91243862703783
2989	2.08778800258186
2990	2.08533679955341
2991	2.08337576281042
2992	1.95441765190783
2993	2.06926269313365
2994	2.28404332696568
2995	2.03112627039465
2996	2.01657225532245
2997	1.97467555207204
2998	1.56321593653785
2999	1.95697932890255
3000	1.94005409455545
3001	1.77483389116779
3002	2.22902617941056
3003	2.17153548047137
3004	1.98032037154646
3005	2.06266520673477
3006	1.81265991325817
3007	1.74006840663257
3008	1.84828126591937
3009	2.38898981400033
3010	1.99153010699099
3011	2.04712147507782
3012	1.77324866904825
3013	2.28801503216857
3014	2.0606721306613
3015	1.92420233324902
3016	1.86362271224042
3017	2.00274641187588
3018	1.85002111268955
3019	2.36904203501002
3020	1.91628693131688
3021	2.04811790190055
3022	1.55946270497886
3023	1.99233104364307
3024	1.79901528900132
3025	1.98253305332366
3026	2.18517879456085
3027	1.90901291285514
3028	2.35097353106946
3029	1.94958285769921
3030	1.61897936587442
3031	1.79582745493838
3032	1.90781184492702
3033	1.95298207661992
3034	2.28312815963733
3035	1.79184065617179
3036	1.84116136084944
3037	2.14326546884891
3038	2.13775021984689
3039	2.4590875011245
3040	1.73987159387375
3041	1.88776864086788
3042	1.70455746249339
3043	1.79560582943545
3044	1.88804997522602
3045	1.95597688772283
3046	2.39516968321058
3047	1.87297648531516
3048	2.03170869292319
3049	1.78979210224577
3050	1.78426198090422
3051	1.86899302736997
3052	1.89930334254838
3053	2.05594605713962
3054	1.70444529798591
3055	1.89648551913846
3056	1.53870953315012
3057	1.70725849070246
3058	2.24936819734083
3059	1.73066827167791
3060	2.04672494644416
3061	1.8105194154413
3062	2.05798794295534
3063	1.60554731995145
3064	1.63414471394221
3065	1.84900973992708
3066	1.73143473851937
3067	1.7525103088034
3068	2.24245961567895
3069	2.66504869869072
3070	2.46916480051034
3071	2.06170591259428
3072	1.8731112216601
3073	2.32091539136492
3074	2.13495320931058
3075	1.96092711106428
3076	1.75159642966509
3077	1.94694791453318
3078	1.98262422683782
3079	2.31798008264036
3080	2.35615309106157
3081	2.09562269476731
3082	2.13195150786258
3083	2.06911029202058
3084	2.20384265700751
3085	2.05345840706992
3086	1.95436319654618
3087	1.63962950371525
3088	2.19360960401288
3089	2.06837074692818
3090	1.70843734619493
3091	1.99758903010417
3092	1.68382390212206
3093	2.04578941184049
3094	2.23210456403937
3095	2.02349744487625
3096	2.06022216795138
3097	2.15039678530701
3098	1.71496117459087
3099	1.8863920400281
3100	1.71443233994975
3101	2.05043086974036
3102	2.29710062823601
3103	1.71713528277812
3104	1.69096077427124
3105	1.72449685925626
3106	2.13754265299898
3107	1.94053891350125
3108	1.78318719215105
3109	1.96127103243513
3110	1.95679232261288
3111	1.65589407458465
3112	1.95873936226388
3113	1.78018710934742
3114	1.82245389672613
3115	2.49453910023212
3116	2.00569021203063
3117	2.05909121621225
3118	2.06180026982592
3119	2.28375006987694
3120	1.86412709037783
3121	1.7198526708749
3122	2.0490817655825
3123	1.89946150258939
3124	1.63438990575955
3125	1.53664881574691
3126	1.79503244031841
3127	1.90111371417349
3128	1.70311448918074
3129	2.17520002950148
3130	2.16366321009583
3131	2.08425603545234
3132	2.24166452116235
3133	2.03071829750212
3134	2.01090378789069
3135	2.53236668005565
3136	1.92755634694337
3137	2.41355805316849
3138	1.86743552405474
3139	2.11293698679488
3140	1.8251232831593
3141	2.26000962107208
3142	1.73945723614409
3143	2.1229546440121
3144	2.61877093685917
3145	2.32969391451197
3146	1.57274509323226
3147	1.79880591446595
3148	2.05454153723462
3149	1.72391357175366
3150	1.82030873530288
3151	1.95257882101958
3152	1.82699869788388
3153	1.83502644088751
3154	1.88909538646393
3155	1.93555435727301
3156	2.24906145819154
3157	1.93892622683924
3158	2.09921066181953
3159	2.00209831661525
3160	2.06983789694441
3161	2.21865075972823
3162	1.83585456746638
3163	2.28710465388543
3164	2.3040043654657
3165	2.17065660714668
3166	2.21449559903471
3167	1.81332950514684
3168	2.02470583034873
3169	2.17216366693691
3170	2.32612515827257
3171	1.95583245051142
3172	2.00538806861734
3173	2.35636896864944
3174	2.69133881641
3175	1.7796187106484
3176	2.03464307298422
3177	1.78862373103416
3178	1.96441895451176
3179	2.29172232873025
3180	1.85547078456592
3181	2.26083513226689
3182	1.94945428882655
3183	2.04264000532448
3184	1.37791570188623
3185	1.67381247503992
3186	1.74453216442459
3187	1.78321874552207
3188	2.00459240982694
3189	1.65312333274328
3190	2.50463096598135
3191	2.29136933453181
3192	2.2282261998826
3193	2.02747218188746
3194	1.99824358663285
3195	2.03026269542805
3196	1.93099496926141
3197	1.90861077486305
3198	1.68978381395338
3199	1.82696885818579
3200	2.14961700215807
3201	2.28026155399158
3202	2.25753763941386
3203	1.89752211233853
3204	1.68391517071987
3205	2.22921873760047
3206	2.49638836082492
3207	2.00998793448745
3208	1.72560621466305
3209	2.06344761647618
3210	2.60539171167657
3211	2.7273693474372
3212	2.36369166608506
3213	1.92166373602614
3214	1.91043990362995
3215	2.12449322732374
3216	2.16494471769008
3217	1.71412252163146
3218	1.94597000101147
3219	1.8888529539848
3220	2.14918503534033
3221	1.87196738242121
3222	2.15060497021742
3223	2.1178030951422
3224	2.34350991130174
3225	2.05355756544489
3226	1.99670905566014
3227	1.67600729237063
3228	1.82796893451208
3229	1.76419680470522
3230	2.07650963152167
3231	2.44371159026423
3232	2.22782280734675
3233	2.01594981524377
3234	2.26809953571792
3235	1.89565082556216
3236	2.24605585206592
3237	1.8204648194281
3238	2.30196237212364
3239	1.83559629110662
3240	2.28967530310835
3241	1.89895892004728
3242	2.11519914607156
3243	2.05750823608123
3244	2.07460668940436
3245	1.85056789364594
3246	1.82447788379251
3247	2.06030049846021
3248	2.29957178115824
3249	2.17909022135119
3250	1.87669486663861
3251	1.97731894523276
3252	1.67889461799691
3253	1.90946651690311
3254	1.81547873595682
3255	1.86977107007907
3256	1.7746267425995
3257	1.87876065769233
3258	1.89794147363575
3259	1.71061802691718
3260	1.95337736324391
3261	2.21516562014773
3262	1.90952156612056
3263	1.4907400239873
3264	2.15615335222478
3265	2.05475109177431
3266	1.87512510509891
3267	2.13379694300861
3268	2.04378940115475
3269	2.00157123289599
3270	2.30928664157369
3271	1.75204121185099
3272	2.17476148212957
3273	2.13178808860077
3274	1.9797397161622
3275	2.35763467799888
3276	1.90232195178332
3277	2.26206173670659
3278	1.96896096569731
3279	1.79217152120377
3280	2.3411148466606
3281	2.25716656478257
3282	1.51114160151031
3283	1.71479532309517
3284	2.08154407758008
3285	2.20771025457865
3286	2.35295596395949
3287	2.0622480746962
3288	1.84735594844945
3289	2.08511774771364
3290	2.08537158303355
3291	2.02372599209528
3292	1.96764968407541
3293	1.92304103379109
3294	1.93246240946912
3295	1.82829227272291
3296	1.85862798301533
3297	2.20453687137381
3298	2.04498797827437
3299	2.0425137407194
3300	2.17563650569993
3301	2.19055884455031
3302	1.85389956601749
3303	1.84046388896745
3304	2.44084786837996
3305	2.22513003494178
3306	1.83718313281878
3307	1.46838390683984
3308	2.10411572134436
3309	2.20062569181067
3310	2.07362768777636
3311	2.17499265530449
3312	2.07604534288781
3313	2.15596869106958
3314	2.26544784094495
3315	1.83956518014325
3316	2.22798689974773
3317	1.89113385448072
3318	1.93871916751174
3319	2.30662017498438
3320	1.99526421791293
3321	1.90354445584089
3322	2.372679939334
3323	2.06529951501704
3324	1.99433325079896
3325	2.0286706238326
3326	1.85846150846578
3327	1.96958482091716
3328	2.19754785625918
3329	1.86298909470565
3330	1.99253050089402
3331	2.37179759113046
3332	2.05940213306164
3333	1.64231103437797
3334	2.22825261409937
3335	1.82599007953535
3336	1.96837625104218
3337	1.92417579821253
3338	2.22161303870774
3339	1.98550183934497
3340	1.67458896251458
3341	2.49129253351449
3342	1.81447053261733
3343	1.94538055049762
3344	1.77503373874193
3345	1.95515474727235
3346	1.96619499661473
3347	2.17946741516372
3348	2.21339705753503
3349	2.41930677972158
3350	2.13065816192692
3351	2.35338853238312
3352	2.01624277502574
3353	2.21281591110408
3354	2.07751746577229
3355	2.04879008343811
3356	1.93491136141887
3357	2.17492838637205
3358	1.88298173952765
3359	2.25487389568608
3360	2.02378195938454
3361	2.10497758198024
3362	2.38754374686963
3363	2.16732260924278
3364	1.77384230087193
3365	2.35539955608196
3366	1.88725504847676
3367	1.91707281554903
3368	2.25370227408983
3369	2.31674895284415
3370	2.09495039787764
3371	1.94480573034878
3372	2.08063927069626
3373	1.85757558161398
3374	1.80812372941544
3375	2.22111517138222
3376	1.72911565325627
3377	1.75550320166535
3378	1.6807580433842
3379	1.96406556897741
3380	1.69928097545241
3381	1.65578865262267
3382	2.53283899347826
3383	2.11329173148205
3384	1.65540861419297
3385	1.72213420195391
3386	1.83196448355075
3387	2.35770438777897
3388	2.27252859864428
3389	2.45786451744609
3390	2.26522465853643
3391	1.94808236019395
3392	1.92809182903333
3393	2.18782787151706
3394	2.4087216979773
3395	1.92078157435607
3396	1.5978253137924
3397	1.92304196344697
3398	2.08890013056484
3399	2.34110923796943
3400	1.84579707072279
3401	2.09514323084188
3402	1.95694970584218
3403	2.1275547086885
3404	1.85340946526134
3405	1.98609773250118
3406	1.80648893607563
3407	1.88729069211446
3408	1.84581769011729
3409	2.02292275090225
3410	2.4162642633951
3411	1.93908108366258
3412	2.11502134714272
3413	1.82424653800449
3414	1.64062472540586
3415	1.73897316293262
3416	1.9245630364894
3417	2.0575370439723
3418	1.39537919986042
3419	1.69673329825754
3420	1.92524097618132
3421	2.01478804783888
3422	2.07243268551575
3423	1.9240802307397
3424	2.37397983286089
3425	1.77747740543538
3426	1.99278584298239
3427	1.98961198914572
3428	2.15968044436683
3429	1.97570623173145
3430	1.72403007003156
3431	1.8971299863022
3432	1.68253972592874
3433	2.23235187182142
3434	2.1429727611171
3435	2.22331219285026
3436	2.11694080849172
3437	2.21964074196897
3438	1.92042144915648
3439	1.91743500305396
3440	1.76238708893641
3441	1.9234378743103
3442	1.90796077150624
3443	1.40097785972826
3444	1.94410283820641
3445	1.77532108252494
3446	1.9627634563307
3447	2.01513091038925
3448	1.66885343220188
3449	1.82293335463246
3450	2.38256622273093
3451	1.82453570537138
3452	2.56108138894764
3453	2.37982246677096
3454	2.24970480006157
3455	2.13921418684197
3456	1.88559993802955
3457	2.04828758174632
3458	2.3756222139559
3459	2.25283791030706
3460	2.11548252460553
3461	2.05006923844543
3462	2.1121855263254
3463	1.92193482524281
3464	2.18483877466982
3465	2.31646113257542
3466	1.83870540137
3467	2.04898681735723
3468	2.08836802940485
3469	1.93192355449714
3470	2.09015906558593
3471	2.16145786843186
3472	2.15102547002861
3473	2.54259248866277
3474	1.99361145557992
3475	2.42372544914861
3476	1.86822901841088
3477	1.93376509919552
3478	2.16504263750477
3479	2.03639264926186
3480	1.54396203081784
3481	2.53188977686493
3482	2.20384931871356
3483	1.77874837178417
3484	1.86736539714847
3485	2.1711675731616
3486	2.09436735244803
3487	1.89880979021609
3488	1.87466962224836
3489	1.88383686480194
3490	1.88650387465619
3491	2.09025087083173
3492	1.7372575045099
3493	1.53946769714264
3494	2.04459711733104
3495	1.77918316032302
3496	1.9989587076909
3497	1.9450607469276
3498	1.91356595780017
3499	2.09000724586099
3500	2.07244834661532
3501	1.92404350264933
3502	2.20125666474464
3503	1.68737961378322
3504	2.20162983292024
3505	1.84421072340708
3506	1.74530723843933
3507	2.11024702561231
3508	1.83419103356074
3509	1.91238830155685
3510	1.84646653868442
3511	1.77575836290575
3512	2.10624424520826
3513	1.8297645349779
3514	2.03067478021401
3515	2.02600972605027
3516	2.09037197533352
3517	1.74955908347769
3518	2.05672056965294
3519	1.92701109865717
3520	2.24563003066324
3521	1.89961072951349
3522	1.81867869919685
3523	2.24021625259909
3524	1.6166620873541
3525	2.21277893626655
3526	2.03696943565908
3527	1.94617964177223
3528	1.8388523134427
3529	2.29018007226101
3530	1.85955640877878
3531	2.07073946379257
3532	1.91754579489145
3533	2.10495298764025
3534	2.14237960626803
3535	1.90899951412166
3536	1.95639575620796
3537	2.16461144808533
3538	2.18499847136938
3539	1.8659961295883
3540	1.88170012664177
3541	1.82414029045342
3542	1.52573262238334
3543	1.62480149177419
3544	1.8781060071887
3545	1.90054930523869
3546	2.39780393981822
3547	2.01778792435176
3548	1.84364288093608
3549	1.69650146528456
3550	2.10935149523291
3551	2.33354138264466
3552	2.1180880713352
3553	2.03427288110832
3554	2.30206679906575
3555	2.08851351466748
3556	1.96465967977081
3557	2.2785277106124
3558	1.76190886940052
3559	1.8607344674369
3560	1.99412108695256
3561	2.2566704874429
3562	2.35134475553799
3563	2.44272950201714
3564	1.96250391237704
3565	2.23311083256623
3566	1.97197409297616
3567	1.96922070028083
3568	2.25869056206205
3569	2.08944718780202
3570	1.82839678767793
3571	2.28396567779301
3572	2.1661671061748
3573	2.26572985200918
3574	1.79619963392094
3575	2.1127816336364
3576	1.9111582744949
3577	2.41658924514461
3578	1.98051709087003
3579	1.79435493222146
3580	1.88722459875224
3581	1.80493291173055
3582	1.8822372276077
3583	2.00953764012339
3584	1.94227893135104
3585	1.60294606654583
3586	1.68732425380678
3587	2.33776428753145
3588	2.20462328063573
3589	2.08926479720956
3590	2.18865466066752
3591	2.0097938548671
3592	1.81262432213072
3593	1.96859634338227
3594	2.04152598915696
3595	1.82277204566543
3596	2.44382624278094
3597	1.69705137394354
3598	1.94778237750611
3599	1.71990814986229
3600	1.81639241362913
3601	2.46164561540219
3602	2.11022583563242
3603	1.99850001989979
3604	1.85726998033923
3605	2.14750922198161
3606	2.06283420651275
3607	1.94220101903206
3608	1.83058584251535
3609	2.0532310735299
3610	1.88040158177169
3611	1.77553125469574
3612	1.75636012157867
3613	1.93848916799372
3614	1.98893543486971
3615	1.90486989099018
3616	2.0628659304942
3617	2.07580695871626
3618	2.25607351267893
3619	2.38961877137773
3620	2.25527912242702
3621	1.74939407059629
3622	1.87607553333145
3623	1.89308718760715
3624	1.68230682365782
3625	2.16047376963117
3626	1.90956588968338
3627	2.22118650349172
3628	1.89724884496305
3629	1.78270480742931
3630	1.89447220024921
3631	2.11002427141932
3632	1.85012138008005
3633	1.81142954794277
3634	2.07328216848428
3635	1.86025812712637
3636	2.36479640229293
3637	2.10772656391591
3638	1.87611003625621
3639	2.01316495886086
3640	1.89527335710561
3641	1.84344720934148
3642	2.18397238055195
3643	1.82120943637215
3644	1.74664953076899
3645	2.31716728503783
3646	1.69317335019313
3647	1.6769108695673
3648	1.99628688151633
3649	1.7312051462874
3650	1.92247622312355
3651	1.90242784997108
3652	2.07809659050394
3653	1.93688556241836
3654	1.82695808097022
3655	2.21940096170386
3656	2.03320274148383
3657	1.99153882160366
3658	1.79769170706171
3659	1.79754437194824
3660	2.01416023635963
3661	1.91690107938404
3662	1.76245321163795
3663	1.83255283501636
3664	2.11287549851585
3665	1.96599977954873
3666	1.8095935929177
3667	2.07137200183144
3668	1.99821712588333
3669	1.81301286714717
3670	1.97517634636355
3671	1.97130342367604
3672	2.1753780736598
3673	1.88536292198097
3674	1.89939401250387
3675	1.85772804035684
3676	1.84004662520322
3677	1.83302663784488
3678	2.20860514605988
3679	2.25703200161902
3680	1.66189310752244
3681	1.82902155212047
3682	1.87407771700183
3683	2.1492195746695
3684	1.97425587729844
3685	2.06246198326479
3686	1.76331242273704
3687	1.78812082491818
3688	2.01613162380648
3689	1.95064136400101
3690	1.92387926918429
3691	1.97032312302604
3692	2.26599669091585
3693	2.42226463197038
3694	1.8368506517248
3695	1.85331881989574
3696	1.94512276582135
3697	1.98670995654539
3698	2.01651451693006
3699	1.96893086969953
3700	2.02104681672302
3701	2.22599666409446
3702	1.77970418532757
3703	2.110726994784
3704	1.54229763167732
3705	1.9344447165936
3706	1.94533745625077
3707	2.18251296881889
3708	1.67273822526083
3709	1.98861715630515
3710	2.07119081526042
3711	2.04310314047011
3712	2.15834861917981
3713	2.1953410776271
3714	2.30063837303237
3715	1.89037210929997
3716	1.78691344534316
3717	1.80830067223346
3718	1.795022173931
3719	2.14130412403717
3720	1.89395272310336
3721	1.76745401040961
3722	1.70252695938529
3723	1.68404724712176
3724	2.00841026263238
3725	1.78355052966975
3726	1.85174096371751
3727	2.5911581540245
3728	1.97414860099124
3729	1.76907000090314
3730	2.10054640836204
3731	1.62753468490988
3732	1.80377884844336
3733	2.02872245907063
3734	1.66410601673585
3735	1.84064765487637
3736	1.75877676897996
3737	2.06594020838494
3738	1.87122073977765
3739	2.37868297839826
3740	1.69524750112382
3741	1.80674737519641
3742	2.51828359718779
3743	2.38822727440801
3744	1.96120629279399
3745	2.33813252014231
3746	2.29417282942306
3747	2.01316690147313
3748	1.45420303381679
3749	1.76325144628184
3750	1.59084376563784
3751	1.74596249993533
3752	2.3283304467848
3753	1.97617899806782
3754	2.38043810072159
3755	2.0552804927048
3756	1.88042613782565
3757	1.76338938981504
3758	2.2899879801152
3759	2.1093359057746
3760	1.82705793795143
3761	1.89600654424915
3762	1.55387936335514
3763	1.76447512720445
3764	2.56313307790837
3765	2.23647824465678
3766	2.03168912713764
3767	1.80158769436055
3768	2.10834824811389
3769	2.13925142482491
3770	1.67418546394011
3771	1.90325743074564
3772	2.06379279321091
3773	1.89896353215486
3774	2.16487056105654
3775	1.85339775726787
3776	1.90943946060689
3777	1.93825854851978
3778	1.96460633280628
3779	1.69780073158395
3780	2.35829594872888
3781	1.74038077823831
3782	1.86727798603403
3783	1.69559088353036
3784	1.80834956795677
3785	2.00813558903314
3786	1.86409372734244
3787	1.98250633182733
3788	1.97530250103055
3789	1.9704664229984
3790	2.03006871129647
3791	2.20700231941653
3792	1.74506352356154
3793	1.82012983918043
3794	2.03733473426001
3795	1.77949094689833
3796	2.03132149202552
3797	2.20357073972893
3798	2.01994094757144
3799	1.59993067848784
3800	2.00160316115863
3801	2.10614303410235
3802	2.36827116742391
3803	1.85070083534772
3804	1.59209303953238
3805	1.89137944590815
3806	1.77829365782382
3807	1.84885437801024
3808	2.0560760843657
3809	2.548228633896
3810	1.78836920911947
3811	2.01795126626325
3812	2.09459147852804
3813	2.03383987606916
3814	1.73572112497076
3815	1.83125267210178
3816	1.96284093844101
3817	2.5451545301591
3818	2.29779543809857
3819	2.24671789889169
3820	1.69822412658177
3821	2.16384344453113
3822	2.22222399041904
3823	1.85810050546705
3824	2.09322858535022
3825	2.18581777326853
3826	2.11140670206753
3827	2.00856354605097
3828	1.49805145174676
3829	2.1109996706844
3830	1.92235547243674
3831	1.73394200910691
3832	2.58070059767263
3833	2.64207158256079
3834	1.8415249905255
3835	1.98800565431666
3836	1.75046980900999
3837	1.84039718686435
3838	1.99325106685937
3839	1.80408127492222
3840	2.12795510047333
3841	1.92164551975875
3842	1.90365995686332
3843	1.81563505561107
3844	1.83860837739761
3845	1.98880226417078
3846	2.03510650566242
3847	1.61745113059092
3848	1.96552757617165
3849	2.20957039220713
3850	1.57689938944346
3851	1.98394189734815
3852	2.22826212050515
3853	2.11775747649435
3854	1.79277925547857
3855	2.51339689417538
3856	2.13477791384434
3857	2.06362602933978
3858	1.79997646906221
3859	2.09888486874166
3860	2.09260326177889
3861	2.35340763675019
3862	2.07594427770252
3863	2.15856574558982
3864	2.16239522013271
3865	2.38632942998395
3866	1.91899242259245
3867	1.90421370923129
3868	2.30286831420508
3869	2.14416082801053
3870	2.27243410910061
3871	1.74952505222012
3872	1.69917064427605
3873	1.98520084536048
3874	2.06351685002704
3875	1.93323887527266
3876	1.87378432623102
3877	1.93607118504134
3878	1.77374940314156
3879	1.67954900996018
3880	2.34435954843547
3881	1.98709099824642
3882	1.98805253363545
3883	2.16942834965246
3884	2.15104154243458
3885	1.86855894013474
3886	1.77561162373133
3887	2.11139116078784
3888	2.48403210686567
3889	2.18357444663978
3890	1.7722892553092
3891	2.09359038635359
3892	1.814586609135
3893	1.78105421298477
3894	2.10355524038544
3895	1.80242441658194
3896	2.16425334317142
3897	1.70315564078168
3898	2.00681436126166
3899	2.30948930718586
3900	2.15480078609782
3901	2.18414825271285
3902	1.946457625103
3903	2.17534627683156
3904	2.00600475717959
3905	2.15461552506196
3906	2.23120499569879
3907	1.92218447572323
3908	2.18743921974639
3909	1.82069951449135
3910	1.85031991261792
3911	1.98471047959333
3912	2.05129325539462
3913	2.11771078428628
3914	1.94110255640048
3915	1.5298277498549
3916	1.75049577968175
3917	1.54597074446178
3918	1.6651563903599
3919	1.682325618064
3920	2.47133458396452
3921	1.84605837326186
3922	2.07896315914335
3923	1.76209145978039
3924	1.75178300925374
3925	1.78774496476823
3926	2.44759225928833
3927	1.94171942430204
3928	2.04625261281093
3929	1.94522710658074
3930	2.1625021031776
3931	2.17752518991319
3932	1.97887215533529
3933	2.27622078052029
3934	1.67174582653708
3935	1.98274026395258
3936	2.0406521426437
3937	1.70407823997184
3938	1.86500208260135
3939	1.82121509683826
3940	2.16281995930879
3941	1.89749449541116
3942	2.01556918089376
3943	1.92770870849405
3944	1.91173667707449
3945	2.24214442085691
3946	2.24316169213705
3947	1.88761426824884
3948	1.96511112795116
3949	1.8996519591405
3950	2.25948297493949
3951	2.04385500659638
3952	2.61133311777384
3953	2.4701958527439
3954	2.30122198854782
3955	2.2777071060349
3956	2.19166746594409
3957	2.09005721210185
3958	2.24053973453285
3959	2.03211726402112
3960	2.69924185259385
3961	2.14303453306516
3962	2.2829725729492
3963	2.1500390490409
3964	2.03974815367665
3965	2.19898241277518
3966	1.6667312810923
3967	2.05325496283526
3968	2.55942236199299
3969	2.27600286095724
3970	2.40363643315157
3971	1.99728025402812
3972	2.16175812644708
3973	1.89101714247209
3974	2.54985907689489
3975	2.01574759698575
3976	1.88904929263245
3977	1.75207191377892
3978	1.98416202719918
3979	2.00869394443566
3980	2.09710822830339
3981	2.20410774021751
3982	2.28228426358027
3983	2.08061394689696
3984	1.72092196642252
3985	1.66318975340711
3986	2.02033952057138
3987	2.13742726029013
3988	1.92318529093173
3989	1.81115102709187
3990	1.68857398004797
3991	1.91267634409968
3992	2.08607582175409
3993	2.06395127922031
3994	2.05988575216408
3995	1.8484324941565
3996	1.5376247743039
3997	2.29673356709433
3998	2.37379887662611
3999	2.2880466271172
4000	1.87553449819008
