"LogLikelihood"	"Iteration"
2707.60500010715	1
2701.81599900072	2
2702.12971030642	3
2703.33130955187	4
2689.25902077582	5
2691.75365016068	6
2703.40261452193	7
2705.84773450628	8
2706.442115335	9
2695.48273157684	10
2696.19805818527	11
2713.08695211833	12
2701.28592052555	13
2706.14037453057	14
2697.35669796576	15
2699.84506423842	16
2708.70963979209	17
2709.13070796734	18
2707.54057770834	19
2696.30685709715	20
2705.35023342827	21
2697.2732282492	22
2695.77055996573	23
2694.9564484798	24
2701.32244105628	25
2700.42355186728	26
2706.156336194	27
2705.93023494921	28
2695.68090513202	29
2707.93173138688	30
2708.41021169828	31
2710.11974109881	32
2703.3989802699	33
2701.3054125337	34
2707.9375682356	35
2696.95656353572	36
2695.03548050695	37
2700.77124204549	38
2713.45149005252	39
2698.07282976024	40
2693.09934477662	41
2702.25632898158	42
2699.82811755258	43
2709.45387995445	44
2704.48264296569	45
2710.79109851054	46
2685.64423928421	47
2697.48110314155	48
2699.76124625451	49
2713.97105310576	50
2703.18496503902	51
2696.45822588233	52
2712.32939335577	53
2707.07651504583	54
2703.21658057756	55
2690.92163443015	56
2701.66577638947	57
2693.69266078725	58
2712.04392752414	59
2704.45114802095	60
2710.12967351072	61
2710.43881330776	62
2691.2758909219	63
2701.54209611209	64
2705.58653094637	65
2688.02487148221	66
2704.64666193036	67
2711.01803654007	68
2705.81782671942	69
2693.19805945177	70
2706.61361950091	71
2702.68730407906	72
2707.43978978017	73
2694.64720640823	74
2703.01460454933	75
2698.54927241275	76
2706.32126699894	77
2704.15960067935	78
2705.04561752472	79
2697.48696133102	80
2711.1783788978	81
2705.51620431933	82
2698.01799719278	83
2701.67742554375	84
2702.11428854042	85
2691.30146623912	86
2691.71251340058	87
2702.71725221852	88
2690.73974240219	89
2704.46720384818	90
2697.9541082172	91
2710.70637338894	92
2701.88219269984	93
2704.85429775852	94
2691.61354971183	95
2700.82193371109	96
2701.62798225624	97
2700.45220274069	98
2686.95534839904	99
2710.62456197739	100
2706.09476223234	101
2708.02157247415	102
2697.58599705484	103
2707.85380562971	104
2699.42429182399	105
2707.13277257708	106
2704.45944600342	107
2692.88539984959	108
2706.24641289152	109
2697.97988255439	110
2698.6472714517	111
2707.61192825538	112
2699.33294059178	113
2701.26120207071	114
2705.6491653616	115
2707.44781711554	116
2694.68595021476	117
2712.07234066896	118
2694.62405043573	119
2698.54811356553	120
2696.47472426058	121
2702.96993574128	122
2701.69907454027	123
2707.53890783682	124
2688.68175481478	125
2704.31030481125	126
2709.87877122177	127
2702.0574999598	128
2698.15907071216	129
2707.34933342191	130
2696.10681147468	131
2703.79167427887	132
2710.93152743196	133
2695.40848528773	134
2714.22997192139	135
2703.01084018537	136
2699.1927901911	137
2700.02831602156	138
2704.77016046401	139
2695.07153626788	140
2695.67940882495	141
2703.28170181411	142
2696.4046106011	143
2706.24468469982	144
2708.19535783178	145
2688.52805786123	146
2704.24267765943	147
2698.19666684086	148
2690.07316434317	149
2691.25196655256	150
2703.60724346454	151
2702.28567547168	152
2686.0920992535	153
2711.80568072377	154
2705.92672725647	155
2697.14998083212	156
2707.35022083799	157
2706.91717825796	158
2696.76934940712	159
2704.33950665555	160
2702.76538680689	161
2705.92206219007	162
2693.35728371303	163
2699.8258625045	164
2698.00512892115	165
2698.56175984203	166
2698.31943447775	167
2696.86441166954	168
2696.34874599945	169
2706.28822732806	170
2694.9491865459	171
2706.34550562151	172
2716.88237123664	173
2710.10885993854	174
2697.17693608376	175
2714.47627898065	176
2705.89215357197	177
2701.33143448163	178
2698.37542166921	179
2698.36665755408	180
2703.82909091754	181
2699.25154036287	182
2706.9657026177	183
2704.81071980627	184
2708.07695657578	185
2705.42973563354	186
2711.97030364624	187
2703.78853023872	188
2706.00628125274	189
2684.52204433263	190
2701.47700762227	191
2682.41048037224	192
2704.8948786634	193
2684.50851788149	194
2712.26950930408	195
2700.14208675537	196
2703.17039703912	197
2705.97135683152	198
2691.89297809632	199
2706.57431787874	200
2700.3379128462	201
2710.49473173264	202
2688.14366822385	203
2688.19659558526	204
2700.89017480455	205
2705.6649010293	206
2702.09733207474	207
2708.43131580135	208
2699.94730927782	209
2698.24326409703	210
2693.68562790831	211
2701.70765909037	212
2695.82327171477	213
2697.38032862249	214
2712.4332731582	215
2710.65522929997	216
2704.38664203273	217
2706.42215253944	218
2715.70403873401	219
2708.88318374676	220
2691.09628671826	221
2703.64408041392	222
2705.62569690193	223
2704.31108455512	224
2700.89449871736	225
2702.18536899111	226
2708.89775679425	227
2704.17697025428	228
2707.40661625945	229
2700.20064879417	230
2707.08886422023	231
2696.56879275072	232
2696.67443820257	233
2689.85595134433	234
2697.54948470916	235
2714.52597452056	236
2699.65282125343	237
2704.34785214536	238
2704.80282220337	239
2695.95395074959	240
2704.60055839901	241
2700.46875888171	242
2704.31867016754	243
2708.5669839476	244
2708.44554161313	245
2701.21853180953	246
2714.41280212716	247
2707.97712601272	248
2707.49087162758	249
2699.11752963654	250
2703.05081066933	251
2697.3801684566	252
2694.75958537858	253
2701.48679864849	254
2710.49065881512	255
2711.55591666217	256
2697.19105687425	257
2707.49751468291	258
2703.50280604115	259
2709.54887363731	260
2709.45422800391	261
2705.14415116173	262
2703.63052685904	263
2699.44708432089	264
2702.31502381429	265
2701.60357161415	266
2705.22589623759	267
2705.92855640471	268
2715.47641112074	269
2697.46191427788	270
2695.91996980805	271
2699.57985661545	272
2698.67324056933	273
2710.38428965112	274
2696.94088006113	275
2708.00008600438	276
2703.23131134325	277
2706.77243466843	278
2699.1966550535	279
2707.93752296019	280
2712.03078821687	281
2701.23719539495	282
2706.92634078209	283
2699.07576583294	284
2682.24844150424	285
2711.32856654529	286
2696.15245740562	287
2690.88909427214	288
2705.21809217139	289
2696.15778831065	290
2695.23541228675	291
2706.58811875607	292
2705.81032407845	293
2687.64891441407	294
2706.18416380934	295
2706.15642313392	296
2703.82779525238	297
2698.70295952669	298
2697.70182715481	299
2696.75446180496	300
2702.73783250921	301
2702.67843042064	302
2706.73102875962	303
2704.62585060486	304
2693.41026390457	305
2699.00032273164	306
2704.3463212461	307
2697.07696519096	308
2695.47180324074	309
2701.58574200853	310
2704.22495380223	311
2698.70845394054	312
2700.64878644202	313
2705.21166187416	314
2690.68249202101	315
2699.22396254327	316
2700.12695564482	317
2690.32556964506	318
2711.38624380027	319
2686.8887646352	320
2700.6637480602	321
2695.45399811875	322
2691.87877504467	323
2699.28506841458	324
2696.19719041543	325
2703.70088007259	326
2708.18386539636	327
2696.65556927992	328
2689.86407507367	329
2690.7215862252	330
2709.6492389607	331
2702.80746562519	332
2699.55137596121	333
2696.41610175622	334
2686.91429928777	335
2709.09875818965	336
2710.45520235861	337
2690.36854005902	338
2687.34420013668	339
2693.59021700564	340
2706.92954440376	341
2696.1826236402	342
2700.72209417433	343
2696.57863745726	344
2712.93818562172	345
2703.8120011202	346
2699.23526380333	347
2698.93363317524	348
2708.72046954436	349
2694.47486801008	350
2698.42634671279	351
2696.86500234514	352
2699.79543944371	353
2695.96616062072	354
2701.8304551158	355
2692.61383475381	356
2696.13018008497	357
2706.13582773674	358
2698.73944366846	359
2696.25351299357	360
2706.30238192625	361
2700.1741139874	362
2696.35401630241	363
2695.53900168426	364
2703.21245035001	365
2698.1343289106	366
2693.74879569983	367
2689.10154463204	368
2691.83985858608	369
2709.32250696838	370
2708.26470201824	371
2699.02878426026	372
2710.37847768036	373
2706.6518307542	374
2694.51856217035	375
2701.31411426886	376
2701.88711361491	377
2700.11009722442	378
2696.97298564343	379
2707.68087638143	380
2710.39597748203	381
2712.80847904695	382
2700.25678601837	383
2703.08461133383	384
2690.69813286359	385
2705.55107860389	386
2703.80669271162	387
2700.21400771839	388
2700.14091770121	389
2706.17928034697	390
2704.20256910002	391
2701.45941297249	392
2693.87891371349	393
2698.3189500567	394
2703.14321141737	395
2699.46887242456	396
2709.84850543831	397
2696.93967291225	398
2707.58213934787	399
2700.84936817206	400
2710.57787949332	401
2699.88718509352	402
2707.9412281224	403
2699.41950797717	404
2708.96316283556	405
2684.34197096995	406
2698.75715482748	407
2702.6025407012	408
2700.16235625542	409
2699.17474962088	410
2708.72953361106	411
2707.79051196841	412
2700.25887825881	413
2690.43247385651	414
2702.54632521179	415
2684.95363756205	416
2712.38785181536	417
2705.44328622783	418
2700.38569287306	419
2703.28680341614	420
2692.41906357474	421
2704.97038854036	422
2698.71274755236	423
2709.17562240326	424
2700.67202893684	425
2707.53059258091	426
2707.4735897666	427
2694.37246618114	428
2708.69701520085	429
2707.56908645566	430
2713.19793230264	431
2688.30167019591	432
2703.06523480904	433
2706.04790486893	434
2695.27713837739	435
2705.35444007656	436
2699.33534042318	437
2703.51128328757	438
2703.09297403579	439
2704.7938836187	440
2704.15629664901	441
2706.44759984233	442
2701.95569679486	443
2702.3460900116	444
2696.18008798885	445
2693.65285047818	446
2703.4104082554	447
2692.88706021187	448
2692.14260242275	449
2711.47985892579	450
2710.90165378407	451
2698.10113124284	452
2696.2218261952	453
2708.03756562911	454
2701.09510727055	455
2707.87620914612	456
2697.23096637818	457
2706.97170478074	458
2709.91890363444	459
2706.94173761179	460
2715.03677412674	461
2700.37462845751	462
2704.07164708904	463
2702.49316651933	464
2702.26187848006	465
2694.64486662151	466
2701.6305478221	467
2700.29763828078	468
2698.47009924783	469
2703.93073874428	470
2699.7785307457	471
2705.76979822054	472
2700.05996758592	473
2700.01141057216	474
2705.85759952903	475
2702.99966996102	476
2712.4387873724	477
2699.84117169795	478
2700.56367886512	479
2696.38265634302	480
2694.90672067187	481
2708.14220037086	482
2707.86186234979	483
2708.65533901872	484
2708.58189988752	485
2698.68784193944	486
2705.40347611813	487
2700.89337608034	488
2701.45001889379	489
2695.3589616348	490
2697.45567813487	491
2694.83039794943	492
2695.41154348611	493
2689.52889608926	494
2698.66053242579	495
2707.58428091412	496
2700.89241422699	497
2702.4068160587	498
2704.47792919412	499
2708.11637818033	500
2701.41707048796	501
2697.91291353976	502
2693.69957426563	503
2687.33116517883	504
2695.83719189728	505
2711.25665085025	506
2700.39883624286	507
2704.94458802257	508
2707.40567126199	509
2692.56207031939	510
2708.43822762554	511
2696.60261276118	512
2708.23063196974	513
2705.21417409713	514
2697.10074344595	515
2707.76963130972	516
2701.51293575237	517
2707.09171743524	518
2706.22541820618	519
2703.46011095919	520
2702.16357627848	521
2691.40300731508	522
2706.86664809053	523
2702.30621812518	524
2697.50130078369	525
2706.53062252189	526
2697.72705699923	527
2707.43826419526	528
2699.02190508999	529
2703.54931760565	530
2705.67414573246	531
2706.53658090349	532
2692.07449145834	533
2693.53837945902	534
2709.92196351757	535
2712.66630034415	536
2696.60554572559	537
2691.57224360392	538
2699.47322517712	539
2690.54144535481	540
2691.59576346753	541
2697.13793764361	542
2706.91407580179	543
2705.7499407996	544
2712.4781310031	545
2685.62106898329	546
2699.48313996	547
2684.71668816924	548
2696.86793649285	549
2697.96710117202	550
2702.83986158345	551
2698.6024108508	552
2693.14387712922	553
2702.72130654111	554
2696.2869469762	555
2709.16275163783	556
2705.55008429529	557
2695.06208444358	558
2699.4693454041	559
2705.70540562995	560
2685.80217191166	561
2708.83689086469	562
2716.12975059429	563
2706.77762774312	564
2693.46518915908	565
2702.30191282176	566
2695.31023974503	567
2698.9680341969	568
2706.66958490816	569
2688.65390945637	570
2698.87302908687	571
2707.09610534964	572
2691.59411760596	573
2701.90753516145	574
2702.90536518874	575
2706.92333995796	576
2708.55946038184	577
2701.88915749113	578
2706.75459363177	579
2701.38522738208	580
2696.00614569119	581
2709.22684920767	582
2701.15398011955	583
2708.65685795405	584
2698.36680723554	585
2703.07000904518	586
2707.33678621818	587
2699.11680575338	588
2694.58798708887	589
2693.28514227861	590
2700.22000638919	591
2705.61393241528	592
2695.10143513935	593
2702.53906317057	594
2700.80198095243	595
2705.96828881722	596
2707.00142451677	597
2711.47249071165	598
2696.48534336351	599
2707.8694257889	600
2700.3467203059	601
2707.76363188657	602
2700.52009585178	603
2698.60231243586	604
2709.35826365003	605
2710.3958573234	606
2703.25327678718	607
2706.25396767368	608
2695.73832849907	609
2706.85900477036	610
2701.93592207695	611
2712.85183318857	612
2697.53674622573	613
2690.88703714009	614
2704.01741139904	615
2708.14405063768	616
2692.98207695705	617
2695.86506805699	618
2701.78085734659	619
2707.77115455426	620
2702.45350652328	621
2691.06211068898	622
2706.38602213222	623
2701.62409730071	624
2699.03077143954	625
2702.94671102523	626
2699.16347402989	627
2693.85559133532	628
2699.51052162243	629
2704.51614810147	630
2705.77812479937	631
2701.89305556553	632
2697.78516343525	633
2694.96181678211	634
2705.51030234655	635
2709.59242127946	636
2693.81294953801	637
2689.9745308927	638
2696.05838267399	639
2701.42453179632	640
2700.86170310567	641
2693.67360030589	642
2707.93618063196	643
2698.04160725773	644
2699.85409072009	645
2693.31651841661	646
2679.91488661707	647
2705.22753177039	648
2697.44708644133	649
2708.79925505582	650
2701.79379091559	651
2702.47624237768	652
2712.65790668146	653
2713.31017130534	654
2705.63564776192	655
2701.77264200757	656
2708.3508216235	657
2702.34809601463	658
2693.79966041015	659
2705.69833349088	660
2703.65343604511	661
2706.35956954541	662
2707.00141913087	663
2696.81155468378	664
2704.15866550205	665
2700.80496862085	666
2704.50066983637	667
2700.53412829873	668
2698.90160318929	669
2703.13071480593	670
2698.45753579341	671
2706.78854522954	672
2712.6140448225	673
2697.69488878663	674
2718.55301534128	675
2695.64669250431	676
2700.18033851446	677
2700.12708624677	678
2710.09871226285	679
2693.65809304161	680
2706.27535070333	681
2707.19586450219	682
2694.44290547887	683
2705.39028008241	684
2701.73318400585	685
2698.00122056307	686
2712.33759768408	687
2696.7951144267	688
2703.96234784141	689
2702.31816798105	690
2697.25419171241	691
2701.19412937613	692
2702.0342452228	693
2711.65479884204	694
2709.84212037365	695
2701.24336039279	696
2710.4955573677	697
2709.11470892782	698
2698.57013404156	699
2693.4509705163	700
2686.26759288991	701
2711.03165292087	702
2695.07280743835	703
2705.5731276807	704
2709.78214867408	705
2713.0927231767	706
2704.60919723697	707
2702.45805367229	708
2707.31548427706	709
2694.31330524377	710
2702.43674976545	711
2703.28672752619	712
2708.53152924022	713
2709.66684149447	714
2706.33454450929	715
2710.94434281678	716
2713.69182337032	717
2700.40542617942	718
2710.4823171185	719
2694.66858792471	720
2713.95241730964	721
2696.89313907692	722
2701.30337915063	723
2691.3663063498	724
2700.04783410178	725
2691.84935480778	726
2690.46758925108	727
2708.13311223002	728
2706.92027649992	729
2706.9992802646	730
2703.05570796391	731
2701.48434170447	732
2706.36733952385	733
2702.95970457439	734
2703.74876671647	735
2707.34491994289	736
2696.0431031235	737
2692.52265142717	738
2690.07853207326	739
2694.89136732248	740
2697.17572891421	741
2695.84985209421	742
2688.25359348556	743
2709.5027748171	744
2704.92970455172	745
2687.43750480047	746
2692.84237656342	747
2707.96001987385	748
2685.1176817818	749
2703.33020198314	750
2702.28842719549	751
2706.38594320054	752
2690.07350421484	753
2709.22429543496	754
2691.15622329071	755
2687.67748476338	756
2707.33156630981	757
2697.7282170254	758
2695.52433414495	759
2703.75965515764	760
2697.48584994571	761
2700.76684457222	762
2705.09519131259	763
2708.23034256909	764
2709.65351584288	765
2695.19336912703	766
2702.39659028294	767
2692.71260609896	768
2687.49665117953	769
2702.34616533082	770
2695.45628568638	771
2698.84683500881	772
2704.01680019429	773
2705.80468930738	774
2704.48739323135	775
2695.81338793355	776
2700.29444752397	777
2683.48282458048	778
2710.83608889241	779
2697.23012376992	780
2698.48868889287	781
2700.2170453459	782
2702.04572081723	783
2704.04419330513	784
2701.93939475839	785
2715.34288805377	786
2708.69129185223	787
2693.7778946288	788
2681.00068024237	789
2707.0070589849	790
2698.13416696457	791
2703.61644865722	792
2707.13361187447	793
2705.88296255649	794
2704.26993384645	795
2709.06287581319	796
2702.17302756583	797
2705.89029484763	798
2707.6694760752	799
2695.96943316328	800
2703.4665059596	801
2701.50962197486	802
2687.52519042394	803
2695.84277535437	804
2697.40174040483	805
2704.11011698189	806
2706.76431122912	807
2701.50344920362	808
2707.52475823752	809
2703.42497186105	810
2695.13242042256	811
2696.70059341484	812
2694.18271117773	813
2704.06279882056	814
2709.89071644305	815
2710.52143017979	816
2696.19781951997	817
2700.16784992002	818
2697.7841972274	819
2694.39739258663	820
2699.27238972049	821
2705.12827104898	822
2700.73233230655	823
2696.00046103168	824
2702.95334456838	825
2687.66955421929	826
2710.04633434915	827
2694.28081346261	828
2712.45310749301	829
2709.80919464793	830
2701.27915589936	831
2706.84576730249	832
2704.71923905635	833
2703.57266296202	834
2706.27691773774	835
2710.89727451182	836
2703.45678044753	837
2706.2985422723	838
2701.93602853732	839
2705.95545996788	840
2706.60262626833	841
2711.72604926878	842
2694.3599711969	843
2701.70924981009	844
2698.9001784909	845
2706.05691019776	846
2705.55722990837	847
2704.4050938824	848
2703.69365168225	849
2703.21170528627	850
2707.15569916711	851
2703.07862823187	852
2702.38092722772	853
2704.70677464098	854
2706.14780238254	855
2703.31664778276	856
2702.09987944619	857
2691.57530409368	858
2706.56065496478	859
2700.00446943147	860
2706.43695935037	861
2704.83756319684	862
2700.60507850025	863
2702.70693608809	864
2701.03660266899	865
2700.71428228483	866
2702.04394332372	867
2693.75800300071	868
2704.39113832859	869
2706.73913850518	870
2704.33458965842	871
2685.63939137501	872
2694.3479693964	873
2703.07341200724	874
2696.40641009362	875
2702.42526619051	876
2704.82718400972	877
2702.6304189476	878
2691.11338048928	879
2703.40689911324	880
2695.140391904	881
2709.830175682	882
2701.07419941147	883
2700.72865825648	884
2712.19648477649	885
2699.3109074037	886
2699.66281872557	887
2701.55741450039	888
2707.94941144528	889
2709.81836203691	890
2710.99568076982	891
2717.18233915523	892
2711.64784071069	893
2696.19948262759	894
2687.1745777363	895
2706.99177460552	896
2695.77059712765	897
2686.99661361443	898
2699.30156408481	899
2700.38678731687	900
2693.46740629395	901
2690.73702571207	902
2696.22064863527	903
2708.56689979627	904
2703.32007170062	905
2700.46392860366	906
2702.54994859517	907
2704.67133698836	908
2710.83961103241	909
2694.51328316071	910
2697.03973791629	911
2696.61344360615	912
2707.91895148216	913
2698.03182961083	914
2696.14814984651	915
2707.50329246445	916
2699.47413092133	917
2716.75621675005	918
2702.43361249092	919
2691.83830760352	920
2712.00521506985	921
2693.50548662272	922
2702.95668246281	923
2699.0740859518	924
2695.83596582765	925
2693.33513955429	926
2691.2213087806	927
2695.21083368544	928
2692.87089392537	929
2708.33321256954	930
2703.04193081702	931
2700.51373816226	932
2704.41713547847	933
2696.60430227126	934
2694.36588649238	935
2696.9975471412	936
2706.23909077897	937
2706.80844532981	938
2704.34673836337	939
2697.87157084404	940
2704.96812217605	941
2708.52851488638	942
2698.90535895808	943
2690.99714316505	944
2702.15996816837	945
2698.03916017078	946
2708.75467862483	947
2699.33130767396	948
2703.1833468039	949
2707.32445301242	950
2702.16751006526	951
2704.03740768741	952
2703.23660118424	953
2710.75720640641	954
2694.90631775884	955
2706.42973630768	956
2698.28278571276	957
2703.87066629022	958
2702.65565660266	959
2699.63585613474	960
2697.26622787844	961
2692.98743761155	962
2703.94885340875	963
2683.78912443061	964
2705.96915719136	965
2694.95781268418	966
2702.22691469328	967
2692.02407588138	968
2689.7275926964	969
2706.55455407221	970
2701.90116495781	971
2708.13082157336	972
2692.82960201536	973
2707.2930573556	974
2706.05324885394	975
2705.99143976545	976
2695.41448985092	977
2685.17070713371	978
2693.67584259416	979
2704.9968850655	980
2700.51847975186	981
2702.96478819623	982
2697.69692511041	983
2688.55628208752	984
2694.92256555869	985
2701.87460230541	986
2703.64180761646	987
2705.59549748159	988
2689.46724897294	989
2697.08540334439	990
2695.59799451364	991
2700.51467657196	992
2705.47691562027	993
2709.29939856901	994
2697.78929112309	995
2700.58304587485	996
2695.87334091612	997
2708.46978293178	998
2703.5127984385	999
2706.25762980243	1000
2698.17204208024	1001
2709.6765307468	1002
2701.4419826128	1003
2697.69014532179	1004
2693.7659565426	1005
2694.2668733433	1006
2712.38722881928	1007
2705.83755772994	1008
2696.308174624	1009
2688.77457102244	1010
2706.75286699172	1011
2701.98445266242	1012
2690.38601035047	1013
2699.91823572626	1014
2712.28799359128	1015
2694.61770981072	1016
2699.46758245376	1017
2711.59362514984	1018
2703.12963994684	1019
2698.24426834258	1020
2706.47493892299	1021
2704.02184461407	1022
2695.39170493346	1023
2701.9478895132	1024
2704.37328883866	1025
2704.70558917328	1026
2701.22975768665	1027
2703.41534006749	1028
2710.71292636207	1029
2707.8153794513	1030
2699.40733120712	1031
2700.29322218462	1032
2698.60211106133	1033
2696.26839705949	1034
2711.2695071745	1035
2704.0794077409	1036
2699.46929550938	1037
2708.42941551094	1038
2704.39855572741	1039
2697.70184285087	1040
2708.25372869724	1041
2685.83219496728	1042
2708.72420838507	1043
2704.39532486101	1044
2702.5132383049	1045
2710.29306131909	1046
2707.11923230036	1047
2707.61535287141	1048
2703.7145703391	1049
2699.53351589345	1050
2688.39960214693	1051
2704.72191734516	1052
2709.59681331899	1053
2700.43326718181	1054
2700.81502838357	1055
2703.35086244525	1056
2697.44624715705	1057
2701.66826878952	1058
2699.23433653341	1059
2707.6817307932	1060
2699.12914049303	1061
2713.33543901704	1062
2700.15652094566	1063
2700.93155958737	1064
2707.89583901864	1065
2700.03383783959	1066
2703.62225746042	1067
2698.32266361886	1068
2694.05157599646	1069
2701.37352178323	1070
2689.82222026127	1071
2701.5232601663	1072
2706.32290709954	1073
2693.78811981923	1074
2698.67310164173	1075
2707.23187571156	1076
2694.86303267611	1077
2711.19828870574	1078
2699.77741162426	1079
2700.60396094981	1080
2700.15010232726	1081
2705.3048374849	1082
2710.52043033593	1083
2704.66185196693	1084
2704.6919703977	1085
2707.83553726496	1086
2688.78090786934	1087
2700.26632856909	1088
2710.51518308011	1089
2706.28175686864	1090
2700.60883852983	1091
2705.82679086282	1092
2693.06702771549	1093
2702.89000771223	1094
2706.40019867363	1095
2697.01320018579	1096
2706.51354833217	1097
2706.35516728182	1098
2701.06840845188	1099
2708.13694537412	1100
2705.74964362144	1101
2695.40432064148	1102
2702.01807435608	1103
2718.37697413029	1104
2699.15408676743	1105
2690.40115487139	1106
2688.60628579533	1107
2707.35926753691	1108
2699.10091493732	1109
2714.03669221617	1110
2691.11985926329	1111
2710.77042560027	1112
2694.1919092641	1113
2687.10652438918	1114
2707.18472217925	1115
2702.62035325791	1116
2698.03310674377	1117
2707.35490924967	1118
2703.67677279957	1119
2710.1167547692	1120
2705.63219029848	1121
2707.34944452913	1122
2710.30492668215	1123
2699.74220065849	1124
2698.31630110006	1125
2704.18601466091	1126
2702.20847518818	1127
2690.77193842954	1128
2706.02312809446	1129
2702.45974331338	1130
2695.04990103918	1131
2702.79264096944	1132
2695.79647394208	1133
2694.14156902349	1134
2691.84681078496	1135
2705.64609063039	1136
2686.17421777927	1137
2704.30085499221	1138
2707.51404454696	1139
2704.16447992573	1140
2699.2623232503	1141
2711.14153446876	1142
2711.02786712671	1143
2698.61466220536	1144
2705.60585425221	1145
2705.89057822851	1146
2708.51347661643	1147
2702.98971578365	1148
2695.99391479942	1149
2684.96931395277	1150
2705.11797246922	1151
2707.52615249821	1152
2696.48722988123	1153
2700.81400678703	1154
2700.20686851646	1155
2700.14565793375	1156
2686.92785425014	1157
2700.31676602999	1158
2700.03491003827	1159
2698.74592543443	1160
2705.68405735653	1161
2705.61112091222	1162
2698.67407541183	1163
2696.5582900479	1164
2712.21350870941	1165
2714.3678512164	1166
2706.68365183569	1167
2702.68623107097	1168
2701.72501974482	1169
2706.51346269583	1170
2700.79353381141	1171
2710.37734111214	1172
2695.4328496004	1173
2701.5119893395	1174
2689.80404501556	1175
2695.31063928896	1176
2697.27018365166	1177
2710.11577609028	1178
2708.93138681782	1179
2705.74537569212	1180
2699.689944904	1181
2708.61748213769	1182
2701.29179463849	1183
2719.20043236053	1184
2709.80074697357	1185
2701.92592249303	1186
2697.44042437402	1187
2705.54805874696	1188
2697.49418833512	1189
2688.43330752714	1190
2700.46107509054	1191
2703.12068315774	1192
2709.38568996146	1193
2691.23200054385	1194
2702.87868914305	1195
2707.8285880084	1196
2702.57628797963	1197
2703.87686382476	1198
2705.14349691274	1199
2703.4851358125	1200
2697.68295264378	1201
2697.82091884875	1202
2707.60613163853	1203
2694.14539144673	1204
2699.33187695381	1205
2698.39896382853	1206
2704.06315881602	1207
2696.79535360532	1208
2706.38037042184	1209
2708.16765674298	1210
2714.77289067667	1211
2700.83692208243	1212
2699.1692584447	1213
2705.91709798718	1214
2703.52415558121	1215
2701.46574863469	1216
2703.16026301038	1217
2711.49683643581	1218
2698.59208954829	1219
2710.76524409486	1220
2697.70759666135	1221
2698.46517035901	1222
2699.39490840065	1223
2691.54530057357	1224
2697.42577526694	1225
2710.68588644838	1226
2698.16746354966	1227
2701.15545372913	1228
2703.25411738446	1229
2712.65345100095	1230
2695.38639105567	1231
2695.66017538436	1232
2702.59003791538	1233
2701.11085071226	1234
2704.77510004801	1235
2703.19073277098	1236
2695.00646930212	1237
2702.48210075151	1238
2703.00486079202	1239
2704.4150649914	1240
2704.70520216453	1241
2705.16703986129	1242
2705.74556902814	1243
2698.33654371214	1244
2700.01905931684	1245
2693.3307811739	1246
2704.51728556589	1247
2706.45527122228	1248
2704.98172348037	1249
2708.22927953454	1250
2706.29319479314	1251
2700.66136541416	1252
2697.8311955293	1253
2700.81402814891	1254
2700.65825706666	1255
2694.91788799054	1256
2684.66850711201	1257
2704.76767929714	1258
2705.98419629562	1259
2710.48348792368	1260
2699.51813537645	1261
2707.82314701399	1262
2700.38672007163	1263
2704.08195678843	1264
2697.8667228601	1265
2694.08106216846	1266
2704.49863125136	1267
2696.58747944433	1268
2708.93796174979	1269
2703.69070011824	1270
2701.56155785808	1271
2714.82878568732	1272
2709.86143142538	1273
2705.055977723	1274
2712.28516353176	1275
2693.69202318164	1276
2700.6134897811	1277
2697.68226473011	1278
2697.72206107767	1279
2700.30282282028	1280
2703.62954224882	1281
2707.20141534543	1282
2701.14084354524	1283
2693.7873674109	1284
2706.54849796227	1285
2703.44503712646	1286
2691.51444078918	1287
2692.62312005442	1288
2689.87738654231	1289
2697.45301367823	1290
2707.67783353857	1291
2711.02622953228	1292
2708.06131760118	1293
2692.95920926176	1294
2700.06520401999	1295
2704.46318032638	1296
2698.19139457624	1297
2685.60584170542	1298
2699.51364938132	1299
2692.74305648918	1300
2707.11568529657	1301
2692.99472043884	1302
2698.49317605927	1303
2690.78305747111	1304
2688.6788470017	1305
2708.64420177074	1306
2696.88900647099	1307
2696.39527010943	1308
2701.90432204914	1309
2703.83962791152	1310
2702.20279820795	1311
2706.09155421836	1312
2693.58881241464	1313
2705.46924307947	1314
2706.48399533396	1315
2697.97167610246	1316
2702.5598861031	1317
2696.64866346865	1318
2700.81868102184	1319
2689.61687704416	1320
2710.1865564745	1321
2709.62510085297	1322
2704.11008293017	1323
2701.60301556581	1324
2692.83088011878	1325
2694.77114609245	1326
2705.62212391636	1327
2705.94127922757	1328
2708.59484532388	1329
2708.84249769184	1330
2701.65078350703	1331
2697.9748056909	1332
2702.90861053203	1333
2697.51806550047	1334
2708.2196682001	1335
2696.1874963043	1336
2699.27314256083	1337
2704.89456109188	1338
2696.33124554069	1339
2702.82668887781	1340
2694.07574538527	1341
2711.9317209755	1342
2705.23537843029	1343
2703.52376359035	1344
2708.19406520761	1345
2712.27860699312	1346
2702.71827638912	1347
2702.85285078174	1348
2704.77290241515	1349
2708.97291893016	1350
2680.32025650331	1351
2689.97113486279	1352
2708.20314621506	1353
2706.99496690373	1354
2711.15421277607	1355
2703.99710966998	1356
2697.61360409795	1357
2699.00139314208	1358
2702.00587327843	1359
2697.91360743443	1360
2702.12750484796	1361
2685.58627011953	1362
2709.11819205449	1363
2687.72168362768	1364
2701.10335972721	1365
2697.53629068323	1366
2703.19580046472	1367
2691.71763749278	1368
2697.66584213991	1369
2692.81654664425	1370
2691.29723419752	1371
2699.38773503708	1372
2704.69817306332	1373
2701.49618348916	1374
2708.79559456425	1375
2701.88220856363	1376
2700.55430014867	1377
2704.27307811017	1378
2707.11066644995	1379
2703.40608069991	1380
2698.70390449043	1381
2710.4438816415	1382
2700.70812477137	1383
2708.08464374803	1384
2703.38597289573	1385
2702.50925328357	1386
2704.60994448604	1387
2700.23441554853	1388
2711.2088612078	1389
2699.13578911921	1390
2696.38812048909	1391
2694.75903891732	1392
2697.25800382593	1393
2689.70110225481	1394
2696.16510517213	1395
2698.95383532153	1396
2711.04116794263	1397
2703.34784293791	1398
2691.86192178644	1399
2699.60010280721	1400
2707.11489322928	1401
2706.55484237925	1402
2703.87494292497	1403
2696.25266745133	1404
2698.81277074894	1405
2705.09359335551	1406
2696.47631606243	1407
2708.45701668674	1408
2708.04184741057	1409
2700.99504815666	1410
2691.99968998676	1411
2699.13319771188	1412
2707.20945745422	1413
2703.7935693257	1414
2704.66270903569	1415
2708.18322920257	1416
2705.81317747239	1417
2700.52054255473	1418
2699.16860294816	1419
2705.59338055974	1420
2699.83156647492	1421
2704.26148681367	1422
2698.36221394538	1423
2709.14094556454	1424
2710.08427116053	1425
2706.2387247223	1426
2695.51275062828	1427
2701.1548010068	1428
2699.43621624239	1429
2706.3602734131	1430
2687.72434848406	1431
2702.65266582413	1432
2696.39846955653	1433
2698.54950538643	1434
2713.43169977806	1435
2704.56988425588	1436
2695.50604355618	1437
2701.93757742687	1438
2706.61700271711	1439
2714.43796327583	1440
2713.93407361121	1441
2701.68820061851	1442
2705.39692924641	1443
2701.2167046103	1444
2695.3620333152	1445
2701.00728570376	1446
2704.25695245763	1447
2702.82467129668	1448
2704.32687643926	1449
2695.72103451922	1450
2704.91825537938	1451
2710.24886543058	1452
2699.46957684821	1453
2700.71350977866	1454
2697.30003572633	1455
2694.00888680871	1456
2699.47383362941	1457
2694.33857449409	1458
2701.7127755459	1459
2687.75514991291	1460
2700.47921300009	1461
2706.01082244163	1462
2702.99152727813	1463
2695.63339680903	1464
2697.25044214782	1465
2699.08608959163	1466
2712.22027178064	1467
2704.70893077092	1468
2700.4790728805	1469
2705.50633423646	1470
2691.82118580227	1471
2702.6858984583	1472
2694.55426011891	1473
2705.46295533359	1474
2718.12013015349	1475
2694.5335997635	1476
2694.3199877621	1477
2699.26530205298	1478
2704.70318027382	1479
2703.63287802806	1480
2709.23565336822	1481
2704.57002387735	1482
2685.46146997362	1483
2690.708092831	1484
2693.74461536051	1485
2707.51026879611	1486
2717.05029965619	1487
2701.72610490959	1488
2705.10753935227	1489
2688.59163488538	1490
2696.8920870101	1491
2703.72771440409	1492
2711.86879100973	1493
2705.62312133683	1494
2699.40963513949	1495
2710.52328063177	1496
2697.69989109539	1497
2703.92488800212	1498
2705.02464515587	1499
2691.48122764149	1500
2696.58258143502	1501
2705.14382078049	1502
2714.83003899442	1503
2703.76198584645	1504
2702.85503793815	1505
2696.4783744769	1506
2705.58146471754	1507
2698.04666023253	1508
2694.65409277269	1509
2702.5464581986	1510
2696.82735716592	1511
2706.12416829778	1512
2706.55754492604	1513
2686.41928340835	1514
2708.1514879381	1515
2692.48185300639	1516
2705.60195493818	1517
2703.91451921872	1518
2708.34626321004	1519
2703.57695159542	1520
2702.50000842441	1521
2705.75888826252	1522
2701.30675107566	1523
2711.37120550453	1524
2702.45922836035	1525
2706.66902240078	1526
2693.60840002466	1527
2703.60955719225	1528
2704.24617746251	1529
2704.67456581205	1530
2690.86567071497	1531
2698.89072618001	1532
2702.4030761712	1533
2710.94740462988	1534
2685.56966449327	1535
2704.89007594216	1536
2702.90802050663	1537
2700.41690748174	1538
2700.01596744955	1539
2702.41578883308	1540
2696.77687257879	1541
2700.27818899028	1542
2701.76763990318	1543
2700.44600864786	1544
2711.0280992758	1545
2701.61814535194	1546
2705.08832914515	1547
2699.04690150467	1548
2711.3372542301	1549
2685.27720920151	1550
2705.11613955575	1551
2700.62858569068	1552
2704.23899782378	1553
2697.6268629599	1554
2705.93545765591	1555
2699.70644458967	1556
2689.05050803269	1557
2700.39803397722	1558
2696.64314837142	1559
2704.59714330748	1560
2697.96753371624	1561
2714.38760399671	1562
2703.17789272633	1563
2710.37363149568	1564
2693.34425172085	1565
2711.41619135225	1566
2697.32425325646	1567
2699.20280266807	1568
2714.42009865072	1569
2705.61925879155	1570
2694.70944344646	1571
2686.72997990766	1572
2694.17303462026	1573
2698.73243147786	1574
2708.56096830441	1575
2708.58378851169	1576
2691.62423493949	1577
2709.0914371136	1578
2698.10677172051	1579
2698.80499126956	1580
2704.04676694512	1581
2704.8438652572	1582
2696.82678503711	1583
2705.05638033664	1584
2689.76532849876	1585
2708.84263936554	1586
2701.85356376393	1587
2699.6106281461	1588
2704.43727367186	1589
2696.69211486174	1590
2710.95125054258	1591
2701.00739751824	1592
2691.110122108	1593
2695.81971187256	1594
2695.44548836816	1595
2711.63735117671	1596
2709.44742816381	1597
2705.95205753059	1598
2712.2026731302	1599
2705.36670458721	1600
2707.83739080626	1601
2704.7864501101	1602
2700.21366194597	1603
2707.11685717241	1604
2706.45510918385	1605
2703.43180683039	1606
2709.28829996127	1607
2695.48038062611	1608
2694.37487363825	1609
2702.93288580324	1610
2697.36795247552	1611
2702.46970731394	1612
2710.12009770798	1613
2709.67872979088	1614
2699.01688471418	1615
2703.72376574878	1616
2695.81037599767	1617
2703.52434921201	1618
2694.70740317524	1619
2703.73934022432	1620
2697.72919956345	1621
2697.28139408924	1622
2714.21867306739	1623
2703.8498799651	1624
2709.63322353168	1625
2698.05457170557	1626
2702.07516556105	1627
2704.39362829541	1628
2695.2840892944	1629
2700.8744988903	1630
2702.29090902847	1631
2707.60072114976	1632
2705.55778955717	1633
2704.76717822882	1634
2704.09451140871	1635
2695.1022322653	1636
2710.10204757039	1637
2693.14834493853	1638
2703.26006860946	1639
2702.85546346188	1640
2704.11214506346	1641
2708.71923224554	1642
2709.37380740076	1643
2710.24334797875	1644
2706.82078685485	1645
2700.01413717791	1646
2695.67823856168	1647
2701.82358956121	1648
2707.77071582566	1649
2707.9271718574	1650
2706.87971006383	1651
2695.08943482233	1652
2701.72727109256	1653
2702.73746905182	1654
2707.39426798677	1655
2706.14890205683	1656
2708.52773102655	1657
2710.98761462315	1658
2701.24680264837	1659
2710.0558243137	1660
2697.4680968408	1661
2692.98761514844	1662
2712.95378799416	1663
2709.71544309081	1664
2706.77473231524	1665
2687.42063948282	1666
2703.47096175535	1667
2704.42506291655	1668
2695.63998023029	1669
2704.75168971487	1670
2700.59883613429	1671
2704.18825569552	1672
2698.67278328214	1673
2701.13168509902	1674
2704.83641241455	1675
2707.34490967843	1676
2706.61403950775	1677
2708.50821214494	1678
2698.15996882731	1679
2705.04005837742	1680
2703.41904888301	1681
2702.05103124792	1682
2706.15727344691	1683
2701.17114164977	1684
2704.71651520653	1685
2700.41765200964	1686
2696.27258117353	1687
2704.93752925984	1688
2711.53180323894	1689
2713.82209072051	1690
2711.1365019799	1691
2694.14217328339	1692
2706.73515373838	1693
2715.04543319671	1694
2703.95981804433	1695
2703.10306639105	1696
2692.64124131044	1697
2702.22727706123	1698
2701.67807704077	1699
2702.28037129091	1700
2703.03019786492	1701
2710.68096889944	1702
2695.63291007111	1703
2701.14873426508	1704
2695.50727070657	1705
2702.55457797307	1706
2684.62794053978	1707
2706.93440088964	1708
2701.19220235325	1709
2701.60388155505	1710
2697.42171702655	1711
2701.55218925647	1712
2706.04264167412	1713
2694.51509210756	1714
2696.80236840775	1715
2709.64432467266	1716
2711.8254271307	1717
2691.13378916071	1718
2709.97753368592	1719
2701.24005344959	1720
2707.49628627077	1721
2710.97563101318	1722
2703.85155655585	1723
2702.22368398035	1724
2689.4955033635	1725
2697.05715228988	1726
2700.53186546031	1727
2697.23473484097	1728
2698.13071225991	1729
2696.92039655651	1730
2707.26220572523	1731
2707.90653556457	1732
2690.69943533566	1733
2692.54779899112	1734
2699.96116241225	1735
2706.88113168814	1736
2703.73850375154	1737
2691.21716348455	1738
2713.47979349439	1739
2703.97872758486	1740
2706.4138883345	1741
2690.93744076485	1742
2700.58946096787	1743
2716.08899067389	1744
2705.09077365934	1745
2709.29972510328	1746
2703.48702689915	1747
2699.96226785058	1748
2696.6989015234	1749
2698.87212508644	1750
2686.37478822325	1751
2703.43952101706	1752
2702.95626330012	1753
2706.41326078609	1754
2709.08759969189	1755
2698.52182866143	1756
2702.50035886282	1757
2698.26330546169	1758
2700.28485615742	1759
2711.77539054398	1760
2693.92763930737	1761
2696.71228212701	1762
2704.37602040902	1763
2704.6297342868	1764
2698.79058341157	1765
2696.95747708347	1766
2695.35779978063	1767
2706.17155639315	1768
2704.75296708796	1769
2697.72418134508	1770
2703.70778314072	1771
2709.36239084284	1772
2707.64474238899	1773
2682.76909329353	1774
2701.3082571942	1775
2703.5314398885	1776
2697.71758595761	1777
2704.69143579859	1778
2705.63853179551	1779
2705.27532059871	1780
2704.63008758489	1781
2696.24596882658	1782
2693.11308916306	1783
2707.18612936899	1784
2700.9402560157	1785
2704.01953000097	1786
2702.48254216261	1787
2693.26241802482	1788
2704.26148257891	1789
2701.38959213715	1790
2709.68164094952	1791
2708.59751683837	1792
2702.82783157982	1793
2707.17371610541	1794
2708.25851803623	1795
2705.57668740249	1796
2706.49953776529	1797
2694.05504527435	1798
2699.54472442086	1799
2706.44126082518	1800
2701.30497251205	1801
2700.3850293634	1802
2700.47065003675	1803
2716.19554861287	1804
2696.43698356447	1805
2711.10867999747	1806
2697.26926670058	1807
2692.71549868589	1808
2689.4947788709	1809
2705.378615326	1810
2696.82031995064	1811
2702.25422025035	1812
2703.46475567962	1813
2694.73911351798	1814
2711.41191406435	1815
2706.53399960088	1816
2698.78515558617	1817
2694.30900402851	1818
2695.55704681835	1819
2705.73752136744	1820
2705.46369271668	1821
2693.98082073177	1822
2697.03939720299	1823
2695.04488620273	1824
2708.54230828238	1825
2707.10785006595	1826
2698.02024066184	1827
2699.84766329517	1828
2700.668276591	1829
2692.31466010502	1830
2703.28990131495	1831
2702.05236765328	1832
2704.87251320563	1833
2704.45160165182	1834
2701.00191136938	1835
2695.34725798985	1836
2697.58341812007	1837
2706.08441555386	1838
2686.82805471868	1839
2702.47517165973	1840
2701.81780579844	1841
2715.3461281586	1842
2700.07223808507	1843
2697.21287096791	1844
2706.85950290784	1845
2696.18072750776	1846
2706.48428450789	1847
2706.73708359384	1848
2701.51729103028	1849
2705.13835611968	1850
2690.84632695088	1851
2693.21168177206	1852
2696.24812822652	1853
2701.28507687143	1854
2705.50891529498	1855
2698.85861688335	1856
2700.23128965752	1857
2695.09776519297	1858
2706.30857065938	1859
2706.00701598723	1860
2702.24902564432	1861
2718.58545574282	1862
2706.22800655126	1863
2705.25151974096	1864
2698.21414137574	1865
2701.3250153226	1866
2703.85261541173	1867
2705.47824920814	1868
2697.85884745657	1869
2709.19186526276	1870
2704.51955827549	1871
2704.44271968123	1872
2708.9012122344	1873
2716.34617827026	1874
2699.06003305734	1875
2708.02865761244	1876
2703.46994874642	1877
2709.71402970352	1878
2699.92470637895	1879
2693.31356032831	1880
2709.09853000096	1881
2698.39908735931	1882
2703.43041277067	1883
2697.76157977613	1884
2702.38804190477	1885
2697.02920927349	1886
2705.43834464515	1887
2703.15335983403	1888
2705.79058210943	1889
2694.34793856871	1890
2703.87125202749	1891
2712.71610994024	1892
2689.99533837842	1893
2704.53580125431	1894
2698.33020565479	1895
2705.94027927643	1896
2704.00629590408	1897
2692.34389555847	1898
2698.62338709735	1899
2700.60174830759	1900
2696.56921993143	1901
2706.16984846832	1902
2705.51353962371	1903
2708.67064357069	1904
2696.41798316113	1905
2712.0008534905	1906
2694.98413102139	1907
2696.10721536027	1908
2694.99361986161	1909
2693.06050596855	1910
2705.37005944687	1911
2696.82075980749	1912
2699.11836703108	1913
2704.07339561717	1914
2701.74452774658	1915
2707.67319645575	1916
2717.06214624723	1917
2705.35061812407	1918
2700.41713323778	1919
2699.7019604168	1920
2697.09798216358	1921
2706.53834787939	1922
2700.30420020799	1923
2700.5106278031	1924
2697.7305391569	1925
2694.93748309348	1926
2692.20525763846	1927
2710.39596082147	1928
2710.65240916072	1929
2704.00253886983	1930
2698.03809934153	1931
2709.77572849924	1932
2708.65032001012	1933
2709.99141131408	1934
2696.01364074211	1935
2704.6366988366	1936
2698.97334164443	1937
2697.78746497012	1938
2706.75256515435	1939
2707.34643767745	1940
2700.72741509708	1941
2708.35510444746	1942
2686.59860220343	1943
2706.23101425707	1944
2704.94151952273	1945
2702.74041189135	1946
2701.90236233418	1947
2705.98252675369	1948
2700.29123303828	1949
2700.5660503677	1950
2708.64520924018	1951
2700.56123662964	1952
2696.84424252794	1953
2708.57787866715	1954
2695.28523266002	1955
2701.28038595321	1956
2701.13287309502	1957
2697.04008050638	1958
2693.60942849914	1959
2703.35905307302	1960
2702.34492733629	1961
2705.01625249176	1962
2702.39106224703	1963
2709.6596836929	1964
2701.79989622094	1965
2698.39002871414	1966
2693.61159447001	1967
2700.24769973541	1968
2695.29539674326	1969
2709.37283311602	1970
2691.71022487471	1971
2705.64702109643	1972
2701.28233616708	1973
2689.93526823557	1974
2689.62916492182	1975
2703.28092979294	1976
2711.03593300426	1977
2704.27390577023	1978
2708.932822121	1979
2700.38597781925	1980
2700.00866659414	1981
2702.41019593391	1982
2705.57017361147	1983
2694.06687727348	1984
2697.01050912736	1985
2706.02776561393	1986
2694.9299789559	1987
2696.32291612452	1988
2699.09120295726	1989
2702.10946809667	1990
2688.38153922214	1991
2695.54144414504	1992
2707.42458606635	1993
2700.19067800677	1994
2706.64394623726	1995
2699.58954032956	1996
2702.37543804129	1997
2696.55980216203	1998
2692.51380095153	1999
2712.20556186148	2000
2704.03778795045	2001
2706.06075110031	2002
2701.80572146637	2003
2707.62107071049	2004
2701.14583071596	2005
2703.07567559405	2006
2693.94989406473	2007
2700.62898659911	2008
2708.84733225786	2009
2704.35686267156	2010
2716.80251956933	2011
2693.25817235412	2012
2709.70462025142	2013
2694.28680731024	2014
2704.37978220384	2015
2693.64546937271	2016
2698.21636879471	2017
2702.15949165405	2018
2705.95234614051	2019
2711.40435104556	2020
2695.46491579164	2021
2707.40608590823	2022
2703.90642597093	2023
2690.40850972269	2024
2710.09026456041	2025
2699.14051178309	2026
2696.28884960879	2027
2686.83743119624	2028
2704.73854927297	2029
2693.67912858169	2030
2705.40886735965	2031
2700.5574657936	2032
2704.76358622614	2033
2704.89764446736	2034
2698.68411047528	2035
2707.13122000472	2036
2710.50017180022	2037
2695.91028388823	2038
2714.01520956367	2039
2707.78152906369	2040
2702.24833211663	2041
2687.67635939855	2042
2708.13205936093	2043
2679.48454119251	2044
2707.31575812958	2045
2701.34068026413	2046
2704.0487037239	2047
2699.9641961308	2048
2704.56424045379	2049
2705.24950110855	2050
2697.33539065225	2051
2706.4670893377	2052
2697.10411730344	2053
2692.65684045709	2054
2694.38490946423	2055
2710.88278868536	2056
2700.92439321451	2057
2696.28342514232	2058
2701.81278944407	2059
2706.68975006881	2060
2707.91424612079	2061
2699.81527225818	2062
2682.2855888517	2063
2699.87716764357	2064
2707.03378541179	2065
2699.33290929874	2066
2703.76567207456	2067
2696.2605344538	2068
2708.41790237385	2069
2690.45307958006	2070
2706.73013353846	2071
2713.06275727377	2072
2703.18428877317	2073
2701.97391105687	2074
2707.83350780488	2075
2703.50073526615	2076
2703.06538905563	2077
2706.28014686292	2078
2698.6565856563	2079
2704.01941317726	2080
2698.73602585709	2081
2711.5927562183	2082
2707.00310838144	2083
2703.21205829153	2084
2703.86941995428	2085
2697.67932686182	2086
2712.9474004293	2087
2710.52227903872	2088
2704.16777758636	2089
2680.94582174741	2090
2697.45244569865	2091
2687.44584741794	2092
2704.6734208337	2093
2689.03090181341	2094
2699.30682046815	2095
2706.92910920964	2096
2700.87333118246	2097
2697.33756029605	2098
2698.80554040835	2099
2692.98561468443	2100
2707.76507902004	2101
2697.37225705337	2102
2703.89604890088	2103
2699.62126511594	2104
2679.4491414958	2105
2708.08059671131	2106
2691.08321268675	2107
2705.68985658898	2108
2703.81793636794	2109
2698.87897793418	2110
2700.69016931482	2111
2702.30249355552	2112
2702.67270405166	2113
2708.79690079383	2114
2695.7403930122	2115
2704.70900631532	2116
2709.47484360828	2117
2694.28421637697	2118
2710.09034733817	2119
2699.84514739216	2120
2704.03233833825	2121
2700.83941617066	2122
2698.39494372109	2123
2708.53314457491	2124
2703.65013175681	2125
2694.84078318482	2126
2709.47807985918	2127
2697.77171582666	2128
2692.01592023107	2129
2698.61951206852	2130
2712.31828008343	2131
2707.13037124667	2132
2696.21488575056	2133
2708.44640600095	2134
2710.71716797299	2135
2697.20586875876	2136
2695.87694268779	2137
2696.11043823113	2138
2704.07033059382	2139
2694.88197841031	2140
2708.5290522839	2141
2693.42942288277	2142
2695.7514765552	2143
2697.52452181174	2144
2700.09613898251	2145
2704.96768464614	2146
2702.87069360997	2147
2696.39988917415	2148
2704.07525504402	2149
2706.40868699774	2150
2696.67279514407	2151
2701.4527788752	2152
2706.58644295696	2153
2690.91243617766	2154
2707.89498464474	2155
2700.23265775853	2156
2711.11805131264	2157
2706.75613252083	2158
2699.70074162469	2159
2710.91112295489	2160
2704.96836696421	2161
2702.33175970114	2162
2693.0943484504	2163
2699.21781735932	2164
2698.0313702684	2165
2710.80866264011	2166
2702.56185870085	2167
2697.47410624795	2168
2697.07882477766	2169
2693.78992523627	2170
2703.95750197892	2171
2704.08455147587	2172
2701.93415220511	2173
2705.88795037485	2174
2700.67735375935	2175
2699.03863517589	2176
2695.5580730818	2177
2701.47319388687	2178
2709.45128020782	2179
2700.61096964537	2180
2699.84717536284	2181
2712.40391948429	2182
2693.94693081075	2183
2691.1250115562	2184
2698.77770492377	2185
2710.4557036478	2186
2703.39795485479	2187
2706.62562501101	2188
2698.42098531775	2189
2702.90049610058	2190
2700.61984123859	2191
2706.09096158652	2192
2708.29536395355	2193
2698.86531449718	2194
2705.35171168468	2195
2696.49897620261	2196
2702.2579792911	2197
2686.51423285635	2198
2694.41146681157	2199
2709.9924319966	2200
2709.35417978598	2201
2702.57906124351	2202
2701.24079547101	2203
2694.96644983893	2204
2708.35240528475	2205
2694.3126434197	2206
2692.32852751509	2207
2702.56855098097	2208
2698.64415263504	2209
2695.27443930497	2210
2703.24037409293	2211
2703.07867561744	2212
2703.03332123005	2213
2708.68388145103	2214
2711.40522374343	2215
2696.64329942467	2216
2699.21536108379	2217
2698.59319055569	2218
2703.30197414547	2219
2708.01583335186	2220
2706.2868631203	2221
2706.93035088173	2222
2705.8887938555	2223
2693.07170688565	2224
2696.15048360112	2225
2699.93685444915	2226
2704.9714633322	2227
2701.6335482045	2228
2703.55381165236	2229
2694.68872798519	2230
2695.92371017691	2231
2693.8034022605	2232
2710.28822753492	2233
2691.53082254761	2234
2705.35761626628	2235
2699.13353059808	2236
2686.52317842513	2237
2711.23437849471	2238
2701.15641104666	2239
2702.13970223291	2240
2702.53457189808	2241
2694.82661353931	2242
2697.61475912183	2243
2698.75638637282	2244
2701.12495516319	2245
2688.31428555132	2246
2707.54490673516	2247
2702.45494441874	2248
2688.5229381518	2249
2710.25757877567	2250
2704.86368016597	2251
2694.69298082012	2252
2695.84823630979	2253
2701.6300327122	2254
2699.82333724853	2255
2702.1680975107	2256
2702.16067420267	2257
2700.55991412481	2258
2694.85212148218	2259
2708.2817625	2260
2691.01996052254	2261
2710.0104284636	2262
2703.28135841751	2263
2695.04753019968	2264
2697.18565558168	2265
2698.49719554402	2266
2707.71485605822	2267
2698.79175484807	2268
2704.08926623187	2269
2705.90399987451	2270
2702.35701899225	2271
2705.50285207849	2272
2690.86974599624	2273
2705.01624969848	2274
2693.65238635841	2275
2697.74896756049	2276
2700.12595799371	2277
2699.05779474014	2278
2694.85245815679	2279
2703.79923196683	2280
2699.20005934568	2281
2710.54816201639	2282
2707.64855172696	2283
2709.46636764023	2284
2692.73585692489	2285
2703.40986288308	2286
2707.71909094678	2287
2696.63030243156	2288
2707.0418817985	2289
2692.25731594273	2290
2711.62364181466	2291
2706.96277596927	2292
2703.81183378602	2293
2701.07253886285	2294
2695.11916366795	2295
2701.35383719471	2296
2706.42398637034	2297
2707.56519359915	2298
2701.7487387255	2299
2709.02000538189	2300
2703.31757056459	2301
2691.1008950704	2302
2693.2936178875	2303
2704.2548840571	2304
2699.77391409976	2305
2698.86623995874	2306
2702.68253714166	2307
2708.05377920266	2308
2697.4329494302	2309
2699.58427387655	2310
2702.62020951714	2311
2691.07452300744	2312
2708.44927427703	2313
2705.13360193747	2314
2695.4832330701	2315
2711.53702859052	2316
2698.27200805174	2317
2707.49830384273	2318
2700.069822994	2319
2688.0435068939	2320
2705.53135781766	2321
2704.82658390562	2322
2706.33076854493	2323
2698.5477498128	2324
2696.42326937547	2325
2703.06387607667	2326
2698.15077403757	2327
2705.4953811877	2328
2698.58860747778	2329
2698.96306226107	2330
2701.76985189348	2331
2704.88239391073	2332
2698.00656400961	2333
2695.67926303078	2334
2707.65306340441	2335
2700.43517646869	2336
2698.86266163155	2337
2704.72698598641	2338
2709.97303214222	2339
2700.4743085733	2340
2705.89707405771	2341
2700.129547905	2342
2700.9160559531	2343
2703.84947504998	2344
2705.93734834555	2345
2704.29900510266	2346
2703.79420165887	2347
2716.62628328357	2348
2707.38511829533	2349
2697.12899539413	2350
2702.20453041347	2351
2700.3312429522	2352
2700.06780533581	2353
2700.10771894862	2354
2701.48515157749	2355
2697.20357317325	2356
2704.46352714985	2357
2703.58697127808	2358
2692.84615008253	2359
2694.8053156545	2360
2681.96882100439	2361
2698.4458201699	2362
2701.11787739647	2363
2709.1418302175	2364
2702.31607382477	2365
2704.03649364664	2366
2700.26008926511	2367
2706.71826831842	2368
2707.77429305863	2369
2701.87263467792	2370
2696.8366287044	2371
2707.17250089693	2372
2695.93960206017	2373
2689.32590331898	2374
2699.7922389597	2375
2703.04234155316	2376
2686.67002280904	2377
2704.46177483463	2378
2713.33756159842	2379
2706.5484015042	2380
2696.34504724763	2381
2706.11193094861	2382
2707.44513427304	2383
2706.53343162875	2384
2707.73887871551	2385
2700.97819481111	2386
2700.9274671913	2387
2701.05510199931	2388
2710.60647544007	2389
2690.74028676878	2390
2702.82570675402	2391
2694.54709000697	2392
2709.93478345102	2393
2708.24407316993	2394
2699.05579859363	2395
2710.05983347704	2396
2712.96246601464	2397
2711.28649573981	2398
2694.10454271198	2399
2699.6869097993	2400
2694.72213076351	2401
2715.61838180481	2402
2700.14883406305	2403
2700.60638157596	2404
2686.3257853164	2405
2703.38744966017	2406
2703.04752143607	2407
2692.87689422204	2408
2698.99335435082	2409
2706.50701153824	2410
2697.54698321553	2411
2702.7391054089	2412
2696.97553089423	2413
2709.1208618538	2414
2705.89496355269	2415
2708.66162188608	2416
2679.51811620854	2417
2705.3443873797	2418
2706.16514030092	2419
2707.14002062967	2420
2696.60387710629	2421
2698.23572565386	2422
2697.60058221222	2423
2707.02615899029	2424
2709.0988096439	2425
2701.99358742572	2426
2692.33738762303	2427
2695.18989849157	2428
2705.21910280177	2429
2702.50912547418	2430
2699.49861996346	2431
2694.32054311924	2432
2692.76938440625	2433
2701.94915207045	2434
2699.78176610468	2435
2698.82806274961	2436
2702.39834760438	2437
2697.63103854956	2438
2702.93938960158	2439
2706.62572477527	2440
2696.41483408535	2441
2696.1577493589	2442
2691.93811969304	2443
2704.34604478049	2444
2692.11049683563	2445
2701.51665776937	2446
2707.6836559521	2447
2699.28002350923	2448
2711.83952222214	2449
2693.82279069574	2450
2700.45139618607	2451
2704.97494863242	2452
2700.11068177909	2453
2695.55622568292	2454
2697.51226245179	2455
2698.75935826898	2456
2693.9819668872	2457
2699.6095431816	2458
2707.7523235344	2459
2703.70255109035	2460
2711.47572470794	2461
2693.17081885586	2462
2709.00520971989	2463
2698.84181014634	2464
2697.73826327513	2465
2704.82017055843	2466
2692.93984515971	2467
2701.12286796053	2468
2699.9411055922	2469
2699.17124770305	2470
2694.22701625261	2471
2701.26020071922	2472
2712.09029229327	2473
2696.57608960743	2474
2697.13273777619	2475
2705.18514765428	2476
2700.63660523814	2477
2690.9323122629	2478
2699.60216634488	2479
2699.89927427862	2480
2697.55752748906	2481
2693.91991712924	2482
2705.63616626144	2483
2708.77383413166	2484
2705.22576214608	2485
2703.02732471504	2486
2705.38249357584	2487
2694.4077354423	2488
2700.60038509484	2489
2700.80878568431	2490
2705.19878335937	2491
2694.46877488496	2492
2702.27595203065	2493
2698.85149574828	2494
2707.15508633883	2495
2700.54391393733	2496
2705.04685883817	2497
2710.91485893876	2498
2695.49128047266	2499
2694.87941119298	2500
2700.99313054692	2501
2701.85269769822	2502
2703.01687449402	2503
2711.68709434741	2504
2707.88288028753	2505
2697.84059829548	2506
2700.69428791652	2507
2693.17761977696	2508
2704.48349262642	2509
2709.47583547556	2510
2710.69074107659	2511
2697.74457265111	2512
2693.72933141907	2513
2689.03607473503	2514
2707.42466369874	2515
2706.89705873175	2516
2698.59447952098	2517
2695.6963626687	2518
2699.04200289508	2519
2705.93128154048	2520
2699.80382925457	2521
2697.84481475326	2522
2712.07690987911	2523
2704.1431008764	2524
2704.50141962309	2525
2700.53156145673	2526
2698.77721567985	2527
2706.14578430806	2528
2706.12690281442	2529
2707.92056007635	2530
2711.93318014617	2531
2682.87971540956	2532
2701.46421817751	2533
2709.67385817588	2534
2711.42626053507	2535
2708.08852057957	2536
2709.5817932255	2537
2708.71852720771	2538
2705.62581806502	2539
2710.20684574926	2540
2701.36976933577	2541
2704.01843372671	2542
2696.10068480221	2543
2697.12374852926	2544
2704.3092210583	2545
2697.92755802769	2546
2696.65463754989	2547
2702.00203086621	2548
2689.76769660491	2549
2710.05261092853	2550
2694.69374138692	2551
2693.7686286073	2552
2698.78798058921	2553
2687.9947046779	2554
2699.63012926608	2555
2711.00813836316	2556
2686.28480880221	2557
2714.94211956255	2558
2697.26030347372	2559
2696.89892795019	2560
2693.79854712289	2561
2697.8944597607	2562
2692.85413109946	2563
2704.28353231283	2564
2711.45415036188	2565
2691.91424460957	2566
2684.72521505592	2567
2698.75941233573	2568
2690.96740924132	2569
2688.28696085726	2570
2691.76172806618	2571
2710.4144816143	2572
2701.4947066726	2573
2701.82710883618	2574
2692.7612402357	2575
2706.15334467588	2576
2701.18869121422	2577
2695.76718523568	2578
2703.18902121681	2579
2705.8898149693	2580
2701.18047561212	2581
2708.14599244669	2582
2712.27984883609	2583
2701.99740445114	2584
2694.93905576124	2585
2697.34926760935	2586
2703.79092241192	2587
2706.37440198333	2588
2695.6128427821	2589
2700.99372735927	2590
2703.21996307555	2591
2706.59153396837	2592
2696.53382418416	2593
2711.31033875835	2594
2691.96845943248	2595
2718.9621924815	2596
2700.72052735011	2597
2715.18814744136	2598
2701.04075057192	2599
2687.79754769309	2600
2700.14900303341	2601
2704.39986146677	2602
2705.80609786251	2603
2702.78831434925	2604
2711.91422682686	2605
2701.87734061209	2606
2694.95747053806	2607
2701.32312978782	2608
2703.62044645538	2609
2695.48095502789	2610
2701.04491185859	2611
2703.86650244736	2612
2706.57164875799	2613
2704.93848650915	2614
2704.63707302867	2615
2710.94478892679	2616
2691.55387558412	2617
2700.92412290765	2618
2698.18409497083	2619
2712.94180043998	2620
2712.05052013996	2621
2704.60871927775	2622
2693.88728978276	2623
2705.02604636284	2624
2696.94699593501	2625
2700.09245921774	2626
2705.82121532125	2627
2709.21706154904	2628
2696.314014856	2629
2700.1428751058	2630
2703.21063611352	2631
2702.71167657046	2632
2710.38542761584	2633
2698.45601750592	2634
2701.64579150558	2635
2702.23239013468	2636
2695.75339895499	2637
2715.01754531341	2638
2705.75795830113	2639
2703.57648659909	2640
2711.07735848751	2641
2691.97455993406	2642
2707.21414727927	2643
2711.96704017689	2644
2690.46028436914	2645
2698.05034188042	2646
2694.80480450774	2647
2687.92284280731	2648
2702.33919788629	2649
2702.66873264625	2650
2705.35469845224	2651
2710.59282473685	2652
2705.99835759313	2653
2688.29986322873	2654
2696.47974537464	2655
2698.8024832776	2656
2694.55768898453	2657
2710.96625287775	2658
2703.7088043076	2659
2702.15625377345	2660
2703.69831118107	2661
2703.01849008358	2662
2706.57750518452	2663
2712.3021703172	2664
2694.99211635284	2665
2691.34469174935	2666
2704.16264714157	2667
2705.45458232945	2668
2710.08615856033	2669
2700.97077962385	2670
2705.68942042819	2671
2695.66382090948	2672
2702.1107217217	2673
2705.09993962148	2674
2699.28385719094	2675
2709.20488815342	2676
2697.01942719667	2677
2709.64659009626	2678
2708.06162104079	2679
2697.36864276031	2680
2706.92154498423	2681
2690.05484957155	2682
2695.37357808639	2683
2698.57705628563	2684
2697.88497117444	2685
2699.92758022209	2686
2701.97076163915	2687
2706.50462856505	2688
2697.86680759594	2689
2701.21210509128	2690
2700.89477352963	2691
2693.00440333773	2692
2698.79752763464	2693
2703.54476784395	2694
2702.66719547497	2695
2707.75161598897	2696
2709.41943912851	2697
2711.66246602058	2698
2697.87430054092	2699
2703.89331593569	2700
2697.1018824607	2701
2701.2618709205	2702
2694.55523637428	2703
2707.94120758201	2704
2700.77333049298	2705
2701.2845884759	2706
2689.5828205982	2707
2704.84596601131	2708
2704.38617852131	2709
2698.0563783469	2710
2704.07207633362	2711
2699.80966556405	2712
2688.60314613817	2713
2700.15176596087	2714
2698.25922457	2715
2700.34888747213	2716
2704.6340557919	2717
2699.98060721669	2718
2698.48163412209	2719
2693.9399747416	2720
2709.44592498974	2721
2697.60448243656	2722
2697.81979890585	2723
2701.57450899538	2724
2711.29305602917	2725
2692.5521505507	2726
2697.07251159854	2727
2711.79593169505	2728
2705.75866255228	2729
2702.46898553832	2730
2706.15091170709	2731
2688.50867246453	2732
2687.56787319639	2733
2703.09267177272	2734
2696.32799180255	2735
2699.26162306607	2736
2704.96640298259	2737
2704.77615723931	2738
2688.39983114171	2739
2708.17651735254	2740
2697.86228641612	2741
2711.33008512678	2742
2696.60681238921	2743
2713.41724389703	2744
2707.97723806741	2745
2686.47167195025	2746
2706.91533425844	2747
2695.54605420016	2748
2713.95159479593	2749
2697.9583787078	2750
2688.51833192045	2751
2694.67622094107	2752
2702.43094663685	2753
2691.51987124292	2754
2697.77878568767	2755
2688.47413772435	2756
2704.3986390341	2757
2699.305990836	2758
2701.53112877312	2759
2687.18241522866	2760
2708.71930934273	2761
2708.78256450993	2762
2698.96687211886	2763
2693.82738944286	2764
2698.23022758663	2765
2705.58970795373	2766
2711.36963495939	2767
2701.75244170129	2768
2697.78336930691	2769
2706.68590129787	2770
2707.22822691533	2771
2707.11159029811	2772
2692.25924626643	2773
2690.8076729048	2774
2704.58511775349	2775
2706.98539071596	2776
2710.39359353604	2777
2699.14690077376	2778
2708.13329615615	2779
2705.03435761111	2780
2706.76709402486	2781
2697.47638488032	2782
2697.54122494708	2783
2701.16107533433	2784
2706.73493667891	2785
2707.85308870589	2786
2696.99874925099	2787
2704.23298136867	2788
2698.06226373846	2789
2713.16295423175	2790
2698.37148775071	2791
2697.27613018327	2792
2702.17533591856	2793
2701.50336993847	2794
2697.76094072038	2795
2710.34572479814	2796
2704.00120626406	2797
2713.68823309298	2798
2691.58659900039	2799
2691.237366969	2800
2699.7375157859	2801
2705.92238142329	2802
2688.68404499294	2803
2703.7185525628	2804
2709.98809787274	2805
2710.60834947996	2806
2713.76941881618	2807
2701.78458036162	2808
2707.39026563906	2809
2707.62199315273	2810
2704.91675185727	2811
2703.4334243916	2812
2697.38219121734	2813
2707.04699287002	2814
2700.50636854567	2815
2701.01313497023	2816
2712.8663968502	2817
2699.47925709202	2818
2699.64495026206	2819
2697.66808770787	2820
2702.61749858745	2821
2708.77602727886	2822
2695.61080830827	2823
2680.04408884464	2824
2704.3073616405	2825
2707.6873255293	2826
2697.73810348246	2827
2710.78496620078	2828
2693.76144431773	2829
2704.85719649147	2830
2711.6707479716	2831
2705.51645816245	2832
2699.85914034256	2833
2704.92262406812	2834
2698.10472473013	2835
2707.76444049785	2836
2688.58393573925	2837
2715.16378439998	2838
2715.89190285113	2839
2698.16971007315	2840
2701.28000246119	2841
2702.07321757514	2842
2699.07659783081	2843
2710.76236314298	2844
2704.78238106447	2845
2709.71018813163	2846
2697.14455888896	2847
2704.1927010548	2848
2693.69865173662	2849
2703.09428506756	2850
2692.98201233093	2851
2705.69335449721	2852
2688.9490088586	2853
2698.02401036886	2854
2698.56868914413	2855
2697.91475845167	2856
2703.72345496556	2857
2704.53212843051	2858
2702.92195341198	2859
2699.79382723127	2860
2696.93171662974	2861
2694.41993349333	2862
2692.87335988067	2863
2689.65072596537	2864
2695.49513560168	2865
2711.0010919736	2866
2707.30958957872	2867
2707.94329025556	2868
2704.60970722405	2869
2704.72724409809	2870
2699.44155475524	2871
2693.27134628924	2872
2700.32542630042	2873
2695.78364099103	2874
2694.35632048767	2875
2690.06650989748	2876
2705.9280747254	2877
2704.03070174074	2878
2704.81517116768	2879
2703.53516889222	2880
2702.90067360515	2881
2706.00047069354	2882
2698.63529209941	2883
2715.98394821444	2884
2696.78680395974	2885
2699.47931196723	2886
2703.3721847232	2887
2695.1740258415	2888
2702.56892311751	2889
2714.07719280759	2890
2693.32874944411	2891
2691.73336624485	2892
2708.49684293542	2893
2700.98675624188	2894
2709.3532472344	2895
2695.07504816072	2896
2698.67597588897	2897
2707.67210419131	2898
2698.76213498136	2899
2707.36305418857	2900
2710.83824544776	2901
2694.45043267942	2902
2709.14125744428	2903
2701.80104179354	2904
2698.53604662491	2905
2706.26970741635	2906
2705.34327979381	2907
2707.12644676902	2908
2707.54276008205	2909
2703.30391819787	2910
2699.24979615001	2911
2703.04725723106	2912
2711.67524651807	2913
2703.73882076824	2914
2691.70125724144	2915
2699.07198354893	2916
2696.63259426973	2917
2696.53919228232	2918
2696.76253256251	2919
2708.59888328664	2920
2697.9715526384	2921
2708.72391156004	2922
2702.8602836568	2923
2696.04487271408	2924
2699.58698400802	2925
2696.27027971394	2926
2696.47377083037	2927
2708.2857424552	2928
2705.31748664804	2929
2700.71591982938	2930
2687.48521820704	2931
2702.25373758508	2932
2697.86280799825	2933
2701.41663055898	2934
2699.27247532946	2935
2700.31922534807	2936
2711.79036833492	2937
2709.61386251903	2938
2707.51116324905	2939
2699.19950081407	2940
2710.16616983667	2941
2702.12179346092	2942
2698.98559553986	2943
2707.03332290222	2944
2697.02618063906	2945
2700.89626339561	2946
2700.9671926595	2947
2697.52132823919	2948
2698.33155053905	2949
2694.08983361344	2950
2708.6961709828	2951
2701.43414030982	2952
2703.52543552886	2953
2709.4987307482	2954
2697.44196630763	2955
2704.26951528589	2956
2700.33594273161	2957
2698.28084267955	2958
2699.37637006692	2959
2692.0712776772	2960
2704.22011603276	2961
2696.66887378756	2962
2699.07064269933	2963
2700.05972620649	2964
2701.55397170857	2965
2702.71823418978	2966
2709.5884091773	2967
2711.27385505542	2968
2711.57049277213	2969
2711.61439185423	2970
2694.25636012742	2971
2697.85900158185	2972
2709.4168667677	2973
2703.27005700455	2974
2691.88171523618	2975
2706.44237916064	2976
2711.20250000673	2977
2691.38285902853	2978
2703.92956174356	2979
2709.2250191416	2980
2697.53247728826	2981
2693.56545350831	2982
2692.64871048348	2983
2701.59881699527	2984
2710.2063839044	2985
2696.67735095664	2986
2704.23351135188	2987
2682.97341518373	2988
2700.87886949388	2989
2706.10793310092	2990
2695.07370142692	2991
2687.01324155383	2992
2695.75474852909	2993
2696.75852480222	2994
2707.16891495918	2995
2695.64665350858	2996
2701.76772005165	2997
2692.49104238622	2998
2702.97668496011	2999
2702.83923453165	3000
2709.52265923081	3001
2705.6455598787	3002
2693.66660647929	3003
2699.61224089885	3004
2701.11547758988	3005
2693.82687088486	3006
2701.29094607831	3007
2694.77415744875	3008
2703.82950487616	3009
2701.59886184281	3010
2697.07309232788	3011
2691.91164522612	3012
2702.38427229463	3013
2701.14683136577	3014
2714.60198137072	3015
2705.51441641868	3016
2689.44674571677	3017
2692.96805553884	3018
2695.892656206	3019
2712.23550004379	3020
2713.14079005496	3021
2694.9346836603	3022
2702.5267372007	3023
2699.21122877503	3024
2689.5275328707	3025
2704.04304216876	3026
2699.05007939083	3027
2699.27217938871	3028
2697.51786092501	3029
2697.8534367659	3030
2700.3991111201	3031
2714.40493631772	3032
2697.83929055421	3033
2703.10647361421	3034
2697.30853985117	3035
2705.09864317046	3036
2694.71519491828	3037
2708.24690328952	3038
2694.17161022623	3039
2694.58132819858	3040
2697.39677439497	3041
2698.5781704732	3042
2699.41261476513	3043
2714.90071187736	3044
2706.27206347304	3045
2709.24153125304	3046
2699.67051488769	3047
2703.70706763288	3048
2698.62335479009	3049
2707.72253626764	3050
2706.0884494554	3051
2692.26621428138	3052
2699.63796499592	3053
2705.86445465426	3054
2704.16891674477	3055
2695.23584587121	3056
2687.34854713493	3057
2694.57253174103	3058
2704.32007648588	3059
2699.91881465688	3060
2695.75771738657	3061
2703.1716320563	3062
2697.35077336798	3063
2698.21757062662	3064
2711.45621235802	3065
2700.44857343652	3066
2699.25600185349	3067
2697.14487814985	3068
2701.7004469016	3069
2703.3523046423	3070
2696.90505518132	3071
2703.62364131787	3072
2710.14577422804	3073
2709.01407609554	3074
2695.82402009229	3075
2702.65917882072	3076
2710.65559869434	3077
2697.26609798594	3078
2713.40285425826	3079
2704.3652212871	3080
2695.45448545893	3081
2703.54900201173	3082
2704.69686038314	3083
2696.42362897482	3084
2700.36668686203	3085
2701.59276211984	3086
2693.32988583856	3087
2691.58049301888	3088
2688.90975368319	3089
2692.67067239908	3090
2702.0048227929	3091
2689.73181189081	3092
2710.07066511033	3093
2696.54256126591	3094
2705.53346774817	3095
2700.77830991016	3096
2700.21664074601	3097
2700.77417778208	3098
2699.45145672138	3099
2700.63130414102	3100
2693.88165483622	3101
2700.34022359249	3102
2703.2387979459	3103
2708.74543952862	3104
2698.00583912705	3105
2696.26289389759	3106
2708.97255602508	3107
2697.21325447657	3108
2706.69034400246	3109
2696.74815716689	3110
2697.65408219167	3111
2697.52881512415	3112
2692.38989822353	3113
2708.1845079885	3114
2705.95439921893	3115
2709.66696401169	3116
2701.81494257594	3117
2696.71980706017	3118
2700.66884373634	3119
2686.15578515187	3120
2693.75848873388	3121
2702.05168494417	3122
2701.84364738831	3123
2701.63071133224	3124
2702.38905523536	3125
2694.18952983341	3126
2691.51521427534	3127
2696.61831229586	3128
2711.66172529166	3129
2705.28112122041	3130
2703.423051971	3131
2702.494023064	3132
2705.91688936154	3133
2699.1694948761	3134
2707.77435569326	3135
2700.41621384992	3136
2697.08292588332	3137
2693.26245347129	3138
2693.39110106262	3139
2709.45493942716	3140
2700.744928982	3141
2705.3597737786	3142
2704.71398967419	3143
2704.39063212908	3144
2698.50882719363	3145
2698.98552367795	3146
2703.56034620404	3147
2690.57402610585	3148
2703.00688402142	3149
2702.7914742017	3150
2707.50203017292	3151
2700.08123843051	3152
2703.1923961478	3153
2694.28421317162	3154
2711.02809514423	3155
2704.15509020761	3156
2702.21977731731	3157
2713.58270112658	3158
2702.4913864188	3159
2707.8372567326	3160
2691.28780792238	3161
2708.45712710166	3162
2703.00668675064	3163
2700.52787341106	3164
2702.21468863095	3165
2704.26675635916	3166
2706.73905763581	3167
2710.09220562725	3168
2703.93926299831	3169
2693.48387270376	3170
2708.61440132765	3171
2706.80474197627	3172
2693.44887562619	3173
2710.61384673619	3174
2701.14868075059	3175
2703.84713732888	3176
2698.53038977754	3177
2704.42822588227	3178
2696.01211917292	3179
2693.89143428523	3180
2707.98725511128	3181
2696.26073151819	3182
2681.11624537768	3183
2702.41122520018	3184
2691.0959622876	3185
2706.7555200964	3186
2709.60269189192	3187
2695.40828762215	3188
2704.04793830999	3189
2700.77760248206	3190
2712.53482531972	3191
2711.26607714087	3192
2698.57592167295	3193
2702.188996489	3194
2695.22872804813	3195
2704.47813442484	3196
2701.46174156522	3197
2696.80472264833	3198
2706.11298940146	3199
2705.61217694747	3200
2702.87902964462	3201
2690.24162018141	3202
2703.46168844542	3203
2699.21800661064	3204
2711.8156162922	3205
2707.6209244591	3206
2703.38737299393	3207
2707.52181072668	3208
2700.17321377341	3209
2706.45585397568	3210
2697.19073223688	3211
2701.69315997588	3212
2694.61746923118	3213
2698.41414572381	3214
2705.2111469773	3215
2699.73740547098	3216
2678.58346290376	3217
2697.50246876532	3218
2699.5007119679	3219
2710.17688443401	3220
2700.38426701152	3221
2694.65480420684	3222
2707.5987501952	3223
2706.05021559581	3224
2692.43057270472	3225
2699.44129636032	3226
2709.70538501115	3227
2715.31368270761	3228
2690.87666741709	3229
2700.67318507493	3230
2693.40817016613	3231
2697.87877510072	3232
2700.1654071857	3233
2689.74664479243	3234
2705.34643412292	3235
2677.95927896562	3236
2695.67564302102	3237
2691.83085820365	3238
2689.71770564154	3239
2701.55953950285	3240
2701.37379802245	3241
2699.57505659958	3242
2708.80956389853	3243
2703.62005880019	3244
2699.17048907358	3245
2688.17824844933	3246
2700.76109865418	3247
2681.7943468234	3248
2701.68602762313	3249
2715.19174977825	3250
2698.7358362877	3251
2704.55339536341	3252
2697.57453190872	3253
2694.0596142176	3254
2707.45000396246	3255
2712.08783433201	3256
2703.68880069947	3257
2699.88731918968	3258
2708.43919656245	3259
2706.16525489174	3260
2701.52500902408	3261
2713.89669506787	3262
2710.3431090821	3263
2692.58926387556	3264
2699.06378765091	3265
2694.21975298274	3266
2709.99845422648	3267
2703.95202870767	3268
2705.98315177763	3269
2703.95518214708	3270
2704.5089125267	3271
2701.85724684579	3272
2703.8059544438	3273
2700.91070039198	3274
2693.274037997	3275
2700.12028048761	3276
2711.38318139742	3277
2707.34531237239	3278
2705.32331251495	3279
2708.44692182829	3280
2701.19900440067	3281
2703.1082523649	3282
2708.12987976411	3283
2709.98504936349	3284
2706.94981901857	3285
2697.31999860089	3286
2709.86239097425	3287
2701.90031256184	3288
2694.36007380945	3289
2704.81874321906	3290
2695.45735873901	3291
2703.13070835296	3292
2703.45473630708	3293
2698.95931052098	3294
2696.57588256843	3295
2704.53541231999	3296
2703.63640885496	3297
2686.10452774847	3298
2699.38401294513	3299
2698.9387979943	3300
2699.89912222795	3301
2703.59626172686	3302
2695.0643746436	3303
2715.83295132355	3304
2700.1899593608	3305
2687.70724202971	3306
2700.17132117529	3307
2695.61107965232	3308
2696.52763718688	3309
2698.94455681447	3310
2702.80043121081	3311
2707.46686021459	3312
2712.93491773714	3313
2705.36464852704	3314
2699.85129581627	3315
2703.01766267233	3316
2698.18930017509	3317
2706.71448004164	3318
2695.13184288905	3319
2712.00565853585	3320
2701.40968907245	3321
2690.5464636654	3322
2698.53993731264	3323
2701.49348798321	3324
2705.01069706977	3325
2704.88574843403	3326
2706.39044499634	3327
2690.06011107172	3328
2716.57838731044	3329
2704.05041743207	3330
2713.75333064786	3331
2713.04724181111	3332
2704.83615508252	3333
2704.4185876666	3334
2703.93971288732	3335
2698.87472345881	3336
2699.4851476148	3337
2705.31006529656	3338
2697.66492604611	3339
2697.15841646841	3340
2703.00707505335	3341
2695.79277904467	3342
2703.93829480535	3343
2706.81927527452	3344
2703.57981484314	3345
2708.38206210659	3346
2702.40903911194	3347
2700.99497668452	3348
2707.7068044779	3349
2707.22635028999	3350
2697.01603399921	3351
2704.43326259772	3352
2695.91827132024	3353
2694.78096809212	3354
2708.37370010302	3355
2703.51281591495	3356
2703.56315355731	3357
2705.920194512	3358
2706.69711602127	3359
2708.14267359899	3360
2697.27630100446	3361
2701.07967565183	3362
2709.20104356057	3363
2703.22264466876	3364
2710.7330894306	3365
2711.96923286459	3366
2703.95644189948	3367
2702.21601093097	3368
2702.1397422867	3369
2704.95306384709	3370
2695.90457621266	3371
2685.43670680914	3372
2686.06489751627	3373
2696.04429299587	3374
2706.49814019281	3375
2707.51008881007	3376
2713.34508713024	3377
2690.17345420421	3378
2699.78077857917	3379
2699.45586981136	3380
2697.95761709232	3381
2695.10557566901	3382
2706.22534667659	3383
2697.81048153871	3384
2686.77477980881	3385
2706.61587578927	3386
2699.16247613223	3387
2699.23794221143	3388
2703.18142079774	3389
2695.96186865159	3390
2695.67971335483	3391
2707.27426027766	3392
2697.72484193736	3393
2704.67492055067	3394
2701.09982615595	3395
2708.43166696073	3396
2694.75453371566	3397
2700.74514681398	3398
2701.66303209309	3399
2690.07684471787	3400
2704.46932936459	3401
2695.92046604982	3402
2696.18147939439	3403
2698.63327718178	3404
2703.30802010093	3405
2703.20455234562	3406
2706.31277283893	3407
2706.72581003161	3408
2707.97659704057	3409
2685.10463141821	3410
2700.36208466315	3411
2698.41703802842	3412
2694.97790677973	3413
2706.82461842141	3414
2707.69425582846	3415
2707.42657088303	3416
2698.62414042075	3417
2688.7466377858	3418
2701.60152505395	3419
2705.65015202981	3420
2702.60860845597	3421
2698.77993860534	3422
2693.92464791452	3423
2709.91202942374	3424
2692.297977498	3425
2703.40256053938	3426
2688.55668619848	3427
2699.78638707056	3428
2696.41611583908	3429
2695.86405459785	3430
2706.36185642712	3431
2690.64306933575	3432
2693.79179689292	3433
2707.45283658591	3434
2703.80560019369	3435
2689.54861823993	3436
2701.93090128933	3437
2706.4671885238	3438
2694.44481908139	3439
2700.35260186336	3440
2702.85967005692	3441
2696.43864103243	3442
2706.37028497202	3443
2701.06789264194	3444
2687.31606227072	3445
2694.8457465862	3446
2702.13778628752	3447
2704.00949657113	3448
2692.64318190928	3449
2694.37695606115	3450
2687.25749324692	3451
2706.91458533289	3452
2699.53771616941	3453
2701.06042985305	3454
2708.78751608645	3455
2707.18939207197	3456
2709.2092940778	3457
2705.52931387424	3458
2693.11871029084	3459
2698.77021180153	3460
2705.73540922243	3461
2706.68477935589	3462
2708.25652336389	3463
2706.17549107557	3464
2696.5821471788	3465
2696.44101397617	3466
2715.10611532363	3467
2711.88772278156	3468
2703.68096718916	3469
2690.47376748247	3470
2705.79164887429	3471
2697.54887920921	3472
2693.02715095023	3473
2703.56518932506	3474
2703.89035424673	3475
2711.52501105877	3476
2694.45635077004	3477
2695.000972995	3478
2695.99169070454	3479
2702.76517940028	3480
2711.96415899397	3481
2697.84832882798	3482
2703.93547285716	3483
2698.6284324863	3484
2706.39012669121	3485
2697.2319370206	3486
2702.66184293162	3487
2696.99218230169	3488
2696.82794097731	3489
2689.53139657052	3490
2701.25437852033	3491
2696.97378227625	3492
2691.60290516454	3493
2695.9924460691	3494
2695.47139216184	3495
2707.19086058461	3496
2694.09126418752	3497
2708.05326071236	3498
2714.26644658034	3499
2702.04119012268	3500
2697.77495872527	3501
2696.1910033091	3502
2700.47015886739	3503
2712.00605539488	3504
2696.10672883993	3505
2704.13871976576	3506
2688.5461812224	3507
2703.37421149107	3508
2704.23690676945	3509
2708.31966958291	3510
2703.29640414955	3511
2702.56657605629	3512
2697.76957454293	3513
2710.77613943287	3514
2707.83659527492	3515
2690.88704684973	3516
2709.71815393286	3517
2686.62208229698	3518
2711.85587857268	3519
2707.26436370966	3520
2705.50610091186	3521
2694.88260180555	3522
2692.80028054864	3523
2698.46314805762	3524
2714.60770055823	3525
2706.89357209119	3526
2705.08155925143	3527
2702.79304489832	3528
2703.50831231237	3529
2705.32641453475	3530
2700.04316166996	3531
2702.92051922266	3532
2711.45961651003	3533
2711.03930334905	3534
2697.70930121722	3535
2709.05286528096	3536
2707.32075799133	3537
2711.16061562111	3538
2703.24234147407	3539
2692.28828236403	3540
2703.17653829728	3541
2707.72297813569	3542
2706.01864308568	3543
2704.67453934351	3544
2709.70698950158	3545
2699.53058876236	3546
2709.28683439033	3547
2700.72162473705	3548
2700.13272862915	3549
2705.73908928333	3550
2713.32056741645	3551
2705.17992820854	3552
2699.73745532622	3553
2710.35863307396	3554
2704.80024817772	3555
2707.30132136731	3556
2697.24463342181	3557
2704.79453227729	3558
2709.70094273583	3559
2694.76250822098	3560
2696.70876281837	3561
2714.62603177305	3562
2714.0476798397	3563
2710.33481097754	3564
2701.68052552626	3565
2700.17879405972	3566
2716.90905803565	3567
2699.56290501141	3568
2706.6475033324	3569
2696.6126190493	3570
2704.28371349236	3571
2707.82949213744	3572
2692.5188241396	3573
2703.97797359391	3574
2704.06575483799	3575
2700.12249901736	3576
2701.67221935716	3577
2703.50875164577	3578
2696.51559889051	3579
2707.58453065635	3580
2706.43289253683	3581
2702.87051872251	3582
2703.77502673834	3583
2706.00892168542	3584
2706.99708992089	3585
2685.10027776159	3586
2704.97283967295	3587
2693.89378278779	3588
2707.56330574876	3589
2698.34132708702	3590
2699.30206610376	3591
2698.88244803798	3592
2703.59867568685	3593
2708.75677948599	3594
2710.91636244656	3595
2693.45488630711	3596
2697.90940574308	3597
2698.21881537661	3598
2706.53044111713	3599
2707.52306127173	3600
2687.98973417778	3601
2704.2543832285	3602
2718.72900278766	3603
2697.10799636868	3604
2708.8179512806	3605
2686.2862932361	3606
2704.5415941002	3607
2707.21322798122	3608
2702.70355885125	3609
2691.6910069687	3610
2697.07226302862	3611
2698.21942447013	3612
2706.62099486993	3613
2710.10633529172	3614
2696.07863262497	3615
2699.33066382606	3616
2702.61642397027	3617
2699.19513070007	3618
2696.94435612621	3619
2702.79397821189	3620
2706.55962296836	3621
2711.34246872007	3622
2699.55164093068	3623
2709.81433083788	3624
2691.34061068387	3625
2695.75350181657	3626
2713.37415355439	3627
2700.8964664954	3628
2712.19376566632	3629
2707.94237109473	3630
2691.64026550484	3631
2695.20509793206	3632
2710.75431941601	3633
2703.83115003987	3634
2710.14273296521	3635
2688.93874067019	3636
2685.57992026043	3637
2698.607735617	3638
2703.77108623545	3639
2698.05671128151	3640
2707.77973151117	3641
2690.19640309825	3642
2703.82420679793	3643
2702.6165033937	3644
2705.09533110604	3645
2692.22698142704	3646
2703.86077380789	3647
2700.67029297456	3648
2713.00072265613	3649
2704.38569311741	3650
2715.15113917667	3651
2695.74270369028	3652
2696.85492661261	3653
2699.76537899173	3654
2709.29531437017	3655
2697.98142921004	3656
2701.66345002615	3657
2707.30244321346	3658
2697.78578643998	3659
2699.64672207046	3660
2698.2583391082	3661
2699.1064431594	3662
2703.60602984858	3663
2706.32113273569	3664
2698.67868971905	3665
2708.46287498861	3666
2707.19314838891	3667
2709.28180978433	3668
2691.19704214165	3669
2698.94828071138	3670
2702.27372738992	3671
2699.54525291268	3672
2696.83302483449	3673
2707.37451323681	3674
2698.12419716749	3675
2709.01940524678	3676
2703.97582675092	3677
2703.66260532105	3678
2700.23714472725	3679
2698.3828116472	3680
2699.34882909725	3681
2700.59189228759	3682
2703.97111457309	3683
2691.04500802089	3684
2706.87731597612	3685
2705.07764989804	3686
2704.88365057261	3687
2714.63923072211	3688
2694.70907499429	3689
2711.84153119248	3690
2703.81301724195	3691
2706.93802383156	3692
2701.26092282093	3693
2706.92536050256	3694
2696.47154090838	3695
2704.06559027111	3696
2699.58005960502	3697
2694.32667210788	3698
2695.22457672374	3699
2696.18661940342	3700
2701.99871397142	3701
2717.14368687392	3702
2700.08005276275	3703
2695.7194324996	3704
2709.61923115468	3705
2700.80500058184	3706
2705.75789750861	3707
2702.16120539187	3708
2713.28772898363	3709
2699.36229947571	3710
2707.56942020721	3711
2694.78083337572	3712
2699.70443855774	3713
2702.44916300312	3714
2702.02110264595	3715
2703.9495469115	3716
2708.00012554403	3717
2706.46716571357	3718
2705.39291281642	3719
2696.29499409055	3720
2712.0512239494	3721
2695.73427740609	3722
2702.98333781183	3723
2710.31064290685	3724
2708.29322825567	3725
2701.79611135589	3726
2695.70766707572	3727
2688.68654584337	3728
2706.78283685012	3729
2706.80456359541	3730
2696.83141434513	3731
2697.8102386775	3732
2712.61285916749	3733
2699.74047897789	3734
2696.06270905869	3735
2703.41842790107	3736
2698.52749647619	3737
2700.32110095675	3738
2698.32802141054	3739
2694.7103844574	3740
2707.31432565766	3741
2694.70862408624	3742
2699.96852663165	3743
2700.5954180017	3744
2701.03713937663	3745
2700.44751598775	3746
2687.62091450709	3747
2695.83100041812	3748
2701.05685456612	3749
2705.04833878033	3750
2694.73176021486	3751
2692.42415165477	3752
2714.31041089398	3753
2698.30814649198	3754
2697.97288271007	3755
2711.84909184883	3756
2700.20594007106	3757
2691.44959198572	3758
2699.44212869022	3759
2712.12719543357	3760
2699.54994407465	3761
2701.00121189755	3762
2696.61209612125	3763
2685.34390115401	3764
2711.06402401633	3765
2701.86698664128	3766
2708.18484864809	3767
2701.87099414544	3768
2702.99601605342	3769
2696.5771067992	3770
2701.9805499075	3771
2707.9176305732	3772
2700.72620861704	3773
2711.75626805114	3774
2698.49653138994	3775
2711.56467485326	3776
2698.13926578982	3777
2693.72754004777	3778
2703.94235925084	3779
2695.29891625532	3780
2697.69139031425	3781
2695.50216654021	3782
2705.82212797392	3783
2693.12645432526	3784
2709.81639443327	3785
2711.61009023338	3786
2688.25002782845	3787
2701.77559978242	3788
2700.47070954501	3789
2695.78915665867	3790
2706.43622648976	3791
2694.9857240697	3792
2696.65524902657	3793
2701.54535231349	3794
2712.67071153783	3795
2692.85683816165	3796
2706.11810734087	3797
2704.85597409753	3798
2704.30395844169	3799
2702.25436149533	3800
2708.77940607498	3801
2714.58307475053	3802
2707.57520141066	3803
2700.64096861591	3804
2703.92278007833	3805
2693.67688088684	3806
2701.57046901408	3807
2696.71392969551	3808
2697.96747866249	3809
2703.39880071141	3810
2706.02530968653	3811
2697.13387537641	3812
2708.88694829928	3813
2698.97569524258	3814
2696.11243454675	3815
2693.92449838205	3816
2695.66720194336	3817
2700.17662335583	3818
2699.2921146797	3819
2704.44404578696	3820
2708.4908446715	3821
2698.27931442183	3822
2708.64917996544	3823
2698.62697918236	3824
2695.36616203849	3825
2692.20677489332	3826
2685.84520461388	3827
2703.20949252792	3828
2706.30828651887	3829
2696.77258338666	3830
2692.21981500832	3831
2708.43610346512	3832
2701.95109487294	3833
2694.38865604749	3834
2701.73370580256	3835
2704.91296704436	3836
2702.28035850411	3837
2699.83256461555	3838
2696.13576594645	3839
2692.27877263065	3840
2708.16790056696	3841
2697.30045195704	3842
2706.70296906419	3843
2705.83687812157	3844
2698.39117620771	3845
2696.05660666814	3846
2708.85391681146	3847
2698.86809528764	3848
2699.89210684205	3849
2696.46684583896	3850
2698.42731892314	3851
2705.18682929095	3852
2696.03950721912	3853
2704.69216778645	3854
2690.15744651312	3855
2706.36312945245	3856
2708.51509540202	3857
2704.38825731032	3858
2691.64730904737	3859
2695.98994285747	3860
2706.011804843	3861
2692.15875543153	3862
2704.23958467505	3863
2705.14765792548	3864
2705.76252987696	3865
2708.05358507375	3866
2704.30036166409	3867
2693.01374110557	3868
2701.77255695551	3869
2705.0724762682	3870
2690.88806193692	3871
2704.06223870726	3872
2699.63033648049	3873
2706.22245958975	3874
2713.61703813315	3875
2705.99335523494	3876
2704.12103088155	3877
2707.67481551619	3878
2707.30506096947	3879
2699.96902245375	3880
2699.98174536885	3881
2709.38624310296	3882
2690.42683701739	3883
2712.06243101652	3884
2705.32071581716	3885
2698.1470560014	3886
2691.488781497	3887
2697.10929967845	3888
2707.41595427408	3889
2697.45639916587	3890
2697.37767513071	3891
2698.51422737007	3892
2702.69085981016	3893
2703.76958161783	3894
2702.85043707508	3895
2702.68033394271	3896
2696.17551434426	3897
2711.43760668144	3898
2710.0647972941	3899
2691.89432122234	3900
2702.38408120307	3901
2690.94081593105	3902
2696.13377880902	3903
2700.651548014	3904
2699.80352652452	3905
2704.41500691143	3906
2706.80401120049	3907
2704.67568007977	3908
2698.2769296439	3909
2701.75200737526	3910
2688.35135289662	3911
2701.31678166998	3912
2701.08520610252	3913
2709.08079096045	3914
2697.92778517335	3915
2706.94038648723	3916
2692.40379074623	3917
2697.33743877104	3918
2696.17028782116	3919
2699.27033493398	3920
2700.6036175214	3921
2692.90535246824	3922
2702.33270979056	3923
2703.35502776064	3924
2699.06430563023	3925
2707.90709400742	3926
2708.73064658647	3927
2701.86794015193	3928
2699.53257214547	3929
2703.35219967245	3930
2698.65757084628	3931
2700.84126864463	3932
2688.72414967648	3933
2706.51333295837	3934
2696.72711405011	3935
2704.81828465398	3936
2701.88420620936	3937
2705.47519550973	3938
2701.65887904307	3939
2690.58826114458	3940
2697.5974056853	3941
2705.89998171358	3942
2685.36303447116	3943
2702.15428600776	3944
2694.33691365482	3945
2696.76591917091	3946
2702.38229017133	3947
2709.64430263798	3948
2707.47113778282	3949
2704.0066479268	3950
2708.66456142935	3951
2704.73821276294	3952
2697.77060114933	3953
2694.03490647427	3954
2703.14614416924	3955
2705.8048704271	3956
2692.45045903929	3957
2707.50950009022	3958
2700.14077919028	3959
2710.47635078508	3960
2701.45740774999	3961
2693.90043155329	3962
2687.07598145991	3963
2691.91335383058	3964
2711.90371931428	3965
2690.97578083945	3966
2708.33553958769	3967
2705.90339616451	3968
2704.95902376006	3969
2698.05612433188	3970
2709.54527906954	3971
2702.70457301434	3972
2702.14344435297	3973
2701.26711158842	3974
2704.57163278601	3975
2700.44888137879	3976
2698.78629782917	3977
2701.99316807613	3978
2706.28088758409	3979
2690.91065412968	3980
2705.00091209608	3981
2700.58412520244	3982
2705.32110375645	3983
2707.92185076237	3984
2706.37391823658	3985
2700.44813653185	3986
2704.98760961143	3987
2707.52989573523	3988
2705.69595910599	3989
2698.28170618607	3990
2701.35221521373	3991
2711.61349124887	3992
2709.06984493986	3993
2706.06910414026	3994
2692.78716254291	3995
2701.35435120182	3996
2702.35787109018	3997
2713.39829855274	3998
2699.71518012138	3999
2692.65101203986	4000
