"weightKG"	"lengthCM"	"samplingID"	"partnumber"	"otolithtype"	"partcount"
0.209	28	1	"NA/19/2023/10024/20_17_38417_1"	NA	NA
0.068	20	1	"NA/19/2023/10024/20_17_38417_1"	NA	NA
0.194	29.5	1	"NA/19/2023/10024/20_17_38417_1"	NA	NA
0.059	19	1	"NA/19/2023/10024/20_17_38417_1"	NA	NA
0.153	25	1	"NA/19/2023/10024/20_17_38417_1"	NA	NA
0.091	22	1	"NA/19/2023/10024/20_17_38417_1"	NA	NA
0.079	20.5	1	"NA/19/2023/10024/20_17_38417_1"	NA	NA
0.063	19.5	1	"NA/19/2023/10024/20_17_38417_1"	NA	NA
0.079	21	1	"NA/19/2023/10024/20_17_38417_1"	NA	NA
0.187	29	1	"NA/19/2023/10024/20_17_38417_1"	NA	NA
0.174	26.5	1	"NA/19/2023/10024/20_17_38417_1"	NA	NA
0.184	28	1	"NA/19/2023/10024/20_17_38417_1"	NA	NA
0.1	22	1	"NA/19/2023/10024/20_17_38417_1"	NA	NA
0.101	24	1	"NA/19/2023/10024/20_17_38417_1"	NA	NA
0.074	20	1	"NA/19/2023/10024/20_17_38417_1"	NA	NA
0.145	25	1	"NA/19/2023/10024/20_17_38417_1"	NA	NA
0.069	19	1	"NA/19/2023/10024/20_17_38417_1"	NA	NA
0.095	20.5	1	"NA/19/2023/10024/20_17_38417_1"	NA	NA
0.088	21.5	1	"NA/19/2023/10024/20_17_38417_1"	NA	NA
0.213	29	1	"NA/19/2023/10024/20_17_38417_1"	NA	NA
0.195	26	1	"NA/19/2023/10024/20_17_38417_1"	NA	NA
0.163	25.5	1	"NA/19/2023/10024/20_17_38417_1"	NA	NA
0.168	26.5	1	"NA/19/2023/10024/20_17_38417_1"	NA	NA
0.148	26.5	1	"NA/19/2023/10024/20_17_38417_1"	NA	NA
0.073	21	1	"NA/19/2023/10024/20_17_38417_1"	NA	NA
0.197	27.5	1	"NA/19/2023/10024/20_17_38417_1"	NA	NA
0.071	20	1	"NA/19/2023/10024/20_17_38417_1"	NA	NA
0.082	21	1	"NA/19/2023/10024/20_17_38417_1"	NA	NA
0.213	28.5	1	"NA/19/2023/10024/20_17_38417_1"	NA	NA
0.065	20	1	"NA/19/2023/10024/20_17_38417_1"	NA	NA
0.064	19.5	1	"NA/19/2023/10024/20_17_38417_1"	NA	NA
0.194	28	1	"NA/19/2023/10024/20_17_38417_1"	NA	NA
0.217	28.5	1	"NA/19/2023/10024/20_17_38417_1"	NA	NA
0.092	21	1	"NA/19/2023/10024/20_17_38417_1"	NA	NA
0.084	21	1	"NA/19/2023/10024/20_17_38417_1"	NA	NA
0.054	18.5	1	"NA/19/2023/10024/20_17_38417_1"	NA	NA
0.086	21.5	1	"NA/19/2023/10024/20_17_38417_1"	NA	NA
0.1	22.5	1	"NA/19/2023/10024/20_17_38417_1"	NA	NA
0.086	21	1	"NA/19/2023/10024/20_17_38417_1"	NA	NA
0.071	20	1	"NA/19/2023/10024/20_17_38417_1"	NA	NA
0.143	24.5	1	"NA/19/2023/10024/20_17_38417_1"	NA	NA
0.065	19	1	"NA/19/2023/10024/20_17_38417_1"	NA	NA
0.063	19.5	1	"NA/19/2023/10024/20_17_38417_1"	NA	NA
0.074	20.5	1	"NA/19/2023/10024/20_17_38417_1"	NA	NA
0.062	19.5	1	"NA/19/2023/10024/20_17_38417_1"	NA	NA
0.08	20	1	"NA/19/2023/10024/20_17_38417_1"	NA	NA
0.199	29	1	"NA/19/2023/10024/20_17_38417_1"	NA	NA
0.084	22	1	"NA/19/2023/10024/20_17_38417_1"	NA	NA
0.067	20	1	"NA/19/2023/10024/20_17_38417_1"	NA	NA
0.123	24	1	"NA/19/2023/10024/20_17_38417_1"	NA	NA
0.073	20	1	"NA/19/2023/10024/20_17_38417_1"	NA	NA
0.18	28.5	1	"NA/19/2023/10024/20_17_38417_1"	NA	NA
0.082	21	1	"NA/19/2023/10024/20_17_38417_1"	NA	NA
0.053	18.5	1	"NA/19/2023/10024/20_17_38417_1"	NA	NA
0.167	26.5	1	"NA/19/2023/10024/20_17_38417_1"	NA	NA
0.086	21.5	1	"NA/19/2023/10024/20_17_38417_1"	NA	NA
0.086	21.5	1	"NA/19/2023/10024/20_17_38417_1"	NA	NA
0.072	20	1	"NA/19/2023/10024/20_17_38417_1"	NA	NA
0.13	26	1	"NA/19/2023/10024/20_17_38417_1"	NA	NA
0.18	26.5	1	"NA/19/2023/10024/20_17_38417_1"	NA	NA
0.048	18.5	1	"NA/19/2023/10024/20_17_38417_1"	NA	NA
0.058	18.5	1	"NA/19/2023/10024/20_17_38417_1"	NA	NA
0.229	28	1	"NA/19/2023/10024/20_17_38417_1"	NA	NA
0.07	20	1	"NA/19/2023/10024/20_17_38417_1"	NA	NA
0.071	20	1	"NA/19/2023/10024/20_17_38417_1"	NA	NA
0.054	18.5	1	"NA/19/2023/10024/20_17_38417_1"	NA	NA
0.055	18.5	1	"NA/19/2023/10024/20_17_38417_1"	NA	NA
0.071	20	1	"NA/19/2023/10024/20_17_38417_1"	NA	NA
0.058	19.5	1	"NA/19/2023/10024/20_17_38417_1"	NA	NA
0.065	20	1	"NA/19/2023/10024/20_17_38417_1"	NA	NA
0.219	29	1	"NA/19/2023/10024/20_17_38417_1"	NA	NA
0.049	17.5	1	"NA/19/2023/10024/20_17_38417_1"	NA	NA
0.071	19.5	1	"NA/19/2023/10024/20_17_38417_1"	NA	NA
0.057	18.5	1	"NA/19/2023/10024/20_17_38417_1"	NA	NA
0.049	18	1	"NA/19/2023/10024/20_17_38417_1"	NA	NA
0.049	18.5	1	"NA/19/2023/10024/20_17_38417_1"	NA	NA
0.081	21	1	"NA/19/2023/10024/20_17_38417_1"	NA	NA
0.061	19	1	"NA/19/2023/10024/20_17_38417_1"	NA	NA
0.08	21	1	"NA/19/2023/10024/20_17_38417_1"	NA	NA
0.073	20	1	"NA/19/2023/10024/20_17_38417_1"	NA	NA
0.146	26.5	1	"NA/19/2023/10024/20_17_38417_1"	NA	NA
0.073	20.5	1	"NA/19/2023/10024/20_17_38417_1"	NA	NA
0.074	20.5	1	"NA/19/2023/10024/20_17_38417_1"	NA	NA
0.081	20.5	1	"NA/19/2023/10024/20_17_38417_1"	NA	NA
0.155	25	1	"NA/19/2023/10024/20_17_38417_1"	NA	NA
0.047	18.5	1	"NA/19/2023/10024/20_17_38417_1"	NA	NA
0.061	19	1	"NA/19/2023/10024/20_17_38417_1"	NA	NA
0.088	20.5	1	"NA/19/2023/10024/20_17_38417_1"	NA	NA
0.073	20	1	"NA/19/2023/10024/20_17_38417_1"	NA	NA
0.05	18.5	1	"NA/19/2023/10024/20_17_38417_1"	NA	NA
0.066	20	1	"NA/19/2023/10024/20_17_38417_1"	NA	NA
0.071	19.5	1	"NA/19/2023/10024/20_17_38417_1"	NA	NA
0.076	20	1	"NA/19/2023/10024/20_17_38417_1"	NA	NA
0.072	20	1	"NA/19/2023/10024/20_17_38417_1"	NA	NA
0.066	19.5	1	"NA/19/2023/10024/20_17_38417_1"	NA	NA
0.066	20	1	"NA/19/2023/10024/20_17_38417_1"	NA	NA
0.216	27	2	"NA/19/2023/10024/20_20_38420_1"	NA	NA
0.157	24	2	"NA/19/2023/10024/20_20_38420_1"	NA	NA
0.208	27	2	"NA/19/2023/10024/20_20_38420_1"	NA	NA
0.104	23	2	"NA/19/2023/10024/20_20_38420_1"	NA	NA
0.219	28	2	"NA/19/2023/10024/20_20_38420_1"	NA	NA
0.286	29.5	2	"NA/19/2023/10024/20_20_38420_1"	NA	NA
0.208	27	2	"NA/19/2023/10024/20_20_38420_1"	NA	NA
0.172	25.5	2	"NA/19/2023/10024/20_20_38420_1"	NA	NA
0.148	24.5	2	"NA/19/2023/10024/20_20_38420_1"	NA	NA
0.226	27.5	2	"NA/19/2023/10024/20_20_38420_1"	NA	NA
0.233	28.5	2	"NA/19/2023/10024/20_20_38420_1"	NA	NA
0.22	27.5	2	"NA/19/2023/10024/20_20_38420_1"	NA	NA
0.163	25	2	"NA/19/2023/10024/20_20_38420_1"	NA	NA
0.14	24.5	2	"NA/19/2023/10024/20_20_38420_1"	NA	NA
0.166	24.5	2	"NA/19/2023/10024/20_20_38420_1"	NA	NA
0.15	25	2	"NA/19/2023/10024/20_20_38420_1"	NA	NA
0.151	25	2	"NA/19/2023/10024/20_20_38420_1"	NA	NA
0.198	26	2	"NA/19/2023/10024/20_20_38420_1"	NA	NA
0.181	26.5	2	"NA/19/2023/10024/20_20_38420_1"	NA	NA
0.192	25.5	2	"NA/19/2023/10024/20_20_38420_1"	NA	NA
0.146	24.5	2	"NA/19/2023/10024/20_20_38420_1"	NA	NA
0.202	28	2	"NA/19/2023/10024/20_20_38420_1"	NA	NA
0.185	27	2	"NA/19/2023/10024/20_20_38420_1"	NA	NA
0.182	26.5	2	"NA/19/2023/10024/20_20_38420_1"	NA	NA
0.232	28.5	2	"NA/19/2023/10024/20_20_38420_1"	NA	NA
0.151	24.5	2	"NA/19/2023/10024/20_20_38420_1"	NA	NA
0.159	25	2	"NA/19/2023/10024/20_20_38420_1"	NA	NA
0.177	25.5	2	"NA/19/2023/10024/20_20_38420_1"	NA	NA
0.17	27	2	"NA/19/2023/10024/20_20_38420_1"	NA	NA
0.155	25	2	"NA/19/2023/10024/20_20_38420_1"	NA	NA
0.18	26	2	"NA/19/2023/10024/20_20_38420_1"	NA	NA
0.174	26	2	"NA/19/2023/10024/20_20_38420_1"	NA	NA
0.185	26.5	2	"NA/19/2023/10024/20_20_38420_1"	NA	NA
0.183	26.5	2	"NA/19/2023/10024/20_20_38420_1"	NA	NA
0.163	26	2	"NA/19/2023/10024/20_20_38420_1"	NA	NA
0.18	26.5	2	"NA/19/2023/10024/20_20_38420_1"	NA	NA
0.214	27	2	"NA/19/2023/10024/20_20_38420_1"	NA	NA
0.214	27.5	2	"NA/19/2023/10024/20_20_38420_1"	NA	NA
0.18	26	2	"NA/19/2023/10024/20_20_38420_1"	NA	NA
0.196	26	2	"NA/19/2023/10024/20_20_38420_1"	NA	NA
0.16	25.5	2	"NA/19/2023/10024/20_20_38420_1"	NA	NA
0.123	23	2	"NA/19/2023/10024/20_20_38420_1"	NA	NA
0.19	27	2	"NA/19/2023/10024/20_20_38420_1"	NA	NA
0.219	27	2	"NA/19/2023/10024/20_20_38420_1"	NA	NA
0.131	23.5	2	"NA/19/2023/10024/20_20_38420_1"	NA	NA
0.206	28	2	"NA/19/2023/10024/20_20_38420_1"	NA	NA
0.159	25.5	2	"NA/19/2023/10024/20_20_38420_1"	NA	NA
0.223	27	2	"NA/19/2023/10024/20_20_38420_1"	NA	NA
0.208	26.5	2	"NA/19/2023/10024/20_20_38420_1"	NA	NA
0.216	28	2	"NA/19/2023/10024/20_20_38420_1"	NA	NA
0.199	26	2	"NA/19/2023/10024/20_20_38420_1"	NA	NA
0.175	26	2	"NA/19/2023/10024/20_20_38420_1"	NA	NA
0.088	20	3	"NA/19/2023/10024/20_21_38421_1"	NA	NA
0.073	20.5	3	"NA/19/2023/10024/20_21_38421_1"	NA	NA
0.067	19	3	"NA/19/2023/10024/20_21_38421_1"	NA	NA
0.27	29.5	3	"NA/19/2023/10024/20_21_38421_1"	NA	NA
0.144	24.5	3	"NA/19/2023/10024/20_21_38421_1"	NA	NA
0.068	18.5	3	"NA/19/2023/10024/20_21_38421_1"	NA	NA
0.067	20.5	3	"NA/19/2023/10024/20_21_38421_1"	NA	NA
0.156	24.5	3	"NA/19/2023/10024/20_21_38421_1"	NA	NA
0.11	22	3	"NA/19/2023/10024/20_21_38421_1"	NA	NA
0.242	29	3	"NA/19/2023/10024/20_21_38421_1"	NA	NA
0.067	20.5	3	"NA/19/2023/10024/20_21_38421_1"	NA	NA
0.066	19.5	3	"NA/19/2023/10024/20_21_38421_1"	NA	NA
0.079	21	3	"NA/19/2023/10024/20_21_38421_1"	NA	NA
0.063	19.5	3	"NA/19/2023/10024/20_21_38421_1"	NA	NA
0.067	19.5	3	"NA/19/2023/10024/20_21_38421_1"	NA	NA
0.227	29	3	"NA/19/2023/10024/20_21_38421_1"	NA	NA
0.23	28	3	"NA/19/2023/10024/20_21_38421_1"	NA	NA
0.179	26.5	3	"NA/19/2023/10024/20_21_38421_1"	NA	NA
0.074	20	3	"NA/19/2023/10024/20_21_38421_1"	NA	NA
0.193	26.5	3	"NA/19/2023/10024/20_21_38421_1"	NA	NA
0.074	20	3	"NA/19/2023/10024/20_21_38421_1"	NA	NA
0.078	20	3	"NA/19/2023/10024/20_21_38421_1"	NA	NA
0.063	19.5	3	"NA/19/2023/10024/20_21_38421_1"	NA	NA
0.062	20	3	"NA/19/2023/10024/20_21_38421_1"	NA	NA
0.073	20.5	3	"NA/19/2023/10024/20_21_38421_1"	NA	NA
0.092	21.5	3	"NA/19/2023/10024/20_21_38421_1"	NA	NA
0.077	20.5	3	"NA/19/2023/10024/20_21_38421_1"	NA	NA
0.077	20	3	"NA/19/2023/10024/20_21_38421_1"	NA	NA
0.069	20	3	"NA/19/2023/10024/20_21_38421_1"	NA	NA
0.066	20	3	"NA/19/2023/10024/20_21_38421_1"	NA	NA
0.223	28.5	3	"NA/19/2023/10024/20_21_38421_1"	NA	NA
0.06	19	3	"NA/19/2023/10024/20_21_38421_1"	NA	NA
0.063	19	3	"NA/19/2023/10024/20_21_38421_1"	NA	NA
0.13	24	3	"NA/19/2023/10024/20_21_38421_1"	NA	NA
0.229	29.5	3	"NA/19/2023/10024/20_21_38421_1"	NA	NA
0.066	19	3	"NA/19/2023/10024/20_21_38421_1"	NA	NA
0.148	25	3	"NA/19/2023/10024/20_21_38421_1"	NA	NA
0.099	21	3	"NA/19/2023/10024/20_21_38421_1"	NA	NA
0.166	27	3	"NA/19/2023/10024/20_21_38421_1"	NA	NA
0.058	18.5	3	"NA/19/2023/10024/20_21_38421_1"	NA	NA
0.066	19.5	3	"NA/19/2023/10024/20_21_38421_1"	NA	NA
0.074	20.5	3	"NA/19/2023/10024/20_21_38421_1"	NA	NA
0.054	18.5	3	"NA/19/2023/10024/20_21_38421_1"	NA	NA
0.067	20	3	"NA/19/2023/10024/20_21_38421_1"	NA	NA
0.068	20	3	"NA/19/2023/10024/20_21_38421_1"	NA	NA
0.086	21.5	3	"NA/19/2023/10024/20_21_38421_1"	NA	NA
0.058	19	3	"NA/19/2023/10024/20_21_38421_1"	NA	NA
0.057	18.5	3	"NA/19/2023/10024/20_21_38421_1"	NA	NA
0.093	22	3	"NA/19/2023/10024/20_21_38421_1"	NA	NA
0.075	20.5	3	"NA/19/2023/10024/20_21_38421_1"	NA	NA
0.204	27	3	"NA/19/2023/10024/20_21_38421_1"	NA	NA
0.069	20	3	"NA/19/2023/10024/20_21_38421_1"	NA	NA
0.06	19	3	"NA/19/2023/10024/20_21_38421_1"	NA	NA
0.159	24.5	3	"NA/19/2023/10024/20_21_38421_1"	NA	NA
0.064	19	3	"NA/19/2023/10024/20_21_38421_1"	NA	NA
0.054	18.5	3	"NA/19/2023/10024/20_21_38421_1"	NA	NA
0.202	28	3	"NA/19/2023/10024/20_21_38421_1"	NA	NA
0.069	20	3	"NA/19/2023/10024/20_21_38421_1"	NA	NA
0.251	28.5	3	"NA/19/2023/10024/20_21_38421_1"	NA	NA
0.093	21.5	3	"NA/19/2023/10024/20_21_38421_1"	NA	NA
0.059	19	3	"NA/19/2023/10024/20_21_38421_1"	NA	NA
0.242	27	3	"NA/19/2023/10024/20_21_38421_1"	NA	NA
0.205	27.5	3	"NA/19/2023/10024/20_21_38421_1"	NA	NA
0.181	27.5	3	"NA/19/2023/10024/20_21_38421_1"	NA	NA
0.239	29	3	"NA/19/2023/10024/20_21_38421_1"	NA	NA
0.065	19.5	3	"NA/19/2023/10024/20_21_38421_1"	NA	NA
0.077	20.5	3	"NA/19/2023/10024/20_21_38421_1"	NA	NA
0.064	19	3	"NA/19/2023/10024/20_21_38421_1"	NA	NA
0.066	19	3	"NA/19/2023/10024/20_21_38421_1"	NA	NA
0.074	20	3	"NA/19/2023/10024/20_21_38421_1"	NA	NA
0.057	19	3	"NA/19/2023/10024/20_21_38421_1"	NA	NA
0.083	21	3	"NA/19/2023/10024/20_21_38421_1"	NA	NA
0.16	26	3	"NA/19/2023/10024/20_21_38421_1"	NA	NA
0.165	27.5	3	"NA/19/2023/10024/20_21_38421_1"	NA	NA
0.203	28.5	3	"NA/19/2023/10024/20_21_38421_1"	NA	NA
0.068	19.5	3	"NA/19/2023/10024/20_21_38421_1"	NA	NA
0.069	19.5	3	"NA/19/2023/10024/20_21_38421_1"	NA	NA
0.057	19	3	"NA/19/2023/10024/20_21_38421_1"	NA	NA
0.053	18	3	"NA/19/2023/10024/20_21_38421_1"	NA	NA
0.065	19	3	"NA/19/2023/10024/20_21_38421_1"	NA	NA
0.066	19.5	3	"NA/19/2023/10024/20_21_38421_1"	NA	NA
0.067	19.5	3	"NA/19/2023/10024/20_21_38421_1"	NA	NA
0.069	19	3	"NA/19/2023/10024/20_21_38421_1"	NA	NA
0.067	20	3	"NA/19/2023/10024/20_21_38421_1"	NA	NA
0.073	20.5	3	"NA/19/2023/10024/20_21_38421_1"	NA	NA
0.062	19.5	3	"NA/19/2023/10024/20_21_38421_1"	NA	NA
0.074	20.5	3	"NA/19/2023/10024/20_21_38421_1"	NA	NA
0.061	19	3	"NA/19/2023/10024/20_21_38421_1"	NA	NA
0.055	19	3	"NA/19/2023/10024/20_21_38421_1"	NA	NA
0.081	20.5	3	"NA/19/2023/10024/20_21_38421_1"	NA	NA
0.058	19	3	"NA/19/2023/10024/20_21_38421_1"	NA	NA
0.085	20.5	3	"NA/19/2023/10024/20_21_38421_1"	NA	NA
0.079	20.5	3	"NA/19/2023/10024/20_21_38421_1"	NA	NA
0.059	18.5	3	"NA/19/2023/10024/20_21_38421_1"	NA	NA
0.062	19	3	"NA/19/2023/10024/20_21_38421_1"	NA	NA
0.287	30	4	"NA/19/2023/10024/20_34_38434_1"	NA	NA
0.222	27	4	"NA/19/2023/10024/20_34_38434_1"	NA	NA
0.238	28	4	"NA/19/2023/10024/20_34_38434_1"	NA	NA
0.212	28	4	"NA/19/2023/10024/20_34_38434_1"	NA	NA
0.182	27	4	"NA/19/2023/10024/20_34_38434_1"	NA	NA
0.199	27	4	"NA/19/2023/10024/20_34_38434_1"	NA	NA
0.187	27	4	"NA/19/2023/10024/20_34_38434_1"	NA	NA
0.196	26.5	4	"NA/19/2023/10024/20_34_38434_1"	NA	NA
0.262	28.5	4	"NA/19/2023/10024/20_34_38434_1"	NA	NA
0.201	27	4	"NA/19/2023/10024/20_34_38434_1"	NA	NA
0.186	27	4	"NA/19/2023/10024/20_34_38434_1"	NA	NA
0.188	27.5	4	"NA/19/2023/10024/20_34_38434_1"	NA	NA
0.209	28	4	"NA/19/2023/10024/20_34_38434_1"	NA	NA
0.179	25.5	4	"NA/19/2023/10024/20_34_38434_1"	NA	NA
0.202	28	4	"NA/19/2023/10024/20_34_38434_1"	NA	NA
0.259	28.5	4	"NA/19/2023/10024/20_34_38434_1"	NA	NA
0.285	30.5	4	"NA/19/2023/10024/20_34_38434_1"	NA	NA
0.208	27	4	"NA/19/2023/10024/20_34_38434_1"	NA	NA
0.214	27.5	4	"NA/19/2023/10024/20_34_38434_1"	NA	NA
0.212	28	4	"NA/19/2023/10024/20_34_38434_1"	NA	NA
0.199	28	4	"NA/19/2023/10024/20_34_38434_1"	NA	NA
0.16	25.5	4	"NA/19/2023/10024/20_34_38434_1"	NA	NA
0.258	29	4	"NA/19/2023/10024/20_34_38434_1"	NA	NA
0.213	28	4	"NA/19/2023/10024/20_34_38434_1"	NA	NA
0.221	28.5	4	"NA/19/2023/10024/20_34_38434_1"	NA	NA
0.265	29	4	"NA/19/2023/10024/20_34_38434_1"	NA	NA
0.225	28	4	"NA/19/2023/10024/20_34_38434_1"	NA	NA
0.193	27	4	"NA/19/2023/10024/20_34_38434_1"	NA	NA
0.188	27.5	4	"NA/19/2023/10024/20_34_38434_1"	NA	NA
0.195	25.5	4	"NA/19/2023/10024/20_34_38434_1"	NA	NA
0.236	29.5	4	"NA/19/2023/10024/20_34_38434_1"	NA	NA
0.179	28	4	"NA/19/2023/10024/20_34_38434_1"	NA	NA
0.204	26	4	"NA/19/2023/10024/20_34_38434_1"	NA	NA
0.182	27	4	"NA/19/2023/10024/20_34_38434_1"	NA	NA
0.208	27.5	4	"NA/19/2023/10024/20_34_38434_1"	NA	NA
0.232	29	4	"NA/19/2023/10024/20_34_38434_1"	NA	NA
0.154	25.5	4	"NA/19/2023/10024/20_34_38434_1"	NA	NA
0.194	27.5	4	"NA/19/2023/10024/20_34_38434_1"	NA	NA
0.174	26.5	4	"NA/19/2023/10024/20_34_38434_1"	NA	NA
0.15	25	4	"NA/19/2023/10024/20_34_38434_1"	NA	NA
0.203	27.5	4	"NA/19/2023/10024/20_34_38434_1"	NA	NA
0.238	28.5	4	"NA/19/2023/10024/20_34_38434_1"	NA	NA
0.201	27	4	"NA/19/2023/10024/20_34_38434_1"	NA	NA
0.222	28	4	"NA/19/2023/10024/20_34_38434_1"	NA	NA
0.219	28	4	"NA/19/2023/10024/20_34_38434_1"	NA	NA
0.189	28	4	"NA/19/2023/10024/20_34_38434_1"	NA	NA
0.256	30.5	4	"NA/19/2023/10024/20_34_38434_1"	NA	NA
0.224	28.5	4	"NA/19/2023/10024/20_34_38434_1"	NA	NA
0.191	27	4	"NA/19/2023/10024/20_34_38434_1"	NA	NA
0.184	26.5	4	"NA/19/2023/10024/20_34_38434_1"	NA	NA
0.207	28	4	"NA/19/2023/10024/20_34_38434_1"	NA	NA
0.207	27	5	"NA/19/2023/10024/20_35_38435_1"	NA	NA
0.173	27	5	"NA/19/2023/10024/20_35_38435_1"	NA	NA
0.179	26	5	"NA/19/2023/10024/20_35_38435_1"	NA	NA
0.228	29	5	"NA/19/2023/10024/20_35_38435_1"	NA	NA
0.137	24.5	5	"NA/19/2023/10024/20_35_38435_1"	NA	NA
0.179	26	5	"NA/19/2023/10024/20_35_38435_1"	NA	NA
0.206	27.5	5	"NA/19/2023/10024/20_35_38435_1"	NA	NA
0.187	27.5	5	"NA/19/2023/10024/20_35_38435_1"	NA	NA
0.154	26	5	"NA/19/2023/10024/20_35_38435_1"	NA	NA
0.214	27.5	5	"NA/19/2023/10024/20_35_38435_1"	NA	NA
0.19	27.5	5	"NA/19/2023/10024/20_35_38435_1"	NA	NA
0.157	26	5	"NA/19/2023/10024/20_35_38435_1"	NA	NA
0.193	27.5	5	"NA/19/2023/10024/20_35_38435_1"	NA	NA
0.179	27.5	5	"NA/19/2023/10024/20_35_38435_1"	NA	NA
0.164	26.5	5	"NA/19/2023/10024/20_35_38435_1"	NA	NA
0.163	26.5	5	"NA/19/2023/10024/20_35_38435_1"	NA	NA
0.232	30	5	"NA/19/2023/10024/20_35_38435_1"	NA	NA
0.161	26	5	"NA/19/2023/10024/20_35_38435_1"	NA	NA
0.141	25	5	"NA/19/2023/10024/20_35_38435_1"	NA	NA
0.153	25.5	5	"NA/19/2023/10024/20_35_38435_1"	NA	NA
0.193	26	5	"NA/19/2023/10024/20_35_38435_1"	NA	NA
0.164	26	5	"NA/19/2023/10024/20_35_38435_1"	NA	NA
0.165	26.5	5	"NA/19/2023/10024/20_35_38435_1"	NA	NA
0.194	26.5	5	"NA/19/2023/10024/20_35_38435_1"	NA	NA
0.164	27	5	"NA/19/2023/10024/20_35_38435_1"	NA	NA
0.153	26.5	5	"NA/19/2023/10024/20_35_38435_1"	NA	NA
0.197	28	5	"NA/19/2023/10024/20_35_38435_1"	NA	NA
0.152	26	5	"NA/19/2023/10024/20_35_38435_1"	NA	NA
0.204	27.5	5	"NA/19/2023/10024/20_35_38435_1"	NA	NA
0.192	28	5	"NA/19/2023/10024/20_35_38435_1"	NA	NA
0.192	26	5	"NA/19/2023/10024/20_35_38435_1"	NA	NA
0.204	27	5	"NA/19/2023/10024/20_35_38435_1"	NA	NA
0.159	26	5	"NA/19/2023/10024/20_35_38435_1"	NA	NA
0.138	25	5	"NA/19/2023/10024/20_35_38435_1"	NA	NA
0.204	27.5	5	"NA/19/2023/10024/20_35_38435_1"	NA	NA
0.165	26.5	5	"NA/19/2023/10024/20_35_38435_1"	NA	NA
0.14	26	5	"NA/19/2023/10024/20_35_38435_1"	NA	NA
0.138	24.5	5	"NA/19/2023/10024/20_35_38435_1"	NA	NA
0.162	25.5	5	"NA/19/2023/10024/20_35_38435_1"	NA	NA
0.195	26.5	5	"NA/19/2023/10024/20_35_38435_1"	NA	NA
0.207	27.5	5	"NA/19/2023/10024/20_35_38435_1"	NA	NA
0.189	28	5	"NA/19/2023/10024/20_35_38435_1"	NA	NA
0.245	30	6	"NA/19/2023/10024/20_37_38437_1"	NA	NA
0.229	28.5	6	"NA/19/2023/10024/20_37_38437_1"	NA	NA
0.239	31	6	"NA/19/2023/10024/20_37_38437_1"	NA	NA
0.247	30	6	"NA/19/2023/10024/20_37_38437_1"	NA	NA
0.209	28.5	6	"NA/19/2023/10024/20_37_38437_1"	NA	NA
0.213	30	6	"NA/19/2023/10024/20_37_38437_1"	NA	NA
0.222	27.5	6	"NA/19/2023/10024/20_37_38437_1"	NA	NA
0.222	29.5	6	"NA/19/2023/10024/20_37_38437_1"	NA	NA
0.251	29.5	6	"NA/19/2023/10024/20_37_38437_1"	NA	NA
0.248	29	6	"NA/19/2023/10024/20_37_38437_1"	NA	NA
0.226	29.5	6	"NA/19/2023/10024/20_37_38437_1"	NA	NA
0.266	30	6	"NA/19/2023/10024/20_37_38437_1"	NA	NA
0.246	29	6	"NA/19/2023/10024/20_37_38437_1"	NA	NA
0.264	31	6	"NA/19/2023/10024/20_37_38437_1"	NA	NA
0.224	29	6	"NA/19/2023/10024/20_37_38437_1"	NA	NA
0.163	26	6	"NA/19/2023/10024/20_37_38437_1"	NA	NA
0.273	30	6	"NA/19/2023/10024/20_37_38437_1"	NA	NA
0.251	29	6	"NA/19/2023/10024/20_37_38437_1"	NA	NA
0.243	29	6	"NA/19/2023/10024/20_37_38437_1"	NA	NA
0.252	30	6	"NA/19/2023/10024/20_37_38437_1"	NA	NA
0.261	30	6	"NA/19/2023/10024/20_37_38437_1"	NA	NA
0.219	28	6	"NA/19/2023/10024/20_37_38437_1"	NA	NA
0.206	28	6	"NA/19/2023/10024/20_37_38437_1"	NA	NA
0.25	30	6	"NA/19/2023/10024/20_37_38437_1"	NA	NA
0.239	28	6	"NA/19/2023/10024/20_37_38437_1"	NA	NA
0.18	26	6	"NA/19/2023/10024/20_37_38437_1"	NA	NA
0.236	28	6	"NA/19/2023/10024/20_37_38437_1"	NA	NA
0.254	29	6	"NA/19/2023/10024/20_37_38437_1"	NA	NA
0.236	29	6	"NA/19/2023/10024/20_37_38437_1"	NA	NA
0.194	27.5	6	"NA/19/2023/10024/20_37_38437_1"	NA	NA
0.233	28	6	"NA/19/2023/10024/20_37_38437_1"	NA	NA
0.191	27.5	6	"NA/19/2023/10024/20_37_38437_1"	NA	NA
0.205	27.5	6	"NA/19/2023/10024/20_37_38437_1"	NA	NA
0.209	27.5	6	"NA/19/2023/10024/20_37_38437_1"	NA	NA
0.241	28.5	6	"NA/19/2023/10024/20_37_38437_1"	NA	NA
0.24	28.5	6	"NA/19/2023/10024/20_37_38437_1"	NA	NA
0.197	26	6	"NA/19/2023/10024/20_37_38437_1"	NA	NA
0.217	28.5	6	"NA/19/2023/10024/20_37_38437_1"	NA	NA
0.215	28	6	"NA/19/2023/10024/20_37_38437_1"	NA	NA
0.235	29	6	"NA/19/2023/10024/20_37_38437_1"	NA	NA
0.25	29.5	6	"NA/19/2023/10024/20_37_38437_1"	NA	NA
0.185	26.5	6	"NA/19/2023/10024/20_37_38437_1"	NA	NA
0.221	28.5	6	"NA/19/2023/10024/20_37_38437_1"	NA	NA
0.276	32	6	"NA/19/2023/10024/20_37_38437_1"	NA	NA
0.256	30	6	"NA/19/2023/10024/20_37_38437_1"	NA	NA
0.216	29.5	6	"NA/19/2023/10024/20_37_38437_1"	NA	NA
0.218	29.5	6	"NA/19/2023/10024/20_37_38437_1"	NA	NA
0.291	31	6	"NA/19/2023/10024/20_37_38437_1"	NA	NA
0.256	31	6	"NA/19/2023/10024/20_37_38437_1"	NA	NA
0.261	30	6	"NA/19/2023/10024/20_37_38437_1"	NA	NA
0.209	29	6	"NA/19/2023/10024/20_37_38437_1"	NA	NA
0.238	29.5	6	"NA/19/2023/10024/20_37_38437_1"	NA	NA
0.2	27	6	"NA/19/2023/10024/20_37_38437_1"	NA	NA
0.236	30	6	"NA/19/2023/10024/20_37_38437_1"	NA	NA
0.198	28	7	"NA/19/2023/10024/20_43_38443_1"	NA	NA
0.265	30	7	"NA/19/2023/10024/20_43_38443_1"	NA	NA
0.255	29.5	7	"NA/19/2023/10024/20_43_38443_1"	NA	NA
0.236	30.5	7	"NA/19/2023/10024/20_43_38443_1"	NA	NA
0.267	31	7	"NA/19/2023/10024/20_43_38443_1"	NA	NA
0.234	30	7	"NA/19/2023/10024/20_43_38443_1"	NA	NA
0.223	30	7	"NA/19/2023/10024/20_43_38443_1"	NA	NA
0.231	30	7	"NA/19/2023/10024/20_43_38443_1"	NA	NA
0.234	30.5	7	"NA/19/2023/10024/20_43_38443_1"	NA	NA
0.325	32.5	7	"NA/19/2023/10024/20_43_38443_1"	NA	NA
0.282	32	7	"NA/19/2023/10024/20_43_38443_1"	NA	NA
0.249	31	7	"NA/19/2023/10024/20_43_38443_1"	NA	NA
0.229	31	7	"NA/19/2023/10024/20_43_38443_1"	NA	NA
0.205	27.5	7	"NA/19/2023/10024/20_43_38443_1"	NA	NA
0.243	30	7	"NA/19/2023/10024/20_43_38443_1"	NA	NA
0.254	32	7	"NA/19/2023/10024/20_43_38443_1"	NA	NA
0.266	29.5	7	"NA/19/2023/10024/20_43_38443_1"	NA	NA
0.214	30	7	"NA/19/2023/10024/20_43_38443_1"	NA	NA
0.178	27.5	7	"NA/19/2023/10024/20_43_38443_1"	NA	NA
0.219	28.5	7	"NA/19/2023/10024/20_43_38443_1"	NA	NA
0.259	30	7	"NA/19/2023/10024/20_43_38443_1"	NA	NA
0.307	32	7	"NA/19/2023/10024/20_43_38443_1"	NA	NA
0.256	29	7	"NA/19/2023/10024/20_43_38443_1"	NA	NA
0.272	31	8	"NA/19/2023/10024/20_48_38448_1"	NA	NA
0.291	29	8	"NA/19/2023/10024/20_48_38448_1"	NA	NA
0.181	26.5	8	"NA/19/2023/10024/20_48_38448_1"	NA	NA
0.16	25.5	8	"NA/19/2023/10024/20_48_38448_1"	NA	NA
0.175	26.5	8	"NA/19/2023/10024/20_48_38448_1"	NA	NA
0.231	28	8	"NA/19/2023/10024/20_48_38448_1"	NA	NA
0.257	30.5	8	"NA/19/2023/10024/20_48_38448_1"	NA	NA
0.157	25.5	8	"NA/19/2023/10024/20_48_38448_1"	NA	NA
0.17	26	8	"NA/19/2023/10024/20_48_38448_1"	NA	NA
0.213	28	8	"NA/19/2023/10024/20_48_38448_1"	NA	NA
0.2	26.5	8	"NA/19/2023/10024/20_48_38448_1"	NA	NA
0.193	27	8	"NA/19/2023/10024/20_48_38448_1"	NA	NA
0.26	28.5	8	"NA/19/2023/10024/20_48_38448_1"	NA	NA
0.245	27.5	8	"NA/19/2023/10024/20_48_38448_1"	NA	NA
0.185	27	8	"NA/19/2023/10024/20_48_38448_1"	NA	NA
0.203	27	8	"NA/19/2023/10024/20_48_38448_1"	NA	NA
0.192	26	8	"NA/19/2023/10024/20_48_38448_1"	NA	NA
0.19	26	8	"NA/19/2023/10024/20_48_38448_1"	NA	NA
0.23	27.5	8	"NA/19/2023/10024/20_48_38448_1"	NA	NA
0.191	28	8	"NA/19/2023/10024/20_48_38448_1"	NA	NA
0.246	29	8	"NA/19/2023/10024/20_48_38448_1"	NA	NA
0.203	27.5	8	"NA/19/2023/10024/20_48_38448_1"	NA	NA
0.208	27	8	"NA/19/2023/10024/20_48_38448_1"	NA	NA
0.216	28	8	"NA/19/2023/10024/20_48_38448_1"	NA	NA
0.203	27.5	8	"NA/19/2023/10024/20_48_38448_1"	NA	NA
0.224	27.5	8	"NA/19/2023/10024/20_48_38448_1"	NA	NA
0.186	27.5	8	"NA/19/2023/10024/20_48_38448_1"	NA	NA
0.254	29	8	"NA/19/2023/10024/20_48_38448_1"	NA	NA
0.251	29	8	"NA/19/2023/10024/20_48_38448_1"	NA	NA
0.161	26.5	8	"NA/19/2023/10024/20_48_38448_1"	NA	NA
0.227	27.5	8	"NA/19/2023/10024/20_48_38448_1"	NA	NA
0.195	27.5	8	"NA/19/2023/10024/20_48_38448_1"	NA	NA
0.186	26	8	"NA/19/2023/10024/20_48_38448_1"	NA	NA
0.195	25.5	8	"NA/19/2023/10024/20_48_38448_1"	NA	NA
0.175	26	8	"NA/19/2023/10024/20_48_38448_1"	NA	NA
0.244	30	8	"NA/19/2023/10024/20_48_38448_1"	NA	NA
0.192	27.5	8	"NA/19/2023/10024/20_48_38448_1"	NA	NA
0.24	28	8	"NA/19/2023/10024/20_48_38448_1"	NA	NA
0.242	29.5	8	"NA/19/2023/10024/20_48_38448_1"	NA	NA
0.209	28	8	"NA/19/2023/10024/20_48_38448_1"	NA	NA
0.183	26.5	8	"NA/19/2023/10024/20_48_38448_1"	NA	NA
0.23	28	8	"NA/19/2023/10024/20_48_38448_1"	NA	NA
0.19	27.5	8	"NA/19/2023/10024/20_48_38448_1"	NA	NA
0.178	26.5	8	"NA/19/2023/10024/20_48_38448_1"	NA	NA
0.2	28	8	"NA/19/2023/10024/20_48_38448_1"	NA	NA
0.184	26.5	8	"NA/19/2023/10024/20_48_38448_1"	NA	NA
0.223	29	8	"NA/19/2023/10024/20_48_38448_1"	NA	NA
0.192	26.5	8	"NA/19/2023/10024/20_48_38448_1"	NA	NA
0.196	26.5	8	"NA/19/2023/10024/20_48_38448_1"	NA	NA
0.204	26.5	8	"NA/19/2023/10024/20_48_38448_1"	NA	NA
0.22	27	8	"NA/19/2023/10024/20_48_38448_1"	NA	NA
0.206	29	8	"NA/19/2023/10024/20_48_38448_1"	NA	NA
0.232	28.5	8	"NA/19/2023/10024/20_48_38448_1"	NA	NA
0.169	26.5	8	"NA/19/2023/10024/20_48_38448_1"	NA	NA
0.213	27	8	"NA/19/2023/10024/20_48_38448_1"	NA	NA
0.232	28.5	9	"NA/19/2023/10024/20_55_38455_1"	NA	NA
0.216	28	9	"NA/19/2023/10024/20_55_38455_1"	NA	NA
0.238	29	9	"NA/19/2023/10024/20_55_38455_1"	NA	NA
0.223	28.5	9	"NA/19/2023/10024/20_55_38455_1"	NA	NA
0.193	27.5	9	"NA/19/2023/10024/20_55_38455_1"	NA	NA
0.199	26.5	9	"NA/19/2023/10024/20_55_38455_1"	NA	NA
0.256	30.5	9	"NA/19/2023/10024/20_55_38455_1"	NA	NA
0.203	28	9	"NA/19/2023/10024/20_55_38455_1"	NA	NA
0.25	30	9	"NA/19/2023/10024/20_55_38455_1"	NA	NA
0.221	28	9	"NA/19/2023/10024/20_55_38455_1"	NA	NA
0.207	27	9	"NA/19/2023/10024/20_55_38455_1"	NA	NA
0.241	28	9	"NA/19/2023/10024/20_55_38455_1"	NA	NA
0.261	29	9	"NA/19/2023/10024/20_55_38455_1"	NA	NA
0.192	27	9	"NA/19/2023/10024/20_55_38455_1"	NA	NA
0.28	32	9	"NA/19/2023/10024/20_55_38455_1"	NA	NA
0.256	29	9	"NA/19/2023/10024/20_55_38455_1"	NA	NA
0.211	29	9	"NA/19/2023/10024/20_55_38455_1"	NA	NA
0.22	27.5	9	"NA/19/2023/10024/20_55_38455_1"	NA	NA
0.234	29	9	"NA/19/2023/10024/20_55_38455_1"	NA	NA
0.282	32	9	"NA/19/2023/10024/20_55_38455_1"	NA	NA
0.271	29	9	"NA/19/2023/10024/20_55_38455_1"	NA	NA
0.254	32.5	9	"NA/19/2023/10024/20_55_38455_1"	NA	NA
0.262	31	9	"NA/19/2023/10024/20_55_38455_1"	NA	NA
0.219	29	9	"NA/19/2023/10024/20_55_38455_1"	NA	NA
0.225	29	9	"NA/19/2023/10024/20_55_38455_1"	NA	NA
0.206	28	9	"NA/19/2023/10024/20_55_38455_1"	NA	NA
0.18	27.5	9	"NA/19/2023/10024/20_55_38455_1"	NA	NA
0.225	29	9	"NA/19/2023/10024/20_55_38455_1"	NA	NA
0.23	29	9	"NA/19/2023/10024/20_55_38455_1"	NA	NA
0.183	26.5	9	"NA/19/2023/10024/20_55_38455_1"	NA	NA
0.256	29.5	9	"NA/19/2023/10024/20_55_38455_1"	NA	NA
0.236	28.5	9	"NA/19/2023/10024/20_55_38455_1"	NA	NA
0.227	27.5	9	"NA/19/2023/10024/20_55_38455_1"	NA	NA
0.247	28.5	9	"NA/19/2023/10024/20_55_38455_1"	NA	NA
0.243	29	9	"NA/19/2023/10024/20_55_38455_1"	NA	NA
0.216	27	9	"NA/19/2023/10024/20_55_38455_1"	NA	NA
0.271	31.5	9	"NA/19/2023/10024/20_55_38455_1"	NA	NA
0.231	29.5	9	"NA/19/2023/10024/20_55_38455_1"	NA	NA
0.242	29.5	9	"NA/19/2023/10024/20_55_38455_1"	NA	NA
0.228	29.5	9	"NA/19/2023/10024/20_55_38455_1"	NA	NA
0.268	29	9	"NA/19/2023/10024/20_55_38455_1"	NA	NA
0.2	27.5	9	"NA/19/2023/10024/20_55_38455_1"	NA	NA
0.208	27.5	9	"NA/19/2023/10024/20_55_38455_1"	NA	NA
0.258	30.5	9	"NA/19/2023/10024/20_55_38455_1"	NA	NA
0.264	30.5	9	"NA/19/2023/10024/20_55_38455_1"	NA	NA
0.251	29	9	"NA/19/2023/10024/20_55_38455_1"	NA	NA
0.229	28	10	"NA/19/2023/10024/20_56_38456_2"	NA	NA
0.204	28	10	"NA/19/2023/10024/20_56_38456_2"	NA	NA
0.181	27	10	"NA/19/2023/10024/20_56_38456_2"	NA	NA
0.202	28	10	"NA/19/2023/10024/20_56_38456_2"	NA	NA
0.207	27	10	"NA/19/2023/10024/20_56_38456_2"	NA	NA
0.193	27.5	10	"NA/19/2023/10024/20_56_38456_2"	NA	NA
0.196	28	10	"NA/19/2023/10024/20_56_38456_2"	NA	NA
0.187	26.5	10	"NA/19/2023/10024/20_56_38456_2"	NA	NA
0.194	28	10	"NA/19/2023/10024/20_56_38456_2"	NA	NA
0.201	27	10	"NA/19/2023/10024/20_56_38456_2"	NA	NA
0.225	29.5	10	"NA/19/2023/10024/20_56_38456_2"	NA	NA
0.201	26	10	"NA/19/2023/10024/20_56_38456_2"	NA	NA
0.155	25	10	"NA/19/2023/10024/20_56_38456_2"	NA	NA
0.203	27.5	10	"NA/19/2023/10024/20_56_38456_2"	NA	NA
0.188	27.5	10	"NA/19/2023/10024/20_56_38456_2"	NA	NA
0.209	28	10	"NA/19/2023/10024/20_56_38456_2"	NA	NA
0.159	26	10	"NA/19/2023/10024/20_56_38456_2"	NA	NA
0.224	27.5	10	"NA/19/2023/10024/20_56_38456_2"	NA	NA
0.209	28.5	10	"NA/19/2023/10024/20_56_38456_2"	NA	NA
0.268	30.5	10	"NA/19/2023/10024/20_56_38456_2"	NA	NA
0.181	26	10	"NA/19/2023/10024/20_56_38456_2"	NA	NA
0.139	23.5	10	"NA/19/2023/10024/20_56_38456_2"	NA	NA
0.174	27	10	"NA/19/2023/10024/20_56_38456_2"	NA	NA
0.205	28	10	"NA/19/2023/10024/20_56_38456_2"	NA	NA
0.145	25	10	"NA/19/2023/10024/20_56_38456_2"	NA	NA
0.17	27.5	10	"NA/19/2023/10024/20_56_38456_2"	NA	NA
0.202	28	10	"NA/19/2023/10024/20_56_38456_2"	NA	NA
0.238	29.5	10	"NA/19/2023/10024/20_56_38456_2"	NA	NA
0.209	27	10	"NA/19/2023/10024/20_56_38456_2"	NA	NA
0.194	27	10	"NA/19/2023/10024/20_56_38456_2"	NA	NA
0.203	26.5	10	"NA/19/2023/10024/20_56_38456_2"	NA	NA
0.195	27.5	10	"NA/19/2023/10024/20_56_38456_2"	NA	NA
0.208	28.5	10	"NA/19/2023/10024/20_56_38456_2"	NA	NA
0.162	25.5	10	"NA/19/2023/10024/20_56_38456_2"	NA	NA
0.242	29	10	"NA/19/2023/10024/20_56_38456_2"	NA	NA
0.164	27	10	"NA/19/2023/10024/20_56_38456_2"	NA	NA
0.21	27.5	10	"NA/19/2023/10024/20_56_38456_2"	NA	NA
0.194	26.5	10	"NA/19/2023/10024/20_56_38456_2"	NA	NA
0.241	28	10	"NA/19/2023/10024/20_56_38456_2"	NA	NA
0.168	26	10	"NA/19/2023/10024/20_56_38456_2"	NA	NA
0.151	25	10	"NA/19/2023/10024/20_56_38456_2"	NA	NA
0.198	27.5	10	"NA/19/2023/10024/20_56_38456_2"	NA	NA
0.144	24	10	"NA/19/2023/10024/20_56_38456_2"	NA	NA
0.177	26.5	10	"NA/19/2023/10024/20_56_38456_2"	NA	NA
0.172	25.5	10	"NA/19/2023/10024/20_56_38456_2"	NA	NA
0.201	27	10	"NA/19/2023/10024/20_56_38456_2"	NA	NA
0.218	29	10	"NA/19/2023/10024/20_56_38456_2"	NA	NA
0.216	28	10	"NA/19/2023/10024/20_56_38456_2"	NA	NA
0.221	29	10	"NA/19/2023/10024/20_56_38456_2"	NA	NA
0.155	26.5	10	"NA/19/2023/10024/20_56_38456_2"	NA	NA
0.167	26.5	10	"NA/19/2023/10024/20_56_38456_2"	NA	NA
0.179	26	10	"NA/19/2023/10024/20_56_38456_2"	NA	NA
0.173	27	10	"NA/19/2023/10024/20_56_38456_2"	NA	NA
0.2	28	10	"NA/19/2023/10024/20_56_38456_2"	NA	NA
0.183	25.5	10	"NA/19/2023/10024/20_56_38456_2"	NA	NA
0.187	27	10	"NA/19/2023/10024/20_56_38456_2"	NA	NA
0.21	27.5	10	"NA/19/2023/10024/20_56_38456_2"	NA	NA
0.168	27	10	"NA/19/2023/10024/20_56_38456_2"	NA	NA
0.203	28	10	"NA/19/2023/10024/20_56_38456_2"	NA	NA
0.157	26	10	"NA/19/2023/10024/20_56_38456_2"	NA	NA
0.253	30.5	10	"NA/19/2023/10024/20_56_38456_2"	NA	NA
0.203	26	10	"NA/19/2023/10024/20_56_38456_2"	NA	NA
0.232	29	10	"NA/19/2023/10024/20_56_38456_2"	NA	NA
0.208	27.5	10	"NA/19/2023/10024/20_56_38456_2"	NA	NA
0.208	28.5	10	"NA/19/2023/10024/20_56_38456_2"	NA	NA
0.149	25.5	10	"NA/19/2023/10024/20_56_38456_2"	NA	NA
0.19	28	10	"NA/19/2023/10024/20_56_38456_2"	NA	NA
0.217	27	10	"NA/19/2023/10024/20_56_38456_2"	NA	NA
0.21	29	10	"NA/19/2023/10024/20_56_38456_2"	NA	NA
0.172	25	10	"NA/19/2023/10024/20_56_38456_2"	NA	NA
0.204	27	10	"NA/19/2023/10024/20_56_38456_2"	NA	NA
0.209	27.5	10	"NA/19/2023/10024/20_56_38456_2"	NA	NA
0.2	28	10	"NA/19/2023/10024/20_56_38456_2"	NA	NA
0.15	25.5	10	"NA/19/2023/10024/20_56_38456_2"	NA	NA
0.157	24.5	10	"NA/19/2023/10024/20_56_38456_2"	NA	NA
0.195	28.5	10	"NA/19/2023/10024/20_56_38456_2"	NA	NA
0.22	27.5	11	"NA/19/2023/10024/20_58_38458_1"	NA	NA
0.211	29	11	"NA/19/2023/10024/20_58_38458_1"	NA	NA
0.19	27.5	11	"NA/19/2023/10024/20_58_38458_1"	NA	NA
0.173	27.5	11	"NA/19/2023/10024/20_58_38458_1"	NA	NA
0.203	28	11	"NA/19/2023/10024/20_58_38458_1"	NA	NA
0.262	33	11	"NA/19/2023/10024/20_58_38458_1"	NA	NA
0.179	27.5	11	"NA/19/2023/10024/20_58_38458_1"	NA	NA
0.213	29	11	"NA/19/2023/10024/20_58_38458_1"	NA	NA
0.155	27	11	"NA/19/2023/10024/20_58_38458_1"	NA	NA
0.228	31	11	"NA/19/2023/10024/20_58_38458_1"	NA	NA
0.183	26.5	11	"NA/19/2023/10024/20_58_38458_1"	NA	NA
0.163	27.5	11	"NA/19/2023/10024/20_58_38458_1"	NA	NA
0.222	28.5	11	"NA/19/2023/10024/20_58_38458_1"	NA	NA
0.239	30	11	"NA/19/2023/10024/20_58_38458_1"	NA	NA
0.275	30.5	11	"NA/19/2023/10024/20_58_38458_1"	NA	NA
0.202	27.5	11	"NA/19/2023/10024/20_58_38458_1"	NA	NA
0.23	29.5	11	"NA/19/2023/10024/20_58_38458_1"	NA	NA
0.241	29.5	11	"NA/19/2023/10024/20_58_38458_1"	NA	NA
0.255	30.5	11	"NA/19/2023/10024/20_58_38458_1"	NA	NA
0.263	29.5	11	"NA/19/2023/10024/20_58_38458_1"	NA	NA
0.193	28.5	11	"NA/19/2023/10024/20_58_38458_1"	NA	NA
0.214	28	11	"NA/19/2023/10024/20_58_38458_1"	NA	NA
0.24	30	11	"NA/19/2023/10024/20_58_38458_1"	NA	NA
0.158	27	11	"NA/19/2023/10024/20_58_38458_1"	NA	NA
0.19	29	11	"NA/19/2023/10024/20_58_38458_1"	NA	NA
0.237	29	11	"NA/19/2023/10024/20_58_38458_1"	NA	NA
0.207	29	11	"NA/19/2023/10024/20_58_38458_1"	NA	NA
0.248	29.5	11	"NA/19/2023/10024/20_58_38458_1"	NA	NA
0.191	28.5	11	"NA/19/2023/10024/20_58_38458_1"	NA	NA
0.191	27.5	11	"NA/19/2023/10024/20_58_38458_1"	NA	NA
0.284	30.5	11	"NA/19/2023/10024/20_58_38458_1"	NA	NA
0.183	29	11	"NA/19/2023/10024/20_58_38458_1"	NA	NA
0.193	27.5	11	"NA/19/2023/10024/20_58_38458_1"	NA	NA
0.208	28.5	11	"NA/19/2023/10024/20_58_38458_1"	NA	NA
0.252	29	11	"NA/19/2023/10024/20_58_38458_1"	NA	NA
0.206	29	11	"NA/19/2023/10024/20_58_38458_1"	NA	NA
0.213	29	11	"NA/19/2023/10024/20_58_38458_1"	NA	NA
0.208	28	11	"NA/19/2023/10024/20_58_38458_1"	NA	NA
0.178	26.5	11	"NA/19/2023/10024/20_58_38458_1"	NA	NA
0.227	28.5	11	"NA/19/2023/10024/20_58_38458_1"	NA	NA
0.202	28	11	"NA/19/2023/10024/20_58_38458_1"	NA	NA
0.202	29	11	"NA/19/2023/10024/20_58_38458_1"	NA	NA
0.227	30.5	11	"NA/19/2023/10024/20_58_38458_1"	NA	NA
0.197	28.5	11	"NA/19/2023/10024/20_58_38458_1"	NA	NA
0.266	30.5	11	"NA/19/2023/10024/20_58_38458_1"	NA	NA
0.231	30	11	"NA/19/2023/10024/20_58_38458_1"	NA	NA
0.265	30	11	"NA/19/2023/10024/20_58_38458_1"	NA	NA
0.242	31	11	"NA/19/2023/10024/20_58_38458_1"	NA	NA
0.269	31.5	11	"NA/19/2023/10024/20_58_38458_1"	NA	NA
0.165	27.5	11	"NA/19/2023/10024/20_58_38458_1"	NA	NA
0.238	29.5	11	"NA/19/2023/10024/20_58_38458_1"	NA	NA
0.211	29	11	"NA/19/2023/10024/20_58_38458_1"	NA	NA
0.16	26.5	11	"NA/19/2023/10024/20_58_38458_1"	NA	NA
0.249	29.5	11	"NA/19/2023/10024/20_58_38458_1"	NA	NA
0.231	30	11	"NA/19/2023/10024/20_58_38458_1"	NA	NA
0.268	30.5	11	"NA/19/2023/10024/20_58_38458_1"	NA	NA
0.237	32	11	"NA/19/2023/10024/20_58_38458_1"	NA	NA
0.236	28.5	11	"NA/19/2023/10024/20_58_38458_1"	NA	NA
0.19	27.5	11	"NA/19/2023/10024/20_58_38458_1"	NA	NA
0.212	29	11	"NA/19/2023/10024/20_58_38458_1"	NA	NA
0.227	29.5	11	"NA/19/2023/10024/20_58_38458_1"	NA	NA
0.223	29	11	"NA/19/2023/10024/20_58_38458_1"	NA	NA
0.162	27.5	11	"NA/19/2023/10024/20_58_38458_1"	NA	NA
0.244	32	11	"NA/19/2023/10024/20_58_38458_1"	NA	NA
0.257	32.5	11	"NA/19/2023/10024/20_58_38458_1"	NA	NA
0.229	30	11	"NA/19/2023/10024/20_58_38458_1"	NA	NA
0.188	27.5	11	"NA/19/2023/10024/20_58_38458_1"	NA	NA
0.287	32.5	11	"NA/19/2023/10024/20_58_38458_1"	NA	NA
0.175	26	11	"NA/19/2023/10024/20_58_38458_1"	NA	NA
0.198	30.5	11	"NA/19/2023/10024/20_58_38458_1"	NA	NA
0.166	28	11	"NA/19/2023/10024/20_58_38458_1"	NA	NA
0.233	30.5	11	"NA/19/2023/10024/20_58_38458_1"	NA	NA
0.281	31	11	"NA/19/2023/10024/20_58_38458_1"	NA	NA
0.186	28.5	11	"NA/19/2023/10024/20_58_38458_1"	NA	NA
0.235	28	12	"NA/19/2023/10024/20_63_38463_1"	NA	NA
0.186	25.5	12	"NA/19/2023/10024/20_63_38463_1"	NA	NA
0.203	27	12	"NA/19/2023/10024/20_63_38463_1"	NA	NA
0.156	25.5	12	"NA/19/2023/10024/20_63_38463_1"	NA	NA
0.211	26.5	12	"NA/19/2023/10024/20_63_38463_1"	NA	NA
0.14	24	12	"NA/19/2023/10024/20_63_38463_1"	NA	NA
0.171	25	12	"NA/19/2023/10024/20_63_38463_1"	NA	NA
0.168	25.5	12	"NA/19/2023/10024/20_63_38463_1"	NA	NA
0.219	28	12	"NA/19/2023/10024/20_63_38463_1"	NA	NA
0.166	26	12	"NA/19/2023/10024/20_63_38463_1"	NA	NA
0.214	28.5	12	"NA/19/2023/10024/20_63_38463_1"	NA	NA
0.154	25.5	12	"NA/19/2023/10024/20_63_38463_1"	NA	NA
0.202	26	12	"NA/19/2023/10024/20_63_38463_1"	NA	NA
0.17	26	12	"NA/19/2023/10024/20_63_38463_1"	NA	NA
0.229	28.5	12	"NA/19/2023/10024/20_63_38463_1"	NA	NA
0.183	26	12	"NA/19/2023/10024/20_63_38463_1"	NA	NA
0.172	26.5	12	"NA/19/2023/10024/20_63_38463_1"	NA	NA
0.171	26	12	"NA/19/2023/10024/20_63_38463_1"	NA	NA
0.129	25	12	"NA/19/2023/10024/20_63_38463_1"	NA	NA
0.148	25	12	"NA/19/2023/10024/20_63_38463_1"	NA	NA
0.206	27	12	"NA/19/2023/10024/20_63_38463_1"	NA	NA
0.167	26.5	12	"NA/19/2023/10024/20_63_38463_1"	NA	NA
0.184	26.5	12	"NA/19/2023/10024/20_63_38463_1"	NA	NA
0.151	24.5	12	"NA/19/2023/10024/20_63_38463_1"	NA	NA
0.139	24	12	"NA/19/2023/10024/20_63_38463_1"	NA	NA
0.223	27	12	"NA/19/2023/10024/20_63_38463_1"	NA	NA
0.22	27.5	12	"NA/19/2023/10024/20_63_38463_1"	NA	NA
0.158	25.5	12	"NA/19/2023/10024/20_63_38463_1"	NA	NA
0.162	24.5	12	"NA/19/2023/10024/20_63_38463_1"	NA	NA
0.156	24.5	12	"NA/19/2023/10024/20_63_38463_1"	NA	NA
0.178	25	12	"NA/19/2023/10024/20_63_38463_1"	NA	NA
0.201	27	12	"NA/19/2023/10024/20_63_38463_1"	NA	NA
0.165	25	12	"NA/19/2023/10024/20_63_38463_1"	NA	NA
0.185	26	12	"NA/19/2023/10024/20_63_38463_1"	NA	NA
0.16	24.5	12	"NA/19/2023/10024/20_63_38463_1"	NA	NA
0.135	23.5	12	"NA/19/2023/10024/20_63_38463_1"	NA	NA
0.197	26.5	12	"NA/19/2023/10024/20_63_38463_1"	NA	NA
0.136	24.5	12	"NA/19/2023/10024/20_63_38463_1"	NA	NA
0.151	25.5	12	"NA/19/2023/10024/20_63_38463_1"	NA	NA
0.159	25	12	"NA/19/2023/10024/20_63_38463_1"	NA	NA
0.122	23.5	12	"NA/19/2023/10024/20_63_38463_1"	NA	NA
0.187	26.5	12	"NA/19/2023/10024/20_63_38463_1"	NA	NA
0.191	27	12	"NA/19/2023/10024/20_63_38463_1"	NA	NA
0.224	28.5	12	"NA/19/2023/10024/20_63_38463_1"	NA	NA
0.175	25.5	12	"NA/19/2023/10024/20_63_38463_1"	NA	NA
0.165	25	12	"NA/19/2023/10024/20_63_38463_1"	NA	NA
0.212	27.5	13	"NA/19/2023/10024/20_64_38464_1"	NA	NA
0.169	26.5	13	"NA/19/2023/10024/20_64_38464_1"	NA	NA
0.253	28.5	13	"NA/19/2023/10024/20_64_38464_1"	NA	NA
0.223	29	13	"NA/19/2023/10024/20_64_38464_1"	NA	NA
0.251	30	13	"NA/19/2023/10024/20_64_38464_1"	NA	NA
0.195	28	13	"NA/19/2023/10024/20_64_38464_1"	NA	NA
0.268	31.5	13	"NA/19/2023/10024/20_64_38464_1"	NA	NA
0.21	29.5	13	"NA/19/2023/10024/20_64_38464_1"	NA	NA
0.258	30	13	"NA/19/2023/10024/20_64_38464_1"	NA	NA
0.222	29	13	"NA/19/2023/10024/20_64_38464_1"	NA	NA
0.216	30	13	"NA/19/2023/10024/20_64_38464_1"	NA	NA
0.261	29.5	13	"NA/19/2023/10024/20_64_38464_1"	NA	NA
0.164	27.5	13	"NA/19/2023/10024/20_64_38464_1"	NA	NA
0.258	31	13	"NA/19/2023/10024/20_64_38464_1"	NA	NA
0.178	28	13	"NA/19/2023/10024/20_64_38464_1"	NA	NA
0.248	29.5	13	"NA/19/2023/10024/20_64_38464_1"	NA	NA
0.243	30	13	"NA/19/2023/10024/20_64_38464_1"	NA	NA
0.291	31	13	"NA/19/2023/10024/20_64_38464_1"	NA	NA
0.268	31.5	13	"NA/19/2023/10024/20_64_38464_1"	NA	NA
0.185	27	13	"NA/19/2023/10024/20_64_38464_1"	NA	NA
0.211	29	13	"NA/19/2023/10024/20_64_38464_1"	NA	NA
0.172	27	13	"NA/19/2023/10024/20_64_38464_1"	NA	NA
0.263	29	13	"NA/19/2023/10024/20_64_38464_1"	NA	NA
0.238	28	13	"NA/19/2023/10024/20_64_38464_1"	NA	NA
0.245	30.5	13	"NA/19/2023/10024/20_64_38464_1"	NA	NA
0.207	28.5	13	"NA/19/2023/10024/20_64_38464_1"	NA	NA
0.203	29	13	"NA/19/2023/10024/20_64_38464_1"	NA	NA
0.243	29.5	13	"NA/19/2023/10024/20_64_38464_1"	NA	NA
0.19	29	13	"NA/19/2023/10024/20_64_38464_1"	NA	NA
0.205	28.5	13	"NA/19/2023/10024/20_64_38464_1"	NA	NA
0.203	28.5	13	"NA/19/2023/10024/20_64_38464_1"	NA	NA
0.162	27	13	"NA/19/2023/10024/20_64_38464_1"	NA	NA
0.166	25.5	13	"NA/19/2023/10024/20_64_38464_1"	NA	NA
0.216	29	13	"NA/19/2023/10024/20_64_38464_1"	NA	NA
0.212	28	13	"NA/19/2023/10024/20_64_38464_1"	NA	NA
0.239	29.5	13	"NA/19/2023/10024/20_64_38464_1"	NA	NA
0.256	30.5	13	"NA/19/2023/10024/20_64_38464_1"	NA	NA
0.238	29	13	"NA/19/2023/10024/20_64_38464_1"	NA	NA
0.239	30.5	13	"NA/19/2023/10024/20_64_38464_1"	NA	NA
0.223	29	13	"NA/19/2023/10024/20_64_38464_1"	NA	NA
0.2	28	13	"NA/19/2023/10024/20_64_38464_1"	NA	NA
0.228	29	13	"NA/19/2023/10024/20_64_38464_1"	NA	NA
0.271	31	13	"NA/19/2023/10024/20_64_38464_1"	NA	NA
0.193	27.5	13	"NA/19/2023/10024/20_64_38464_1"	NA	NA
0.241	29	13	"NA/19/2023/10024/20_64_38464_1"	NA	NA
0.225	28.5	13	"NA/19/2023/10024/20_64_38464_1"	NA	NA
0.206	27	13	"NA/19/2023/10024/20_64_38464_1"	NA	NA
0.245	30	13	"NA/19/2023/10024/20_64_38464_1"	NA	NA
0.237	29.5	13	"NA/19/2023/10024/20_64_38464_1"	NA	NA
0.27	30	13	"NA/19/2023/10024/20_64_38464_1"	NA	NA
0.173	27.5	13	"NA/19/2023/10024/20_64_38464_1"	NA	NA
0.187	28	13	"NA/19/2023/10024/20_64_38464_1"	NA	NA
0.177	26.5	13	"NA/19/2023/10024/20_64_38464_1"	NA	NA
0.171	28	13	"NA/19/2023/10024/20_64_38464_1"	NA	NA
0.252	31.5	13	"NA/19/2023/10024/20_64_38464_1"	NA	NA
0.183	27	13	"NA/19/2023/10024/20_64_38464_1"	NA	NA
0.222	30	14	"NA/19/2023/10024/20_66_38466_1"	NA	NA
0.229	30	14	"NA/19/2023/10024/20_66_38466_1"	NA	NA
0.243	29	14	"NA/19/2023/10024/20_66_38466_1"	NA	NA
0.223	29	14	"NA/19/2023/10024/20_66_38466_1"	NA	NA
0.194	27	14	"NA/19/2023/10024/20_66_38466_1"	NA	NA
0.221	27.5	14	"NA/19/2023/10024/20_66_38466_1"	NA	NA
0.208	28	14	"NA/19/2023/10024/20_66_38466_1"	NA	NA
0.252	31	14	"NA/19/2023/10024/20_66_38466_1"	NA	NA
0.188	27.5	14	"NA/19/2023/10024/20_66_38466_1"	NA	NA
0.243	29	14	"NA/19/2023/10024/20_66_38466_1"	NA	NA
0.163	26.5	14	"NA/19/2023/10024/20_66_38466_1"	NA	NA
0.179	27.5	14	"NA/19/2023/10024/20_66_38466_1"	NA	NA
0.183	28.5	14	"NA/19/2023/10024/20_66_38466_1"	NA	NA
0.211	29	14	"NA/19/2023/10024/20_66_38466_1"	NA	NA
0.123	26	14	"NA/19/2023/10024/20_66_38466_1"	NA	NA
0.269	31	14	"NA/19/2023/10024/20_66_38466_1"	NA	NA
0.2	29	14	"NA/19/2023/10024/20_66_38466_1"	NA	NA
0.176	27.5	14	"NA/19/2023/10024/20_66_38466_1"	NA	NA
0.22	29.5	14	"NA/19/2023/10024/20_66_38466_1"	NA	NA
0.231	29	14	"NA/19/2023/10024/20_66_38466_1"	NA	NA
0.217	29	14	"NA/19/2023/10024/20_66_38466_1"	NA	NA
0.237	29.5	14	"NA/19/2023/10024/20_66_38466_1"	NA	NA
0.207	26	14	"NA/19/2023/10024/20_66_38466_1"	NA	NA
0.182	27.5	14	"NA/19/2023/10024/20_66_38466_1"	NA	NA
0.167	25	14	"NA/19/2023/10024/20_66_38466_1"	NA	NA
0.292	32	14	"NA/19/2023/10024/20_66_38466_1"	NA	NA
0.16	27	14	"NA/19/2023/10024/20_66_38466_1"	NA	NA
0.185	27.5	14	"NA/19/2023/10024/20_66_38466_1"	NA	NA
0.188	28	14	"NA/19/2023/10024/20_66_38466_1"	NA	NA
0.253	32.5	14	"NA/19/2023/10024/20_66_38466_1"	NA	NA
0.172	26.5	14	"NA/19/2023/10024/20_66_38466_1"	NA	NA
0.283	30.5	14	"NA/19/2023/10024/20_66_38466_1"	NA	NA
0.281	32.5	14	"NA/19/2023/10024/20_66_38466_1"	NA	NA
0.199	28	14	"NA/19/2023/10024/20_66_38466_1"	NA	NA
0.203	29	14	"NA/19/2023/10024/20_66_38466_1"	NA	NA
0.229	29.5	14	"NA/19/2023/10024/20_66_38466_1"	NA	NA
0.281	32	14	"NA/19/2023/10024/20_66_38466_1"	NA	NA
0.224	29	14	"NA/19/2023/10024/20_66_38466_1"	NA	NA
0.23	30	14	"NA/19/2023/10024/20_66_38466_1"	NA	NA
0.261	31.5	14	"NA/19/2023/10024/20_66_38466_1"	NA	NA
0.212	27.5	14	"NA/19/2023/10024/20_66_38466_1"	NA	NA
0.296	32	14	"NA/19/2023/10024/20_66_38466_1"	NA	NA
0.255	30	14	"NA/19/2023/10024/20_66_38466_1"	NA	NA
0.188	26.5	14	"NA/19/2023/10024/20_66_38466_1"	NA	NA
0.217	29	14	"NA/19/2023/10024/20_66_38466_1"	NA	NA
0.181	29	14	"NA/19/2023/10024/20_66_38466_1"	NA	NA
0.176	26.5	14	"NA/19/2023/10024/20_66_38466_1"	NA	NA
0.216	28.5	14	"NA/19/2023/10024/20_66_38466_1"	NA	NA
0.224	27.5	14	"NA/19/2023/10024/20_66_38466_1"	NA	NA
0.215	27.5	14	"NA/19/2023/10024/20_66_38466_1"	NA	NA
0.19	27.5	14	"NA/19/2023/10024/20_66_38466_1"	NA	NA
0.236	30.5	14	"NA/19/2023/10024/20_66_38466_1"	NA	NA
0.193	27	14	"NA/19/2023/10024/20_66_38466_1"	NA	NA
0.253	30	14	"NA/19/2023/10024/20_66_38466_1"	NA	NA
0.279	30.5	14	"NA/19/2023/10024/20_66_38466_1"	NA	NA
0.188	28.5	14	"NA/19/2023/10024/20_66_38466_1"	NA	NA
0.188	28.5	14	"NA/19/2023/10024/20_66_38466_1"	NA	NA
0.176	27.5	14	"NA/19/2023/10024/20_66_38466_1"	NA	NA
0.141	25.5	14	"NA/19/2023/10024/20_66_38466_1"	NA	NA
0.18	27.5	14	"NA/19/2023/10024/20_66_38466_1"	NA	NA
0.178	27.5	14	"NA/19/2023/10024/20_66_38466_1"	NA	NA
0.22	29	14	"NA/19/2023/10024/20_66_38466_1"	NA	NA
0.244	29.5	14	"NA/19/2023/10024/20_66_38466_1"	NA	NA
0.215	29	14	"NA/19/2023/10024/20_66_38466_1"	NA	NA
0.222	28.5	14	"NA/19/2023/10024/20_66_38466_1"	NA	NA
0.205	28.5	14	"NA/19/2023/10024/20_66_38466_1"	NA	NA
0.177	27	14	"NA/19/2023/10024/20_66_38466_1"	NA	NA
0.139	26	14	"NA/19/2023/10024/20_66_38466_1"	NA	NA
0.181	27.5	14	"NA/19/2023/10024/20_66_38466_1"	NA	NA
0.235	29.5	14	"NA/19/2023/10024/20_66_38466_1"	NA	NA
0.177	27.5	14	"NA/19/2023/10024/20_66_38466_1"	NA	NA
0.21	27.5	14	"NA/19/2023/10024/20_66_38466_1"	NA	NA
0.192	27.5	14	"NA/19/2023/10024/20_66_38466_1"	NA	NA
0.261	31	14	"NA/19/2023/10024/20_66_38466_1"	NA	NA
0.229	29	14	"NA/19/2023/10024/20_66_38466_1"	NA	NA
0.257	30	14	"NA/19/2023/10024/20_66_38466_1"	NA	NA
0.221	29.5	14	"NA/19/2023/10024/20_66_38466_1"	NA	NA
0.141	25.5	14	"NA/19/2023/10024/20_66_38466_1"	NA	NA
0.237	29	14	"NA/19/2023/10024/20_66_38466_1"	NA	NA
0.228	30.5	15	"NA/19/2023/10024/20_67_38467_1"	NA	NA
0.206	30	15	"NA/19/2023/10024/20_67_38467_1"	NA	NA
0.202	30	15	"NA/19/2023/10024/20_67_38467_1"	NA	NA
0.219	29	15	"NA/19/2023/10024/20_67_38467_1"	NA	NA
0.178	25.5	15	"NA/19/2023/10024/20_67_38467_1"	NA	NA
0.233	31	15	"NA/19/2023/10024/20_67_38467_1"	NA	NA
0.208	30	15	"NA/19/2023/10024/20_67_38467_1"	NA	NA
0.185	29	15	"NA/19/2023/10024/20_67_38467_1"	NA	NA
0.213	31	15	"NA/19/2023/10024/20_67_38467_1"	NA	NA
0.161	28	15	"NA/19/2023/10024/20_67_38467_1"	NA	NA
0.195	29.5	15	"NA/19/2023/10024/20_67_38467_1"	NA	NA
0.204	29.5	15	"NA/19/2023/10024/20_67_38467_1"	NA	NA
0.216	30.5	15	"NA/19/2023/10024/20_67_38467_1"	NA	NA
0.161	28.5	15	"NA/19/2023/10024/20_67_38467_1"	NA	NA
0.233	31.5	15	"NA/19/2023/10024/20_67_38467_1"	NA	NA
0.216	30.5	15	"NA/19/2023/10024/20_67_38467_1"	NA	NA
0.216	30.5	15	"NA/19/2023/10024/20_67_38467_1"	NA	NA
0.145	26.5	15	"NA/19/2023/10024/20_67_38467_1"	NA	NA
0.233	30.5	15	"NA/19/2023/10024/20_67_38467_1"	NA	NA
0.16	28	15	"NA/19/2023/10024/20_67_38467_1"	NA	NA
0.174	28	15	"NA/19/2023/10024/20_67_38467_1"	NA	NA
0.123	26	15	"NA/19/2023/10024/20_67_38467_1"	NA	NA
0.203	31	15	"NA/19/2023/10024/20_67_38467_1"	NA	NA
0.213	30	15	"NA/19/2023/10024/20_67_38467_1"	NA	NA
0.198	30	15	"NA/19/2023/10024/20_67_38467_1"	NA	NA
0.182	28	15	"NA/19/2023/10024/20_67_38467_1"	NA	NA
0.154	27	15	"NA/19/2023/10024/20_67_38467_1"	NA	NA
0.175	27.5	15	"NA/19/2023/10024/20_67_38467_1"	NA	NA
0.195	31	15	"NA/19/2023/10024/20_67_38467_1"	NA	NA
0.16	28	15	"NA/19/2023/10024/20_67_38467_1"	NA	NA
0.183	28.5	15	"NA/19/2023/10024/20_67_38467_1"	NA	NA
0.155	26.5	15	"NA/19/2023/10024/20_67_38467_1"	NA	NA
0.147	27	15	"NA/19/2023/10024/20_67_38467_1"	NA	NA
0.194	29	15	"NA/19/2023/10024/20_67_38467_1"	NA	NA
0.134	26	15	"NA/19/2023/10024/20_67_38467_1"	NA	NA
0.203	30	15	"NA/19/2023/10024/20_67_38467_1"	NA	NA
0.181	29	15	"NA/19/2023/10024/20_67_38467_1"	NA	NA
0.137	26.5	15	"NA/19/2023/10024/20_67_38467_1"	NA	NA
0.163	27.5	15	"NA/19/2023/10024/20_67_38467_1"	NA	NA
0.155	26.5	15	"NA/19/2023/10024/20_67_38467_1"	NA	NA
0.131	25	15	"NA/19/2023/10024/20_67_38467_1"	NA	NA
0.201	29.5	15	"NA/19/2023/10024/20_67_38467_1"	NA	NA
0.137	26	15	"NA/19/2023/10024/20_67_38467_1"	NA	NA
0.22	30	15	"NA/19/2023/10024/20_67_38467_1"	NA	NA
0.169	28.5	15	"NA/19/2023/10024/20_67_38467_1"	NA	NA
0.181	29	15	"NA/19/2023/10024/20_67_38467_1"	NA	NA
0.154	28.5	15	"NA/19/2023/10024/20_67_38467_1"	NA	NA
0.134	26.5	15	"NA/19/2023/10024/20_67_38467_1"	NA	NA
0.131	25	15	"NA/19/2023/10024/20_67_38467_1"	NA	NA
0.115	25	15	"NA/19/2023/10024/20_67_38467_1"	NA	NA
0.137	25.5	15	"NA/19/2023/10024/20_67_38467_1"	NA	NA
0.148	26	15	"NA/19/2023/10024/20_67_38467_1"	NA	NA
0.132	26.5	15	"NA/19/2023/10024/20_67_38467_1"	NA	NA
0.14	26	15	"NA/19/2023/10024/20_67_38467_1"	NA	NA
0.16	27.5	15	"NA/19/2023/10024/20_67_38467_1"	NA	NA
0.185	29	15	"NA/19/2023/10024/20_67_38467_1"	NA	NA
0.219	30.5	15	"NA/19/2023/10024/20_67_38467_1"	NA	NA
0.167	29	15	"NA/19/2023/10024/20_67_38467_1"	NA	NA
0.209	31	15	"NA/19/2023/10024/20_67_38467_1"	NA	NA
0.175	28	15	"NA/19/2023/10024/20_67_38467_1"	NA	NA
0.147	27.5	15	"NA/19/2023/10024/20_67_38467_1"	NA	NA
0.115	24.5	15	"NA/19/2023/10024/20_67_38467_1"	NA	NA
0.197	29	15	"NA/19/2023/10024/20_67_38467_1"	NA	NA
0.194	29	15	"NA/19/2023/10024/20_67_38467_1"	NA	NA
0.193	29	15	"NA/19/2023/10024/20_67_38467_1"	NA	NA
0.216	30.5	15	"NA/19/2023/10024/20_67_38467_1"	NA	NA
0.2	29	15	"NA/19/2023/10024/20_67_38467_1"	NA	NA
0.171	28.5	15	"NA/19/2023/10024/20_67_38467_1"	NA	NA
0.162	27.5	15	"NA/19/2023/10024/20_67_38467_1"	NA	NA
0.201	29	15	"NA/19/2023/10024/20_67_38467_1"	NA	NA
0.159	27.5	15	"NA/19/2023/10024/20_67_38467_1"	NA	NA
0.186	29	15	"NA/19/2023/10024/20_67_38467_1"	NA	NA
0.17	28	15	"NA/19/2023/10024/20_67_38467_1"	NA	NA
0.149	27	15	"NA/19/2023/10024/20_67_38467_1"	NA	NA
0.132	26	15	"NA/19/2023/10024/20_67_38467_1"	NA	NA
0.19	29	15	"NA/19/2023/10024/20_67_38467_1"	NA	NA
0.177	28	15	"NA/19/2023/10024/20_67_38467_1"	NA	NA
0.166	28	15	"NA/19/2023/10024/20_67_38467_1"	NA	NA
0.131	25.5	15	"NA/19/2023/10024/20_67_38467_1"	NA	NA
0.166	27.5	15	"NA/19/2023/10024/20_67_38467_1"	NA	NA
0.206	29	15	"NA/19/2023/10024/20_67_38467_1"	NA	NA
0.161	27.5	15	"NA/19/2023/10024/20_67_38467_1"	NA	NA
0.206	28.5	15	"NA/19/2023/10024/20_67_38467_1"	NA	NA
0.162	27.5	16	"NA/19/2023/10024/20_68_38468_1"	NA	NA
0.183	28	16	"NA/19/2023/10024/20_68_38468_1"	NA	NA
0.142	25.5	16	"NA/19/2023/10024/20_68_38468_1"	NA	NA
0.194	30	16	"NA/19/2023/10024/20_68_38468_1"	NA	NA
0.206	30.5	16	"NA/19/2023/10024/20_68_38468_1"	NA	NA
0.232	31	16	"NA/19/2023/10024/20_68_38468_1"	NA	NA
0.198	29	16	"NA/19/2023/10024/20_68_38468_1"	NA	NA
0.235	32	16	"NA/19/2023/10024/20_68_38468_1"	NA	NA
0.17	27.5	16	"NA/19/2023/10024/20_68_38468_1"	NA	NA
0.256	31.5	16	"NA/19/2023/10024/20_68_38468_1"	NA	NA
0.208	29	16	"NA/19/2023/10024/20_68_38468_1"	NA	NA
0.213	31	16	"NA/19/2023/10024/20_68_38468_1"	NA	NA
0.231	31	16	"NA/19/2023/10024/20_68_38468_1"	NA	NA
0.244	31	16	"NA/19/2023/10024/20_68_38468_1"	NA	NA
0.205	30	16	"NA/19/2023/10024/20_68_38468_1"	NA	NA
0.17	28.5	16	"NA/19/2023/10024/20_68_38468_1"	NA	NA
0.203	30	16	"NA/19/2023/10024/20_68_38468_1"	NA	NA
0.229	31	16	"NA/19/2023/10024/20_68_38468_1"	NA	NA
0.191	28	16	"NA/19/2023/10024/20_68_38468_1"	NA	NA
0.176	28	16	"NA/19/2023/10024/20_68_38468_1"	NA	NA
0.148	26.5	16	"NA/19/2023/10024/20_68_38468_1"	NA	NA
0.168	27.5	16	"NA/19/2023/10024/20_68_38468_1"	NA	NA
0.239	31.5	16	"NA/19/2023/10024/20_68_38468_1"	NA	NA
0.196	29.5	16	"NA/19/2023/10024/20_68_38468_1"	NA	NA
0.155	27.5	16	"NA/19/2023/10024/20_68_38468_1"	NA	NA
0.22	30	16	"NA/19/2023/10024/20_68_38468_1"	NA	NA
0.183	28.5	16	"NA/19/2023/10024/20_68_38468_1"	NA	NA
0.209	29	16	"NA/19/2023/10024/20_68_38468_1"	NA	NA
0.155	27	16	"NA/19/2023/10024/20_68_38468_1"	NA	NA
0.132	24.5	16	"NA/19/2023/10024/20_68_38468_1"	NA	NA
0.218	30.5	16	"NA/19/2023/10024/20_68_38468_1"	NA	NA
0.151	26.5	16	"NA/19/2023/10024/20_68_38468_1"	NA	NA
0.146	27	16	"NA/19/2023/10024/20_68_38468_1"	NA	NA
0.216	29.5	16	"NA/19/2023/10024/20_68_38468_1"	NA	NA
0.191	29.5	16	"NA/19/2023/10024/20_68_38468_1"	NA	NA
0.186	29	16	"NA/19/2023/10024/20_68_38468_1"	NA	NA
0.217	30	16	"NA/19/2023/10024/20_68_38468_1"	NA	NA
0.187	28	16	"NA/19/2023/10024/20_68_38468_1"	NA	NA
0.203	30	16	"NA/19/2023/10024/20_68_38468_1"	NA	NA
0.196	30	16	"NA/19/2023/10024/20_68_38468_1"	NA	NA
0.165	28	16	"NA/19/2023/10024/20_68_38468_1"	NA	NA
0.196	29.5	16	"NA/19/2023/10024/20_68_38468_1"	NA	NA
0.158	27.5	16	"NA/19/2023/10024/20_68_38468_1"	NA	NA
0.199	29.5	16	"NA/19/2023/10024/20_68_38468_1"	NA	NA
0.237	30	16	"NA/19/2023/10024/20_68_38468_1"	NA	NA
0.142	27	16	"NA/19/2023/10024/20_68_38468_1"	NA	NA
0.191	30	16	"NA/19/2023/10024/20_68_38468_1"	NA	NA
0.179	29	16	"NA/19/2023/10024/20_68_38468_1"	NA	NA
0.203	29	16	"NA/19/2023/10024/20_68_38468_1"	NA	NA
0.177	29	16	"NA/19/2023/10024/20_68_38468_1"	NA	NA
0.245	32.5	16	"NA/19/2023/10024/20_68_38468_1"	NA	NA
0.189	29.5	16	"NA/19/2023/10024/20_68_38468_1"	NA	NA
0.166	28	16	"NA/19/2023/10024/20_68_38468_1"	NA	NA
0.2	29.5	16	"NA/19/2023/10024/20_68_38468_1"	NA	NA
0.209	30	16	"NA/19/2023/10024/20_68_38468_1"	NA	NA
0.202	30	17	"NA/19/2023/10024/20_70_38470_1"	NA	NA
0.136	26.5	17	"NA/19/2023/10024/20_70_38470_1"	NA	NA
0.19	29	17	"NA/19/2023/10024/20_70_38470_1"	NA	NA
0.11	24	17	"NA/19/2023/10024/20_70_38470_1"	NA	NA
0.116	24.5	17	"NA/19/2023/10024/20_70_38470_1"	NA	NA
0.11	25	17	"NA/19/2023/10024/20_70_38470_1"	NA	NA
0.08	22	17	"NA/19/2023/10024/20_70_38470_1"	NA	NA
0.125	24.5	17	"NA/19/2023/10024/20_70_38470_1"	NA	NA
0.146	27	17	"NA/19/2023/10024/20_70_38470_1"	NA	NA
0.128	25	17	"NA/19/2023/10024/20_70_38470_1"	NA	NA
0.182	29	17	"NA/19/2023/10024/20_70_38470_1"	NA	NA
0.14	26.5	17	"NA/19/2023/10024/20_70_38470_1"	NA	NA
0.168	26	17	"NA/19/2023/10024/20_70_38470_1"	NA	NA
0.105	24.5	17	"NA/19/2023/10024/20_70_38470_1"	NA	NA
0.136	27.5	17	"NA/19/2023/10024/20_70_38470_1"	NA	NA
0.139	26.5	17	"NA/19/2023/10024/20_70_38470_1"	NA	NA
0.104	23	17	"NA/19/2023/10024/20_70_38470_1"	NA	NA
0.128	26	17	"NA/19/2023/10024/20_70_38470_1"	NA	NA
0.166	29	17	"NA/19/2023/10024/20_70_38470_1"	NA	NA
0.146	27.5	17	"NA/19/2023/10024/20_70_38470_1"	NA	NA
0.128	26.5	17	"NA/19/2023/10024/20_70_38470_1"	NA	NA
0.079	22.5	17	"NA/19/2023/10024/20_70_38470_1"	NA	NA
0.137	26.5	17	"NA/19/2023/10024/20_70_38470_1"	NA	NA
0.188	30.5	17	"NA/19/2023/10024/20_70_38470_1"	NA	NA
0.122	24.5	17	"NA/19/2023/10024/20_70_38470_1"	NA	NA
0.121	25	17	"NA/19/2023/10024/20_70_38470_1"	NA	NA
0.123	25.5	17	"NA/19/2023/10024/20_70_38470_1"	NA	NA
0.113	25.5	17	"NA/19/2023/10024/20_70_38470_1"	NA	NA
0.135	25.5	17	"NA/19/2023/10024/20_70_38470_1"	NA	NA
0.091	22.5	17	"NA/19/2023/10024/20_70_38470_1"	NA	NA
0.124	25	17	"NA/19/2023/10024/20_70_38470_1"	NA	NA
0.151	27	17	"NA/19/2023/10024/20_70_38470_1"	NA	NA
0.169	29	17	"NA/19/2023/10024/20_70_38470_1"	NA	NA
0.168	29	17	"NA/19/2023/10024/20_70_38470_1"	NA	NA
0.184	30	17	"NA/19/2023/10024/20_70_38470_1"	NA	NA
0.207	31	17	"NA/19/2023/10024/20_70_38470_1"	NA	NA
0.152	27.5	17	"NA/19/2023/10024/20_70_38470_1"	NA	NA
0.068	20.5	17	"NA/19/2023/10024/20_70_38470_1"	NA	NA
0.127	27	17	"NA/19/2023/10024/20_70_38470_1"	NA	NA
0.191	30	17	"NA/19/2023/10024/20_70_38470_1"	NA	NA
0.146	28	17	"NA/19/2023/10024/20_70_38470_1"	NA	NA
0.17	29	17	"NA/19/2023/10024/20_70_38470_1"	NA	NA
0.131	26.5	17	"NA/19/2023/10024/20_70_38470_1"	NA	NA
0.084	22	17	"NA/19/2023/10024/20_70_38470_1"	NA	NA
0.167	29	17	"NA/19/2023/10024/20_70_38470_1"	NA	NA
0.121	26	17	"NA/19/2023/10024/20_70_38470_1"	NA	NA
0.093	22	17	"NA/19/2023/10024/20_70_38470_1"	NA	NA
0.135	26	17	"NA/19/2023/10024/20_70_38470_1"	NA	NA
0.127	26	17	"NA/19/2023/10024/20_70_38470_1"	NA	NA
0.145	28	17	"NA/19/2023/10024/20_70_38470_1"	NA	NA
0.19	30.5	17	"NA/19/2023/10024/20_70_38470_1"	NA	NA
0.106	24.5	17	"NA/19/2023/10024/20_70_38470_1"	NA	NA
0.16	27.5	17	"NA/19/2023/10024/20_70_38470_1"	NA	NA
0.164	28	17	"NA/19/2023/10024/20_70_38470_1"	NA	NA
0.137	28	17	"NA/19/2023/10024/20_70_38470_1"	NA	NA
0.164	28.5	17	"NA/19/2023/10024/20_70_38470_1"	NA	NA
0.069	21.5	17	"NA/19/2023/10024/20_70_38470_1"	NA	NA
0.112	25.5	17	"NA/19/2023/10024/20_70_38470_1"	NA	NA
0.119	26	17	"NA/19/2023/10024/20_70_38470_1"	NA	NA
0.139	27.5	17	"NA/19/2023/10024/20_70_38470_1"	NA	NA
0.083	23	17	"NA/19/2023/10024/20_70_38470_1"	NA	NA
0.187	30.5	17	"NA/19/2023/10024/20_70_38470_1"	NA	NA
0.152	27	17	"NA/19/2023/10024/20_70_38470_1"	NA	NA
0.144	27.5	17	"NA/19/2023/10024/20_70_38470_1"	NA	NA
0.154	27.5	17	"NA/19/2023/10024/20_70_38470_1"	NA	NA
0.229	32	17	"NA/19/2023/10024/20_70_38470_1"	NA	NA
0.147	28	17	"NA/19/2023/10024/20_70_38470_1"	NA	NA
0.17	27.5	17	"NA/19/2023/10024/20_70_38470_1"	NA	NA
0.185	30	17	"NA/19/2023/10024/20_70_38470_1"	NA	NA
0.175	30	17	"NA/19/2023/10024/20_70_38470_1"	NA	NA
0.189	29.5	17	"NA/19/2023/10024/20_70_38470_1"	NA	NA
0.124	26	17	"NA/19/2023/10024/20_70_38470_1"	NA	NA
0.088	22.5	17	"NA/19/2023/10024/20_70_38470_1"	NA	NA
0.141	27.5	17	"NA/19/2023/10024/20_70_38470_1"	NA	NA
0.209	28	17	"NA/19/2023/10024/20_70_38470_1"	NA	NA
0.124	26	17	"NA/19/2023/10024/20_70_38470_1"	NA	NA
0.156	28	17	"NA/19/2023/10024/20_70_38470_1"	NA	NA
0.145	28	17	"NA/19/2023/10024/20_70_38470_1"	NA	NA
0.135	26.5	17	"NA/19/2023/10024/20_70_38470_1"	NA	NA
0.089	23	17	"NA/19/2023/10024/20_70_38470_1"	NA	NA
0.208	31.5	17	"NA/19/2023/10024/20_70_38470_1"	NA	NA
0.108	24	17	"NA/19/2023/10024/20_70_38470_1"	NA	NA
0.221	32	17	"NA/19/2023/10024/20_70_38470_1"	NA	NA
0.124	25	17	"NA/19/2023/10024/20_70_38470_1"	NA	NA
0.137	24.5	17	"NA/19/2023/10024/20_70_38470_1"	NA	NA
0.078	22.5	17	"NA/19/2023/10024/20_70_38470_1"	NA	NA
0.09	22.5	17	"NA/19/2023/10024/20_70_38470_1"	NA	NA
0.12	26	17	"NA/19/2023/10024/20_70_38470_1"	NA	NA
0.16	28.5	17	"NA/19/2023/10024/20_70_38470_1"	NA	NA
0.166	29	17	"NA/19/2023/10024/20_70_38470_1"	NA	NA
0.113	25	17	"NA/19/2023/10024/20_70_38470_1"	NA	NA
0.116	27.5	17	"NA/19/2023/10024/20_70_38470_1"	NA	NA
0.13	26	17	"NA/19/2023/10024/20_70_38470_1"	NA	NA
0.103	24.5	17	"NA/19/2023/10024/20_70_38470_1"	NA	NA
0.092	22.5	17	"NA/19/2023/10024/20_70_38470_1"	NA	NA
0.159	27.5	17	"NA/19/2023/10024/20_70_38470_1"	NA	NA
0.17	28	18	"NA/19/2023/10024/20_71_38471_1"	NA	352227
0.171	28.5	18	"NA/19/2023/10024/20_71_38471_1"	NA	352227
0.183	29.5	18	"NA/19/2023/10024/20_71_38471_1"	NA	352227
0.194	30	18	"NA/19/2023/10024/20_71_38471_1"	NA	352227
0.147	26.5	18	"NA/19/2023/10024/20_71_38471_1"	NA	352227
0.164	28	18	"NA/19/2023/10024/20_71_38471_1"	NA	352227
0.194	29.5	18	"NA/19/2023/10024/20_71_38471_1"	NA	352227
0.174	29	18	"NA/19/2023/10024/20_71_38471_1"	NA	352227
0.194	30.5	18	"NA/19/2023/10024/20_71_38471_1"	NA	352227
0.17	28	18	"NA/19/2023/10024/20_71_38471_1"	NA	352227
0.156	27.5	18	"NA/19/2023/10024/20_71_38471_1"	NA	352227
0.134	26.5	18	"NA/19/2023/10024/20_71_38471_1"	NA	352227
0.13	26	18	"NA/19/2023/10024/20_71_38471_1"	NA	352227
0.148	25.5	18	"NA/19/2023/10024/20_71_38471_1"	NA	352227
0.184	29	18	"NA/19/2023/10024/20_71_38471_1"	NA	352227
0.155	27	18	"NA/19/2023/10024/20_71_38471_1"	NA	352227
0.153	27	18	"NA/19/2023/10024/20_71_38471_1"	NA	352227
0.169	27	18	"NA/19/2023/10024/20_71_38471_1"	NA	352227
0.142	26	18	"NA/19/2023/10024/20_71_38471_1"	NA	352227
0.166	28	18	"NA/19/2023/10024/20_71_38471_1"	NA	352227
0.194	30	18	"NA/19/2023/10024/20_71_38471_1"	NA	352227
0.161	28	18	"NA/19/2023/10024/20_71_38471_1"	NA	352227
0.172	27.5	18	"NA/19/2023/10024/20_71_38471_1"	NA	352227
0.24	30	18	"NA/19/2023/10024/20_71_38471_1"	NA	352227
0.184	29	18	"NA/19/2023/10024/20_71_38471_1"	NA	352227
0.205	31	18	"NA/19/2023/10024/20_71_38471_1"	NA	352227
0.164	27.5	18	"NA/19/2023/10024/20_71_38471_1"	NA	352227
0.166	29	18	"NA/19/2023/10024/20_71_38471_1"	NA	352227
0.156	27	18	"NA/19/2023/10024/20_71_38471_1"	NA	352227
0.141	25	18	"NA/19/2023/10024/20_71_38471_2"	NA	1
0.155	28.5	19	"NA/19/2023/10024/20_72_38472_1"	NA	NA
0.158	27.5	19	"NA/19/2023/10024/20_72_38472_1"	NA	NA
0.14	26.5	19	"NA/19/2023/10024/20_72_38472_1"	NA	NA
0.094	23.5	19	"NA/19/2023/10024/20_72_38472_1"	NA	NA
0.139	26	19	"NA/19/2023/10024/20_72_38472_1"	NA	NA
0.112	25	19	"NA/19/2023/10024/20_72_38472_1"	NA	NA
0.152	27.5	19	"NA/19/2023/10024/20_72_38472_1"	NA	NA
0.141	27.5	19	"NA/19/2023/10024/20_72_38472_1"	NA	NA
0.153	28	19	"NA/19/2023/10024/20_72_38472_1"	NA	NA
0.114	25	19	"NA/19/2023/10024/20_72_38472_1"	NA	NA
0.135	26	19	"NA/19/2023/10024/20_72_38472_1"	NA	NA
0.193	31	19	"NA/19/2023/10024/20_72_38472_1"	NA	NA
0.139	26	19	"NA/19/2023/10024/20_72_38472_1"	NA	NA
0.115	26	19	"NA/19/2023/10024/20_72_38472_1"	NA	NA
0.132	26	19	"NA/19/2023/10024/20_72_38472_1"	NA	NA
0.154	27.5	19	"NA/19/2023/10024/20_72_38472_1"	NA	NA
0.159	28	19	"NA/19/2023/10024/20_72_38472_1"	NA	NA
0.138	27	19	"NA/19/2023/10024/20_72_38472_1"	NA	NA
0.108	24	19	"NA/19/2023/10024/20_72_38472_1"	NA	NA
0.126	25.5	19	"NA/19/2023/10024/20_72_38472_1"	NA	NA
0.117	25.5	19	"NA/19/2023/10024/20_72_38472_1"	NA	NA
0.156	28	19	"NA/19/2023/10024/20_72_38472_1"	NA	NA
0.111	24.5	19	"NA/19/2023/10024/20_72_38472_1"	NA	NA
0.112	23.5	19	"NA/19/2023/10024/20_72_38472_1"	NA	NA
0.143	27.5	19	"NA/19/2023/10024/20_72_38472_1"	NA	NA
0.2	30.5	19	"NA/19/2023/10024/20_72_38472_1"	NA	NA
0.126	26.5	19	"NA/19/2023/10024/20_72_38472_1"	NA	NA
0.117	25	19	"NA/19/2023/10024/20_72_38472_1"	NA	NA
0.165	29	19	"NA/19/2023/10024/20_72_38472_1"	NA	NA
0.096	23	19	"NA/19/2023/10024/20_72_38472_1"	NA	NA
0.146	26.5	19	"NA/19/2023/10024/20_72_38472_1"	NA	NA
0.153	28	19	"NA/19/2023/10024/20_72_38472_1"	NA	NA
0.146	28	19	"NA/19/2023/10024/20_72_38472_1"	NA	NA
0.141	27.5	19	"NA/19/2023/10024/20_72_38472_1"	NA	NA
0.149	27	19	"NA/19/2023/10024/20_72_38472_1"	NA	NA
0.169	28	19	"NA/19/2023/10024/20_72_38472_1"	NA	NA
0.161	27.5	19	"NA/19/2023/10024/20_72_38472_1"	NA	NA
0.218	29	20	"NA/19/2023/10024/20_76_38476_1"	NA	NA
0.184	27	20	"NA/19/2023/10024/20_76_38476_1"	NA	NA
0.267	30	20	"NA/19/2023/10024/20_76_38476_1"	NA	NA
0.196	27.5	20	"NA/19/2023/10024/20_76_38476_1"	NA	NA
0.185	27.5	20	"NA/19/2023/10024/20_76_38476_1"	NA	NA
0.198	27.5	20	"NA/19/2023/10024/20_76_38476_1"	NA	NA
0.196	28	20	"NA/19/2023/10024/20_76_38476_1"	NA	NA
0.205	28.5	20	"NA/19/2023/10024/20_76_38476_1"	NA	NA
0.308	32	20	"NA/19/2023/10024/20_76_38476_1"	NA	NA
0.23	29	20	"NA/19/2023/10024/20_76_38476_1"	NA	NA
0.207	28	20	"NA/19/2023/10024/20_76_38476_1"	NA	NA
0.276	32	20	"NA/19/2023/10024/20_76_38476_1"	NA	NA
0.214	28	20	"NA/19/2023/10024/20_76_38476_1"	NA	NA
0.24	28	20	"NA/19/2023/10024/20_76_38476_1"	NA	NA
0.214	29.5	20	"NA/19/2023/10024/20_76_38476_1"	NA	NA
0.228	29	20	"NA/19/2023/10024/20_76_38476_1"	NA	NA
0.242	30	20	"NA/19/2023/10024/20_76_38476_1"	NA	NA
0.213	29.5	20	"NA/19/2023/10024/20_76_38476_1"	NA	NA
0.274	32.5	20	"NA/19/2023/10024/20_76_38476_1"	NA	NA
0.253	29	20	"NA/19/2023/10024/20_76_38476_1"	NA	NA
0.32	32	20	"NA/19/2023/10024/20_76_38476_1"	NA	NA
0.211	27.5	20	"NA/19/2023/10024/20_76_38476_1"	NA	NA
0.247	32	20	"NA/19/2023/10024/20_76_38476_1"	NA	NA
0.227	29	20	"NA/19/2023/10024/20_76_38476_1"	NA	NA
0.219	28.5	20	"NA/19/2023/10024/20_76_38476_1"	NA	NA
0.222	28.5	20	"NA/19/2023/10024/20_76_38476_1"	NA	NA
0.256	31	20	"NA/19/2023/10024/20_76_38476_1"	NA	NA
0.251	31	20	"NA/19/2023/10024/20_76_38476_1"	NA	NA
0.195	27.5	20	"NA/19/2023/10024/20_76_38476_1"	NA	NA
0.273	31	20	"NA/19/2023/10024/20_76_38476_1"	NA	NA
0.258	32	20	"NA/19/2023/10024/20_76_38476_1"	NA	NA
0.247	31	20	"NA/19/2023/10024/20_76_38476_1"	NA	NA
0.274	32	20	"NA/19/2023/10024/20_76_38476_1"	NA	NA
0.273	32	20	"NA/19/2023/10024/20_76_38476_1"	NA	NA
0.24	30	20	"NA/19/2023/10024/20_76_38476_1"	NA	NA
0.23	29	20	"NA/19/2023/10024/20_76_38476_1"	NA	NA
0.198	27.5	20	"NA/19/2023/10024/20_76_38476_1"	NA	NA
0.276	32	20	"NA/19/2023/10024/20_76_38476_1"	NA	NA
0.25	31	20	"NA/19/2023/10024/20_76_38476_1"	NA	NA
0.22	28.5	21	"NA/19/2023/10024/20_7_38407_1"	NA	NA
0.268	29	21	"NA/19/2023/10024/20_7_38407_1"	NA	NA
0.223	28.5	21	"NA/19/2023/10024/20_7_38407_1"	NA	NA
0.234	29	21	"NA/19/2023/10024/20_7_38407_1"	NA	NA
0.184	27	21	"NA/19/2023/10024/20_7_38407_1"	NA	NA
0.212	27.5	21	"NA/19/2023/10024/20_7_38407_1"	NA	NA
0.204	28	21	"NA/19/2023/10024/20_7_38407_1"	NA	NA
0.153	26	21	"NA/19/2023/10024/20_7_38407_1"	NA	NA
0.18	26.5	21	"NA/19/2023/10024/20_7_38407_1"	NA	NA
0.213	28.5	21	"NA/19/2023/10024/20_7_38407_1"	NA	NA
0.216	27.5	21	"NA/19/2023/10024/20_7_38407_1"	NA	NA
0.204	28	21	"NA/19/2023/10024/20_7_38407_1"	NA	NA
0.195	27.5	21	"NA/19/2023/10024/20_7_38407_1"	NA	NA
0.269	29	21	"NA/19/2023/10024/20_7_38407_1"	NA	NA
0.156	25.5	21	"NA/19/2023/10024/20_7_38407_1"	NA	NA
0.276	29	21	"NA/19/2023/10024/20_7_38407_1"	NA	NA
0.207	28	21	"NA/19/2023/10024/20_7_38407_1"	NA	NA
0.194	27.5	21	"NA/19/2023/10024/20_7_38407_1"	NA	NA
0.216	28.5	21	"NA/19/2023/10024/20_7_38407_1"	NA	NA
0.198	27.5	21	"NA/19/2023/10024/20_7_38407_1"	NA	NA
0.202	27	21	"NA/19/2023/10024/20_7_38407_1"	NA	NA
0.214	28	21	"NA/19/2023/10024/20_7_38407_1"	NA	NA
0.18	26.5	21	"NA/19/2023/10024/20_7_38407_1"	NA	NA
0.193	26.5	21	"NA/19/2023/10024/20_7_38407_1"	NA	NA
0.224	28	21	"NA/19/2023/10024/20_7_38407_1"	NA	NA
0.192	27	21	"NA/19/2023/10024/20_7_38407_1"	NA	NA
0.178	25.5	21	"NA/19/2023/10024/20_7_38407_1"	NA	NA
0.183	27.5	21	"NA/19/2023/10024/20_7_38407_1"	NA	NA
0.214	27.5	21	"NA/19/2023/10024/20_7_38407_1"	NA	NA
0.178	26.5	21	"NA/19/2023/10024/20_7_38407_1"	NA	NA
0.218	29	21	"NA/19/2023/10024/20_7_38407_1"	NA	NA
0.173	25.5	21	"NA/19/2023/10024/20_7_38407_1"	NA	NA
0.202	27	21	"NA/19/2023/10024/20_7_38407_1"	NA	NA
0.179	26.5	21	"NA/19/2023/10024/20_7_38407_1"	NA	NA
0.194	27.5	21	"NA/19/2023/10024/20_7_38407_1"	NA	NA
0.241	30	21	"NA/19/2023/10024/20_7_38407_1"	NA	NA
0.201	27.5	21	"NA/19/2023/10024/20_7_38407_1"	NA	NA
0.191	27	21	"NA/19/2023/10024/20_7_38407_1"	NA	NA
0.182	28	21	"NA/19/2023/10024/20_7_38407_1"	NA	NA
0.209	28	21	"NA/19/2023/10024/20_7_38407_1"	NA	NA
0.19	27.5	21	"NA/19/2023/10024/20_7_38407_1"	NA	NA
0.228	29	21	"NA/19/2023/10024/20_7_38407_1"	NA	NA
0.175	27	21	"NA/19/2023/10024/20_7_38407_1"	NA	NA
0.198	28	21	"NA/19/2023/10024/20_7_38407_1"	NA	NA
0.18	27	21	"NA/19/2023/10024/20_7_38407_1"	NA	NA
0.289	29.5	21	"NA/19/2023/10024/20_7_38407_1"	NA	NA
0.252	29	21	"NA/19/2023/10024/20_7_38407_1"	NA	NA
0.176	26.5	21	"NA/19/2023/10024/20_7_38407_1"	NA	NA
0.174	26	21	"NA/19/2023/10024/20_7_38407_1"	NA	NA
0.195	28	21	"NA/19/2023/10024/20_7_38407_1"	NA	NA
0.252	28.5	21	"NA/19/2023/10024/20_7_38407_1"	NA	NA
0.203	26.5	21	"NA/19/2023/10024/20_7_38407_1"	NA	NA
0.209	28	21	"NA/19/2023/10024/20_7_38407_1"	NA	NA
0.192	27	21	"NA/19/2023/10024/20_7_38407_1"	NA	NA
0.155	25.5	21	"NA/19/2023/10024/20_7_38407_1"	NA	NA
0.257	29.5	21	"NA/19/2023/10024/20_7_38407_1"	NA	NA
0.304	29.5	21	"NA/19/2023/10024/20_7_38407_1"	NA	NA
0.19	27.5	22	"NA/19/2023/10024/20_81_38481_1"	NA	NA
0.255	30	22	"NA/19/2023/10024/20_81_38481_1"	NA	NA
0.212	28	22	"NA/19/2023/10024/20_81_38481_1"	NA	NA
0.214	27.5	22	"NA/19/2023/10024/20_81_38481_1"	NA	NA
0.219	27.5	22	"NA/19/2023/10024/20_81_38481_1"	NA	NA
0.234	28	22	"NA/19/2023/10024/20_81_38481_1"	NA	NA
0.212	28.5	22	"NA/19/2023/10024/20_81_38481_1"	NA	NA
0.246	27	22	"NA/19/2023/10024/20_81_38481_1"	NA	NA
0.25	29	22	"NA/19/2023/10024/20_81_38481_1"	NA	NA
0.23	27.5	22	"NA/19/2023/10024/20_81_38481_1"	NA	NA
0.185	27.5	22	"NA/19/2023/10024/20_81_38481_1"	NA	NA
0.241	30	22	"NA/19/2023/10024/20_81_38481_1"	NA	NA
0.233	30	22	"NA/19/2023/10024/20_81_38481_1"	NA	NA
0.265	28.5	22	"NA/19/2023/10024/20_81_38481_1"	NA	NA
0.204	27.5	22	"NA/19/2023/10024/20_81_38481_1"	NA	NA
0.239	29	22	"NA/19/2023/10024/20_81_38481_1"	NA	NA
0.191	26.5	22	"NA/19/2023/10024/20_81_38481_1"	NA	NA
0.192	26.5	22	"NA/19/2023/10024/20_81_38481_1"	NA	NA
0.218	28.5	22	"NA/19/2023/10024/20_81_38481_1"	NA	NA
0.187	27	22	"NA/19/2023/10024/20_81_38481_1"	NA	NA
0.266	30.5	22	"NA/19/2023/10024/20_81_38481_1"	NA	NA
0.245	30.5	22	"NA/19/2023/10024/20_81_38481_1"	NA	NA
0.239	28	22	"NA/19/2023/10024/20_81_38481_1"	NA	NA
0.188	28	22	"NA/19/2023/10024/20_81_38481_1"	NA	NA
0.177	25.5	22	"NA/19/2023/10024/20_81_38481_1"	NA	NA
0.288	30	22	"NA/19/2023/10024/20_81_38481_1"	NA	NA
0.255	28.5	22	"NA/19/2023/10024/20_81_38481_1"	NA	NA
0.219	27.5	22	"NA/19/2023/10024/20_81_38481_1"	NA	NA
0.229	28	22	"NA/19/2023/10024/20_81_38481_1"	NA	NA
0.295	31	23	"NA/19/2023/10024/20_82_38482_1"	NA	NA
0.224	29	23	"NA/19/2023/10024/20_82_38482_1"	NA	NA
0.244	29.5	23	"NA/19/2023/10024/20_82_38482_1"	NA	NA
0.188	27.5	23	"NA/19/2023/10024/20_82_38482_1"	NA	NA
0.172	27.5	23	"NA/19/2023/10024/20_82_38482_1"	NA	NA
0.191	27.5	23	"NA/19/2023/10024/20_82_38482_1"	NA	NA
0.24	28	23	"NA/19/2023/10024/20_82_38482_1"	NA	NA
0.204	29	23	"NA/19/2023/10024/20_82_38482_1"	NA	NA
0.262	29	23	"NA/19/2023/10024/20_82_38482_1"	NA	NA
0.23	31	23	"NA/19/2023/10024/20_82_38482_1"	NA	NA
0.18	27.5	23	"NA/19/2023/10024/20_82_38482_1"	NA	NA
0.186	27.5	23	"NA/19/2023/10024/20_82_38482_1"	NA	NA
0.217	27.5	23	"NA/19/2023/10024/20_82_38482_1"	NA	NA
0.195	27.5	23	"NA/19/2023/10024/20_82_38482_1"	NA	NA
0.24	29.5	23	"NA/19/2023/10024/20_82_38482_1"	NA	NA
0.201	27.5	23	"NA/19/2023/10024/20_82_38482_1"	NA	NA
0.212	28	23	"NA/19/2023/10024/20_82_38482_1"	NA	NA
0.258	29.5	23	"NA/19/2023/10024/20_82_38482_1"	NA	NA
0.189	28	23	"NA/19/2023/10024/20_82_38482_1"	NA	NA
0.2	27	23	"NA/19/2023/10024/20_82_38482_1"	NA	NA
0.235	29	23	"NA/19/2023/10024/20_82_38482_1"	NA	NA
0.224	28.5	23	"NA/19/2023/10024/20_82_38482_1"	NA	NA
0.193	27	23	"NA/19/2023/10024/20_82_38482_1"	NA	NA
0.247	30.5	23	"NA/19/2023/10024/20_82_38482_1"	NA	NA
0.218	29	23	"NA/19/2023/10024/20_82_38482_1"	NA	NA
0.266	29.5	23	"NA/19/2023/10024/20_82_38482_1"	NA	NA
0.285	32	23	"NA/19/2023/10024/20_82_38482_1"	NA	NA
0.226	29	23	"NA/19/2023/10024/20_82_38482_1"	NA	NA
0.209	27.5	23	"NA/19/2023/10024/20_82_38482_1"	NA	NA
0.245	29.5	23	"NA/19/2023/10024/20_82_38482_1"	NA	NA
0.238	28.5	23	"NA/19/2023/10024/20_82_38482_1"	NA	NA
0.221	28	23	"NA/19/2023/10024/20_82_38482_1"	NA	NA
0.204	29	23	"NA/19/2023/10024/20_82_38482_1"	NA	NA
0.244	29	23	"NA/19/2023/10024/20_82_38482_1"	NA	NA
0.247	30	23	"NA/19/2023/10024/20_82_38482_1"	NA	NA
0.23	28.5	23	"NA/19/2023/10024/20_82_38482_1"	NA	NA
0.201	29	23	"NA/19/2023/10024/20_82_38482_1"	NA	NA
0.224	30.5	23	"NA/19/2023/10024/20_82_38482_1"	NA	NA
0.231	28.5	23	"NA/19/2023/10024/20_82_38482_1"	NA	NA
0.185	26.5	23	"NA/19/2023/10024/20_82_38482_1"	NA	NA
0.219	28.5	23	"NA/19/2023/10024/20_82_38482_1"	NA	NA
0.207	29	23	"NA/19/2023/10024/20_82_38482_1"	NA	NA
0.233	29	23	"NA/19/2023/10024/20_82_38482_1"	NA	NA
0.232	29.5	23	"NA/19/2023/10024/20_82_38482_1"	NA	NA
0.198	29	23	"NA/19/2023/10024/20_82_38482_1"	NA	NA
0.224	29	23	"NA/19/2023/10024/20_82_38482_1"	NA	NA
0.214	29	23	"NA/19/2023/10024/20_82_38482_1"	NA	NA
0.279	31.5	23	"NA/19/2023/10024/20_82_38482_1"	NA	NA
0.26	30.5	23	"NA/19/2023/10024/20_82_38482_1"	NA	NA
0.211	28	23	"NA/19/2023/10024/20_82_38482_1"	NA	NA
0.226	29.5	23	"NA/19/2023/10024/20_82_38482_1"	NA	NA
0.183	27.5	23	"NA/19/2023/10024/20_82_38482_1"	NA	NA
0.148	26	23	"NA/19/2023/10024/20_82_38482_1"	NA	NA
0.21	28.5	24	"NA/19/2023/10024/20_83_38483_1"	NA	NA
0.301	32.5	24	"NA/19/2023/10024/20_83_38483_1"	NA	NA
0.232	30	24	"NA/19/2023/10024/20_83_38483_1"	NA	NA
0.235	29	24	"NA/19/2023/10024/20_83_38483_1"	NA	NA
0.254	30.5	24	"NA/19/2023/10024/20_83_38483_1"	NA	NA
0.212	27.5	24	"NA/19/2023/10024/20_83_38483_1"	NA	NA
0.234	28	24	"NA/19/2023/10024/20_83_38483_1"	NA	NA
0.25	29	24	"NA/19/2023/10024/20_83_38483_1"	NA	NA
0.248	30.5	24	"NA/19/2023/10024/20_83_38483_1"	NA	NA
0.24	30	24	"NA/19/2023/10024/20_83_38483_1"	NA	NA
0.262	29	24	"NA/19/2023/10024/20_83_38483_1"	NA	NA
0.22	28	24	"NA/19/2023/10024/20_83_38483_1"	NA	NA
0.237	30.5	24	"NA/19/2023/10024/20_83_38483_1"	NA	NA
0.213	28	24	"NA/19/2023/10024/20_83_38483_1"	NA	NA
0.231	28	24	"NA/19/2023/10024/20_83_38483_1"	NA	NA
0.187	27	24	"NA/19/2023/10024/20_83_38483_1"	NA	NA
0.269	30	24	"NA/19/2023/10024/20_83_38483_1"	NA	NA
0.266	30.5	24	"NA/19/2023/10024/20_83_38483_1"	NA	NA
0.273	31	24	"NA/19/2023/10024/20_83_38483_1"	NA	NA
0.208	29.5	24	"NA/19/2023/10024/20_83_38483_1"	NA	NA
0.245	30	24	"NA/19/2023/10024/20_83_38483_1"	NA	NA
0.26	30.5	24	"NA/19/2023/10024/20_83_38483_1"	NA	NA
0.258	30.5	24	"NA/19/2023/10024/20_83_38483_1"	NA	NA
0.287	32	24	"NA/19/2023/10024/20_83_38483_1"	NA	NA
0.238	30	24	"NA/19/2023/10024/20_83_38483_1"	NA	NA
0.257	29	24	"NA/19/2023/10024/20_83_38483_1"	NA	NA
0.261	29	24	"NA/19/2023/10024/20_83_38483_1"	NA	NA
0.275	30.5	24	"NA/19/2023/10024/20_83_38483_1"	NA	NA
0.29	32	24	"NA/19/2023/10024/20_83_38483_1"	NA	NA
0.221	29	24	"NA/19/2023/10024/20_83_38483_1"	NA	NA
0.244	31	24	"NA/19/2023/10024/20_83_38483_1"	NA	NA
0.215	28	24	"NA/19/2023/10024/20_83_38483_1"	NA	NA
0.237	29	24	"NA/19/2023/10024/20_83_38483_1"	NA	NA
0.226	28.5	24	"NA/19/2023/10024/20_83_38483_1"	NA	NA
0.199	29	24	"NA/19/2023/10024/20_83_38483_1"	NA	NA
0.24	30	24	"NA/19/2023/10024/20_83_38483_1"	NA	NA
0.238	29.5	24	"NA/19/2023/10024/20_83_38483_1"	NA	NA
0.254	30.5	24	"NA/19/2023/10024/20_83_38483_1"	NA	NA
0.243	29	24	"NA/19/2023/10024/20_83_38483_1"	NA	NA
0.197	28	24	"NA/19/2023/10024/20_83_38483_1"	NA	NA
0.25	30	24	"NA/19/2023/10024/20_83_38483_1"	NA	NA
0.203	29	24	"NA/19/2023/10024/20_83_38483_1"	NA	NA
0.249	29	24	"NA/19/2023/10024/20_83_38483_1"	NA	NA
0.231	32	24	"NA/19/2023/10024/20_83_38483_1"	NA	NA
0.205	27.5	24	"NA/19/2023/10024/20_83_38483_1"	NA	NA
0.235	29	24	"NA/19/2023/10024/20_83_38483_1"	NA	NA
0.211	27.5	24	"NA/19/2023/10024/20_83_38483_1"	NA	NA
0.302	30.5	24	"NA/19/2023/10024/20_83_38483_1"	NA	NA
0.175	26.5	24	"NA/19/2023/10024/20_83_38483_1"	NA	NA
0.197	29	25	"NA/19/2023/10024/20_84_38484_1"	NA	NA
0.278	30.5	25	"NA/19/2023/10024/20_84_38484_1"	NA	NA
0.219	28	25	"NA/19/2023/10024/20_84_38484_1"	NA	NA
0.256	30.5	25	"NA/19/2023/10024/20_84_38484_1"	NA	NA
0.232	28.5	25	"NA/19/2023/10024/20_84_38484_1"	NA	NA
0.224	28	25	"NA/19/2023/10024/20_84_38484_1"	NA	NA
0.221	29.5	25	"NA/19/2023/10024/20_84_38484_1"	NA	NA
0.272	30	25	"NA/19/2023/10024/20_84_38484_1"	NA	NA
0.178	26.5	25	"NA/19/2023/10024/20_84_38484_1"	NA	NA
0.198	27.5	25	"NA/19/2023/10024/20_84_38484_1"	NA	NA
0.264	30	25	"NA/19/2023/10024/20_84_38484_1"	NA	NA
0.271	30.5	25	"NA/19/2023/10024/20_84_38484_1"	NA	NA
0.211	27.5	25	"NA/19/2023/10024/20_84_38484_1"	NA	NA
0.233	29.5	25	"NA/19/2023/10024/20_84_38484_1"	NA	NA
0.23	30	25	"NA/19/2023/10024/20_84_38484_1"	NA	NA
0.255	30	25	"NA/19/2023/10024/20_84_38484_1"	NA	NA
0.263	31.5	25	"NA/19/2023/10024/20_84_38484_1"	NA	NA
0.252	29	25	"NA/19/2023/10024/20_84_38484_1"	NA	NA
0.27	30	25	"NA/19/2023/10024/20_84_38484_1"	NA	NA
0.233	30	25	"NA/19/2023/10024/20_84_38484_1"	NA	NA
0.216	30	25	"NA/19/2023/10024/20_84_38484_1"	NA	NA
0.216	28	25	"NA/19/2023/10024/20_84_38484_1"	NA	NA
0.261	30	26	"NA/19/2023/10024/20_85_38485_1"	NA	NA
0.261	31.5	26	"NA/19/2023/10024/20_85_38485_1"	NA	NA
0.19	27	26	"NA/19/2023/10024/20_85_38485_1"	NA	NA
0.24	28.5	26	"NA/19/2023/10024/20_85_38485_1"	NA	NA
0.244	29.5	26	"NA/19/2023/10024/20_85_38485_1"	NA	NA
0.194	27.5	26	"NA/19/2023/10024/20_85_38485_1"	NA	NA
0.225	27.5	26	"NA/19/2023/10024/20_85_38485_1"	NA	NA
0.225	28.5	26	"NA/19/2023/10024/20_85_38485_1"	NA	NA
0.227	28.5	26	"NA/19/2023/10024/20_85_38485_1"	NA	NA
0.297	31	26	"NA/19/2023/10024/20_85_38485_1"	NA	NA
0.229	29.5	26	"NA/19/2023/10024/20_85_38485_1"	NA	NA
0.227	28	26	"NA/19/2023/10024/20_85_38485_1"	NA	NA
0.265	30.5	26	"NA/19/2023/10024/20_85_38485_1"	NA	NA
0.211	28	26	"NA/19/2023/10024/20_85_38485_1"	NA	NA
0.221	28.5	26	"NA/19/2023/10024/20_85_38485_1"	NA	NA
0.261	29	26	"NA/19/2023/10024/20_85_38485_1"	NA	NA
0.26	29.5	26	"NA/19/2023/10024/20_85_38485_1"	NA	NA
0.24	30	26	"NA/19/2023/10024/20_85_38485_1"	NA	NA
0.242	29.5	26	"NA/19/2023/10024/20_85_38485_1"	NA	NA
0.215	28.5	26	"NA/19/2023/10024/20_85_38485_1"	NA	NA
0.237	29.5	26	"NA/19/2023/10024/20_85_38485_1"	NA	NA
0.278	31.5	26	"NA/19/2023/10024/20_85_38485_1"	NA	NA
0.236	29	26	"NA/19/2023/10024/20_85_38485_1"	NA	NA
0.24	29.5	26	"NA/19/2023/10024/20_85_38485_1"	NA	NA
0.2	27	26	"NA/19/2023/10024/20_85_38485_1"	NA	NA
0.201	28	26	"NA/19/2023/10024/20_85_38485_1"	NA	NA
0.232	29.5	26	"NA/19/2023/10024/20_85_38485_1"	NA	NA
0.235	29.5	26	"NA/19/2023/10024/20_85_38485_1"	NA	NA
0.218	28.5	26	"NA/19/2023/10024/20_85_38485_1"	NA	NA
0.238	30	26	"NA/19/2023/10024/20_85_38485_1"	NA	NA
0.218	27.5	26	"NA/19/2023/10024/20_85_38485_1"	NA	NA
0.133	24.5	26	"NA/19/2023/10024/20_85_38485_1"	NA	NA
0.209	28.5	26	"NA/19/2023/10024/20_85_38485_1"	NA	NA
0.225	28.5	26	"NA/19/2023/10024/20_85_38485_1"	NA	NA
0.217	29.5	26	"NA/19/2023/10024/20_85_38485_1"	NA	NA
0.221	29.5	26	"NA/19/2023/10024/20_85_38485_1"	NA	NA
0.276	31.5	26	"NA/19/2023/10024/20_85_38485_1"	NA	NA
0.239	28.5	26	"NA/19/2023/10024/20_85_38485_1"	NA	NA
0.248	30	26	"NA/19/2023/10024/20_85_38485_1"	NA	NA
0.228	29	26	"NA/19/2023/10024/20_85_38485_1"	NA	NA
0.212	28	26	"NA/19/2023/10024/20_85_38485_1"	NA	NA
0.223	27.5	26	"NA/19/2023/10024/20_85_38485_1"	NA	NA
0.229	29	26	"NA/19/2023/10024/20_85_38485_1"	NA	NA
0.249	29	26	"NA/19/2023/10024/20_85_38485_1"	NA	NA
0.255	32	26	"NA/19/2023/10024/20_85_38485_1"	NA	NA
0.21	29	26	"NA/19/2023/10024/20_85_38485_1"	NA	NA
0.272	30.5	26	"NA/19/2023/10024/20_85_38485_1"	NA	NA
0.199	28.5	26	"NA/19/2023/10024/20_85_38485_1"	NA	NA
0.231	29	26	"NA/19/2023/10024/20_85_38485_1"	NA	NA
0.197	28.5	26	"NA/19/2023/10024/20_85_38485_1"	NA	NA
0.276	31.5	26	"NA/19/2023/10024/20_85_38485_1"	NA	NA
0.238	28.5	26	"NA/19/2023/10024/20_85_38485_1"	NA	NA
0.23	28.5	26	"NA/19/2023/10024/20_85_38485_1"	NA	NA
0.227	28	26	"NA/19/2023/10024/20_85_38485_1"	NA	NA
0.212	28	26	"NA/19/2023/10024/20_85_38485_1"	NA	NA
0.215	28.5	26	"NA/19/2023/10024/20_85_38485_1"	NA	NA
0.155	25.5	26	"NA/19/2023/10024/20_85_38485_1"	NA	NA
0.22	29	26	"NA/19/2023/10024/20_85_38485_1"	NA	NA
0.218	29	26	"NA/19/2023/10024/20_85_38485_1"	NA	NA
0.216	29.5	26	"NA/19/2023/10024/20_85_38485_1"	NA	NA
0.309	33	26	"NA/19/2023/10024/20_85_38485_1"	NA	NA
0.278	31	26	"NA/19/2023/10024/20_85_38485_1"	NA	NA
0.228	28	26	"NA/19/2023/10024/20_85_38485_1"	NA	NA
0.203	27.5	26	"NA/19/2023/10024/20_85_38485_1"	NA	NA
0.234	28.5	26	"NA/19/2023/10024/20_85_38485_1"	NA	NA
0.203	28	27	"NA/19/2023/10024/20_86_38486_1"	NA	NA
0.205	27.5	27	"NA/19/2023/10024/20_86_38486_1"	NA	NA
0.27	31	27	"NA/19/2023/10024/20_86_38486_1"	NA	NA
0.209	27	27	"NA/19/2023/10024/20_86_38486_1"	NA	NA
0.253	30	27	"NA/19/2023/10024/20_86_38486_1"	NA	NA
0.276	31.5	27	"NA/19/2023/10024/20_86_38486_1"	NA	NA
0.179	27	27	"NA/19/2023/10024/20_86_38486_1"	NA	NA
0.284	32	27	"NA/19/2023/10024/20_86_38486_1"	NA	NA
0.221	27.5	27	"NA/19/2023/10024/20_86_38486_1"	NA	NA
0.169	28	27	"NA/19/2023/10024/20_86_38486_1"	NA	NA
0.231	29.5	27	"NA/19/2023/10024/20_86_38486_1"	NA	NA
0.267	30.5	27	"NA/19/2023/10024/20_86_38486_1"	NA	NA
0.218	28	27	"NA/19/2023/10024/20_86_38486_1"	NA	NA
0.187	28	27	"NA/19/2023/10024/20_86_38486_1"	NA	NA
0.247	31	27	"NA/19/2023/10024/20_86_38486_1"	NA	NA
0.25	29	27	"NA/19/2023/10024/20_86_38486_1"	NA	NA
0.198	27.5	27	"NA/19/2023/10024/20_86_38486_1"	NA	NA
0.192	27.5	27	"NA/19/2023/10024/20_86_38486_1"	NA	NA
0.265	29.5	27	"NA/19/2023/10024/20_86_38486_1"	NA	NA
0.205	28.5	27	"NA/19/2023/10024/20_86_38486_1"	NA	NA
0.212	28	27	"NA/19/2023/10024/20_86_38486_1"	NA	NA
0.232	30	27	"NA/19/2023/10024/20_86_38486_1"	NA	NA
0.235	29	27	"NA/19/2023/10024/20_86_38486_1"	NA	NA
0.229	29	27	"NA/19/2023/10024/20_86_38486_1"	NA	NA
0.226	29	27	"NA/19/2023/10024/20_86_38486_1"	NA	NA
0.256	30.5	27	"NA/19/2023/10024/20_86_38486_1"	NA	NA
0.296	32	27	"NA/19/2023/10024/20_86_38486_1"	NA	NA
0.223	28.5	27	"NA/19/2023/10024/20_86_38486_1"	NA	NA
0.292	30	27	"NA/19/2023/10024/20_86_38486_1"	NA	NA
0.257	30	27	"NA/19/2023/10024/20_86_38486_1"	NA	NA
0.184	28	27	"NA/19/2023/10024/20_86_38486_1"	NA	NA
