"Iteration"	"tau_Intercept"
1	1178.57969391304
2	1075.33565509986
3	1083.64477157089
4	1143.74378398823
5	1125.87804802301
6	1113.95033972773
7	1149.32465359595
8	1091.09458559637
9	989.211574880992
10	1107.40586259656
11	1072.7340929164
12	1017.38406582772
13	1089.4164190107
14	1060.18802747292
15	1104.43327523375
16	1066.73597668137
17	1101.55513493836
18	1074.77740141116
19	1104.89804700645
20	1082.00146207978
21	1139.69694540903
22	1122.78753175481
23	1049.17720121979
24	1079.32239759193
25	1045.62154021355
26	1059.12739288101
27	1113.70014452914
28	1120.50658991461
29	1021.04002300396
30	1026.95065465786
31	1040.98076984346
32	1129.39244926161
33	1177.7915283617
34	1087.82953636279
35	1147.7616735796
36	1043.8392140689
37	1074.57906089937
38	1059.1538755273
39	1076.14055166395
40	1001.26032409753
41	1152.55172168234
42	1068.14408654165
43	1071.7692207563
44	1129.79956409767
45	1035.44936531512
46	1080.38533514169
47	1170.2920745738
48	1147.10616491645
49	1083.93440717574
50	1131.93202272493
51	1054.58589432806
52	1068.49784488433
53	1051.481534863
54	1028.78688782941
55	1060.14996326963
56	1071.98106150394
57	1018.51484917519
58	1099.11083690447
59	1073.6755676054
60	1082.2605544046
61	1118.35653103425
62	1052.15580640565
63	1097.17602577687
64	1193.53241943963
65	1004.43834467511
66	1063.66185881452
67	1094.71511705063
68	1073.2000765863
69	1101.79054524813
70	1039.05099860671
71	1110.07542790559
72	1069.20856492635
73	1183.37475173548
74	1133.52120766456
75	1064.79249540617
76	1149.93729153642
77	1164.72701851901
78	1090.39610701683
79	1190.09557751789
80	1218.8044482319
81	1004.59211318025
82	1138.9112968869
83	1098.25616595968
84	1129.9693639065
85	1072.92869516456
86	1067.77010499499
87	1155.71908058715
88	1135.44254689383
89	1161.56272755871
90	1044.81065705332
91	1058.54382244416
92	1058.50295601352
93	1161.81318661287
94	1018.06615744379
95	1183.18784993605
96	1126.03162189825
97	1169.86207830178
98	1249.93224595259
99	1109.04811297021
100	1047.08876702327
101	1101.11982762448
102	1202.93922992106
103	1112.22198194747
104	1103.99109369165
105	1096.13836843996
106	1094.82875287699
107	1115.46050356169
108	1058.86106978826
109	1073.02865351733
110	1116.64223599296
111	1053.49326389269
112	1077.78868715021
113	1161.34521370706
114	1060.58751131503
115	1141.17251608859
116	1082.12177111926
117	1034.50429514452
118	1062.93206161004
119	1010.53619955509
120	1190.67144903047
121	1119.86245433706
122	1031.01630195591
123	1121.20646360872
124	1102.26482728616
125	1075.4181487684
126	1103.05977056294
127	1134.5078070487
128	1143.60894803111
129	1077.58690162695
130	1071.90575317486
131	1184.86574363195
132	1053.16940235826
133	1002.54841950922
134	1047.42503497271
135	1028.42056058429
136	1016.97553649515
137	1227.7556378195
138	1134.50931823795
139	1171.45427840216
140	1048.48091026604
141	1183.31898656203
142	1170.99986626587
143	1060.82764661328
144	1051.49392590335
145	1073.65773756692
146	1164.04036924968
147	1099.77467229345
148	1096.62995338273
149	1109.65064755205
150	1123.3790143741
151	1100.23530631912
152	1139.30945472907
153	1096.56473514411
154	1066.04011118639
155	1029.81026072346
156	1101.97735931491
157	1107.30363529871
158	1114.56299910604
159	1090.07520602386
160	1059.89062348467
161	1150.93359224399
162	1047.64518630232
163	1142.4061258799
164	1078.16428795649
165	1171.18812658815
166	1096.72663290926
167	1070.28953636365
168	1130.32988350669
169	1105.65533999274
170	1081.17988031285
171	994.73496252927
172	1067.25435548474
173	1173.57585295103
174	1089.12791270413
175	1018.20095297479
176	1125.56790456093
177	1109.10605535825
178	1167.9273752095
179	1167.75541799957
180	1194.91017252852
181	1098.25282285116
182	1068.64821121263
183	1094.98373439744
184	1058.89226007738
185	1064.10088374262
186	1092.40899323153
187	1120.3752407937
188	1130.54581558747
189	1071.15720621897
190	1039.81554202286
191	1073.83575042541
192	1114.22540766022
193	1047.98740371164
194	1163.99792096025
195	999.125388487417
196	1130.42786107148
197	1127.21643077441
198	1148.39680944909
199	1220.52615984032
200	1137.54844980046
201	1136.51028465492
202	1139.58642925295
203	1097.77636820333
204	984.987354785434
205	1111.70663233047
206	1177.04303598589
207	1053.4820987471
208	1002.43611080097
209	1183.81890464379
210	1030.36433696891
211	1189.466734149
212	1145.42717200001
213	1075.6937671858
214	1064.25154474332
215	1127.72739987452
216	1083.26314185253
217	1153.04138177741
218	1063.82630548512
219	1148.16528562069
220	1163.85530377499
221	1153.61551999759
222	1107.52073844612
223	1082.78544982732
224	1100.35019528494
225	1176.71510525553
226	1063.8189128501
227	1027.6400971207
228	1118.26108139447
229	1017.38139800046
230	1222.0778081116
231	1099.22980880244
232	1132.96961965622
233	1140.90860170913
234	1126.9074751445
235	1013.26734630633
236	1055.38665659312
237	1040.76876524956
238	1076.2651861781
239	1091.11434931758
240	1096.04603580738
241	1086.54142090543
242	1077.92069019202
243	1081.56439197856
244	1152.57984623059
245	1137.66285651923
246	1092.45982818038
247	1129.63000139083
248	1136.44603636332
249	1116.95315265925
250	1130.83355056813
251	1146.24557889986
252	1110.40449116373
253	1065.71590433205
254	1066.63164487363
255	1188.19385671204
256	1148.21218438674
257	1110.31230931681
258	1053.11198821801
259	1096.11182085079
260	1130.46796906002
261	1153.88541394103
262	1230.58094437478
263	1113.68421021228
264	1089.12921664952
265	1086.96523935293
266	1150.10141644733
267	1068.30152231948
268	1210.61815179999
269	1151.04946048038
270	1038.08844966438
271	1009.5753091538
272	1099.24222708886
273	1003.64733317886
274	1071.8558854995
275	1095.15743062721
276	1016.05586340908
277	1163.94933673507
278	1079.03737013319
279	1204.08649005297
280	1045.81752301779
281	1042.18089950062
282	1062.4348594828
283	1058.37290482056
284	1018.22906730739
285	1069.34871724686
286	1123.69180974225
287	1088.81953371431
288	1014.20197165969
289	1041.99640725624
290	1119.34884598266
291	1131.72172657924
292	1112.59641763937
293	1223.94093563503
294	1146.24292986009
295	1172.68515752817
296	1061.51727348806
297	1060.12736640914
298	1096.59482214923
299	1103.34767604509
300	1071.58366232812
301	1097.3238870439
302	1146.64372941023
303	1078.58831559253
304	960.474778346876
305	1112.26625948015
306	1039.78611705996
307	1054.29811983014
308	1014.14961311604
309	1119.77984827313
310	1064.16983980216
311	1067.15490336738
312	1152.78120651972
313	1078.16266823202
314	1041.25829115156
315	1001.93737700048
316	1145.90367700674
317	1104.88012023938
318	1145.43394537317
319	1064.41378011294
320	1110.76831866389
321	1157.81256338718
322	1181.6547367504
323	1160.7632932924
324	1110.07559459515
325	965.900865555344
326	1085.10719120202
327	1157.29009194667
328	1102.28701247987
329	1151.22768203069
330	998.759993368484
331	1084.20880962138
332	1065.55017622138
333	1081.89166422999
334	1078.32592605902
335	1095.89478882082
336	1093.95602065496
337	1097.79727220362
338	1078.25921899599
339	1049.39067758079
340	1025.48204888337
341	1193.70067045874
342	1077.21391531684
343	1102.22540189384
344	1019.31484084599
345	1087.77787518718
346	1073.27866985019
347	1127.14943069212
348	1071.43160339333
349	1173.30529305872
350	969.325854878767
351	1052.45046538004
352	1139.78239567607
353	1131.85668912735
354	1112.65437989847
355	1008.69613033042
356	1094.72034229305
357	1095.01958429377
358	1102.87690718814
359	1163.42118085661
360	1008.5128613617
361	1141.55042203925
362	1075.55452240496
363	1114.72104436511
364	1143.61731017378
365	1047.81272000856
366	1098.31066158135
367	1120.88405091983
368	1006.57609305256
369	1143.65987763501
370	1102.57085405425
371	1134.37271584676
372	1176.51344117655
373	1134.51027866538
374	1102.6634346415
375	1153.71786231785
376	1062.4745571599
377	1052.31973107307
378	1144.1242938668
379	1087.01900158753
380	1131.50311394675
381	1089.13241191406
382	1136.29151022696
383	1079.44545799722
384	1033.9198340462
385	1166.46795963333
386	1020.76043320074
387	1084.08762223133
388	1086.2101321481
389	1175.42327053689
390	1084.08586063715
391	990.935612958536
392	1112.56496990076
393	1170.87555250393
394	1095.84495349165
395	1138.37701944195
396	1069.06961237298
397	1105.95075362256
398	1128.64916958108
399	1167.39878701341
400	1075.79384281199
401	1035.04938732323
402	1132.68713095657
403	1052.36299830544
404	1116.93372202098
405	1086.31809211275
406	1029.82283073625
407	1259.92922238877
408	1102.87542380074
409	1169.3563712467
410	1087.18154624954
411	1167.13571267381
412	1083.53090261533
413	1060.3439570176
414	1082.66589929317
415	1084.05354053596
416	1058.16848060319
417	1032.76065747725
418	1146.26627329338
419	1013.45709992308
420	1134.59949446911
421	1056.57364454306
422	1127.98605611229
423	1089.28668059644
424	1056.20864780901
425	1095.13531117443
426	1107.90863015578
427	1101.52800625482
428	953.716672870249
429	1011.14337645148
430	1111.27977936946
431	1025.82644485763
432	1085.7936931742
433	1002.83880906917
434	1071.74919795521
435	1199.5193620088
436	1084.70688928625
437	1102.34659637596
438	1126.73191577932
439	1049.55959906303
440	1082.47096302728
441	1094.86608345332
442	1125.92977129627
443	1080.93927853559
444	1090.27173293833
445	1108.81326728377
446	1085.15335299655
447	1100.36121328888
448	1065.90380251285
449	1184.46348666676
450	1120.53039039691
451	1033.44212902242
452	1108.27347835151
453	1061.21880498072
454	992.608100431186
455	990.868840159368
456	1161.60647929407
457	1084.94598114855
458	1101.07691676438
459	1113.94171169189
460	1062.44888472837
461	1101.2755850083
462	1149.59988374845
463	1124.44841515055
464	1055.06102882262
465	1211.11833018091
466	1113.02762924174
467	1103.18674983984
468	1099.20174749053
469	1113.90804863456
470	1140.88166783309
471	1060.76427430741
472	1065.09966651601
473	1099.49502784442
474	1031.03224717206
475	1074.7585913673
476	1078.56194350446
477	1057.81822130877
478	1020.8774201578
479	1082.55557823613
480	1127.87030268184
481	1146.07238878335
482	1050.95777863056
483	1194.26648134336
484	1085.23563628674
485	1121.30867348011
486	1148.31979710788
487	1078.90598245614
488	1094.33182242646
489	1199.6155678432
490	1061.59744769307
491	1081.70887101329
492	1043.07595221594
493	1038.06738189505
494	1198.63640702869
495	1102.46574031357
496	1063.44125690285
497	1191.33288561857
498	1132.58561483802
499	1022.41300525186
500	1083.01943407523
501	1183.34942736063
502	1076.83362880957
503	983.239942908695
504	976.993291500708
505	1013.07096394238
506	1171.12394434378
507	1026.05566049186
508	1052.07840653952
509	1180.11129270796
510	1078.19227060807
511	1119.11996928675
512	1026.64908403809
513	1104.23087805298
514	1060.93655817196
515	1026.59618391954
516	1143.23609592991
517	1166.93852642304
518	1099.1343535195
519	1182.22280551877
520	1125.43977252458
521	1214.54660998835
522	1092.02186725392
523	1109.15539091919
524	1105.42651638746
525	1068.84980226742
526	1070.49565958135
527	1147.61522257371
528	1100.39295639831
529	1157.11059241664
530	985.609637713399
531	1129.63848789042
532	1102.92063208364
533	1090.74459930149
534	1144.42453536977
535	1170.31878227363
536	1029.96868301419
537	1227.00812931163
538	1044.17971457412
539	1116.25329906431
540	1031.31738561088
541	1024.00839107705
542	1059.58065254972
543	1089.89291915584
544	1047.56238006439
545	1032.59245250094
546	1121.05359974695
547	1111.00984914502
548	1112.45780920972
549	1079.80831403037
550	1018.67212468096
551	1052.23757974695
552	1154.44984682174
553	1166.44267869942
554	1141.38973532185
555	1066.49225823699
556	1128.63804584697
557	1151.27250658592
558	1125.63230492442
559	1057.8582467517
560	1092.51774439582
561	1177.50015112704
562	1069.75325426284
563	1051.1724904201
564	1147.78101207862
565	1078.22591981137
566	1206.55113395121
567	1094.83102787411
568	1097.38861381648
569	1133.72224283357
570	1129.53538471274
571	1134.70693706593
572	1041.80883816333
573	1007.94342492826
574	1114.42724500947
575	1061.66545416191
576	1106.8330215465
577	1141.13503427576
578	1062.04561744691
579	1122.46681573802
580	1090.15470331311
581	1062.73420695555
582	1057.27586658354
583	1136.31669452409
584	1042.89447068154
585	1131.11598230497
586	1072.78312673619
587	1035.01321220144
588	1062.38609872221
589	1139.54261837458
590	1097.03924396932
591	1107.20253021197
592	1094.27269518961
593	1096.48590955337
594	1088.62612301457
595	1195.50102849661
596	1018.96119610359
597	1140.16521539568
598	1111.51667870977
599	1122.57927545786
600	1025.16230955632
601	1180.29681424318
602	1108.36944301121
603	1010.20712519692
604	1091.53718452791
605	1137.91710908765
606	1173.59304959748
607	994.331095647507
608	1176.43373760607
609	1044.78019519724
610	1048.4554866507
611	1126.52262834693
612	1111.69474952654
613	1061.10207614643
614	1115.50967919835
615	1095.95795537943
616	1082.2809469138
617	984.515984151724
618	1161.38840351039
619	1085.73540342327
620	1146.83052832113
621	1111.37354402694
622	1117.09662436594
623	1114.43879686737
624	1149.105646283
625	1071.81905328755
626	1049.32709380682
627	1166.5935453299
628	1155.33349311574
629	1035.8264232518
630	1119.39033105207
631	1136.57605443293
632	1061.44542903156
633	1101.39382734538
634	1077.43693387364
635	1122.57010066541
636	1063.55625469353
637	1080.32235969195
638	1107.05907819874
639	1220.76067538396
640	1124.98857175791
641	1051.30089061925
642	1140.10345412886
643	1048.36914617514
644	1181.67014776658
645	1128.23226469231
646	1067.22526097885
647	1140.30497161914
648	1070.4081926695
649	1079.21748015238
650	1069.79422746099
651	1098.81343058686
652	1109.60093391723
653	1081.53736920922
654	1186.82034936365
655	1151.11947330221
656	1100.67949565289
657	1126.16622443363
658	1029.74347766288
659	1064.4938894502
660	1045.69644975585
661	1134.14492886041
662	1121.1016097966
663	1087.76525437553
664	1146.80986331047
665	1034.47775632637
666	1019.28729083715
667	1030.77237843519
668	1156.02098076825
669	1095.96834478476
670	1052.75634585014
671	1090.08908092299
672	1002.44893482754
673	1093.14953825102
674	1027.14841867552
675	1171.15051118575
676	1086.14865733779
677	1205.71984964285
678	1096.3300443431
679	1073.35081800197
680	1126.45744316743
681	1075.42579213608
682	1160.85335573569
683	1082.19361470515
684	1102.39935614226
685	1055.15160271569
686	1128.02737530984
687	1086.77034921117
688	1041.40525511351
689	1078.25025608485
690	1135.50642198526
691	1076.08083236503
692	1033.84247009953
693	1076.78944708658
694	1090.36755106126
695	1142.78849206736
696	1054.96567552331
697	1109.88077889609
698	1059.8071404251
699	1113.68553651171
700	1092.20553330145
701	1100.15931796026
702	1145.34442822679
703	1098.98718829402
704	1086.6585670375
705	1032.99298078409
706	1159.89861348205
707	1052.82194568622
708	1108.36572589139
709	1102.11799742007
710	1098.30761808444
711	1110.88082337518
712	1083.52317317247
713	1078.67001826117
714	1195.08347819966
715	1102.98118223831
716	1064.356296526
717	1129.11937425805
718	1154.96361774861
719	1072.25758792571
720	1193.65071261201
721	1106.14474799193
722	1146.88755195066
723	1137.67460969633
724	1081.90877607998
725	1166.8346505062
726	1031.01731806474
727	1059.3645717731
728	1033.48155525546
729	1112.11988126781
730	1081.5025210901
731	1128.77464251851
732	1200.6748895601
733	1145.95949132997
734	1066.88959928737
735	1093.46143602881
736	1119.24870613888
737	1128.20729585873
738	1150.64900502348
739	1029.24133823154
740	1102.31965605933
741	1012.91178007498
742	1185.97880479507
743	1107.38317582265
744	1105.55417658964
745	1126.76904909436
746	1173.32552446735
747	1043.75372122984
748	1102.24886834591
749	1103.99307912571
750	1086.28564950777
751	1162.85074878308
752	1144.73143482157
753	1083.33607321781
754	1156.08393839541
755	1125.17542399047
756	1201.59082268885
757	1137.36771201752
758	1141.07373333591
759	1027.24179071487
760	1111.58144107892
761	1058.6681768439
762	1175.53349992088
763	1064.90966890628
764	1120.44262133192
765	1155.64174172394
766	1065.54633241179
767	1164.30343934624
768	1127.51801406113
769	1155.88965961688
770	1057.56687091927
771	1139.63503511734
772	1145.83396908828
773	1100.11250107712
774	1124.20356756168
775	1094.36975701859
776	1153.16244875946
777	1066.20793575538
778	985.548497192469
779	1096.13675227994
780	1154.12705459269
781	1107.98237465839
782	1064.17285474757
783	1094.9731332508
784	1057.82033669799
785	1102.69709894791
786	1111.70762272401
787	1186.16088508039
788	1102.92443597738
789	1119.23830789758
790	1100.55821879345
791	1144.55716201999
792	1017.77072582339
793	1073.34065977365
794	1104.41802980768
795	1129.37522635302
796	1202.55369554421
797	1157.35100934417
798	1086.50902522756
799	1050.67124148218
800	1091.36336214319
801	1073.48705833873
802	1045.90551679402
803	1079.21801971203
804	1042.84184551912
805	1041.90083378896
806	1048.30442355486
807	1198.06025744695
808	1035.96667467364
809	1117.69253625662
810	1146.57915617144
811	1056.38650178367
812	1182.6433785013
813	1067.64100983858
814	1023.87809584326
815	1154.384197184
816	1093.42555135844
817	1094.70765905547
818	1114.78048160654
819	1123.46069498914
820	1141.37442083635
821	1087.679775686
822	1115.98247534524
823	1070.68608827939
824	1105.26159432996
825	1109.94962007233
826	1088.7064902508
827	1128.35524049429
828	1106.42979409728
829	1124.32554122682
830	1088.57546278204
831	987.280744289405
832	1062.11019146446
833	1104.93480095037
834	1038.7228598928
835	1044.24795511937
836	1119.19042353999
837	1079.87560176174
838	986.043026589625
839	1102.32779565688
840	1057.65348748035
841	1077.10121278117
842	1023.58097344278
843	986.131283022545
844	1144.97425364279
845	1131.523269142
846	1094.53842963224
847	1095.44310416755
848	1156.6929987576
849	1082.61988859347
850	1149.6654251076
851	1161.59007702155
852	1156.0117238021
853	1116.94161760123
854	1095.17956496698
855	1174.84511458449
856	1008.48173594667
857	1079.50315765476
858	1151.6317904286
859	1020.50573237674
860	1090.61327632285
861	1035.96219190982
862	1081.58236042476
863	1085.33953735432
864	1108.95611541246
865	1040.16618347987
866	1148.24768403045
867	1108.55149173093
868	1051.10879763288
869	980.12882542294
870	1076.38139040328
871	1019.8623687036
872	1234.71449289633
873	1091.43167996623
874	1129.77438210153
875	1056.84503091201
876	1102.98988024964
877	1069.48346085225
878	1108.69996728376
879	1128.75492523805
880	1066.75341867897
881	1134.02423698696
882	1152.10124946169
883	1070.71518745805
884	1109.70270571904
885	1079.0587383159
886	1121.65139184329
887	1118.68862638451
888	1113.3585576429
889	1103.35791543772
890	1063.56791774181
891	1158.41574748593
892	1147.7798689714
893	1027.81266572202
894	1044.1990975423
895	1138.60872588146
896	1089.62961876566
897	1071.87063202053
898	1077.94740420064
899	1076.27468632133
900	1040.3837920945
901	1107.05117702037
902	1144.41245442951
903	1071.98646549221
904	1135.71203423453
905	1090.56802988739
906	1094.27114280211
907	1136.29245336212
908	1116.13615047912
909	1126.46530846001
910	1149.98600688544
911	1131.99456714216
912	1111.67007450271
913	1058.1434250441
914	1043.91155368716
915	1083.63096009428
916	1031.63850548604
917	1068.05234105946
918	1201.396813246
919	1092.7451254766
920	1095.54542004412
921	1147.80743441001
922	940.744768255883
923	1056.94919652114
924	1099.43710935491
925	1119.63400577989
926	1156.9104185963
927	1100.11020360002
928	1070.12049978519
929	1115.14427508805
930	1055.02210573084
931	1085.73202206021
932	1107.24728890521
933	1134.02123323346
934	1081.22502758673
935	1070.41692989841
936	1030.55624060718
937	1137.77622865294
938	1128.57021547439
939	1141.17900379774
940	1151.51008977954
941	1083.85400511548
942	1152.79103897991
943	1083.98255511029
944	1143.51282700768
945	975.999928649307
946	1065.52441667578
947	1108.08426621089
948	1116.57718461734
949	1032.27212339493
950	1075.43010506992
951	1001.15855017316
952	1110.45648019371
953	1075.57245690005
954	1111.94643025373
955	1069.58364918651
956	1057.31744305687
957	1065.91190260714
958	1113.98887638358
959	1070.89663703157
960	1117.07866168404
961	932.472713773038
962	1039.00049863048
963	1044.69359396611
964	1074.17128121722
965	1139.21558305443
966	1129.63407702314
967	1077.61801713579
968	1121.43275180687
969	1130.82219145684
970	1024.6452530316
971	1084.48067455519
972	1078.14636066726
973	1159.25442465751
974	1076.76662054161
975	1126.58001151301
976	1081.63783231116
977	1084.64996492556
978	1134.46760797671
979	1086.60281837917
980	1066.06403365161
981	1172.69317650074
982	1017.47864716904
983	1022.62869359558
984	1017.70113849702
985	1081.90343449927
986	1078.57318148155
987	1022.58110632444
988	1111.6725880026
989	1088.52628901104
990	1072.90119963337
991	1026.82446195456
992	1135.62895082573
993	1096.72078768963
994	1065.22861194918
995	1082.44461400632
996	1004.29247753747
997	1128.26755990741
998	1066.2228122971
999	985.241889088381
1000	1056.27087264379
1001	1046.5906513641
1002	1148.41953179668
1003	1098.35716070318
1004	1081.35105181222
1005	1050.54285719071
1006	1183.58959502975
1007	1104.66088807049
1008	1143.20083598269
1009	1035.21419640783
1010	1058.25776996702
1011	1200.35635127561
1012	1103.19645381187
1013	1124.31839247891
1014	1126.82393368438
1015	1094.48842892383
1016	1105.62695788103
1017	1144.26225158626
1018	1091.83527183741
1019	1102.12304451605
1020	1050.04412287986
1021	1121.9813334724
1022	1021.68592807275
1023	1066.3082321852
1024	1101.75620551221
1025	1161.58634853167
1026	1022.35340545225
1027	1125.41290343075
1028	1092.97766731836
1029	1078.16154604962
1030	1101.78205904642
1031	1176.13688085018
1032	1067.01929556682
1033	1144.30760028981
1034	1206.25414967392
1035	1057.2466060171
1036	1073.17546542159
1037	1102.59958240059
1038	1117.03813155164
1039	1081.82497737424
1040	1094.56400301433
1041	1092.88019608986
1042	1068.00141508267
1043	1098.16900807601
1044	1147.69019680121
1045	1048.30883261169
1046	1083.90173314163
1047	1117.14952934147
1048	1085.65798776956
1049	1145.1409815984
1050	1017.81105991316
1051	1115.54173474441
1052	1067.44333002884
1053	997.987564685396
1054	1164.65371596983
1055	1039.99164885512
1056	1008.53690071785
1057	1102.37953649515
1058	1194.41201374094
1059	1097.24698717717
1060	1181.37643631845
1061	1094.41455739389
1062	1162.17195199343
1063	1145.52581370879
1064	1043.17984067957
1065	1067.99431278685
1066	1154.0444717974
1067	1091.15940688596
1068	1020.1901639148
1069	1106.33203891668
1070	1084.86849360341
1071	1167.06480279356
1072	1135.31389428451
1073	1120.03360157159
1074	1009.12352198046
1075	1128.14863476097
1076	1049.18219781909
1077	1097.39485318873
1078	1157.10914953102
1079	1089.86774649606
1080	1107.0020588648
1081	1068.30477809887
1082	1223.31759205
1083	1096.93372178095
1084	1140.29618392927
1085	1022.31520601373
1086	1090.55608910535
1087	1101.9157554436
1088	1106.40127266577
1089	1073.21437893076
1090	1041.28172211746
1091	1119.61454359007
1092	1114.51610888623
1093	1029.63063150447
1094	1084.46959065366
1095	1110.13026348776
1096	1110.14491895036
1097	1086.39201838473
1098	1157.97013040434
1099	1001.29368063133
1100	1074.58447044134
1101	1108.64080593318
1102	1010.00324271669
1103	1117.731740596
1104	1112.16890849721
1105	1041.18061045463
1106	1152.47245387362
1107	1111.45856493713
1108	1156.85620131638
1109	1069.12745228441
1110	1040.56423006288
1111	1122.00956894239
1112	1165.41137634612
1113	1118.77730855571
1114	1125.13781864344
1115	1058.66704867763
1116	1115.59180048707
1117	1077.1363009246
1118	1125.74295433319
1119	1106.47093663275
1120	1134.25730145823
1121	1156.46705862361
1122	1108.62896715367
1123	1104.85645510362
1124	1158.89806859531
1125	1097.82285218774
1126	1167.60777090838
1127	1004.56092221941
1128	1027.30988279749
1129	1010.95737256548
1130	1071.76880589539
1131	1118.43576510888
1132	1136.41103147919
1133	1109.54538138942
1134	1092.72086319657
1135	1090.77124917478
1136	1105.33902708787
1137	1130.51735778363
1138	1127.43773825072
1139	1164.56987777731
1140	1103.31981353982
1141	1121.62985069877
1142	1126.90111696688
1143	1098.86753953307
1144	1108.75290498135
1145	1071.94798313654
1146	1095.76521807077
1147	1045.20276397448
1148	1121.03086342047
1149	1048.3108835114
1150	1086.28701544235
1151	1122.5511959952
1152	1077.00446154927
1153	1103.69352492332
1154	1085.44752850538
1155	1099.75446449026
1156	1123.1473920386
1157	1078.47990994
1158	1111.96878614785
1159	1178.78954795731
1160	1125.47222993904
1161	1182.7248697652
1162	1165.20009078158
1163	1060.98040568807
1164	1018.25954041016
1165	1051.15572021337
1166	1102.57191103928
1167	1156.77664287943
1168	1121.91324471265
1169	1159.58959627931
1170	1158.74224994534
1171	1031.41877224501
1172	1155.50859687128
1173	1245.83759847948
1174	1164.08100480652
1175	1023.26218748665
1176	1101.47230172563
1177	1143.53272175552
1178	1054.61473659348
1179	1070.33849613003
1180	981.359690784767
1181	957.3061448122
1182	1109.5275039317
1183	1143.95253883455
1184	1060.15044484515
1185	1117.33885085394
1186	999.410130181295
1187	1004.51916192859
1188	1225.27352181497
1189	1156.8270212049
1190	1118.55213677918
1191	1007.28674866039
1192	1084.95194966313
1193	1107.25606560807
1194	1112.46935624684
1195	1045.54719382277
1196	1089.39088816432
1197	1140.59752572168
1198	1053.43996681723
1199	1055.44020407861
1200	1170.94485212784
1201	1082.73706518428
1202	1080.72989267308
1203	1011.26046993938
1204	1049.36423841107
1205	1113.63290152976
1206	1075.93253795462
1207	1054.98654274285
1208	1107.97540650557
1209	1093.5392578118
1210	1095.33236812165
1211	1097.79859066588
1212	1136.63856434035
1213	1083.04706186228
1214	1144.36194220434
1215	1065.21602013394
1216	1147.43677517327
1217	1035.32507993508
1218	978.961830838756
1219	1078.39264396973
1220	1077.48159006906
1221	1131.33669976393
1222	1108.41713947139
1223	1122.48339405744
1224	1100.30769620056
1225	1104.67666169562
1226	1106.7554732995
1227	1105.91918527804
1228	1033.68734356134
1229	1181.31091944891
1230	1118.54356548
1231	1040.24901847061
1232	1023.88976249594
1233	1006.21351983955
1234	1109.97803998284
1235	1115.91709957994
1236	1092.02966379942
1237	1180.14393162774
1238	1076.4710851223
1239	1180.23280602844
1240	1136.80126047972
1241	1049.11991628629
1242	1061.07489080841
1243	1112.43367479447
1244	1115.6594276628
1245	1202.41192591486
1246	1115.26469365492
1247	1103.12830705094
1248	1080.61247639612
1249	1114.22334325937
1250	1128.69570523138
1251	1138.85240859403
1252	1129.23888368145
1253	1092.36508348743
1254	1041.82983364293
1255	1093.29063652283
1256	1029.047427061
1257	1063.12352457484
1258	1129.76923878458
1259	1080.475259199
1260	1111.24490732105
1261	1022.24845344978
1262	1069.91541025932
1263	1115.78996541378
1264	1111.9592461238
1265	974.512599696643
1266	1126.5360754257
1267	1120.85243007162
1268	1096.03416244526
1269	1033.55530193621
1270	1150.17675612282
1271	1063.75075040227
1272	1040.91383142311
1273	1026.84980858359
1274	1117.3204165417
1275	1126.57190075753
1276	1133.26497628827
1277	1050.00764245811
1278	1146.28955192211
1279	1010.49292139668
1280	1023.63139806583
1281	1121.37163644491
1282	1160.15740724413
1283	959.319938200485
1284	1065.7434718073
1285	1211.64326720795
1286	1138.96955437543
1287	1164.94662907225
1288	1061.74174693781
1289	1161.33974362897
1290	1084.95298750537
1291	1041.00744611465
1292	1053.19419504631
1293	1072.84017262635
1294	1015.79615544362
1295	1060.24329495538
1296	1039.24332219281
1297	1020.23516684134
1298	1164.7498966256
1299	1059.93337471239
1300	976.915386024705
1301	1081.8075867357
1302	1039.70454548267
1303	1123.52044721135
1304	1089.11188578521
1305	1123.90705396957
1306	1177.62147746984
1307	1030.06114197653
1308	1127.99360176522
1309	1186.99951238204
1310	1092.20851539059
1311	1130.50041172539
1312	1166.31295988473
1313	1008.29381847246
1314	1059.00111500148
1315	1120.38889358016
1316	1110.08403785027
1317	1051.89302686985
1318	1083.5009074673
1319	1030.23462653249
1320	1057.32189602259
1321	1022.55948609234
1322	1170.8582117616
1323	1044.5233008449
1324	1107.86720927698
1325	1128.94622686531
1326	1142.43470029381
1327	1149.45713650692
1328	1157.64481576041
1329	1138.87391906317
1330	1082.19570241543
1331	1051.09134041134
1332	1040.79494466453
1333	1230.68395182776
1334	1099.9633738051
1335	1105.848010316
1336	1176.11275035984
1337	1067.05211795322
1338	1018.66641287909
1339	1079.28484563049
1340	975.757676401919
1341	1114.71092132984
1342	1162.17402402528
1343	1110.43454619031
1344	1016.48835423551
1345	1017.29804775597
1346	1020.5823069832
1347	1087.18023224382
1348	1149.89415772681
1349	973.104785583152
1350	1151.27853842406
1351	1110.08522832587
1352	1091.20975443028
1353	1022.03972116455
1354	1077.13027546446
1355	1059.88559237172
1356	1079.73783946025
1357	1179.9530126544
1358	1152.63871565329
1359	1175.02296928689
1360	1095.7318140316
1361	1070.5867183766
1362	1107.11360775692
1363	973.151540523324
1364	1041.19533179811
1365	1119.29447987291
1366	1081.18931688668
1367	1063.87663208582
1368	1054.11849245522
1369	1144.12471915191
1370	1174.76871619565
1371	1087.95920046066
1372	996.673782110097
1373	1183.0829824839
1374	1073.34018380158
1375	1113.05106225362
1376	1107.15051145932
1377	1072.08598913059
1378	1062.83166312518
1379	1072.5191952545
1380	1105.2812578157
1381	1070.67947640758
1382	1077.76277673405
1383	1111.33822823528
1384	1084.54636682929
1385	1155.9027301795
1386	1116.60098960305
1387	975.194115386229
1388	1060.33721798098
1389	1122.58686494289
1390	1066.5429887681
1391	1155.56342271712
1392	1089.55782930321
1393	1112.21626460865
1394	1125.64662780549
1395	1090.17336198707
1396	1092.74126828962
1397	1057.18977776715
1398	1032.99963689409
1399	950.659399668312
1400	1224.16124109206
1401	1081.81431680404
1402	1111.57528095068
1403	1105.19927743226
1404	1128.96192445126
1405	1108.4994838233
1406	1133.79676357033
1407	1139.67139988869
1408	1200.3472752468
1409	1118.97386589537
1410	1086.46555892579
1411	1062.43355445822
1412	1058.25374252374
1413	1173.39878045011
1414	1212.98417593709
1415	1046.02736382491
1416	1139.71561414829
1417	1050.01365191138
1418	1084.0149530433
1419	1054.93373771807
1420	1052.76557015026
1421	1073.94803727441
1422	1119.19741472816
1423	1115.86451742295
1424	1079.11140440031
1425	1026.22415953698
1426	1083.05721826237
1427	1088.03368706654
1428	992.545503256069
1429	1089.64993790533
1430	1208.71708990707
1431	1160.17050889863
1432	1096.31653686361
1433	1021.67631568813
1434	1051.51087208087
1435	1091.66571602763
1436	1086.16684817633
1437	1097.35181743395
1438	1149.39225366805
1439	1059.26298798498
1440	1055.31955656848
1441	1022.18311397359
1442	1157.98105815003
1443	1132.88572155893
1444	1062.37601423225
1445	1201.13561313284
1446	1109.89904040245
1447	1143.1501227934
1448	1088.47001930997
1449	1130.54648808291
1450	1059.72613595981
1451	1078.44691428231
1452	1010.10685516683
1453	1162.07297323054
1454	1134.55666322472
1455	1108.98400229943
1456	1041.42564080863
1457	1067.16354675187
1458	1015.71611362679
1459	1031.15120009963
1460	1110.81201735131
1461	1185.1419639362
1462	1118.52464306204
1463	1146.0313333643
1464	1124.25194351528
1465	1131.3094820256
1466	1119.66411982793
1467	1152.58421650961
1468	1106.10625401548
1469	1079.91195087614
1470	1148.61846655496
1471	1018.04590767752
1472	1066.56276522595
1473	1088.88617339553
1474	1027.58764870354
1475	1055.03006167305
1476	1177.44352477287
1477	1062.35257415401
1478	1156.60567432553
1479	1106.71667733385
1480	1183.42074783081
1481	1091.92611266841
1482	1212.89985046131
1483	1143.24545531387
1484	1148.74498090274
1485	1053.41667637557
1486	1021.51726658623
1487	1053.30347632582
1488	1080.18459653992
1489	1055.82346411964
1490	1184.06254561004
1491	1018.9487211108
1492	1075.79214714489
1493	1159.84952007925
1494	1021.70050897512
1495	1120.0608135687
1496	1251.2127276633
1497	1122.78543516716
1498	1108.93249880634
1499	1067.35303297146
1500	1087.71577652933
1501	1094.62067252421
1502	1081.26292756026
1503	1102.36292841527
1504	1098.13324537896
1505	1184.76237637386
1506	1119.52439943253
1507	1019.78159981099
1508	1189.36417635002
1509	1092.05451122942
1510	1096.59295970385
1511	1145.85822919236
1512	1044.36918696124
1513	1140.07793632069
1514	1082.12526967456
1515	1096.51434591055
1516	1168.44675506199
1517	1128.80309003188
1518	1020.41367520048
1519	1108.3342912667
1520	1115.74521515859
1521	1193.47019714268
1522	1021.83053768546
1523	1104.71314840799
1524	1131.66920535448
1525	1130.69108225107
1526	1124.30742157705
1527	1114.2727391247
1528	1088.52406572841
1529	1103.6425438092
1530	1114.81688611097
1531	1017.13370479882
1532	1075.63368952983
1533	1086.16649255185
1534	1159.83814385097
1535	1139.21567039242
1536	1112.54417113991
1537	1115.58312612511
1538	1076.5875605018
1539	1087.63097996765
1540	1098.90610376849
1541	1159.90726969065
1542	1073.71582098082
1543	1084.08734313797
1544	1052.4851522302
1545	1059.97929768606
1546	1085.29392489676
1547	1047.66635591132
1548	1026.48130234289
1549	1051.66480504272
1550	1020.59873792521
1551	1053.96653372014
1552	1125.20951075787
1553	1099.47076684392
1554	1169.01383506413
1555	1142.76695058178
1556	1046.33152189591
1557	1059.03396503799
1558	1127.90029975167
1559	1188.01297869297
1560	1039.08028749872
1561	1178.0522785817
1562	1102.03695866949
1563	1068.9954611176
1564	1120.65592023317
1565	1148.34404387074
1566	1088.38551360631
1567	1106.04741590651
1568	1088.25951059713
1569	1093.46126306117
1570	1128.97959098923
1571	1042.26002963055
1572	1128.16860795952
1573	1118.07738466418
1574	1167.82501489345
1575	1178.85744883782
1576	1091.62924280182
1577	1107.57603807334
1578	1056.32914935981
1579	1207.47221902401
1580	1065.36226334795
1581	1102.85370295524
1582	1145.90606640524
1583	1131.32340007271
1584	1137.57174256643
1585	1086.43068078307
1586	1130.70921994731
1587	1053.14963840996
1588	1119.33448728785
1589	1082.62397078219
1590	1006.29122609856
1591	1155.75475025002
1592	1109.2586614392
1593	1101.60398119229
1594	1115.26301063404
1595	1155.87870864972
1596	1028.39895761299
1597	1093.93987912051
1598	1155.67866256233
1599	1010.69806763
1600	1058.44688692403
1601	1132.46428568283
1602	1062.41182426934
1603	1004.27192792106
1604	1148.00374694311
1605	1056.58179513032
1606	1054.2755072592
1607	1149.78214042498
1608	1163.22620627148
1609	1177.53166353117
1610	1091.38917714964
1611	1080.60953494614
1612	1099.41793688261
1613	1020.06532859781
1614	1042.75759182808
1615	1049.09371734076
1616	1041.08647098516
1617	1116.00395128053
1618	1153.44585365486
1619	1153.27950862091
1620	1074.44953629598
1621	1070.78257245263
1622	1237.362720519
1623	1150.29551965457
1624	1086.06078731929
1625	1114.440790649
1626	1260.29457357595
1627	1061.82925019068
1628	1044.7632932904
1629	1038.8866591913
1630	1096.31339726211
1631	1079.76359420991
1632	1135.70624213426
1633	1056.95399914462
1634	998.293270967024
1635	1135.35537495968
1636	1110.04574070337
1637	1080.66262580448
1638	974.615590707266
1639	1090.44792060334
1640	1117.0785769719
1641	994.022021607551
1642	1085.02482999336
1643	1112.17999856632
1644	1139.10289551216
1645	1181.61866967218
1646	1003.80390484967
1647	1106.65586546536
1648	1167.96201095886
1649	1188.90633041658
1650	1091.39885957481
1651	1056.42206686852
1652	1140.37096710273
1653	1098.59583996387
1654	1054.79471954845
1655	1019.4782329156
1656	1017.65184801819
1657	1143.91251707554
1658	1163.67534152855
1659	1080.43777894882
1660	1045.44919482579
1661	1053.06145085876
1662	947.665761446106
1663	1040.18314492042
1664	1072.67585741293
1665	1061.40556080053
1666	1084.18597005714
1667	1124.81301993584
1668	1131.76390817923
1669	1117.34224867058
1670	1060.40419136486
1671	1119.09433829391
1672	1082.15204961358
1673	1078.83734939439
1674	1114.78619526405
1675	1141.6807074308
1676	1110.84675493131
1677	1145.28386992218
1678	1029.89085711117
1679	1081.49399651764
1680	1140.52917237922
1681	1103.27539849072
1682	1072.74350076208
1683	1243.63962423767
1684	1103.1259954631
1685	989.652081357422
1686	1177.48383407024
1687	950.422391222898
1688	1147.64250477179
1689	1159.98634903656
1690	1107.98081046602
1691	1038.91507508233
1692	1095.02664480547
1693	1102.67710992816
1694	1026.16239253917
1695	1180.59690345481
1696	1083.38380492511
1697	1142.38099073658
1698	1114.62489824623
1699	1149.44257180455
1700	1109.95722892637
1701	1100.06335494399
1702	1054.02818172588
1703	1096.82182558399
1704	1018.04104417986
1705	1050.97963644499
1706	1076.15980574779
1707	1104.3372281649
1708	1168.41742645445
1709	1140.82273228985
1710	1043.00161878272
1711	1074.1703682431
1712	1126.17899253165
1713	981.595160109754
1714	1074.20650131923
1715	1100.76582221222
1716	1029.07940948072
1717	1126.57229767372
1718	1094.1855195237
1719	1108.30885737268
1720	1125.25779090474
1721	1152.57537106929
1722	1152.30388149476
1723	1062.98905507534
1724	1036.68531417259
1725	1085.68147341864
1726	1116.1496070129
1727	1073.74298799178
1728	1013.25961204329
1729	1044.93650055225
1730	1102.34429137035
1731	1059.54051237
1732	1132.54332489189
1733	1196.7207329693
1734	1118.3288034351
1735	1098.74790778199
1736	1086.64967999673
1737	1128.03201585684
1738	1222.55787471084
1739	1110.35407073474
1740	1113.23951202294
1741	1087.83411294694
1742	1184.18658653613
1743	1155.6274257575
1744	1158.37877789334
1745	1148.59455952741
1746	1123.76654439094
1747	1152.12152439968
1748	1108.71766909163
1749	1084.77261819892
1750	1024.59693740108
1751	1133.51996821517
1752	1098.73044095
1753	1126.75635672897
1754	1130.26064364643
1755	1157.76142994106
1756	1137.62633621817
1757	1146.64984795851
1758	1108.10698358868
1759	1102.45336617291
1760	1136.79550915257
1761	982.924329730415
1762	1070.67276949231
1763	1077.52473430929
1764	1065.14162958382
1765	1165.59650782077
1766	1109.58838164096
1767	967.62961209961
1768	1138.19400542285
1769	1102.54263997089
1770	1139.65238837953
1771	1132.1640933226
1772	1098.83076482525
1773	1147.130699714
1774	1076.76128543724
1775	1149.48384932138
1776	1129.27049693748
1777	1113.50619431867
1778	1090.69831529962
1779	1224.12475731791
1780	1129.92508694626
1781	1029.94273336861
1782	1087.62142848904
1783	1189.061699953
1784	1100.51270836139
1785	1085.52396511787
1786	1061.97136329444
1787	1083.9181925454
1788	1061.67968423106
1789	1190.46288921892
1790	1124.52436324112
1791	1071.47764917451
1792	1189.86744674155
1793	1036.99714649549
1794	1152.85024541269
1795	1076.58346553037
1796	1073.59690080726
1797	1059.98036078606
1798	1097.02557853808
1799	1102.98375071517
1800	1096.85903199107
1801	1081.93378450654
1802	1123.9954272881
1803	1024.93316345902
1804	1004.23494361379
1805	1134.23444429878
1806	1110.09451088619
1807	1169.70804244906
1808	1132.31785677873
1809	1108.50998468253
1810	1085.4930197426
1811	1128.99521458063
1812	1091.04499625243
1813	1090.04343005469
1814	1072.68359198809
1815	1152.91687724884
1816	1102.60460829697
1817	1035.76765932354
1818	1112.70549688254
1819	1034.83431811542
1820	1076.77162460781
1821	1103.78190321016
1822	1142.19156863759
1823	1058.96232103667
1824	1051.16799581937
1825	1183.82068287767
1826	1125.42646102177
1827	1100.97239624202
1828	1092.8238668501
1829	1100.59006063833
1830	1136.83704574827
1831	1176.77056404305
1832	1062.8383156508
1833	1152.87147543287
1834	1070.19017403357
1835	1088.14552767518
1836	1048.581108873
1837	1143.26800068667
1838	1152.61147810883
1839	1162.90708629748
1840	1110.14305361273
1841	1059.1465297
1842	1073.00049253999
1843	1107.65523922855
1844	1075.239543919
1845	1101.73317729997
1846	1044.87099680269
1847	1199.17768087637
1848	1176.05974965575
1849	1083.18730301037
1850	1081.98627530021
1851	1099.35305239284
1852	1100.23868930022
1853	1121.72422824998
1854	1073.21875274056
1855	1000.94761079721
1856	1147.14535813118
1857	1129.94019271943
1858	1054.49420089908
1859	1122.96829638314
1860	1126.12013479706
1861	1005.10228167333
1862	1205.08030966458
1863	1096.09054782026
1864	1061.24189067695
1865	994.447813936604
1866	1089.88780998613
1867	1119.06422340767
1868	1097.1197540895
1869	1108.30578086127
1870	1092.75305914037
1871	1054.41769833835
1872	1167.25976358019
1873	1104.24908631477
1874	1129.22917979988
1875	1098.72940144094
1876	1150.08569133433
1877	1002.53368463217
1878	1084.59907957122
1879	1168.17478741678
1880	981.993286776571
1881	1078.23579953191
1882	993.567886548441
1883	1060.25414550067
1884	968.260850282114
1885	1045.59470591395
1886	1048.90782498918
1887	1096.97019610956
1888	1156.16191255792
1889	1070.62316672869
1890	1157.95218854974
1891	1063.88559714858
1892	1056.19123357461
1893	1084.34087229931
1894	1179.81606364393
1895	1130.83957932393
1896	1110.01006017175
1897	1107.07629480726
1898	1102.42573281945
1899	1050.31253420907
1900	1040.33296013852
1901	1068.96910395943
1902	1154.75055516915
1903	1043.99269794081
1904	1047.35612751373
1905	1040.99236476679
1906	978.851704859749
1907	1091.34239798953
1908	1092.15804239368
1909	1158.52487520107
1910	1065.71128482738
1911	1145.69578849628
1912	1124.47077139487
1913	1074.94134365057
1914	1052.43847888114
1915	1111.03690941071
1916	1020.36657952028
1917	1037.90838230374
1918	1223.30544113304
1919	1094.28526353851
1920	1125.82629770194
1921	994.51894272478
1922	1088.64462454726
1923	1114.009223522
1924	1065.57227868306
1925	1179.4423717723
1926	1147.71740741895
1927	1165.9118490022
1928	1186.53205743734
1929	1147.48114785665
1930	1184.88465811821
1931	1081.58857979579
1932	1085.03073484982
1933	1063.50398163032
1934	1070.06869706507
1935	1036.35234378863
1936	958.262998477605
1937	1142.32020650292
1938	986.084716890609
1939	1078.80011190426
1940	1060.27553057199
1941	1168.56776812818
1942	1078.06768468413
1943	1053.13383859294
1944	1060.9010161829
1945	1130.23289340309
1946	1091.55233610397
1947	1069.67344051992
1948	1197.7119316193
1949	1121.65766609856
1950	1144.57412800506
1951	1116.02797096785
1952	1093.95270314592
1953	1035.20880395876
1954	1085.33911250078
1955	1062.4376383781
1956	989.224564272161
1957	1071.64518040622
1958	1169.05912965225
1959	1052.46502323614
1960	1115.52720735267
1961	1150.97540677989
1962	1044.49843159455
1963	1110.53100886448
1964	1127.89922061187
1965	1178.09171076382
1966	1045.06324429398
1967	1086.40364366175
1968	1147.300419298
1969	1087.10877848041
1970	1101.18054955912
1971	1070.44157240868
1972	1093.82905424878
1973	1040.62476708219
1974	1091.36378954197
1975	1074.68093429219
1976	1146.85492206217
1977	1065.26013824534
1978	1173.04609380058
1979	1160.84636025583
1980	1187.37470733528
1981	1059.1136751673
1982	1125.15072043679
1983	1083.16087800241
1984	1139.80538033887
1985	1048.47907760641
1986	1134.936388018
1987	1115.941461625
1988	1124.29876469385
1989	1088.62569518209
1990	1069.26095061129
1991	1108.29136820539
1992	1143.25907473431
1993	1011.0569287355
1994	1077.16620353613
1995	1059.28849790227
1996	1079.73954250404
1997	1120.02385893486
1998	1102.65166439032
1999	1005.49367595707
2000	1182.38275299495
2001	1128.54523153376
2002	1131.90212959883
2003	1143.08847252566
2004	1030.27648813591
2005	1135.62052002767
2006	1061.57971678607
2007	1110.85483616403
2008	1097.11693461136
2009	1084.5972629225
2010	1122.54940284505
2011	1054.57897624284
2012	1084.89112569442
2013	1076.18965594148
2014	1084.58674841345
2015	1064.11448637848
2016	1093.27551307937
2017	1139.36704814496
2018	1114.77297534599
2019	1074.82155430336
2020	1171.08056372927
2021	1107.11060780732
2022	1110.48480147076
2023	1088.0539405019
2024	1105.26878840086
2025	1058.14748791712
2026	1129.19028290931
2027	1157.05220044259
2028	1137.78342046171
2029	1186.62740942592
2030	1090.4002583369
2031	1094.11787469414
2032	1142.57968366365
2033	1155.5920999576
2034	1100.79915582312
2035	1201.32500200647
2036	1102.46473130393
2037	1042.21614684472
2038	1148.64832965554
2039	1089.66630614082
2040	1077.68458571513
2041	1135.71414434707
2042	1023.45850271929
2043	1057.26535604657
2044	1059.29400868385
2045	1095.46562334436
2046	1010.574125168
2047	1072.5831381182
2048	1205.64107225456
2049	1002.78065991621
2050	1110.82761528434
2051	1072.53104147399
2052	1075.49095503692
2053	1086.1028395574
2054	1184.56903715631
2055	1065.62900282475
2056	1190.31335963823
2057	1158.62049640299
2058	1133.19167777593
2059	1094.7529204783
2060	1062.70742599298
2061	1144.30237732722
2062	1055.62650397768
2063	1123.81208756516
2064	1070.92946311949
2065	1037.16175271138
2066	1140.08409508613
2067	1162.93532449831
2068	1127.36263724995
2069	1108.37215547495
2070	1031.78737017567
2071	1004.55703094502
2072	1132.50893222141
2073	1166.86917278622
2074	1107.72144072086
2075	975.660720076958
2076	1163.31169925202
2077	1103.56525908088
2078	1107.78779421779
2079	1196.19916694759
2080	1074.02876732639
2081	1051.71059202244
2082	1094.44504274181
2083	1071.53109887302
2084	1112.21227273921
2085	1039.05833015059
2086	1136.41364325098
2087	1033.59979560171
2088	1061.70946920485
2089	1129.78060081241
2090	996.721736060903
2091	1093.44672420297
2092	1114.35808770824
2093	1108.41821845566
2094	1085.30899671119
2095	1102.32524413953
2096	1077.23479686895
2097	1071.44963896751
2098	1097.06109342443
2099	1096.23311777418
2100	1096.21636887189
2101	1134.20156065606
2102	1081.04903565838
2103	1068.95827521992
2104	1119.17759829016
2105	1111.41732265293
2106	1133.12312449817
2107	1113.45164468487
2108	1092.92936958897
2109	1111.56789942912
2110	1108.11591672254
2111	1128.75226123522
2112	1007.66666721206
2113	1108.1355466487
2114	1156.85593770786
2115	1137.44533530685
2116	1077.48163426857
2117	1139.63154896377
2118	1133.4291457604
2119	1088.45056614004
2120	1104.1734200809
2121	1093.15788568582
2122	1253.98292276831
2123	1116.19774332249
2124	1066.21284314484
2125	1078.62227727164
2126	1172.82407104069
2127	1104.89639519387
2128	1041.03404504805
2129	1106.20566271482
2130	1108.77216566609
2131	1033.58883897342
2132	1083.77744305338
2133	1134.29939657375
2134	1085.14979538265
2135	1081.74042784381
2136	1061.66594173649
2137	1165.51602021137
2138	1239.64444897325
2139	1090.98028262994
2140	1091.4111438645
2141	1097.43348967466
2142	1243.08913815935
2143	1167.08958555392
2144	1055.791223244
2145	1088.39469816324
2146	1066.28172794536
2147	1088.24717241284
2148	1012.159189112
2149	1061.95723251054
2150	1138.01456245069
2151	1147.70363931667
2152	1081.68570202906
2153	1104.21400088162
2154	1119.87565055495
2155	1105.71323253632
2156	1203.31795124588
2157	1102.37210876949
2158	1106.41380040824
2159	1182.93539864156
2160	1080.3815265324
2161	1115.36148120557
2162	1122.93645071305
2163	1154.12378437363
2164	1077.62265576082
2165	1109.12551308754
2166	1095.36336388696
2167	1062.63820498896
2168	1165.21877802397
2169	1094.46558402385
2170	1057.97834874508
2171	1213.25995919795
2172	1159.14398839807
2173	1127.05399709953
2174	1077.92453775547
2175	1188.45957913889
2176	1181.80721854949
2177	1097.39803050901
2178	1063.79310332606
2179	1092.34943411218
2180	1121.90200838202
2181	1084.95119841244
2182	1100.09401732765
2183	1146.45517696829
2184	1052.58611778003
2185	1121.27909063304
2186	1100.69773665772
2187	1123.89527382061
2188	1078.84690169902
2189	1197.48400592335
2190	1059.48205863307
2191	1115.88578128645
2192	1020.82164334903
2193	1059.85475042845
2194	999.612986679239
2195	1135.74227266644
2196	1054.53402059247
2197	1055.17763028832
2198	1158.00866281942
2199	1114.38574991142
2200	1071.78146235876
2201	1016.22157526547
2202	1084.82825728438
2203	1150.32181064002
2204	1064.86795282053
2205	988.800868767441
2206	1030.48618358487
2207	1036.21785520791
2208	1094.43141159374
2209	1128.94145519124
2210	1128.44751102441
2211	1073.46748123623
2212	1084.71201661983
2213	1104.51094754465
2214	1079.67263528917
2215	1140.5058452919
2216	1168.56383056814
2217	1171.66438464925
2218	1094.62188884542
2219	1176.44807918635
2220	1065.29944315451
2221	1100.33926597034
2222	1065.05519987563
2223	1009.50319015344
2224	1058.29148881765
2225	1023.21474439513
2226	1075.15376280955
2227	1058.94550257928
2228	1094.66202498473
2229	1118.83853234058
2230	998.51708290764
2231	1152.62016176734
2232	1118.57340642915
2233	1086.11385764405
2234	1098.08893605454
2235	1081.05027391017
2236	1107.01547075232
2237	1074.15828371696
2238	1056.87354219198
2239	1192.27189150052
2240	1148.63830070028
2241	1171.42217404284
2242	1102.74484712516
2243	992.606363256597
2244	1104.67965549404
2245	1172.42039541224
2246	1048.36505586155
2247	1147.30493245319
2248	1098.1654732694
2249	1098.17886442998
2250	1114.04117397581
2251	1120.98747962243
2252	1051.08328320428
2253	1021.27505700564
2254	1089.55976309859
2255	1086.12379103237
2256	1043.29845724185
2257	969.409365348219
2258	1093.0314169283
2259	1073.65433925033
2260	1042.9691837004
2261	1076.27144553627
2262	1082.03135841608
2263	1012.64902288055
2264	1208.07238608162
2265	1180.58114420463
2266	1118.08337801937
2267	1045.34435524518
2268	1060.2561316723
2269	1009.23579373389
2270	1099.3109154426
2271	1136.62533789962
2272	1058.90078800653
2273	980.807336065211
2274	1172.01799582736
2275	1020.73212814535
2276	1138.07069964541
2277	1030.18583981986
2278	1064.74575728105
2279	1075.24897228313
2280	1094.09654537918
2281	1065.55620003122
2282	1046.67556061617
2283	1139.42958711691
2284	1188.77602560325
2285	997.600478813161
2286	1111.57107591725
2287	1094.0032331169
2288	1069.90552180346
2289	997.81174642241
2290	1072.04000266558
2291	1122.40303131982
2292	1202.72972285485
2293	1063.4467765729
2294	1067.22571238321
2295	1141.33587613046
2296	1021.90344220715
2297	1065.58948525675
2298	1115.14248123339
2299	1159.17620462148
2300	1131.4103514425
2301	1092.02498389368
2302	1056.84355060196
2303	1149.3181192566
2304	1086.13536539708
2305	1064.49114944364
2306	1119.15029423077
2307	1161.66906026646
2308	1097.07537939779
2309	1138.08096546012
2310	1039.82593067471
2311	1120.76339388467
2312	1098.1348096572
2313	1123.05857577505
2314	1044.31326853833
2315	1033.21284807641
2316	1062.44315884527
2317	1189.55906178995
2318	1127.93922718194
2319	1114.83416063622
2320	1064.985150584
2321	1022.05009003343
2322	1088.67121983878
2323	1157.35568996634
2324	1018.24925274082
2325	1179.15929908032
2326	1084.95207766444
2327	1068.48884090915
2328	1015.37581854918
2329	1199.70129286365
2330	1040.3486282693
2331	1086.81193561248
2332	1056.33204709755
2333	1067.69692708479
2334	1149.31718660489
2335	1152.07616566625
2336	1033.08119495664
2337	1077.80630389302
2338	1063.54830014159
2339	1112.93392284952
2340	1035.00468081537
2341	1006.32761022718
2342	1048.28772636177
2343	1134.77482637113
2344	1132.26066715681
2345	1127.0635939828
2346	1055.69646735852
2347	1124.99102698203
2348	1104.72632065424
2349	1122.44847610968
2350	1006.14711772311
2351	1056.70107423735
2352	1044.32635604279
2353	993.239398041279
2354	1074.93078561186
2355	1116.16314391611
2356	1102.77827480311
2357	1015.47443361105
2358	1093.14534876161
2359	1027.08268918962
2360	1163.07022273059
2361	1065.64380777041
2362	1143.02280047073
2363	1044.58756028589
2364	1048.23703265957
2365	1101.32377333574
2366	1041.85153283598
2367	946.432210692138
2368	1100.73186601439
2369	1103.00984305361
2370	1085.64853422137
2371	1104.89749933981
2372	1063.81199221573
2373	1020.69967305765
2374	1033.32532075864
2375	1071.75718482993
2376	1148.85780675465
2377	1175.83589289491
2378	1247.16795338235
2379	1086.16823978871
2380	1087.46803422104
2381	964.161305091167
2382	1087.30191307824
2383	1104.38155335138
2384	1098.42006886399
2385	1075.33092551402
2386	1177.81274938319
2387	1047.29727272386
2388	1047.225892287
2389	1074.91728542334
2390	1008.82068471662
2391	1144.93633191945
2392	1176.3980932124
2393	1104.50516039806
2394	1096.22676773345
2395	1023.13117209087
2396	1151.91649993957
2397	1038.9022132441
2398	1051.72946954375
2399	1034.64350057097
2400	1066.89545030189
2401	1146.84642311086
2402	1123.91239117739
2403	1054.83071754549
2404	1157.46418121475
2405	1046.11920927426
2406	1138.46957958124
2407	1039.62757434581
2408	1003.75978931105
2409	1182.78251037321
2410	1045.3945072261
2411	1098.03597598596
2412	1097.05719653947
2413	1165.10047703778
2414	1127.93113102407
2415	1100.26670463189
2416	1213.78942034746
2417	1267.64296146287
2418	1120.3960916367
2419	1126.66234639558
2420	1203.40399906717
2421	1113.65265036634
2422	1165.65373081757
2423	1082.66821564884
2424	1132.61924846367
2425	1113.120247346
2426	1095.95466296987
2427	1135.18920900799
2428	1180.44460873998
2429	1042.30856272345
2430	1109.13766015296
2431	1078.14401069333
2432	997.347322177205
2433	1109.40866998758
2434	1167.36228238312
2435	1076.67670557651
2436	1093.14285657631
2437	1108.89064994753
2438	1063.39233128802
2439	1173.9596584269
2440	1060.68356013344
2441	1123.49699238336
2442	983.499310929838
2443	1106.45862704415
2444	1058.18681897759
2445	1194.27523266232
2446	1134.32532295899
2447	1106.33685073142
2448	1164.01067966085
2449	1090.03817676148
2450	1123.70129857962
2451	1066.0505483106
2452	1122.04491978066
2453	1149.18413123309
2454	1128.87553878725
2455	1078.18136945504
2456	1168.71183732221
2457	1058.22993294844
2458	1085.63368824878
2459	1079.23892213387
2460	1046.25696862729
2461	1044.97401277246
2462	1119.02680571202
2463	1128.68305662559
2464	1073.2081054058
2465	1100.17976353201
2466	1122.64016397937
2467	1028.98699375767
2468	1090.03590207006
2469	1097.29783073504
2470	1114.31422415832
2471	1073.48796901601
2472	1121.52239081715
2473	1098.59223294521
2474	1037.61490280099
2475	1053.2709652746
2476	1081.07359147335
2477	1102.41197653304
2478	1015.70182024618
2479	1063.02557253542
2480	1109.16241942822
2481	1112.37522649163
2482	1170.95095248424
2483	1102.82304037648
2484	1121.95416739472
2485	996.967218974033
2486	1154.2789262648
2487	1032.04364348436
2488	1142.3004576625
2489	1071.569250754
2490	1039.5822446912
2491	1152.47897894358
2492	1103.08107406165
2493	1068.25250127186
2494	1109.76538680345
2495	1071.82084362897
2496	1110.26626268507
2497	1118.08995743353
2498	1202.04209657035
2499	1147.16508634501
2500	1104.56049793913
2501	1042.88212080983
2502	1086.63012870684
2503	1074.9241230686
2504	1129.12729310783
2505	1060.20673515049
2506	1116.3549249137
2507	1024.78689251089
2508	1111.65836423851
2509	1027.44488034774
2510	1134.56718904127
2511	944.273811232291
2512	1204.82365671674
2513	1133.55823307575
2514	1049.5713602374
2515	1034.82294677877
2516	1008.97739030757
2517	1004.62429066352
2518	1114.89397182416
2519	1067.7561914754
2520	1082.92512736936
2521	1067.28726422082
2522	1096.64473784077
2523	1085.88673324799
2524	1143.83812504537
2525	1079.3093062463
2526	1053.8623057755
2527	1063.44582053354
2528	1081.6393437331
2529	1112.56115018417
2530	1051.22842204033
2531	1085.91185921533
2532	1111.55572107253
2533	1099.25560330721
2534	1137.94896904095
2535	1065.29911859108
2536	1111.42269588291
2537	1050.70231892908
2538	1118.77954796295
2539	1139.79016498271
2540	1067.93068602103
2541	1170.55977763247
2542	1022.98487503209
2543	1134.02785211142
2544	1147.82189248121
2545	1049.59149407173
2546	1066.86038956191
2547	1106.75115629755
2548	1044.90130146661
2549	1079.64339697888
2550	1047.66359030706
2551	1178.04840945335
2552	1042.66890011167
2553	1057.77377100523
2554	1046.14649091476
2555	1049.78074314719
2556	1127.17862302673
2557	1044.67492763201
2558	1039.8485252695
2559	1088.27330907995
2560	1160.26021100662
2561	998.138654307402
2562	1078.4919435609
2563	1139.35124091884
2564	1112.01311156792
2565	1054.16344818471
2566	1163.03530520626
2567	1211.66779203816
2568	1154.63613597047
2569	1118.77789295162
2570	1074.41689038076
2571	1056.99884117103
2572	1046.05799391104
2573	1134.30811202668
2574	1102.26536462068
2575	1063.91293735894
2576	1177.53446309712
2577	1131.97199223864
2578	1093.03152007669
2579	1018.51227514537
2580	1050.14424304743
2581	1078.91469266858
2582	949.001062467268
2583	1189.69990196128
2584	1111.56448032052
2585	1096.21027506772
2586	1068.50446737989
2587	1031.7227728725
2588	1161.10900804361
2589	1151.30297472319
2590	1051.33289964953
2591	1092.69029751279
2592	1093.61309890133
2593	1070.45335330057
2594	1154.90665905305
2595	1108.66650178255
2596	1173.34899889885
2597	1087.56500817764
2598	1112.69723844713
2599	1118.64635132519
2600	1016.65809219417
2601	1063.56911447738
2602	1086.96795795044
2603	1164.97374346442
2604	1075.25536979913
2605	1117.72213613708
2606	1094.4082237749
2607	1076.3217444967
2608	1096.86412289215
2609	1141.95797097372
2610	1068.34906295788
2611	1185.91796936749
2612	1078.16151641761
2613	1068.28945942286
2614	1082.42324241108
2615	1092.454893714
2616	1130.31964551357
2617	1158.55574605672
2618	1141.54140535886
2619	1120.58587978338
2620	1075.37376010054
2621	1082.43043327863
2622	1099.5373562697
2623	1066.52608876309
2624	1032.94298386074
2625	1070.86183761861
2626	1057.99966700535
2627	1059.66057121985
2628	1116.1764402313
2629	1068.114995791
2630	1130.27775657682
2631	1055.55086126369
2632	1107.67749170952
2633	1030.27264210414
2634	1093.11383405867
2635	1090.41816967622
2636	1146.8646383758
2637	1154.54018390546
2638	1104.10485772965
2639	1168.89539889975
2640	1157.37101841589
2641	1092.21715887612
2642	1112.62971958724
2643	1059.94445336532
2644	1054.79085520438
2645	1019.30232330283
2646	1103.23298631318
2647	1032.75957943104
2648	1050.31268795304
2649	1110.36819418624
2650	1084.10063149936
2651	1067.75803933419
2652	1105.87770572539
2653	1162.27908434234
2654	1087.18566873417
2655	974.380928877376
2656	1074.93136334302
2657	1099.38526530558
2658	1110.04809596423
2659	1127.49107698346
2660	1010.81647443026
2661	1051.28482607233
2662	1071.04096020465
2663	1180.00876791535
2664	1232.72146567251
2665	1116.00721931094
2666	1082.70565500945
2667	1048.70088236359
2668	1170.60244824706
2669	1089.57528496486
2670	1154.67155917603
2671	988.326245114988
2672	1040.41545533396
2673	1085.09698688886
2674	1059.55508465851
2675	1121.95369109947
2676	1033.16559295607
2677	1098.20856691016
2678	1076.19733952032
2679	1096.6090147407
2680	1040.47805247013
2681	1119.69610346212
2682	1150.9320100271
2683	1037.47754808172
2684	1134.9100619167
2685	1073.6615245315
2686	1039.75506914152
2687	1084.22865389075
2688	1104.65181317032
2689	1039.61403179487
2690	1118.44824283981
2691	1081.95759015038
2692	1126.25592045899
2693	1153.26400811422
2694	1046.46252664379
2695	1093.72439124895
2696	1109.60279823084
2697	1053.34618171197
2698	1109.33543119358
2699	1055.01289446914
2700	1053.49623043973
2701	1159.40584693794
2702	991.569401589846
2703	1033.57407739417
2704	1078.78108539609
2705	1032.15152343713
2706	1085.09262199852
2707	1147.52003512926
2708	1085.32842571896
2709	1052.72371042267
2710	1110.24658862997
2711	1125.11905460702
2712	1104.54833054603
2713	1102.45503148502
2714	1091.57171515549
2715	1184.52506754434
2716	1089.23614861427
2717	1188.13477217295
2718	1079.65530108933
2719	1064.18982318575
2720	1066.22316760598
2721	1095.47667404213
2722	1011.01045267644
2723	1088.91553467846
2724	1083.53834941338
2725	1096.61402771854
2726	1056.96802005484
2727	1074.2720233617
2728	1118.10864270564
2729	1145.51263388371
2730	1025.22888009549
2731	994.525539313319
2732	1101.40598474309
2733	1110.35123515002
2734	1086.44800000216
2735	1181.80891430466
2736	1094.57455642871
2737	1111.77959952377
2738	1151.99732620686
2739	1080.3751267591
2740	1048.72092013131
2741	1104.50314401925
2742	951.330541892107
2743	1062.52235125825
2744	1032.74637945928
2745	1028.34388648744
2746	1097.21233574556
2747	1116.52520466536
2748	1027.21898150396
2749	1039.62728444493
2750	1090.18132599407
2751	1073.67615410617
2752	1073.424237844
2753	1131.93955789597
2754	1077.76311446163
2755	1134.38906788692
2756	1207.23313285025
2757	1086.90685385809
2758	1150.21346017012
2759	1194.92818305181
2760	1038.11907103296
2761	1073.14040108436
2762	1073.22804717232
2763	1136.53923783827
2764	1124.84092520254
2765	1026.03272566382
2766	1121.02934973084
2767	1017.90651828819
2768	1100.31729122218
2769	1072.58952463645
2770	1145.27171181261
2771	1082.55851230775
2772	1182.28226009128
2773	1066.61702292006
2774	1085.04838038434
2775	1065.43793455758
2776	1162.75245015883
2777	1158.59018254902
2778	1099.17569863682
2779	1070.56027697605
2780	1168.61087092916
2781	1223.41681343352
2782	1105.67879300311
2783	1196.8279486726
2784	1162.39288491554
2785	1040.737420466
2786	1053.00764900049
2787	1086.16233103516
2788	1032.49307484802
2789	1024.24026954356
2790	1059.49314340889
2791	1192.94761294707
2792	1045.062615562
2793	1074.98444484882
2794	1074.66487291564
2795	1181.98201661703
2796	1156.16602797914
2797	1087.67923333421
2798	1112.20556564871
2799	1148.69452382544
2800	1160.81321032996
2801	1083.74315296895
2802	1025.96533369949
2803	1123.61414689963
2804	1106.54611593904
2805	1154.56719796073
2806	1005.7881872428
2807	1134.79489126114
2808	1090.75917984631
2809	1148.13617200412
2810	1108.74284744915
2811	990.445877387757
2812	1131.2748655008
2813	1045.66820028952
2814	1110.4800581893
2815	1058.36109702269
2816	1177.31784473923
2817	1044.60126451869
2818	1093.22737050101
2819	1108.66861702267
2820	1201.00621539151
2821	1084.66355360584
2822	1131.55616689988
2823	1224.91781129041
2824	1038.46549430521
2825	1148.52627571466
2826	1082.19618030463
2827	1094.40376218507
2828	1088.35542712196
2829	946.474173868021
2830	1169.71914804614
2831	1073.04270857115
2832	1010.06142317377
2833	1149.04494898472
2834	1156.4299798942
2835	1156.66968171162
2836	1052.53538422146
2837	1098.33610841429
2838	1060.86583524067
2839	1067.84804059254
2840	1006.78665793672
2841	1069.83174403823
2842	1198.74292285902
2843	1157.36340988618
2844	1126.47219361808
2845	1096.07131434599
2846	1092.26349379441
2847	1029.41339400665
2848	1009.06670546125
2849	1126.33957823716
2850	1087.92165751026
2851	1075.10704872959
2852	1105.18887919344
2853	1059.45732205661
2854	1157.80364013235
2855	1025.94110860964
2856	1098.35580498438
2857	1141.17819355734
2858	1040.87043192764
2859	1199.97319865825
2860	1197.967159015
2861	1099.53177111852
2862	1102.81843999337
2863	956.981640912216
2864	1094.72651366383
2865	1061.44745376808
2866	1101.6386744576
2867	1045.86002750808
2868	1223.94055678965
2869	1127.82915184205
2870	1063.36645450519
2871	1107.49806028268
2872	1056.71811221853
2873	1048.34347667301
2874	1138.74218089965
2875	1064.91812848027
2876	1046.28936852552
2877	1043.69295896919
2878	990.297993743483
2879	1114.64395765075
2880	1065.49241419211
2881	1066.725652313
2882	1073.36529013001
2883	1009.76212778011
2884	1225.53561202273
2885	1134.66327191077
2886	1062.44848818969
2887	1118.66807860048
2888	1129.13560152288
2889	1149.07923963208
2890	1068.180628581
2891	1098.64587982397
2892	1057.24007563358
2893	1142.71816799226
2894	1070.54719685697
2895	1165.66108497189
2896	1111.86198989055
2897	1113.2476929712
2898	1204.58129614692
2899	1101.91394912103
2900	1095.63184019399
2901	1099.73693156367
2902	1059.10634235546
2903	1066.28834782492
2904	1069.10615908435
2905	1092.12681052027
2906	1063.64739727564
2907	1053.95141722196
2908	1007.74530593883
2909	1014.94542831073
2910	1062.01979434515
2911	1102.6711264928
2912	1077.58495972463
2913	1073.42861646254
2914	1035.59334835098
2915	1026.03923350762
2916	1055.55856674946
2917	1116.06397049545
2918	1137.17257396403
2919	1093.97778974131
2920	1082.87941829806
2921	1104.59826118073
2922	1127.38343744393
2923	1118.05714860758
2924	1035.08754879056
2925	1148.45729674591
2926	1193.71005046824
2927	1098.55329341383
2928	1077.94654554834
2929	1047.7562870914
2930	1071.56101817628
2931	1174.56194482344
2932	1098.87697495099
2933	1180.73619400672
2934	1125.72383965166
2935	1108.43165653778
2936	1086.28471138437
2937	1053.94721789095
2938	1133.20525238013
2939	1135.4315751852
2940	1129.78841529029
2941	1115.6804333887
2942	1032.96657132738
2943	1144.4300347364
2944	1111.99099352514
2945	1099.12349526525
2946	1061.04812605218
2947	1074.10127294963
2948	1189.97088779352
2949	1250.43679159908
2950	1116.03473988292
2951	1121.50983491059
2952	1075.64571454292
2953	1106.65123210964
2954	1044.81437434473
2955	1073.76013323566
2956	1088.47506893532
2957	1069.2588075799
2958	1084.67010440819
2959	1106.46730580613
2960	1010.46779325795
2961	1076.73748225621
2962	1131.86899506756
2963	1103.80931889452
2964	1115.19885174603
2965	1124.32581422946
2966	1090.11069847254
2967	1133.52699387466
2968	1022.87962364955
2969	1057.16061428364
2970	1025.46729177695
2971	1052.72994393653
2972	1100.40508639582
2973	1126.91910185833
2974	1117.24805727893
2975	1105.34701448845
2976	1068.4567057639
2977	1064.7842762572
2978	1012.07552561495
2979	1092.48476649021
2980	1088.50439868011
2981	1041.69278744989
2982	1000.8170711115
2983	1150.01895981224
2984	993.80783400992
2985	1148.75813729347
2986	985.193947693821
2987	1197.698751874
2988	1023.15296632223
2989	1134.83621152524
2990	1172.0958592872
2991	1098.64429902772
2992	1120.98534846649
2993	1106.78505539056
2994	1073.81495403132
2995	1222.34680224592
2996	1202.35741782665
2997	1145.58814540008
2998	1127.80616860147
2999	1047.2149736025
3000	1089.72084832313
3001	1107.03315249874
3002	1089.26881795912
3003	1121.17315314812
3004	1123.53486641438
3005	1072.78570707464
3006	1172.50692097852
3007	1105.54704607038
3008	1085.5941636723
3009	1126.45062976351
3010	1100.97345733462
3011	1047.93623362986
3012	1106.74588157866
3013	1081.93983831658
3014	1076.71734661525
3015	1163.44786776132
3016	1196.35199226885
3017	1154.10093707934
3018	1185.78612544864
3019	1081.0609404017
3020	1092.74952999275
3021	1133.66048159541
3022	1020.12066907424
3023	1139.85457995274
3024	1172.48435778487
3025	1146.62106368335
3026	1012.11125581929
3027	1024.2939789034
3028	1078.00956888109
3029	996.75978641175
3030	1147.28367312508
3031	1131.01346796084
3032	1079.39052617671
3033	1031.89337170204
3034	1123.0150649501
3035	1031.68018852728
3036	1113.33331998739
3037	1170.10166213549
3038	1075.06408236318
3039	1174.62265345138
3040	1007.35909600943
3041	1148.40189095655
3042	1119.84468475795
3043	1060.24627783641
3044	1077.47332417209
3045	1160.01395694083
3046	1147.40291913487
3047	1104.30868840125
3048	1074.29976484806
3049	1161.38162346103
3050	1052.04667077544
3051	1055.34894088732
3052	1198.68219788521
3053	1115.14509310068
3054	1042.08995185545
3055	1129.53419446535
3056	1053.42984886941
3057	1206.40803069757
3058	1032.79286053662
3059	1198.74047822596
3060	1163.07606643898
3061	1106.80760558324
3062	1137.33360644549
3063	1108.72042261187
3064	1041.28298458157
3065	1056.37339529009
3066	1013.60687348492
3067	1073.1925944222
3068	1096.20986037083
3069	1088.78762729353
3070	1073.70139263526
3071	1090.36154264945
3072	1107.42057474243
3073	1082.84627146641
3074	1145.19451807776
3075	1103.2557339936
3076	1049.6043512916
3077	1062.86658501488
3078	1069.20020107139
3079	1000.88817550057
3080	1035.4817433244
3081	1152.13817259793
3082	1077.63771654767
3083	1087.30262336744
3084	1054.13842161458
3085	1030.26991014133
3086	1044.92675618702
3087	1117.83398359926
3088	1123.45121348306
3089	1123.5544421778
3090	1129.73211102623
3091	1070.18441786164
3092	1092.69936510671
3093	1140.66924438574
3094	1100.39142243761
3095	1069.86363314646
3096	1125.36313302836
3097	1109.22285077438
3098	1097.14316574397
3099	1106.52577728182
3100	1120.51831370105
3101	1143.86674003299
3102	1097.12067080626
3103	1037.15911946133
3104	1047.25353738273
3105	1090.04815831374
3106	1157.54147311767
3107	1047.69956573823
3108	1071.40877966239
3109	1163.56042105546
3110	995.364932275556
3111	1067.20701763797
3112	949.197465620316
3113	1102.60748089038
3114	1104.27631632817
3115	1070.35108415829
3116	1027.65578508837
3117	1216.18168113489
3118	1131.33757360043
3119	1020.98197732209
3120	1107.57391451697
3121	1056.61088145663
3122	1106.97376870024
3123	1122.64056300895
3124	1046.90004913366
3125	1211.64472382714
3126	1014.17713815012
3127	1068.45935134943
3128	1131.39988597211
3129	1157.77192077287
3130	1110.64949384484
3131	1094.35780987534
3132	1059.30213084149
3133	1087.04121595621
3134	984.26154743295
3135	1039.0613790247
3136	1112.89751256873
3137	1121.02051435789
3138	1017.35311819791
3139	1105.83374859414
3140	1080.98007622723
3141	1198.19683025387
3142	1035.00556418147
3143	1087.70711428612
3144	1126.73175549755
3145	1141.67983094815
3146	1067.59404709173
3147	1138.36666968437
3148	1125.36822639118
3149	1146.82955068926
3150	1110.40513171413
3151	1067.77014341714
3152	1108.25918036698
3153	1133.87005063671
3154	1161.68315283252
3155	1181.14728157509
3156	1050.3291577641
3157	1073.24844864108
3158	1055.99423786341
3159	1092.70310315085
3160	1152.00616457214
3161	1079.98618971851
3162	1048.43606650631
3163	1025.12102877025
3164	1056.47766556546
3165	1069.06811129882
3166	1236.97374502343
3167	1040.62014987927
3168	1080.4359774052
3169	1157.39546429791
3170	1076.79276079605
3171	1126.17177059052
3172	1071.72681807767
3173	1084.81864518037
3174	1082.60317739818
3175	1130.66509727311
3176	1163.35074139233
3177	1121.54678047004
3178	1051.26177531031
3179	1134.29208260794
3180	1066.89358481563
3181	1145.15061927101
3182	1165.43420249589
3183	1020.36901822393
3184	1073.29614448709
3185	1129.86497155206
3186	1019.6721767657
3187	1068.85462493419
3188	1036.3886649777
3189	1095.52072057747
3190	1114.6265096542
3191	1093.97321281316
3192	1144.35468155233
3193	1119.37948591561
3194	1128.68477837932
3195	1033.02285311398
3196	1042.41734787032
3197	1023.78179677089
3198	1087.00308224269
3199	1062.06979194001
3200	1165.7357497457
3201	1061.01832771275
3202	1095.69457077242
3203	1024.48672492047
3204	1062.59620752134
3205	1151.23187402764
3206	1131.56950565891
3207	1056.71791877739
3208	1102.14731480108
3209	1044.0098466837
3210	983.762023099271
3211	1008.00367078631
3212	1095.56865390771
3213	1081.0185039078
3214	1094.51643226641
3215	1142.17998072742
3216	1074.28534053459
3217	1112.68927735049
3218	1185.26441031279
3219	1030.1349895106
3220	1214.27025184379
3221	1046.44137708956
3222	1100.14031808936
3223	1111.55985068854
3224	1107.27764358909
3225	1105.32810872446
3226	1073.63020332319
3227	1208.99701876092
3228	1088.00819596339
3229	1070.81698136284
3230	1051.06020364578
3231	1113.24028138185
3232	1065.3948775861
3233	1081.43483956982
3234	1080.92293464867
3235	1153.54377619023
3236	1117.35670922553
3237	1224.94877873783
3238	1087.71025946018
3239	1136.53496808143
3240	1109.39742488647
3241	1226.27244087622
3242	1063.73319361558
3243	1150.31514917747
3244	1149.89306012951
3245	1132.91156663541
3246	1102.27539069991
3247	1088.59651703343
3248	1122.97668482364
3249	1134.69874577259
3250	1211.05257814776
3251	1094.69579547704
3252	1038.875842553
3253	1043.62065120059
3254	1159.28388403201
3255	1037.02612366055
3256	1135.90427355439
3257	1056.20086055004
3258	1119.76756392486
3259	1102.61060550628
3260	1068.23787106002
3261	1069.18515209399
3262	1130.29443857266
3263	1020.7247872314
3264	1035.59588239699
3265	1243.34979166108
3266	1050.69246643468
3267	1088.72516861867
3268	990.15733420968
3269	1020.13423815238
3270	1152.13117291516
3271	1032.91121737194
3272	1082.156780731
3273	1161.93476919543
3274	1220.52066683238
3275	1027.1876656154
3276	1047.6684895033
3277	1071.49046647768
3278	1160.50777291207
3279	1116.02250375496
3280	1153.499590016
3281	1076.25814566508
3282	1154.91610973187
3283	1193.63714181605
3284	1084.21391166936
3285	1091.107415839
3286	1181.59456381156
3287	1159.48641589786
3288	1218.96531032487
3289	1047.52395037505
3290	1068.17529317752
3291	1100.24127118607
3292	1067.26643291155
3293	1058.4798214621
3294	1142.77713773628
3295	1080.56934012706
3296	1075.39753271373
3297	1092.29615793296
3298	1105.6227746041
3299	1101.41250237724
3300	1106.40054111647
3301	1119.41332769105
3302	1096.69746755249
3303	1051.14231912205
3304	1135.0535380498
3305	1102.12619491605
3306	1136.36122092338
3307	1141.25854104148
3308	1100.16820810881
3309	1156.91137615476
3310	1192.02891262454
3311	1147.98746763201
3312	1075.8753626806
3313	1130.25775058205
3314	1067.93190628906
3315	1135.23846392763
3316	1100.6709291329
3317	1030.13601664592
3318	1090.62118961432
3319	1056.60273865446
3320	1102.87853310806
3321	1098.79710695866
3322	1056.33888925459
3323	1168.80138833616
3324	1075.96145582352
3325	1152.96688118123
3326	1157.75422199319
3327	1120.82784899774
3328	1110.65782946481
3329	1049.20763729262
3330	1082.88759650736
3331	1155.36601060214
3332	1159.2148399363
3333	1159.84432016532
3334	1153.7000968323
3335	942.971348675017
3336	1078.74535563382
3337	1176.55325654801
3338	1073.02751351232
3339	1054.6031790566
3340	1071.2875615987
3341	1024.66449535967
3342	1168.12855839272
3343	1085.9663426787
3344	1160.82099903089
3345	1113.04817779783
3346	1076.4219614641
3347	1106.20569901142
3348	1117.7621186728
3349	1175.54875494894
3350	1104.44518669186
3351	1095.94533052064
3352	1028.53387438237
3353	1121.11583236464
3354	1168.41899744095
3355	1138.35128238013
3356	1145.26875439627
3357	1074.57687831866
3358	1055.66411372053
3359	1040.60563088985
3360	1102.89799269057
3361	1129.22010375945
3362	1025.87971545161
3363	1117.83223261806
3364	1177.4287446559
3365	1010.97719210681
3366	1008.34501112837
3367	1033.84964929521
3368	1142.11251971373
3369	1061.57989986403
3370	1044.18203952604
3371	1123.53743699028
3372	1097.12506333319
3373	1030.56541028924
3374	1194.60646061506
3375	1100.02053065451
3376	1091.45940418795
3377	1094.28671085857
3378	1077.92040235009
3379	1026.89456442086
3380	1143.33190101189
3381	1048.52458023108
3382	1060.08519649791
3383	1127.98142730698
3384	1115.25829988081
3385	1168.05746594816
3386	1152.19071680311
3387	1134.3087485496
3388	1189.30882208955
3389	1057.08258208733
3390	1084.26584431754
3391	1081.77450036176
3392	1127.57402654304
3393	1197.99170873393
3394	1115.53390523207
3395	1104.94067162045
3396	1040.28576569857
3397	1045.64448092662
3398	1113.9283113024
3399	1125.93789609818
3400	1076.86709763095
3401	1073.57594313051
3402	1089.53828332607
3403	1132.62828071722
3404	1115.89774365968
3405	1001.1174752732
3406	1199.00127960833
3407	1091.24623938228
3408	1109.5598918087
3409	1132.09349604011
3410	1078.93437986622
3411	1233.27600753685
3412	1127.05478291333
3413	1178.63722303389
3414	1052.53399289445
3415	1154.5805149762
3416	1088.19156548266
3417	1119.99422556569
3418	1097.29066427464
3419	1073.46332138553
3420	1102.0173012047
3421	1051.11714713453
3422	1078.61261609505
3423	1048.49578819667
3424	1138.57397950814
3425	1113.68452872339
3426	1176.95735589394
3427	1167.0426526263
3428	1138.54641471185
3429	1085.27805846745
3430	1074.98736909137
3431	1088.23815843501
3432	971.114499038567
3433	1162.45205973521
3434	1129.48481924891
3435	1108.59728586771
3436	1108.42098222764
3437	1048.29848712537
3438	1135.32587821235
3439	1167.81788110236
3440	1160.50672865906
3441	1188.02833632803
3442	1084.14547390101
3443	1080.06047727429
3444	1172.46958035213
3445	1021.12634005618
3446	1078.68945833797
3447	1159.4183507997
3448	1161.65035088795
3449	1111.72565335427
3450	1106.99504501665
3451	1057.81152483389
3452	1139.3605717496
3453	1114.66205521062
3454	1082.67340082721
3455	1066.41970784698
3456	1209.92320879662
3457	1045.65900799088
3458	1077.98321914673
3459	1133.17640883386
3460	1061.05775678098
3461	1210.68681600447
3462	1064.77244478535
3463	1194.15717971514
3464	1110.66150303797
3465	1162.32791842508
3466	1061.21316918699
3467	1074.14370565493
3468	1040.57614077195
3469	1131.5221983663
3470	1022.49445640545
3471	1145.20455596292
3472	1067.84235007051
3473	1158.27537066924
3474	1201.35474398368
3475	1147.25620154639
3476	1040.11775123346
3477	1116.93202867906
3478	1056.80197541714
3479	1101.30019334667
3480	1025.4186691897
3481	1090.39476462427
3482	1022.53478417166
3483	1123.67426125252
3484	1117.58492641328
3485	1147.92322491754
3486	1105.7989673722
3487	1113.86819532269
3488	1040.74671845634
3489	999.517192062546
3490	1105.7303206222
3491	1059.89094196191
3492	1125.45028984214
3493	1139.34802181104
3494	1093.38910430835
3495	981.432200729349
3496	1022.61957748651
3497	1137.99160638152
3498	1071.91773051513
3499	1080.8913019976
3500	1179.35945605743
3501	1058.25732966541
3502	1093.66959175811
3503	1088.87777290554
3504	1039.21864536428
3505	1155.8446494483
3506	1072.59749946333
3507	1141.46679791038
3508	1191.36716250124
3509	1119.58766474261
3510	1118.52395925656
3511	1076.46249924141
3512	1122.81289790745
3513	1064.93316624886
3514	1136.96480627003
3515	1118.86654774399
3516	1086.09876449173
3517	1177.89418115375
3518	1080.52775053631
3519	1110.52325896353
3520	1106.12412044503
3521	1065.42480161154
3522	1087.33992878941
3523	1135.91480072215
3524	1118.104153049
3525	1140.04388832906
3526	1116.61497700608
3527	1122.48684202213
3528	1142.63738422886
3529	1008.71191521127
3530	992.972146852384
3531	1117.8884869927
3532	1177.62865465422
3533	1167.67138838547
3534	1085.43492643868
3535	1122.16086458378
3536	1168.9462611445
3537	1027.2567116117
3538	1158.92386137146
3539	1074.21273327937
3540	1073.3197624606
3541	1074.1179247572
3542	1070.00322105596
3543	1007.20276396659
3544	1196.21760641607
3545	1135.2645673095
3546	1141.605985683
3547	1124.35692183784
3548	1151.37557488648
3549	1063.73879853505
3550	1025.6480523547
3551	1053.76642788279
3552	1099.23465861427
3553	1172.14006110722
3554	1109.67099102793
3555	1139.98657497466
3556	1069.87910733135
3557	1102.37233684214
3558	1081.89532179346
3559	1171.19799121171
3560	1075.18184444333
3561	1170.87561009691
3562	1163.23102994197
3563	1085.82438453296
3564	1031.41274063415
3565	989.867442031434
3566	1084.87478385739
3567	1052.07184889266
3568	1054.98258910954
3569	1166.32710567571
3570	1050.26593843547
3571	1065.14980183739
3572	1138.95057629125
3573	1158.80298959767
3574	1084.13043461356
3575	996.902680731801
3576	1017.09626106073
3577	1051.95593768366
3578	1165.66199215772
3579	1109.73425234284
3580	1091.98189537314
3581	1137.08488199929
3582	1125.35837533552
3583	1020.72206054128
3584	1102.04087203545
3585	1120.56885282041
3586	1130.50253848809
3587	1024.18197775821
3588	1152.26344795876
3589	1024.63136698108
3590	1137.05506504909
3591	1152.50491110618
3592	1146.6976671121
3593	1050.94088694792
3594	1045.8735698171
3595	1019.88204516997
3596	1103.46544461821
3597	1063.02807176115
3598	1065.76065854092
3599	1044.85127970231
3600	1115.30864215498
3601	1088.44979914522
3602	1081.95106652951
3603	1133.31047996863
3604	1087.23357446759
3605	1056.08600632547
3606	1130.7494224571
3607	1108.35420750354
3608	1142.71634996671
3609	1128.22621434494
3610	1072.48602690468
3611	1125.47899504082
3612	1047.71576164462
3613	1034.20981243724
3614	1113.07968694874
3615	1067.5340787113
3616	1089.52291530892
3617	1112.28125546905
3618	1086.21990019695
3619	1083.44946991322
3620	1149.62330171208
3621	1080.71144137696
3622	1127.43852179456
3623	1045.35398102023
3624	1103.84366252547
3625	1114.19845787107
3626	1159.28132890797
3627	1128.23855153197
3628	1025.68088964677
3629	1116.028874088
3630	1134.84162839376
3631	1038.44882682545
3632	1040.39451130398
3633	1011.42592435655
3634	1084.49015250277
3635	1099.47729436224
3636	1120.08588210896
3637	1154.31443265863
3638	1141.32654396869
3639	1134.97168827924
3640	1046.81685627468
3641	1059.05832029382
3642	1104.48185709117
3643	1048.91714048577
3644	1099.95318384358
3645	1095.80586308142
3646	1023.12160830096
3647	1056.34311981098
3648	1094.49008167171
3649	1076.98643673921
3650	963.123294174328
3651	1097.2307526453
3652	1080.5035440036
3653	1182.40197363693
3654	1042.20589127892
3655	1049.15950806135
3656	1080.49041913923
3657	1150.64394333382
3658	1103.38396307842
3659	1091.75582898804
3660	1074.55214110759
3661	1012.41788296936
3662	1054.35819293219
3663	969.947434697367
3664	1087.22857469457
3665	1044.36998040378
3666	1125.1867690957
3667	1095.65707246543
3668	1058.95364551855
3669	1085.33752772518
3670	1046.89067560563
3671	1241.40516129372
3672	1043.67038116968
3673	1083.92159538249
3674	1047.27166141664
3675	1153.15643887784
3676	1098.87504676864
3677	1005.32488690969
3678	1056.66461896144
3679	1040.78517200467
3680	1063.67523977706
3681	1143.48075685852
3682	1136.60249251412
3683	1133.48543625216
3684	1162.37523176546
3685	980.771627114206
3686	1218.83806778905
3687	1117.87099359889
3688	1135.25535342272
3689	1168.01595145244
3690	1018.700217597
3691	1091.0350006601
3692	1065.49813419011
3693	1187.04451885228
3694	1065.83638190104
3695	1039.41297584916
3696	1119.13796789496
3697	1089.79075821858
3698	1011.08892927767
3699	1169.75335432613
3700	1049.3369225534
3701	1159.15234577098
3702	1098.96682371133
3703	1082.31933656615
3704	1086.2766480835
3705	1038.17841801373
3706	1106.88287161323
3707	1257.32188046986
3708	1120.73726192953
3709	1022.949564486
3710	971.833362197857
3711	1136.45874717132
3712	1110.15538913597
3713	1126.43935298164
3714	1066.41028262237
3715	1157.58917428497
3716	1023.59993680698
3717	1055.96248791094
3718	1092.63709518696
3719	1026.78476940241
3720	1109.42940876624
3721	1127.21122963845
3722	1040.68568571623
3723	1108.632830216
3724	1117.16390671851
3725	1073.628466106
3726	1080.28689272907
3727	1161.06820888942
3728	1060.03312291568
3729	1068.26811816213
3730	1159.84350342751
3731	1080.73892439244
3732	1183.40995153801
3733	1083.6688276301
3734	1212.76281799812
3735	1148.57559772977
3736	1119.84030088383
3737	1178.06591020863
3738	994.229633250189
3739	1046.45746575942
3740	1070.48887647415
3741	1048.56927987007
3742	1083.29959206906
3743	1085.54748050208
3744	1003.41444980064
3745	1040.6553044204
3746	1016.32103283519
3747	1072.57023157703
3748	1108.99339728627
3749	1089.90810817433
3750	1125.33705431612
3751	1106.75800471252
3752	1172.16098122243
3753	1041.37317907179
3754	1098.1324992475
3755	1120.66348241175
3756	1155.04079435368
3757	1021.03527198267
3758	1024.08487073474
3759	1043.22682703528
3760	1158.07069066713
3761	1121.99060439953
3762	1108.60439557194
3763	1120.48507650397
3764	1095.25453645622
3765	1087.59396228114
3766	981.170238008741
3767	1134.75764566623
3768	1083.11105739092
3769	1125.11228440206
3770	1094.9268119302
3771	1205.89127340489
3772	1082.37532557928
3773	1049.68390514743
3774	1091.03146479125
3775	1060.27296773265
3776	1039.03582670359
3777	1048.15648327913
3778	1157.02927701108
3779	1114.46484520983
3780	1048.2238817778
3781	1071.95715744135
3782	1069.13307981467
3783	1114.18654151841
3784	1032.06369020471
3785	998.117254117383
3786	1103.71281617473
3787	1050.75377585789
3788	1115.07872909363
3789	1020.72249390351
3790	1043.67994025295
3791	1084.295772309
3792	1008.7278212809
3793	1067.22100189499
3794	1082.88413946283
3795	1043.29700116141
3796	1052.63576253174
3797	1196.58134359982
3798	1086.98682076742
3799	1160.70572453989
3800	1117.68735172616
3801	1057.13365661288
3802	973.089642069218
3803	1060.28846678555
3804	1096.09411035047
3805	1126.46298165276
3806	1111.44901168818
3807	1234.80861999059
3808	1030.63593976786
3809	1130.71826085271
3810	1158.45533365872
3811	1058.19718355762
3812	1081.78668884013
3813	1084.3387087744
3814	1055.73212340631
3815	1135.57737602989
3816	1123.5899869106
3817	1055.44269939603
3818	1089.54566592008
3819	1202.33813343533
3820	1178.3500418615
3821	1147.57244249421
3822	1088.27032200402
3823	1204.81960772743
3824	1070.15576332523
3825	1109.30714499325
3826	1110.35419058396
3827	1039.7729389847
3828	1121.01148397036
3829	1031.91131279674
3830	1104.16113223049
3831	1111.02859718565
3832	1067.08135563088
3833	1221.04036186716
3834	938.437932858666
3835	1165.68890209173
3836	1018.45415326797
3837	1029.54362119069
3838	1120.84501967823
3839	1047.47748898499
3840	1048.94751322005
3841	1162.59780882143
3842	1058.10993155107
3843	1050.21000629077
3844	1011.12490743971
3845	1127.48775073842
3846	1114.4388356722
3847	1139.18239255221
3848	1147.55506330473
3849	1115.68790664306
3850	1081.23434233802
3851	1145.15622573876
3852	1065.57508034742
3853	1071.69217893918
3854	1100.84754302262
3855	1087.35137862815
3856	1111.00568043114
3857	1114.77178633915
3858	1064.21292773998
3859	1128.23188853108
3860	1114.9882801338
3861	1067.63446852438
3862	1110.34253061027
3863	1077.32497765905
3864	1052.63054055228
3865	1094.14139629922
3866	1101.60115856517
3867	1046.25698128901
3868	1076.98120767654
3869	1175.62627435598
3870	1030.44816282714
3871	1114.16801030818
3872	1071.56345156474
3873	1147.52271317002
3874	1104.16023466604
3875	1100.32834811103
3876	1212.49208275272
3877	1088.15428802507
3878	1147.64208259192
3879	1140.80555698445
3880	1175.9960064789
3881	1098.68210231632
3882	1028.37809963851
3883	1079.44890586012
3884	1106.56675430546
3885	1080.1793135258
3886	1104.29430434521
3887	1131.59874084925
3888	1223.00878855714
3889	1171.16081164074
3890	1117.38652795161
3891	1049.78251503708
3892	1125.81028563314
3893	1032.53017611478
3894	1134.72885922745
3895	1060.21118364804
3896	1113.50178344808
3897	1163.4492516283
3898	1105.75910328357
3899	1042.56322208284
3900	1117.86309441398
3901	1000.19425178498
3902	1159.21556439678
3903	1116.7587012605
3904	1073.15654827227
3905	1096.22644181657
3906	1170.198051555
3907	1083.04163116265
3908	1082.3000857398
3909	1076.80582996503
3910	1163.64885544944
3911	1092.02121696595
3912	1162.6432675508
3913	1051.28236542258
3914	1112.74211075133
3915	1050.07800199025
3916	1045.97328956948
3917	1137.52655218144
3918	1022.86641559037
3919	1051.7079310839
3920	1120.10515104033
3921	1079.64435067249
3922	1091.13164930898
3923	1081.03728657933
3924	1136.66717130847
3925	1023.1663030718
3926	1091.97453995398
3927	1058.27577594273
3928	1088.04719937515
3929	1019.1677155576
3930	1043.47772819334
3931	1125.52854016956
3932	1136.41098953403
3933	1072.97406782336
3934	1212.87787421037
3935	1156.33996070863
3936	1132.00857844522
3937	1028.60084262578
3938	1069.22000726568
3939	1041.47787085974
3940	1087.54089353536
3941	1118.09557255598
3942	1082.36882600825
3943	1139.63201204825
3944	1001.44135527508
3945	1079.69358329394
3946	1130.529227446
3947	1099.60700573325
3948	1032.90283934702
3949	1090.40194631458
3950	1046.52386683783
3951	1170.31189097475
3952	1131.82451122651
3953	1092.25568854721
3954	1094.86223344202
3955	1049.92100833798
3956	1209.93999019087
3957	1190.23951167414
3958	1083.24641400894
3959	1060.04585005587
3960	1073.24239010738
3961	1182.38680949739
3962	1176.3989227923
3963	1100.01031455065
3964	1120.52015716053
3965	1162.60254986585
3966	1103.21684543061
3967	1105.4704061748
3968	1083.51032263533
3969	1147.15668069585
3970	1046.52935118424
3971	1154.41670682234
3972	1130.07826675109
3973	1105.62691586629
3974	1106.27169560937
3975	1072.33943272568
3976	1089.21171875232
3977	1032.66103239958
3978	998.326228714154
3979	1078.3773931541
3980	1114.79313980243
3981	1121.33147670216
3982	1079.87766220944
3983	1117.80734887554
3984	1222.3224766214
3985	1052.24062280039
3986	1110.28108491381
3987	1147.84966017817
3988	1101.41856298876
3989	1122.67243583281
3990	1118.61206028526
3991	1036.46852089125
3992	1105.33522507389
3993	1000.65788175269
3994	1003.22157629614
3995	957.063539462199
3996	1091.78176162322
3997	1144.65985985248
3998	1052.94386453185
3999	1098.79645471313
4000	1132.07888004854
