"LogLikelihood"	"Iteration"
2516.00906052723	1
2539.28089214153	2
2533.1317753003	3
2534.61385630032	4
2537.08301344176	5
2531.3632348217	6
2546.7681831879	7
2520.48593506383	8
2506.93365163719	9
2544.14041393357	10
2547.68250485918	11
2514.60986352392	12
2534.05875187214	13
2519.89773447616	14
2541.66709529525	15
2523.00364178313	16
2516.05918288156	17
2521.1870073707	18
2521.65619083117	19
2534.04765325331	20
2533.94307407527	21
2521.72460019277	22
2555.61996101761	23
2534.79377809146	24
2528.72228782564	25
2527.55748462575	26
2530.69976001084	27
2532.64329795425	28
2532.76246243425	29
2510.07378343116	30
2526.38918179263	31
2545.22535832933	32
2544.03043608339	33
2543.43316370092	34
2556.40567971743	35
2523.83627054118	36
2556.61407695188	37
2506.22337188993	38
2524.85828046541	39
2518.19787132854	40
2540.75710709695	41
2516.28402395634	42
2543.3780770443	43
2533.33425207617	44
2522.06734073535	45
2529.17926261277	46
2557.59955022522	47
2538.15904556718	48
2526.60047213159	49
2524.73006318288	50
2532.09088983014	51
2521.87455052919	52
2531.5642582278	53
2501.15889565908	54
2528.58861646486	55
2516.788332985	56
2515.10560803797	57
2540.82689631588	58
2527.00423546515	59
2520.66760097007	60
2521.38084124879	61
2531.29759646146	62
2530.67387183296	63
2559.18251486821	64
2517.25717852277	65
2545.91533686644	66
2522.46042253253	67
2517.46673214717	68
2522.60032404938	69
2526.44446958202	70
2522.77822466971	71
2503.83690358433	72
2538.29340023536	73
2531.18581107735	74
2535.41540353664	75
2524.09342467785	76
2548.60033472803	77
2531.99662538042	78
2536.8824781656	79
2542.19339533173	80
2528.99463515748	81
2535.29925196608	82
2546.03066100159	83
2528.36922507414	84
2533.66699146526	85
2541.88652697855	86
2540.40905015043	87
2547.08051557153	88
2537.39657962808	89
2517.97558864637	90
2511.9807432471	91
2516.59116050241	92
2524.5019121162	93
2496.61568070031	94
2515.08989404773	95
2524.12690795374	96
2545.32018865527	97
2558.15938020883	98
2530.04820741807	99
2517.62045371495	100
2522.00482730063	101
2551.08599024762	102
2526.65254629745	103
2517.94020006888	104
2544.37429136623	105
2530.07830867131	106
2540.11396007887	107
2534.33112612517	108
2529.23871756563	109
2509.06926895689	110
2523.52864453955	111
2521.31599504949	112
2543.08284441234	113
2514.78791299596	114
2528.45031064471	115
2536.0076868821	116
2497.68131853625	117
2550.66655425666	118
2499.93729181205	119
2533.96676118045	120
2545.14932054106	121
2498.61105746898	122
2532.21801925662	123
2529.18866677483	124
2530.41158695767	125
2517.57282735397	126
2544.81268284363	127
2541.60651938301	128
2542.86486507068	129
2530.88230585898	130
2550.75194656019	131
2530.74753570163	132
2510.2378652453	133
2527.10103723394	134
2529.991103647	135
2519.44205893287	136
2517.5228268431	137
2543.35119241878	138
2542.0910688908	139
2546.283756086	140
2554.36050069167	141
2537.3281284356	142
2555.24570623313	143
2514.3434435565	144
2518.85409884707	145
2531.38363661836	146
2536.49193129567	147
2543.31701510261	148
2528.43085159307	149
2532.72949493532	150
2540.16447981213	151
2520.45044065802	152
2535.64059403458	153
2533.59146802944	154
2515.37269722278	155
2548.36182036173	156
2528.77801846061	157
2540.16672329384	158
2536.87370116689	159
2513.02855399089	160
2544.75923276951	161
2540.40883250167	162
2546.18252320349	163
2520.73681131526	164
2534.04227953572	165
2528.03109515515	166
2504.35728285036	167
2526.29287242056	168
2532.47560561844	169
2525.06956974709	170
2520.02351009503	171
2522.06024938677	172
2559.24954933733	173
2533.61501826214	174
2522.15005765576	175
2516.58105785963	176
2540.62769421331	177
2525.04160299388	178
2551.98179261292	179
2560.21889703958	180
2532.00597577235	181
2527.7077783421	182
2526.76350801931	183
2509.94218954097	184
2516.82565191815	185
2535.24507419893	186
2537.91179227844	187
2537.21419209729	188
2521.96952373412	189
2517.55535109894	190
2522.58611064922	191
2523.85374322473	192
2525.34494016017	193
2535.81874571124	194
2519.95186693657	195
2534.18036105325	196
2543.36394052656	197
2555.02648074551	198
2552.73420977943	199
2524.69423173246	200
2524.92851810839	201
2540.85043102514	202
2535.30991779047	203
2532.77063482386	204
2525.34250897008	205
2528.5889519702	206
2523.60326067211	207
2514.21858743046	208
2545.73919414481	209
2520.33811017533	210
2538.36302663593	211
2549.12716563648	212
2544.61943123821	213
2521.83413719996	214
2547.47473845901	215
2532.50392959615	216
2522.7969058297	217
2536.49482304344	218
2521.85464468206	219
2536.24563016011	220
2528.62325351694	221
2558.71213440868	222
2545.85474822773	223
2543.02632783508	224
2536.77965951183	225
2523.14185785678	226
2529.20251413468	227
2533.7898382674	228
2514.81462228929	229
2531.23113824846	230
2529.55825047531	231
2548.55764180975	232
2531.75875782291	233
2554.21642800555	234
2523.55163009312	235
2526.12321290672	236
2517.45515700825	237
2545.73964652007	238
2543.59405200286	239
2539.8212610717	240
2534.50101389835	241
2523.99462827574	242
2526.60312439785	243
2532.41998990228	244
2544.94003874924	245
2547.21786299325	246
2529.84993718381	247
2557.32728149841	248
2506.4001037939	249
2534.74930675965	250
2527.29091395122	251
2526.65033777029	252
2545.37028704513	253
2533.59796882261	254
2544.03651762606	255
2551.54896254647	256
2548.46662748607	257
2518.74394063524	258
2543.04072382078	259
2545.05248040877	260
2524.72902264601	261
2502.18835694681	262
2543.83654764068	263
2538.37731618441	264
2539.61958883199	265
2524.76033255359	266
2532.65651035067	267
2522.54572242884	268
2552.18045022454	269
2551.72307387986	270
2497.61809700107	271
2525.86744580117	272
2523.32535872965	273
2555.26835165671	274
2525.44826299571	275
2521.58955001359	276
2527.33565609776	277
2536.60696911791	278
2523.89975769991	279
2521.7879850084	280
2514.84549697712	281
2531.90815106341	282
2522.07833386855	283
2517.21401474916	284
2523.1674842979	285
2536.49154612767	286
2518.30050404299	287
2508.97199527669	288
2518.60401983315	289
2544.0980242275	290
2544.36484160936	291
2520.84248923767	292
2557.12809061069	293
2536.12555602243	294
2528.70093359944	295
2533.39262680043	296
2518.06432712541	297
2512.16361729373	298
2532.88569357043	299
2522.67310905929	300
2534.14467270112	301
2544.39628148147	302
2549.40880084515	303
2529.00245384185	304
2549.20673084018	305
2509.28247491783	306
2530.2957992315	307
2516.44419968784	308
2565.37582365791	309
2539.50122018876	310
2522.54938211396	311
2541.26814950403	312
2540.67175214911	313
2526.28890276071	314
2505.20409213794	315
2553.3079866914	316
2545.38017819774	317
2530.05320733571	318
2525.22113399715	319
2521.78446645922	320
2514.79318036188	321
2522.92729973897	322
2524.29933686756	323
2512.54994631509	324
2495.76861615068	325
2528.37278950007	326
2532.07688926557	327
2524.94036114782	328
2552.41662670927	329
2531.05684346308	330
2535.02762266766	331
2536.21668915035	332
2531.97856081584	333
2514.50458807373	334
2548.95809622381	335
2527.26506490708	336
2548.28308149973	337
2523.07427623541	338
2504.85702826603	339
2540.4735177897	340
2559.99323180267	341
2537.65539035635	342
2528.86567393169	343
2502.77662708479	344
2506.86175654354	345
2525.82550207005	346
2525.16868417745	347
2554.03029494183	348
2543.63950875798	349
2522.53118405636	350
2514.41702791556	351
2542.43060123069	352
2536.36327440514	353
2517.67954051906	354
2515.87699416764	355
2538.90792461233	356
2543.28519343113	357
2519.23792128981	358
2538.91826340803	359
2512.08627674609	360
2540.27778701624	361
2521.20118646157	362
2555.28273967874	363
2526.98819541818	364
2537.63538193611	365
2556.72179622017	366
2519.01936691972	367
2527.03660330763	368
2522.71703708711	369
2555.12253709836	370
2550.79197076912	371
2528.92025564822	372
2538.70792589415	373
2539.54894520905	374
2546.9668092295	375
2539.88128549887	376
2538.70609675875	377
2526.91374499009	378
2534.85477593921	379
2530.87472558759	380
2524.3091107816	381
2550.74546163022	382
2542.39072614348	383
2514.61860803854	384
2546.19539168889	385
2533.3930453802	386
2521.28006706447	387
2512.3789017421	388
2543.4626091222	389
2513.70681218362	390
2523.51502529766	391
2552.3883189142	392
2534.18137607304	393
2530.75999521934	394
2519.50284952142	395
2517.36642621286	396
2540.92458527199	397
2538.15044533316	398
2543.91293573644	399
2538.8843613307	400
2539.21187894848	401
2547.65362788698	402
2514.2608665448	403
2544.82515688589	404
2541.24360453706	405
2511.71819730241	406
2546.68554471841	407
2534.52621145719	408
2525.95744146234	409
2534.71793722763	410
2557.24834037898	411
2538.42991101051	412
2517.02847182376	413
2546.67350681812	414
2544.78437276831	415
2530.97472451176	416
2505.56829442313	417
2552.49903941068	418
2519.85918488223	419
2519.99818374536	420
2508.23793738611	421
2530.89560148954	422
2520.881872424	423
2521.36226106005	424
2538.99361706567	425
2537.884696317	426
2523.21132197652	427
2503.35590011719	428
2526.951134937	429
2529.29570182858	430
2518.33461861571	431
2521.65659851758	432
2503.4740598533	433
2531.28726601794	434
2540.62057342785	435
2511.11539924185	436
2538.80496757574	437
2534.37081059974	438
2505.2464237788	439
2511.07835936324	440
2535.74528366918	441
2529.80072897386	442
2525.76545834317	443
2537.80361591313	444
2518.79160422843	445
2523.54054283343	446
2541.4815313168	447
2536.24391985195	448
2534.61370603337	449
2535.68988438423	450
2511.80573425227	451
2544.07235192063	452
2553.22078467905	453
2532.49640827588	454
2534.97333645212	455
2550.07328577497	456
2536.73548126649	457
2526.04475877993	458
2538.18657166154	459
2518.01646490952	460
2546.75645056571	461
2534.37398577141	462
2550.71217079588	463
2512.35645358732	464
2543.83223682491	465
2533.42314271942	466
2524.89152925765	467
2540.11431299607	468
2537.79872814384	469
2547.06286702618	470
2521.10164547757	471
2517.15630706004	472
2507.9949647877	473
2528.03449404848	474
2517.00507554843	475
2547.55408693801	476
2533.47948725376	477
2519.38338346459	478
2529.41674060414	479
2525.35978665817	480
2535.49071947717	481
2526.3605728114	482
2537.60949006529	483
2539.62531682572	484
2525.10706578894	485
2527.75578401203	486
2554.67217287028	487
2518.77911516236	488
2529.5145395308	489
2523.80929503336	490
2527.50243447629	491
2527.36148652982	492
2523.92419119404	493
2538.88176466502	494
2539.80928061049	495
2526.88594719589	496
2530.65277559617	497
2538.65934748303	498
2522.04130095173	499
2520.22710815156	500
2539.1342730603	501
2540.1010151444	502
2519.51330106449	503
2506.38768009018	504
2527.84352605948	505
2525.75877784199	506
2521.75321729085	507
2524.80202776374	508
2541.74835625496	509
2514.3381538086	510
2545.93738734004	511
2522.19229628752	512
2545.07930516128	513
2536.70384512771	514
2520.90901137681	515
2535.52980399892	516
2541.25882150035	517
2538.90129001253	518
2529.82954460854	519
2513.02661279805	520
2559.23438863574	521
2532.18333356299	522
2552.5998103416	523
2524.53892056353	524
2530.11942724195	525
2516.14216843137	526
2540.33059322416	527
2546.80223580321	528
2550.76329751813	529
2531.05084905417	530
2532.25867613281	531
2528.49306270223	532
2532.34155231646	533
2556.73088707746	534
2530.97444522778	535
2536.65207132356	536
2548.28220332745	537
2524.53546148368	538
2528.39801883965	539
2524.94918609618	540
2516.34379245452	541
2547.32698986535	542
2534.35655518617	543
2524.57871944997	544
2505.91732714433	545
2535.38641950078	546
2528.60568645489	547
2528.28355892998	548
2557.94912510844	549
2509.38498723501	550
2528.5601660053	551
2529.36996668884	552
2556.6890744911	553
2549.14056094079	554
2516.56942530611	555
2528.1488032903	556
2514.50945454225	557
2522.95168398312	558
2513.77446435661	559
2521.99574726556	560
2558.43276106642	561
2529.96322749514	562
2527.49749892423	563
2541.55283814482	564
2525.00667508289	565
2539.26564362685	566
2524.93989590057	567
2517.30090619071	568
2539.72919534565	569
2543.7318557909	570
2554.35717279114	571
2495.99058483701	572
2517.57357314841	573
2528.76995263316	574
2534.39419033764	575
2530.39647426606	576
2542.38517530729	577
2536.64636211127	578
2527.70751884877	579
2518.31723424463	580
2529.73553581549	581
2533.49209708342	582
2532.53170120059	583
2514.19254358089	584
2530.55882305974	585
2512.57139594842	586
2521.30239618742	587
2528.1109222385	588
2525.78250432123	589
2520.25786586192	590
2527.0728845896	591
2525.12665710669	592
2536.02792628761	593
2543.2876220255	594
2551.76198763574	595
2526.53892953273	596
2542.74059332635	597
2558.3331203455	598
2533.61571143678	599
2510.9605489416	600
2534.7305445565	601
2555.38109183723	602
2521.18137092323	603
2518.14444354131	604
2538.7938319222	605
2560.69146613334	606
2509.94716572204	607
2544.53613118891	608
2522.24581796691	609
2520.0984557503	610
2538.24587020383	611
2546.7248339892	612
2505.66548740571	613
2541.02191524347	614
2517.21530043785	615
2536.53583110199	616
2504.22479956523	617
2552.91631759186	618
2497.1191508672	619
2545.47448444783	620
2530.90720712683	621
2545.84695402899	622
2512.46541955363	623
2535.97415499404	624
2527.450987857	625
2515.63016419129	626
2562.59467497124	627
2545.88852753063	628
2532.73732648271	629
2530.99174779476	630
2539.11904194605	631
2527.46138802316	632
2531.92903372342	633
2520.38162797115	634
2545.42678167669	635
2518.24215466821	636
2527.49324037373	637
2531.50148897531	638
2556.73350486259	639
2527.98748926411	640
2528.03361507161	641
2533.67979774769	642
2534.5257862204	643
2535.37260557701	644
2533.08679038805	645
2532.46762547064	646
2519.25578822035	647
2546.53076416483	648
2526.04958319858	649
2525.15273052097	650
2521.96258564065	651
2532.87141275223	652
2520.97118860505	653
2531.72793292457	654
2532.74895931043	655
2526.84305683134	656
2550.22544918574	657
2508.8825800579	658
2520.93505114767	659
2516.63508545912	660
2540.68616310311	661
2534.57536685199	662
2532.36439544484	663
2544.78880022236	664
2536.86857724757	665
2544.31336385959	666
2532.78822350119	667
2554.03225143877	668
2539.03488703277	669
2506.62290424746	670
2512.55388900714	671
2517.12169316357	672
2522.68212733983	673
2499.78562291506	674
2535.8268088844	675
2556.68515761444	676
2522.84988168391	677
2527.12869967528	678
2546.94360458156	679
2517.5954765443	680
2526.17265354363	681
2548.3134363919	682
2533.72400917106	683
2515.45407147209	684
2517.73434450975	685
2542.28802491954	686
2534.20976115495	687
2506.39511479516	688
2539.42526183645	689
2541.66943935912	690
2514.3438717739	691
2517.16423151673	692
2524.18567796403	693
2532.50592587864	694
2547.17756111344	695
2522.43737072145	696
2538.74929492088	697
2504.68024430519	698
2546.54849814636	699
2537.83256826106	700
2531.44121917092	701
2545.88555252068	702
2534.18227160445	703
2543.99700197144	704
2528.73999945989	705
2517.79255808591	706
2527.54978820495	707
2533.55145400638	708
2521.91098084401	709
2512.99059059399	710
2535.13919889469	711
2522.89585441622	712
2522.2367199026	713
2573.65031316274	714
2527.49101423601	715
2518.19829095536	716
2524.24473557358	717
2544.12144396083	718
2531.96060426324	719
2545.7757896586	720
2525.75878789379	721
2525.24907516409	722
2553.61034968837	723
2534.81845730752	724
2546.56257505697	725
2519.87610767294	726
2541.33473977817	727
2512.97165766529	728
2532.05610180446	729
2516.23999938108	730
2536.90445591008	731
2542.44593360936	732
2538.51181839218	733
2526.42945724699	734
2540.82047757959	735
2544.51857771387	736
2554.38913554489	737
2538.49513395508	738
2517.06290816087	739
2523.20764276645	740
2522.53514577837	741
2520.3124252325	742
2527.42548661361	743
2531.89152924404	744
2536.64717511309	745
2548.83438666195	746
2538.0626971274	747
2530.42540032723	748
2531.3832780927	749
2503.73509938277	750
2528.79939607721	751
2532.47556190323	752
2533.68784801544	753
2527.30675694262	754
2552.16245889896	755
2544.66629716528	756
2538.1075119917	757
2554.50963672478	758
2507.69507653457	759
2530.96880188512	760
2542.19305282093	761
2558.55439993891	762
2542.05756921724	763
2536.84271716979	764
2518.28918956054	765
2526.67684403202	766
2551.0392596078	767
2537.58098570832	768
2548.22591257286	769
2529.37520994756	770
2533.80606987505	771
2548.69010336594	772
2518.73264274376	773
2529.82678902622	774
2529.57127313766	775
2548.00411083789	776
2500.93351639481	777
2509.50750850503	778
2538.15710696488	779
2531.27635506809	780
2508.47481206331	781
2531.38051287764	782
2537.47230879869	783
2523.67137982084	784
2539.95180884491	785
2542.83217916495	786
2544.04294592938	787
2530.27746758787	788
2537.67123285547	789
2532.88830982874	790
2546.65007464102	791
2535.29744097318	792
2542.58184918669	793
2538.88637399444	794
2512.95159042676	795
2542.50783380271	796
2527.27889009358	797
2529.19540546781	798
2516.49102052709	799
2549.24461715456	800
2538.44702117982	801
2533.04859953668	802
2506.63965462009	803
2525.5410176626	804
2517.30878021757	805
2535.31697220401	806
2546.10232982619	807
2512.62594610922	808
2530.4141855419	809
2555.44242956803	810
2516.26066589966	811
2543.05406087078	812
2517.41342543344	813
2516.72703874109	814
2556.06126031596	815
2546.78378732797	816
2540.35935058748	817
2519.4717337745	818
2522.10429466957	819
2527.06514852787	820
2555.43980946525	821
2515.13562695531	822
2536.88664874695	823
2511.17744920098	824
2508.9041997626	825
2545.99364359226	826
2538.20330777197	827
2519.85775661906	828
2535.96592805392	829
2526.45847149516	830
2510.12491867173	831
2521.04133024838	832
2515.70873574067	833
2530.23498047018	834
2506.10434138817	835
2540.28895601466	836
2523.00260649705	837
2505.59395167905	838
2510.7200771795	839
2521.31738551903	840
2516.09501119805	841
2514.36488850776	842
2530.37760991902	843
2539.21433732916	844
2527.90843864493	845
2526.40427384034	846
2529.37233282772	847
2546.97640912192	848
2522.56096101877	849
2546.63154662304	850
2530.63145981099	851
2533.65488947247	852
2541.88082312249	853
2533.89814552577	854
2543.96016775226	855
2523.20881517864	856
2538.95868835453	857
2534.90334714914	858
2526.61260369383	859
2506.98182199729	860
2538.4477793593	861
2539.01181416631	862
2535.00919260172	863
2547.06131978043	864
2508.21037605985	865
2529.00087012885	866
2513.50899649438	867
2534.90643181011	868
2518.03931045539	869
2537.3941129585	870
2525.70351647142	871
2546.85902822496	872
2510.86420296495	873
2550.36916773451	874
2515.7122041905	875
2518.52950311165	876
2524.3807512046	877
2521.48037784286	878
2535.47141189001	879
2516.9596368687	880
2519.78973739458	881
2523.28491037981	882
2536.7502905003	883
2535.45098354346	884
2539.97906572242	885
2527.47728574172	886
2532.93554494214	887
2538.01744384424	888
2518.8375356617	889
2533.26559645057	890
2540.03150758043	891
2535.77261711754	892
2547.11785533276	893
2530.88070564605	894
2528.55367133252	895
2530.51436697518	896
2516.58722809739	897
2544.04773059458	898
2556.26595622567	899
2546.18497075191	900
2535.37379999902	901
2536.08186537183	902
2523.69900961872	903
2534.48148132278	904
2517.05504690663	905
2556.60410210321	906
2539.7667857859	907
2534.86493085772	908
2554.76926625595	909
2546.22623919636	910
2530.3260827086	911
2529.57854150633	912
2538.44116415106	913
2534.386272438	914
2540.51188233336	915
2517.53011115962	916
2535.23259630966	917
2537.77616874913	918
2542.90527382027	919
2527.06572531339	920
2532.60438105027	921
2502.31870171923	922
2538.49936338491	923
2534.70140603602	924
2528.48020596292	925
2510.05151112123	926
2528.75770876795	927
2530.22196925646	928
2533.77335552435	929
2535.0152117675	930
2512.00083863771	931
2535.96134721801	932
2524.74439966127	933
2510.99945181762	934
2525.10396016486	935
2517.62814431433	936
2536.43692026142	937
2536.72261912128	938
2564.75816484081	939
2530.36811449901	940
2539.38872004825	941
2549.51201505198	942
2532.45332553728	943
2538.72092040632	944
2518.30478287595	945
2509.4066595215	946
2525.96046708359	947
2544.4371137312	948
2514.15337061771	949
2528.05552409109	950
2493.48460044425	951
2525.10126462677	952
2527.0148339502	953
2533.10009042738	954
2537.17442251064	955
2518.67458374629	956
2524.15506700758	957
2532.93855768355	958
2525.62501407518	959
2527.74688509954	960
2503.64433441963	961
2529.82953289435	962
2514.98818527943	963
2509.80323802364	964
2527.17144870125	965
2530.37153716912	966
2512.01739508959	967
2543.15453677808	968
2532.32131706606	969
2536.86029818481	970
2520.75010619552	971
2509.55864226038	972
2547.41722245799	973
2531.52508077722	974
2536.45592265478	975
2518.15529990564	976
2547.56320927969	977
2533.83356398302	978
2509.48946210503	979
2524.15212238295	980
2546.98198041962	981
2529.21775858355	982
2520.3167625722	983
2533.38785449928	984
2529.66217318423	985
2522.58511800754	986
2502.28139711779	987
2541.92890337766	988
2531.66106452493	989
2527.67809553129	990
2523.30625045143	991
2528.14592527201	992
2528.7067538241	993
2501.00032148436	994
2537.61601136925	995
2508.04217253502	996
2528.78401845515	997
2511.22312184663	998
2501.50382983882	999
2541.20126635423	1000
2521.42478473891	1001
2528.06366003676	1002
2523.72790286132	1003
2514.88189998367	1004
2513.58590325275	1005
2538.69725458899	1006
2514.09535273447	1007
2528.43714951355	1008
2511.75424181068	1009
2542.50630013257	1010
2542.64065382208	1011
2528.735810915	1012
2544.74288021603	1013
2535.70976015852	1014
2538.50789851247	1015
2514.57737243253	1016
2537.14656678477	1017
2528.30464466299	1018
2551.15819453815	1019
2502.29359863249	1020
2524.81424888153	1021
2518.65944788046	1022
2531.13959642867	1023
2525.09897290096	1024
2542.63420124693	1025
2502.54969070487	1026
2549.25246627115	1027
2524.4513910375	1028
2519.81065972275	1029
2523.68232375025	1030
2521.73184447817	1031
2537.52059099899	1032
2533.01736500727	1033
2528.44131375762	1034
2539.07800094202	1035
2527.42259499009	1036
2537.4997792581	1037
2519.88323990082	1038
2506.32720052715	1039
2535.18380088064	1040
2526.49857650367	1041
2540.26678614449	1042
2527.50493126438	1043
2548.15923113556	1044
2507.04216162772	1045
2522.01456864958	1046
2555.15426943916	1047
2522.83937575393	1048
2555.98121419267	1049
2527.09143715253	1050
2546.52177779471	1051
2522.37243474221	1052
2498.25892340422	1053
2539.11738231062	1054
2519.67918564234	1055
2517.73237138182	1056
2549.4075652889	1057
2553.29341419494	1058
2539.62433986112	1059
2543.51209530694	1060
2530.58953778785	1061
2549.11704804185	1062
2545.85839035285	1063
2515.5513450787	1064
2542.85050528904	1065
2511.80305355571	1066
2515.39261844656	1067
2501.88082933236	1068
2550.87613325237	1069
2512.60876164405	1070
2527.94489527886	1071
2551.58198879506	1072
2537.83956920322	1073
2521.38899360085	1074
2527.82260683073	1075
2541.1441738912	1076
2520.60410777862	1077
2534.69268527424	1078
2524.0594723936	1079
2528.01996872325	1080
2524.83558483199	1081
2519.82708396046	1082
2549.52083199369	1083
2535.99747504659	1084
2516.09000985759	1085
2541.63074469864	1086
2522.36986173385	1087
2547.54370472706	1088
2527.87026948907	1089
2526.60656166172	1090
2530.84418492161	1091
2522.41284308263	1092
2509.48990462358	1093
2527.0158954701	1094
2535.48727838474	1095
2541.14793594125	1096
2536.5107463796	1097
2543.83496083246	1098
2514.86871923123	1099
2525.49179726103	1100
2517.60999673513	1101
2514.97843491758	1102
2533.31128088774	1103
2536.66610110578	1104
2522.31620930002	1105
2543.21293985364	1106
2538.18931855318	1107
2518.63720211857	1108
2543.06071694666	1109
2524.28773257089	1110
2548.22163157226	1111
2529.80313760346	1112
2548.80401462499	1113
2540.46436220482	1114
2525.15978204358	1115
2544.40790044883	1116
2517.41424606479	1117
2507.03093098848	1118
2530.19075565903	1119
2540.33068051044	1120
2537.78072804217	1121
2547.38909616902	1122
2536.73627320158	1123
2520.79128430957	1124
2559.21698686631	1125
2521.96421075896	1126
2522.512098232	1127
2507.33681579979	1128
2534.69520884757	1129
2541.30381542737	1130
2521.28501871292	1131
2535.96840176504	1132
2534.36842600462	1133
2545.25543290662	1134
2525.10970779642	1135
2550.82066436619	1136
2529.27216432375	1137
2550.31795229604	1138
2542.18400414631	1139
2524.31488301743	1140
2514.89045477204	1141
2542.74607898019	1142
2530.21245412699	1143
2506.40825238491	1144
2529.40238895037	1145
2542.77316410876	1146
2516.69182049257	1147
2529.04427986908	1148
2525.25079795819	1149
2538.52734259703	1150
2531.1270463294	1151
2526.67015889284	1152
2526.37132244675	1153
2533.28258061461	1154
2538.74723357743	1155
2535.42487825619	1156
2519.41746753042	1157
2528.67749428662	1158
2549.92040929711	1159
2542.18892211472	1160
2543.23233713445	1161
2523.39776610119	1162
2524.85753212239	1163
2508.02856462761	1164
2517.17779386762	1165
2548.99230129505	1166
2541.7368380635	1167
2520.62946392561	1168
2528.34185276538	1169
2543.93530915724	1170
2532.81500355633	1171
2533.33135029127	1172
2533.66251639904	1173
2550.81887663913	1174
2518.49419496311	1175
2525.59698348569	1176
2526.50916295118	1177
2519.7754247312	1178
2528.63342351314	1179
2517.65704537232	1180
2514.37794533371	1181
2517.912111983	1182
2547.86722707129	1183
2528.75528488491	1184
2530.67613303117	1185
2511.81813865759	1186
2503.37646894294	1187
2545.57678928457	1188
2545.23216786302	1189
2522.87728045804	1190
2511.3828698828	1191
2525.13396458137	1192
2528.57558180483	1193
2558.13801032149	1194
2519.69669031435	1195
2541.68513863542	1196
2536.02299294431	1197
2521.44390539122	1198
2512.28075075613	1199
2547.68372011101	1200
2542.40834627527	1201
2539.45346624057	1202
2503.01416639841	1203
2517.42877929313	1204
2534.39573412449	1205
2534.15806613062	1206
2527.45538545049	1207
2518.29256682931	1208
2546.92803890946	1209
2527.97332284787	1210
2504.99941579001	1211
2545.90805114707	1212
2523.6567719369	1213
2561.87246534768	1214
2526.61592842873	1215
2557.76980366223	1216
2532.32398884033	1217
2518.52337490153	1218
2537.27364761542	1219
2530.98509712896	1220
2531.15204244391	1221
2540.2489000725	1222
2523.93005688047	1223
2539.44330031565	1224
2545.26520484959	1225
2532.00563715697	1226
2529.61821303087	1227
2537.1513156579	1228
2542.9721831711	1229
2523.57808810632	1230
2533.31196438248	1231
2537.76197006319	1232
2526.09110888218	1233
2533.67549689803	1234
2529.85595102328	1235
2521.23995555639	1236
2529.01872497941	1237
2534.01073130614	1238
2524.11567079192	1239
2535.72895079127	1240
2518.12238519045	1241
2519.28968518321	1242
2518.53026074237	1243
2534.95855592198	1244
2548.0745214878	1245
2531.6505969066	1246
2535.38888486018	1247
2520.30756556315	1248
2525.53469741599	1249
2505.34385857902	1250
2523.5194501625	1251
2552.79792001504	1252
2528.7077049967	1253
2529.47927456565	1254
2516.30331562235	1255
2528.43174796711	1256
2514.56352599137	1257
2528.91329595173	1258
2523.28968292864	1259
2525.09966721015	1260
2531.85468590966	1261
2524.66925374432	1262
2541.92153972181	1263
2521.99189941737	1264
2503.74061199826	1265
2544.2414632411	1266
2534.9802473594	1267
2532.76017206128	1268
2506.44604892091	1269
2528.64672240589	1270
2530.61906547482	1271
2519.26522634844	1272
2523.74663364178	1273
2522.13989203866	1274
2522.38887198242	1275
2521.94390922611	1276
2539.79713014426	1277
2540.804727675	1278
2513.52423553393	1279
2506.94390155825	1280
2532.32997625989	1281
2539.25930234789	1282
2522.06827707026	1283
2524.64213217031	1284
2563.14535346151	1285
2525.74823572911	1286
2561.12168684055	1287
2551.95522353855	1288
2544.05909673889	1289
2539.24981179661	1290
2520.04422411208	1291
2532.91023906766	1292
2529.05869535994	1293
2537.56548210304	1294
2526.63416793312	1295
2519.42453336172	1296
2528.07972538069	1297
2548.29514374169	1298
2537.42685973321	1299
2511.48253800416	1300
2536.26296311296	1301
2520.55714797791	1302
2534.22616186198	1303
2526.07963659538	1304
2552.25942566158	1305
2517.85417088521	1306
2517.76211057232	1307
2538.40818695469	1308
2561.06749855686	1309
2542.16678999828	1310
2529.2549450818	1311
2532.59970054768	1312
2507.11286866439	1313
2512.7307523609	1314
2530.04718244756	1315
2528.84114953769	1316
2526.56660234971	1317
2527.47527713052	1318
2504.03922168707	1319
2516.58004427341	1320
2514.50939322967	1321
2550.1740282998	1322
2527.2435968037	1323
2523.59158258753	1324
2545.50886817675	1325
2535.62860538282	1326
2513.1422208912	1327
2533.76008746969	1328
2528.50239680438	1329
2509.14254592641	1330
2522.2578362188	1331
2512.17538584228	1332
2563.53801402293	1333
2523.53219006574	1334
2501.91531982211	1335
2556.2181023334	1336
2524.17047968318	1337
2491.79827168451	1338
2540.1743982141	1339
2510.72938994384	1340
2517.45342033167	1341
2547.69704254373	1342
2535.95067241287	1343
2512.97836485262	1344
2523.79872324365	1345
2524.69757790629	1346
2536.63954827821	1347
2519.36343304068	1348
2508.61114722895	1349
2540.48570394633	1350
2527.06970724708	1351
2534.50787761331	1352
2528.58476997613	1353
2540.71625104089	1354
2502.8187812416	1355
2546.80179859398	1356
2546.39841724089	1357
2533.60705648891	1358
2562.59632772749	1359
2559.21554071295	1360
2535.00140389348	1361
2520.35223446365	1362
2514.40573764281	1363
2519.91035868251	1364
2536.70552444767	1365
2520.97773901254	1366
2505.70092356502	1367
2524.18034177274	1368
2541.74369581483	1369
2523.7591106905	1370
2546.47582951632	1371
2499.23586741321	1372
2539.06577290452	1373
2533.01272186389	1374
2557.24609861879	1375
2538.22891587123	1376
2539.12101669153	1377
2534.94790365786	1378
2531.63015424728	1379
2531.20714395603	1380
2501.97147485287	1381
2529.27105671915	1382
2531.48010835312	1383
2534.72304973234	1384
2546.25347844065	1385
2536.89732661496	1386
2509.50901189131	1387
2523.11918393221	1388
2546.52389185481	1389
2512.37939022086	1390
2545.24770288089	1391
2532.98773422531	1392
2558.07327704251	1393
2536.40881805402	1394
2526.58858981425	1395
2520.72792854269	1396
2507.26675987995	1397
2506.59683344226	1398
2498.09685657953	1399
2527.95210819195	1400
2532.01684958984	1401
2537.44654644122	1402
2530.18232607513	1403
2535.72235145689	1404
2520.92274898638	1405
2532.62994574118	1406
2535.16111031939	1407
2551.7428730018	1408
2528.85621353713	1409
2528.10549995839	1410
2520.94646146538	1411
2532.78295385115	1412
2517.45843810138	1413
2528.53910267776	1414
2528.56120427071	1415
2551.60889938571	1416
2518.31685086773	1417
2516.95674488184	1418
2513.4512756653	1419
2535.11293104564	1420
2527.00725734548	1421
2533.48693129016	1422
2528.4489593523	1423
2540.97037649436	1424
2527.9925803825	1425
2554.32735680599	1426
2539.21483660314	1427
2506.70690298533	1428
2519.46355470501	1429
2557.50981018599	1430
2542.14242085798	1431
2533.81131249211	1432
2505.08338014652	1433
2511.7729074864	1434
2520.95633193131	1435
2528.39544580886	1436
2525.33235329047	1437
2539.3944332307	1438
2536.64931363544	1439
2541.32759397498	1440
2530.86647439324	1441
2535.00493344781	1442
2528.96424706563	1443
2527.02187030814	1444
2516.70588154271	1445
2520.31867105027	1446
2540.91502734108	1447
2549.94494507724	1448
2528.63391819446	1449
2513.61135669765	1450
2509.24660701167	1451
2512.94950087376	1452
2551.68815589491	1453
2552.45844063443	1454
2525.80503967443	1455
2535.53077126898	1456
2534.70650174543	1457
2545.23842901847	1458
2514.42143440715	1459
2541.73580297974	1460
2516.6185179321	1461
2512.72009269819	1462
2536.85529916257	1463
2514.04281527607	1464
2520.40596876437	1465
2558.34537119188	1466
2549.97363261446	1467
2548.9816678688	1468
2535.2326549881	1469
2550.81941811603	1470
2508.32490263147	1471
2518.00279252537	1472
2519.9404251818	1473
2524.30612010159	1474
2523.16510403324	1475
2534.00648018923	1476
2525.32861637421	1477
2543.06517126019	1478
2537.55277863445	1479
2522.33906561224	1480
2546.45134630592	1481
2526.27770212608	1482
2519.28642412524	1483
2527.6640826001	1484
2512.91589041895	1485
2520.78622303759	1486
2524.38917538476	1487
2536.77676638727	1488
2517.14501845361	1489
2549.34366505029	1490
2490.25016137709	1491
2520.22191055194	1492
2543.67332924756	1493
2522.97184323938	1494
2521.99628289921	1495
2545.23898684826	1496
2532.40265165524	1497
2515.83756745898	1498
2516.51965098481	1499
2549.98798037146	1500
2526.07806712061	1501
2507.84312085	1502
2546.19688418772	1503
2506.61652147751	1504
2520.58381313534	1505
2541.15154107909	1506
2511.58634766918	1507
2556.75332977757	1508
2533.75564677882	1509
2521.58497771977	1510
2533.07743857442	1511
2511.33419437811	1512
2547.41812276232	1513
2516.79474971535	1514
2539.16172563938	1515
2546.81610903154	1516
2521.74236760354	1517
2517.90932665225	1518
2550.94536169737	1519
2542.23885988055	1520
2533.11268373107	1521
2511.29022800137	1522
2528.08074829795	1523
2540.59235118513	1524
2519.96411580325	1525
2524.800635113	1526
2523.30503128089	1527
2548.0737360338	1528
2549.51713371125	1529
2529.85216287732	1530
2512.63388152984	1531
2537.75817522065	1532
2503.03002161244	1533
2537.91930658775	1534
2538.98543610672	1535
2513.47220224093	1536
2552.92075462283	1537
2524.80041828338	1538
2540.36971685985	1539
2528.52759827693	1540
2558.86770115899	1541
2532.48780883217	1542
2526.87591335768	1543
2522.8213103662	1544
2521.2515392912	1545
2542.69306035369	1546
2517.20296631832	1547
2508.41559573093	1548
2528.02086625309	1549
2518.00555038441	1550
2534.9179275614	1551
2548.24784442508	1552
2547.95015174983	1553
2560.02380962972	1554
2542.49742056718	1555
2516.3774587574	1556
2535.13272370767	1557
2554.11266526236	1558
2543.04658785547	1559
2511.59117121047	1560
2543.50272440012	1561
2553.1531864526	1562
2533.25519242542	1563
2550.84733942953	1564
2532.43520195562	1565
2543.88025017259	1566
2538.62167641453	1567
2523.06462144668	1568
2540.70366025807	1569
2541.9430374315	1570
2500.71236026444	1571
2532.8055262216	1572
2550.8460747046	1573
2556.90981765663	1574
2550.71897310481	1575
2527.4260874162	1576
2534.3963929405	1577
2531.10509485361	1578
2538.44932322314	1579
2526.24688310524	1580
2521.5456682282	1581
2552.63556189024	1582
2528.85105095653	1583
2533.40941370024	1584
2532.01240946314	1585
2531.6181040587	1586
2523.46620554081	1587
2525.55390272944	1588
2522.96751542392	1589
2521.1075861584	1590
2546.2756800225	1591
2532.10056228845	1592
2513.73040697407	1593
2536.65896328513	1594
2549.99399461665	1595
2521.35932115554	1596
2527.59058713106	1597
2552.49051894001	1598
2527.74700639586	1599
2529.50956277272	1600
2553.48900613583	1601
2529.36945661621	1602
2493.31479197238	1603
2526.21868923554	1604
2533.50312618863	1605
2535.29456365038	1606
2537.56510381477	1607
2526.79358562595	1608
2528.45322167604	1609
2531.53633292417	1610
2547.2584368849	1611
2537.74755751045	1612
2508.70980877115	1613
2517.88539830313	1614
2546.77918189561	1615
2526.02124717555	1616
2533.75268790406	1617
2529.95203260423	1618
2539.6619193567	1619
2507.63159148138	1620
2515.08781138899	1621
2539.44443677376	1622
2515.75488246493	1623
2525.78662831946	1624
2513.95490675098	1625
2544.68273907334	1626
2520.20123967649	1627
2530.06220097767	1628
2522.06094750842	1629
2520.78547685925	1630
2527.46229119792	1631
2542.28126230464	1632
2530.6971623422	1633
2504.41871221223	1634
2519.25215089126	1635
2526.05026166773	1636
2514.68962371312	1637
2514.16188936834	1638
2522.91970008943	1639
2542.27257531143	1640
2493.44768360404	1641
2524.13890819801	1642
2532.13909599002	1643
2544.26114580192	1644
2522.64512043382	1645
2525.86205880516	1646
2537.47617097336	1647
2563.76355196699	1648
2547.58748089357	1649
2541.17765263845	1650
2532.83671941127	1651
2535.01028820678	1652
2532.07260527866	1653
2505.0866617725	1654
2515.04403695266	1655
2520.75348431196	1656
2550.16260040848	1657
2531.49436275662	1658
2522.7112931247	1659
2487.79216651205	1660
2526.03861804258	1661
2500.5165285846	1662
2505.60061185776	1663
2535.85521604994	1664
2526.47712246924	1665
2527.69286139935	1666
2526.26621770388	1667
2540.98419394432	1668
2525.62816937285	1669
2535.37888616382	1670
2526.23887593814	1671
2541.18717806793	1672
2539.53164852298	1673
2524.43428969757	1674
2547.58344344147	1675
2540.45564727938	1676
2559.40144833595	1677
2502.10601802867	1678
2529.63341607033	1679
2537.4923413834	1680
2520.84543806521	1681
2537.15868756795	1682
2536.32740911158	1683
2537.692762178	1684
2526.64679045276	1685
2521.68196162768	1686
2513.89539826414	1687
2516.5839214506	1688
2538.54780321893	1689
2543.30628207423	1690
2528.0734724658	1691
2519.98836632145	1692
2539.17538588359	1693
2509.70792441508	1694
2538.57386833479	1695
2549.81177112881	1696
2528.70593970344	1697
2516.3189596615	1698
2550.1620274764	1699
2529.85961844258	1700
2543.00178586342	1701
2527.17021132168	1702
2537.16918236642	1703
2518.3278929471	1704
2527.30272947009	1705
2511.87187337451	1706
2529.03286837527	1707
2522.87870563052	1708
2539.01320003366	1709
2529.64029555944	1710
2510.63845152302	1711
2537.86542814007	1712
2515.95375283723	1713
2529.87478393307	1714
2519.05139076886	1715
2529.59531721404	1716
2546.20599154133	1717
2527.83495788357	1718
2524.71755298479	1719
2534.04772849825	1720
2537.44739731873	1721
2567.04084240156	1722
2518.8096043107	1723
2530.24905873571	1724
2522.05942554019	1725
2539.0529992001	1726
2537.40993508154	1727
2536.05433013851	1728
2522.76436905488	1729
2533.30442010314	1730
2516.77438981185	1731
2545.64024631715	1732
2555.78991428975	1733
2551.72906813338	1734
2533.92987370491	1735
2532.30246046615	1736
2537.83454232383	1737
2549.4018373865	1738
2511.93446522757	1739
2529.48386948506	1740
2546.82785821393	1741
2545.09711332826	1742
2519.56175983249	1743
2543.17701077368	1744
2523.39955500976	1745
2545.85384910607	1746
2533.15037899328	1747
2519.76069663646	1748
2513.89126405472	1749
2525.13683337197	1750
2515.14593402588	1751
2524.33195675907	1752
2538.78816192422	1753
2540.9763611255	1754
2532.25816239657	1755
2540.53011040453	1756
2516.02703280183	1757
2545.08195961505	1758
2541.60897184348	1759
2523.11841445408	1760
2506.41726582093	1761
2549.92254626873	1762
2549.26670344707	1763
2534.509395658	1764
2534.66037165556	1765
2543.10382019903	1766
2512.24021594356	1767
2547.61454035283	1768
2540.7018635578	1769
2539.38461792562	1770
2539.70307731114	1771
2534.9557195298	1772
2537.72510381366	1773
2545.91846648088	1774
2549.41198318941	1775
2536.96849045124	1776
2536.3163378803	1777
2554.25102285351	1778
2520.62703916028	1779
2533.384674972	1780
2528.83853844049	1781
2516.40312900386	1782
2560.54311032851	1783
2527.13421135342	1784
2524.47790106737	1785
2536.26024831714	1786
2528.69313529591	1787
2521.16178193684	1788
2556.95414413534	1789
2529.63237615215	1790
2528.23670661797	1791
2539.51482502495	1792
2503.42602316239	1793
2550.69797000976	1794
2532.04146445551	1795
2540.52338567477	1796
2533.74424293966	1797
2535.99680952456	1798
2553.51871238124	1799
2523.06522931834	1800
2541.83029245284	1801
2531.59275232434	1802
2517.75481798853	1803
2513.08789974505	1804
2540.57735380733	1805
2547.95564188204	1806
2535.58514681776	1807
2524.79848022779	1808
2544.25224581039	1809
2502.78420784254	1810
2533.22123224876	1811
2547.02013915501	1812
2505.86233280609	1813
2510.09266210659	1814
2541.10996438176	1815
2535.00060579848	1816
2518.57817103677	1817
2533.48622806323	1818
2530.21968746719	1819
2536.00063234563	1820
2538.56640298205	1821
2553.03988347705	1822
2538.14422548093	1823
2517.34898956503	1824
2528.00379248625	1825
2556.09388995985	1826
2522.0871932821	1827
2550.85023535755	1828
2527.86210153046	1829
2551.63992355915	1830
2533.25607157545	1831
2497.25144303442	1832
2531.38272167234	1833
2518.6076278959	1834
2530.18224159965	1835
2533.39821532267	1836
2541.07436095399	1837
2562.17403978305	1838
2542.51285740994	1839
2531.12290747643	1840
2515.17953703933	1841
2526.6639013756	1842
2525.34381931393	1843
2551.21606951625	1844
2525.03540806206	1845
2528.02381723087	1846
2540.89750482381	1847
2519.14903552214	1848
2529.30756048831	1849
2510.22707233797	1850
2528.90809639405	1851
2514.83126985475	1852
2530.17860344506	1853
2531.09270206702	1854
2501.97378351311	1855
2529.39052982981	1856
2542.90452940135	1857
2525.02463948883	1858
2534.26817718958	1859
2538.7499478858	1860
2503.46805690238	1861
2550.46585136042	1862
2535.60505378716	1863
2507.73587466222	1864
2516.89145909319	1865
2561.38675046846	1866
2544.69939734508	1867
2512.50467592318	1868
2543.20872247905	1869
2530.20967425974	1870
2518.47791714566	1871
2549.25904909508	1872
2509.94299694036	1873
2539.68048273376	1874
2532.49863132988	1875
2546.10153097107	1876
2515.58356258028	1877
2515.62951371037	1878
2552.9229651978	1879
2491.69381920559	1880
2523.88837542502	1881
2540.60140882077	1882
2529.86794609565	1883
2499.48425744206	1884
2508.39222334964	1885
2510.731401403	1886
2530.12303804736	1887
2533.09650136964	1888
2522.30358996768	1889
2515.21906586616	1890
2516.65889063332	1891
2520.40297284214	1892
2538.78119296184	1893
2520.09510522603	1894
2542.34464454021	1895
2530.51361332523	1896
2532.29188892531	1897
2532.30298368193	1898
2529.44209484029	1899
2521.9831213855	1900
2541.46406884067	1901
2535.71082703916	1902
2509.79336404517	1903
2530.91572874004	1904
2526.21134262601	1905
2512.18928080196	1906
2537.22221799662	1907
2535.41521602688	1908
2540.36005468199	1909
2529.29215110543	1910
2534.89099824168	1911
2535.64330835313	1912
2533.62543099273	1913
2536.80037697992	1914
2534.36385605017	1915
2517.93362067351	1916
2537.16242966126	1917
2533.59629509497	1918
2521.75432066066	1919
2539.80841948261	1920
2531.34362777527	1921
2525.42602958275	1922
2523.27680624319	1923
2527.25431470592	1924
2544.27115471099	1925
2525.19912261602	1926
2532.74619427651	1927
2549.54997756342	1928
2546.42274368875	1929
2539.15922686529	1930
2531.33833159239	1931
2528.80346410799	1932
2505.05091565816	1933
2527.598699969	1934
2524.54367723814	1935
2503.81405629237	1936
2524.06849099522	1937
2520.0282838877	1938
2524.31525799347	1939
2524.28661329866	1940
2547.24713577624	1941
2529.44488893447	1942
2504.01123316922	1943
2530.32697779475	1944
2518.29539964831	1945
2530.47727581595	1946
2538.01675326309	1947
2551.42854759303	1948
2555.52069152355	1949
2524.7143267957	1950
2527.86161204004	1951
2539.75727908629	1952
2517.16481309626	1953
2550.72084008533	1954
2512.1213839936	1955
2513.52541700759	1956
2527.94603588024	1957
2532.26435870631	1958
2518.57731044767	1959
2524.92575050634	1960
2554.54476297236	1961
2523.89226767887	1962
2537.33238962524	1963
2542.96382308609	1964
2525.24716239517	1965
2508.39867604595	1966
2539.16274123948	1967
2555.46754894248	1968
2550.27816590042	1969
2532.24064417426	1970
2520.92781705827	1971
2520.33254678595	1972
2510.1483600773	1973
2517.16098880009	1974
2516.60435485875	1975
2532.98939303841	1976
2536.82823037963	1977
2538.55923478069	1978
2541.20492668539	1979
2526.57247282911	1980
2523.71686913824	1981
2515.95432961785	1982
2530.08227272011	1983
2537.85689314622	1984
2543.99479701496	1985
2524.99784222055	1986
2545.74444734591	1987
2526.1090215464	1988
2497.18231691187	1989
2520.19103258947	1990
2528.10547641475	1991
2536.24183969766	1992
2513.71118144827	1993
2519.97505558397	1994
2532.49171370181	1995
2526.15558283445	1996
2523.10363125728	1997
2514.39237182147	1998
2542.38068483655	1999
2514.47461766988	2000
2524.30135327592	2001
2530.97408152012	2002
2546.88754413899	2003
2550.73177645384	2004
2544.19740402943	2005
2519.96567624683	2006
2525.50476811056	2007
2526.31746278845	2008
2541.63430889525	2009
2526.08560285876	2010
2524.31443711216	2011
2525.11131125772	2012
2522.81165830009	2013
2544.36841108888	2014
2536.25209753224	2015
2541.72500718254	2016
2551.12071315293	2017
2550.79028360324	2018
2522.33247023505	2019
2553.56133168	2020
2530.44918315172	2021
2521.81378213923	2022
2513.44865295922	2023
2518.13306031833	2024
2516.22820425929	2025
2541.04105186322	2026
2552.71069613604	2027
2546.38611547759	2028
2538.56325417393	2029
2542.22793098471	2030
2539.17498537688	2031
2527.74480628296	2032
2549.60125014983	2033
2521.64362356413	2034
2541.52059728014	2035
2521.90151626573	2036
2508.11140132111	2037
2555.33138423714	2038
2530.32744685575	2039
2519.84437089531	2040
2554.32833805472	2041
2530.80145843563	2042
2529.07850325792	2043
2516.67837430189	2044
2535.47712811049	2045
2527.30074289209	2046
2512.47691767234	2047
2545.82734449326	2048
2528.69173790299	2049
2541.93067504043	2050
2535.13043999463	2051
2519.1714809187	2052
2543.51106249357	2053
2521.58288595882	2054
2529.84545433757	2055
2544.8482097902	2056
2537.65020058033	2057
2526.23871829355	2058
2547.98818120525	2059
2533.89503955567	2060
2539.94615156516	2061
2516.86148862004	2062
2542.84784433783	2063
2530.50380208483	2064
2501.14682287132	2065
2561.48331823945	2066
2531.80524777495	2067
2527.09386910128	2068
2536.21407703012	2069
2520.0207915626	2070
2526.94341479935	2071
2534.5970864303	2072
2543.07488193658	2073
2533.88847841438	2074
2516.03806667552	2075
2565.13489985836	2076
2533.7083476822	2077
2526.9240719581	2078
2555.41177383152	2079
2518.27743389439	2080
2534.70024997909	2081
2526.58605359402	2082
2522.53408354114	2083
2535.10880460263	2084
2516.17003459393	2085
2532.62705735199	2086
2525.99488559048	2087
2524.39654318058	2088
2537.33813971644	2089
2527.34673885836	2090
2530.95485165152	2091
2545.2874656608	2092
2522.46482281219	2093
2542.04941796804	2094
2535.35520498626	2095
2528.36342375333	2096
2518.66048861212	2097
2545.97937099068	2098
2526.47847518543	2099
2534.7062445225	2100
2544.39105690307	2101
2528.49620240424	2102
2535.21419691571	2103
2515.13236570382	2104
2526.98497978357	2105
2542.55075871033	2106
2520.79125047355	2107
2531.10805438176	2108
2521.68578569568	2109
2545.97001771925	2110
2538.72211691542	2111
2528.30405774082	2112
2536.99285845752	2113
2544.26022897724	2114
2537.11958892754	2115
2525.75718746568	2116
2498.7807406359	2117
2529.9611009394	2118
2540.8589593019	2119
2522.82409099008	2120
2516.15080866034	2121
2541.61719237336	2122
2531.77072058208	2123
2506.76728790291	2124
2543.55101506593	2125
2549.44032565596	2126
2527.31842162775	2127
2541.79240506638	2128
2523.44997650715	2129
2547.94590169146	2130
2525.39195909654	2131
2540.98760753925	2132
2535.53196219755	2133
2525.28711088745	2134
2539.35042558469	2135
2520.92757091239	2136
2520.31116141356	2137
2547.8931152586	2138
2531.03650419166	2139
2531.098732021	2140
2531.71803833998	2141
2554.10148829284	2142
2567.06124638292	2143
2500.08172117226	2144
2512.40507295614	2145
2548.24050176497	2146
2551.8071371662	2147
2543.34506849901	2148
2528.18631499842	2149
2544.76732507606	2150
2536.09902632635	2151
2523.70174952361	2152
2531.95610250381	2153
2539.40396889327	2154
2523.48159109147	2155
2561.49748989421	2156
2543.50307593228	2157
2524.46298848165	2158
2535.24445090321	2159
2540.23837994384	2160
2538.2940267855	2161
2535.7596707885	2162
2534.71414511517	2163
2525.73484721808	2164
2533.85121299459	2165
2527.67138631493	2166
2535.52446162269	2167
2518.25816127477	2168
2542.33816807439	2169
2521.26461803661	2170
2539.45929530155	2171
2541.38660880204	2172
2533.76345142509	2173
2519.44461409433	2174
2542.76568722347	2175
2540.65616409131	2176
2533.25807596292	2177
2501.54320056006	2178
2514.59831086395	2179
2534.62942134065	2180
2519.37581082139	2181
2520.52942846181	2182
2533.57706189909	2183
2532.71124857428	2184
2523.7279582977	2185
2529.35117104048	2186
2523.28134296546	2187
2530.30054139421	2188
2559.68844809178	2189
2539.67881897327	2190
2542.74692662376	2191
2527.23515165081	2192
2529.73867529952	2193
2504.29706766255	2194
2543.90084568515	2195
2528.37129500897	2196
2501.69250446182	2197
2553.63218023274	2198
2551.39197217089	2199
2526.23877137168	2200
2520.72986592609	2201
2542.80469799357	2202
2525.55805878437	2203
2514.3026156452	2204
2518.0634350074	2205
2534.59802171737	2206
2514.59641141	2207
2533.59212495848	2208
2542.59276927133	2209
2535.00357300756	2210
2529.36814411497	2211
2539.07549462675	2212
2549.03670585834	2213
2524.29343087329	2214
2526.05830473978	2215
2544.74250233515	2216
2540.55163448743	2217
2537.49956246174	2218
2532.14913655415	2219
2519.71896625613	2220
2537.57383362685	2221
2516.65356256077	2222
2512.50358027005	2223
2515.96772547443	2224
2521.68945112522	2225
2532.04275977795	2226
2532.12023984474	2227
2533.54829334109	2228
2524.58428257635	2229
2512.83993872554	2230
2538.82616886819	2231
2524.10769076129	2232
2535.11979124786	2233
2519.03384925509	2234
2536.62641667751	2235
2546.06784799937	2236
2534.25472768907	2237
2518.20560599506	2238
2528.99560363992	2239
2551.74030178845	2240
2537.46054688504	2241
2530.5076833359	2242
2492.81628520781	2243
2531.72408370325	2244
2548.54062959228	2245
2509.121119737	2246
2534.37683368544	2247
2541.45973780344	2248
2526.02031658162	2249
2521.84066012234	2250
2539.25962185839	2251
2502.725315883	2252
2538.2863512614	2253
2532.35482892041	2254
2502.86351885245	2255
2528.29955885117	2256
2524.31250451658	2257
2534.21758502908	2258
2517.7337981211	2259
2520.62271706238	2260
2524.39295847483	2261
2527.61300248625	2262
2497.34124274408	2263
2519.13957027295	2264
2540.26088095135	2265
2517.66986788218	2266
2518.83209122948	2267
2531.81436282857	2268
2525.90018253496	2269
2519.60969731643	2270
2538.87060489269	2271
2492.9719137877	2272
2503.80256111453	2273
2545.84147907702	2274
2526.37735784251	2275
2535.22476785138	2276
2504.58624697311	2277
2551.31904523226	2278
2517.57384686827	2279
2529.4059096491	2280
2541.74118329343	2281
2517.96622886593	2282
2542.28690401842	2283
2550.37148575384	2284
2515.04377221782	2285
2540.19245540039	2286
2539.05846070596	2287
2526.1587986237	2288
2509.81727097991	2289
2516.06758292804	2290
2516.81287393722	2291
2531.81773319897	2292
2519.91752855297	2293
2495.65525114736	2294
2551.95461831477	2295
2528.81135874912	2296
2521.39565344443	2297
2517.33103098122	2298
2538.1319139922	2299
2524.06223671041	2300
2510.86369790299	2301
2508.81084010775	2302
2556.5653243507	2303
2519.09118382624	2304
2517.66702711797	2305
2523.10339710913	2306
2534.15467058765	2307
2501.04864371661	2308
2536.32862922601	2309
2528.13846823594	2310
2514.93610530784	2311
2539.18383470714	2312
2524.53098993397	2313
2514.09876949025	2314
2514.45180022795	2315
2519.85170362471	2316
2530.94632561328	2317
2541.42647080707	2318
2537.58949491686	2319
2533.52589713368	2320
2505.17917161529	2321
2550.39967021925	2322
2562.84429797969	2323
2518.54695665795	2324
2550.0947256742	2325
2529.91438302923	2326
2528.82473063636	2327
2530.28937641652	2328
2535.10024011339	2329
2530.03719153879	2330
2529.77796822371	2331
2525.31287293944	2332
2518.54735972959	2333
2548.82364087052	2334
2545.33076825433	2335
2537.70688920996	2336
2543.00922549776	2337
2534.24075753104	2338
2543.02987280566	2339
2553.01459144418	2340
2508.55552416914	2341
2515.83860387328	2342
2551.55667172806	2343
2542.08065498917	2344
2545.41813782458	2345
2507.14769569259	2346
2533.2787598666	2347
2540.76763009805	2348
2522.48587131122	2349
2521.12019513189	2350
2540.20817709985	2351
2490.85680439031	2352
2496.9408097398	2353
2541.40048636655	2354
2523.93168734282	2355
2523.14666973171	2356
2522.15158934503	2357
2533.10780150493	2358
2528.33876621397	2359
2565.04807303146	2360
2514.54328006157	2361
2539.34101744057	2362
2533.28933871342	2363
2533.91399730996	2364
2501.98380846512	2365
2518.63298230126	2366
2501.48823672366	2367
2540.59715238424	2368
2535.41568565508	2369
2503.64738869368	2370
2522.3002413945	2371
2514.36664098378	2372
2504.22355350466	2373
2525.18548317003	2374
2524.56355426474	2375
2532.20462968224	2376
2548.32382360159	2377
2562.54760869864	2378
2533.98976238362	2379
2542.48305218793	2380
2508.32188453856	2381
2542.66929605772	2382
2539.90733177842	2383
2554.60719155446	2384
2537.9252484249	2385
2537.42477565299	2386
2537.06858649262	2387
2510.46571320846	2388
2541.13421685961	2389
2503.47477892452	2390
2539.3365702758	2391
2553.4836649461	2392
2531.84364119718	2393
2520.77417467254	2394
2546.49711705033	2395
2568.01910456302	2396
2525.95265786726	2397
2521.23554590411	2398
2492.88955623804	2399
2510.32469798951	2400
2507.84873313388	2401
2531.91192777345	2402
2525.79765102956	2403
2551.23834611239	2404
2513.39333828396	2405
2545.72042201488	2406
2521.43025251776	2407
2496.122275496	2408
2546.70394512948	2409
2543.12071802364	2410
2539.73865064429	2411
2540.5609345365	2412
2544.97136537185	2413
2531.8088599883	2414
2536.04507083137	2415
2545.86424120586	2416
2525.8048129664	2417
2554.52696742905	2418
2551.42898250032	2419
2548.75038375143	2420
2526.54491031322	2421
2537.93420680838	2422
2541.48786374036	2423
2530.55291736582	2424
2532.28816588207	2425
2518.6971167476	2426
2535.23981233565	2427
2524.76479746629	2428
2536.69450184022	2429
2520.56526330771	2430
2513.60655847871	2431
2515.4764326551	2432
2516.22231903792	2433
2556.10359827057	2434
2528.89503936256	2435
2531.54862098882	2436
2527.35842852175	2437
2528.00518411002	2438
2528.13591548102	2439
2509.0239254456	2440
2551.40429038007	2441
2499.36363127776	2442
2512.98858901672	2443
2511.82841096013	2444
2546.46034294039	2445
2547.92370697773	2446
2530.13239138775	2447
2532.57049338116	2448
2525.00010350386	2449
2526.04157419317	2450
2534.58851065574	2451
2553.44038310432	2452
2517.8462861588	2453
2537.84858103588	2454
2542.23863226076	2455
2544.68219674084	2456
2530.39985879068	2457
2527.17599658911	2458
2529.94848464483	2459
2542.74807745572	2460
2523.39305278689	2461
2543.68623520275	2462
2538.28438795208	2463
2528.74546479596	2464
2556.03140872981	2465
2525.01859474086	2466
2515.44514455932	2467
2530.20217730964	2468
2529.0977096827	2469
2516.70344262286	2470
2531.73792844724	2471
2529.89532542115	2472
2521.67469825997	2473
2510.05006746448	2474
2536.85526312314	2475
2518.8182390349	2476
2521.27353622622	2477
2518.39876297323	2478
2528.3024541949	2479
2542.19399819786	2480
2544.49781319669	2481
2528.65429843868	2482
2532.13893522028	2483
2539.40118578969	2484
2488.95121150574	2485
2516.98847557269	2486
2525.09998275437	2487
2557.97362849652	2488
2526.39106816424	2489
2510.02060429491	2490
2527.21064835098	2491
2528.33574547057	2492
2535.40830599574	2493
2547.94477043854	2494
2523.6442511053	2495
2527.04442263145	2496
2526.43112491698	2497
2566.91008974207	2498
2541.44102240117	2499
2526.80102309158	2500
2522.43573398345	2501
2522.30832500881	2502
2524.02197014509	2503
2543.47895611532	2504
2516.06511093886	2505
2540.35197250252	2506
2520.24252190637	2507
2527.87111976836	2508
2514.19769148873	2509
2532.0580256731	2510
2487.92163126009	2511
2571.39112947002	2512
2532.74127407213	2513
2544.35545623544	2514
2503.79765146713	2515
2529.96348675694	2516
2517.17594333073	2517
2540.32544217972	2518
2524.17236962169	2519
2541.83116425783	2520
2528.4295283244	2521
2517.46091723392	2522
2528.88233631943	2523
2537.67429472231	2524
2529.00142682047	2525
2513.88697936008	2526
2513.13758502807	2527
2525.2015444101	2528
2518.9128493083	2529
2524.06280547865	2530
2538.31161160782	2531
2536.5796367256	2532
2523.33874920034	2533
2545.50240270098	2534
2523.03995111075	2535
2546.2139560933	2536
2518.01077956498	2537
2523.85970467008	2538
2532.73914522397	2539
2518.57100277561	2540
2534.39799128779	2541
2539.59156434343	2542
2546.76980582576	2543
2543.16475605191	2544
2534.73251596478	2545
2529.76155800273	2546
2532.6910532066	2547
2513.1243743746	2548
2529.42505486524	2549
2537.02139166528	2550
2534.51499389405	2551
2515.93224976066	2552
2541.22458528018	2553
2528.40299738052	2554
2524.41766366598	2555
2521.04658590229	2556
2518.10365248185	2557
2517.95775493836	2558
2543.77135127525	2559
2544.82915384132	2560
2492.31166110099	2561
2517.72976761972	2562
2537.27541022222	2563
2540.230412198	2564
2515.52138261356	2565
2547.5662054043	2566
2554.9496321638	2567
2524.09936034696	2568
2539.34485731091	2569
2545.55263651187	2570
2505.56733526212	2571
2533.07813656398	2572
2574.30240835207	2573
2539.35836826767	2574
2519.21625408654	2575
2534.56156566764	2576
2537.77145151868	2577
2527.13427251299	2578
2510.62939925257	2579
2540.14571918796	2580
2531.21577817082	2581
2518.39340005787	2582
2555.57309364511	2583
2539.00278537228	2584
2556.46913750097	2585
2511.54651498322	2586
2514.96544791025	2587
2538.52145921775	2588
2557.84637657658	2589
2535.23445398002	2590
2530.71000859649	2591
2559.33254890868	2592
2526.18420502248	2593
2539.78088552737	2594
2549.44509724065	2595
2543.91545733988	2596
2536.65913198596	2597
2508.56598085823	2598
2531.26516136733	2599
2496.97192161442	2600
2526.41596111727	2601
2540.4600137744	2602
2565.92572462048	2603
2538.88904560217	2604
2504.55479504836	2605
2518.09935005165	2606
2558.88816032794	2607
2516.96768579669	2608
2534.25541371453	2609
2531.98033991835	2610
2530.68167200297	2611
2537.98655809653	2612
2534.27910240456	2613
2555.96675291531	2614
2516.42457756798	2615
2532.64772524312	2616
2541.40738340872	2617
2528.48714892594	2618
2524.63149584252	2619
2539.40381868524	2620
2528.5698472425	2621
2532.54930937469	2622
2518.81246100334	2623
2532.78563196704	2624
2530.85097333756	2625
2526.48982189355	2626
2529.41282004443	2627
2536.40880073076	2628
2519.21539706507	2629
2528.56953679278	2630
2532.22713934562	2631
2517.38157585701	2632
2488.01000784694	2633
2527.6249828961	2634
2511.72781579872	2635
2535.08164381479	2636
2552.49235537998	2637
2526.13637145176	2638
2517.48588783723	2639
2524.13332568935	2640
2518.37738508317	2641
2537.63734896479	2642
2522.67711548485	2643
2509.62496959798	2644
2537.46934433513	2645
2543.52031076653	2646
2526.83738222721	2647
2516.80198850422	2648
2519.53184545312	2649
2522.26050159641	2650
2503.97338146952	2651
2534.71529913063	2652
2551.63094479025	2653
2533.24841446057	2654
2511.74573928839	2655
2529.56567580125	2656
2528.84564022914	2657
2522.79652444112	2658
2524.74699026788	2659
2508.36260314212	2660
2500.37119161433	2661
2496.89924616234	2662
2553.04134218532	2663
2548.59403105802	2664
2517.66004294422	2665
2526.59521167659	2666
2535.56408735895	2667
2536.61078656962	2668
2538.56237641219	2669
2529.62844195746	2670
2511.67196728576	2671
2535.35625041342	2672
2532.25645431037	2673
2538.67604324642	2674
2516.04348310342	2675
2516.0197660564	2676
2550.11642604781	2677
2528.52525976856	2678
2520.39711343596	2679
2543.26245845634	2680
2531.53567837476	2681
2537.07014814689	2682
2525.01022846587	2683
2524.86757171756	2684
2535.58898820313	2685
2528.92645523682	2686
2546.90141344982	2687
2518.75811332431	2688
2519.0514301656	2689
2562.13390910851	2690
2525.05940812596	2691
2536.73039880724	2692
2552.87751371488	2693
2513.58213526246	2694
2517.2927715238	2695
2525.66366482445	2696
2524.10692708711	2697
2515.00294681652	2698
2524.46073004765	2699
2533.76876682876	2700
2539.05617811218	2701
2519.93959896916	2702
2515.71990325895	2703
2528.94248992437	2704
2518.14492525661	2705
2536.17439002023	2706
2521.93291762317	2707
2535.31120130689	2708
2525.69664447027	2709
2530.72984868539	2710
2511.03726309903	2711
2535.08766143154	2712
2526.38309498548	2713
2503.05689831634	2714
2556.3554538453	2715
2526.40871002932	2716
2541.9235316518	2717
2536.72221451859	2718
2509.69141453505	2719
2534.23084117447	2720
2531.06289871998	2721
2518.83298582365	2722
2528.02093947306	2723
2523.69560495214	2724
2520.04513399229	2725
2514.16888737802	2726
2526.71612963751	2727
2521.94587078166	2728
2535.49994808949	2729
2526.00813342153	2730
2516.80862727171	2731
2532.88718581874	2732
2519.68432211381	2733
2534.00265792943	2734
2526.74881957147	2735
2512.54867010159	2736
2522.88638595624	2737
2522.4804244518	2738
2530.33328086347	2739
2527.27124031496	2740
2532.62437855623	2741
2513.38906185144	2742
2524.03449919031	2743
2522.44998833413	2744
2523.01194704343	2745
2534.6582731291	2746
2530.8125245248	2747
2521.92752264388	2748
2533.41937824907	2749
2536.88276752558	2750
2532.47971311331	2751
2502.78637096752	2752
2508.95746615638	2753
2513.24210108824	2754
2527.18693900367	2755
2557.64688547699	2756
2515.07138490032	2757
2530.51295425209	2758
2546.4091743242	2759
2500.41694724941	2760
2512.78359514341	2761
2527.71934412612	2762
2537.50344083828	2763
2517.89304328524	2764
2512.06614260616	2765
2517.54117326207	2766
2522.37738593853	2767
2534.75968133565	2768
2533.59360212451	2769
2559.49633602444	2770
2526.32264550734	2771
2542.28492672659	2772
2519.80269672988	2773
2522.82550700456	2774
2532.81652417056	2775
2542.02642162263	2776
2540.13523291103	2777
2532.45487351967	2778
2530.31510310682	2779
2530.10175149194	2780
2557.72161906795	2781
2522.64418575588	2782
2550.25926351609	2783
2530.44948910424	2784
2513.96306848585	2785
2513.8541525073	2786
2558.83392784575	2787
2517.51193032805	2788
2508.77388003465	2789
2525.48540690044	2790
2532.05348516249	2791
2537.81201647721	2792
2515.99868942389	2793
2525.46466589791	2794
2529.17913133621	2795
2531.20910415866	2796
2524.1631543016	2797
2521.19585457021	2798
2537.0766160734	2799
2546.17541999639	2800
2538.5753921001	2801
2532.61544692287	2802
2532.19885763948	2803
2530.53217653634	2804
2530.38318927832	2805
2512.41182692396	2806
2537.51761572564	2807
2526.24724948807	2808
2531.85659775891	2809
2522.79799528298	2810
2537.97885417459	2811
2551.0851823634	2812
2526.61809049212	2813
2540.94608382651	2814
2529.74089829	2815
2543.28350649611	2816
2512.55294225519	2817
2520.60765620372	2818
2544.6304991669	2819
2536.64886762253	2820
2530.28094012199	2821
2555.17136510955	2822
2543.66501711662	2823
2523.66584821414	2824
2544.38042015129	2825
2523.58745914485	2826
2525.18770907656	2827
2528.84246455848	2828
2516.18504459287	2829
2537.76895219219	2830
2501.78310262045	2831
2513.56079260788	2832
2554.55044032466	2833
2556.25587075651	2834
2540.61619382382	2835
2532.89153114654	2836
2535.88166143465	2837
2544.26535132017	2838
2528.19561228319	2839
2527.36132274849	2840
2550.0420203574	2841
2550.01716433419	2842
2539.62621450606	2843
2534.265376338	2844
2545.79662076611	2845
2545.75503604154	2846
2527.56439756487	2847
2499.8319559929	2848
2534.63870516794	2849
2520.44462163656	2850
2526.28253937302	2851
2551.62318530338	2852
2555.16760409645	2853
2548.1633210704	2854
2524.77969144671	2855
2520.31423798819	2856
2532.50762925277	2857
2518.1599050902	2858
2542.80600481716	2859
2540.03282377789	2860
2521.17474078696	2861
2552.06441394134	2862
2514.82408828691	2863
2511.09306497744	2864
2532.72976518166	2865
2540.51981949785	2866
2515.36041863218	2867
2552.99557043884	2868
2544.16336205867	2869
2522.24479440481	2870
2559.64531527462	2871
2534.25440247787	2872
2509.70013830666	2873
2516.72038832841	2874
2508.04261589851	2875
2520.94152617392	2876
2530.03678798093	2877
2511.79331706027	2878
2540.54749554898	2879
2505.28620576657	2880
2542.84998213245	2881
2515.85539533109	2882
2525.86847980457	2883
2534.52929653033	2884
2547.54018330773	2885
2541.84852088326	2886
2528.90679321732	2887
2549.33984183535	2888
2539.9309743758	2889
2522.73031306488	2890
2539.1152304435	2891
2544.9187956631	2892
2533.61534315728	2893
2515.52756715093	2894
2545.67025775677	2895
2524.38948471444	2896
2552.51862686982	2897
2539.43184854324	2898
2547.1893713996	2899
2533.37605653586	2900
2535.97675073504	2901
2510.97599288956	2902
2545.40763678845	2903
2528.4840542634	2904
2536.66949460893	2905
2526.6763426836	2906
2539.14135292866	2907
2516.90288302897	2908
2519.6583349366	2909
2526.90656970818	2910
2544.19431461694	2911
2534.03785276579	2912
2526.24710503072	2913
2519.88101710031	2914
2534.79104324518	2915
2530.70325074738	2916
2532.06515158407	2917
2555.97582251313	2918
2543.83736851159	2919
2554.60527377226	2920
2540.72772511475	2921
2551.30321804318	2922
2523.04712050715	2923
2532.25083421652	2924
2549.44833139818	2925
2519.84463814415	2926
2523.60211643734	2927
2541.29061746404	2928
2517.84745219941	2929
2539.50138851782	2930
2515.11274657392	2931
2523.67586674338	2932
2533.30225112183	2933
2550.30259975472	2934
2519.04840009633	2935
2545.0837421509	2936
2537.58655762327	2937
2535.32392782107	2938
2552.38534529653	2939
2541.0334511026	2940
2542.5486538422	2941
2522.87476345713	2942
2544.52686446194	2943
2524.31440179518	2944
2548.47809294052	2945
2528.12947710983	2946
2524.02606770374	2947
2583.06756914684	2948
2568.21497256256	2949
2548.1752023226	2950
2539.96340676622	2951
2534.85296243057	2952
2519.92382000728	2953
2518.69987217653	2954
2521.0584895815	2955
2524.21656052032	2956
2544.73747084235	2957
2518.09746197295	2958
2523.31707312786	2959
2539.38258719926	2960
2506.41273691434	2961
2541.45456770603	2962
2545.57108559144	2963
2528.42152107479	2964
2532.53841912663	2965
2527.34966076355	2966
2534.84974942747	2967
2522.6176520421	2968
2520.42116324397	2969
2521.78117856119	2970
2522.34277165402	2971
2510.09857717369	2972
2545.98515596612	2973
2531.63129257414	2974
2526.37778829451	2975
2534.85443380528	2976
2525.97595268526	2977
2508.09819243898	2978
2523.72076741536	2979
2529.50052257998	2980
2536.20735567694	2981
2508.38438315483	2982
2536.40441124824	2983
2502.96053936864	2984
2541.4581086978	2985
2493.25994086552	2986
2544.49597481124	2987
2534.67205190408	2988
2552.9270814886	2989
2546.26604822533	2990
2556.41759802706	2991
2551.69150265982	2992
2536.86855242442	2993
2535.53629527233	2994
2537.88578993825	2995
2565.96415375221	2996
2567.65866135747	2997
2545.51145659359	2998
2516.68492564413	2999
2545.07287888455	3000
2529.2390335194	3001
2560.9304589391	3002
2537.88213337043	3003
2541.67851076009	3004
2524.31084108224	3005
2549.64514472875	3006
2547.33229743811	3007
2525.85272768202	3008
2529.29289299532	3009
2521.19049891195	3010
2516.02668037113	3011
2533.16705164813	3012
2529.251046627	3013
2523.11167197603	3014
2543.43455199621	3015
2538.42426435881	3016
2538.14677929686	3017
2552.47513451033	3018
2521.20326520117	3019
2503.91384727861	3020
2547.07690224471	3021
2515.54628708303	3022
2524.93207089081	3023
2547.45140294244	3024
2543.3563445836	3025
2526.56259999306	3026
2510.02370670848	3027
2552.37007644028	3028
2502.57031312609	3029
2541.97644545782	3030
2523.62599612113	3031
2538.41771728024	3032
2498.62682777203	3033
2527.62033852128	3034
2513.71312368756	3035
2520.58883058671	3036
2562.971622924	3037
2530.39233725318	3038
2542.92339733264	3039
2542.12466085609	3040
2534.14916728385	3041
2535.42713750328	3042
2532.71999159935	3043
2539.04027916981	3044
2567.02537026722	3045
2551.65372390902	3046
2514.61020099151	3047
2542.84426214655	3048
2527.16981094028	3049
2510.9573881317	3050
2544.89014490149	3051
2535.13808898306	3052
2539.87306936336	3053
2534.81355651151	3054
2537.67586470401	3055
2521.24155384402	3056
2549.55943672567	3057
2523.89894286185	3058
2548.25710976189	3059
2543.81568839837	3060
2541.39893901526	3061
2525.58868088906	3062
2542.93154824816	3063
2520.62285968081	3064
2536.77721108289	3065
2502.96031057031	3066
2515.03750617259	3067
2543.32301299267	3068
2519.16687693883	3069
2519.16218537834	3070
2549.37056849023	3071
2540.41696751938	3072
2566.09181232909	3073
2533.36691239017	3074
2536.30045492697	3075
2532.88042737869	3076
2526.27397559355	3077
2535.31187341612	3078
2515.13989127418	3079
2525.49159184203	3080
2514.06322239721	3081
2527.48804664362	3082
2534.40365552766	3083
2517.20842727245	3084
2515.67133516598	3085
2537.72438823604	3086
2527.8743188146	3087
2527.48125566781	3088
2521.17762096938	3089
2532.31398187449	3090
2521.78808464735	3091
2512.11707023222	3092
2533.37961157789	3093
2512.79065875918	3094
2537.73025984512	3095
2531.46050589185	3096
2532.15991231941	3097
2539.48902760533	3098
2534.57810947879	3099
2531.95039170564	3100
2553.77795693681	3101
2540.63765150699	3102
2528.07822957105	3103
2529.48949065642	3104
2527.76267825425	3105
2535.62201434436	3106
2521.74769128707	3107
2518.28485877289	3108
2529.07123915627	3109
2511.3870400611	3110
2517.15501845641	3111
2506.89534460143	3112
2534.43712684739	3113
2526.25869073892	3114
2517.69352948367	3115
2533.7609315782	3116
2562.47305429796	3117
2528.8752164156	3118
2519.43439680422	3119
2542.81404887456	3120
2520.46759213904	3121
2522.04156144069	3122
2507.05690363681	3123
2508.89034360663	3124
2538.1321232458	3125
2533.05028559316	3126
2510.08642377286	3127
2519.29335237887	3128
2542.5993845637	3129
2529.66404743954	3130
2520.23618427155	3131
2528.00539810236	3132
2518.60807517113	3133
2518.98769312564	3134
2523.89191990058	3135
2534.40381771332	3136
2513.65118491656	3137
2530.64842563321	3138
2534.01461498365	3139
2532.10229999843	3140
2531.72315933368	3141
2518.15758421612	3142
2510.04737745925	3143
2514.85677590163	3144
2526.3066025664	3145
2517.5465857549	3146
2524.70771104366	3147
2533.30815833664	3148
2532.21883684223	3149
2537.18184128423	3150
2532.14508242724	3151
2536.74658136207	3152
2507.4396855541	3153
2543.24948091185	3154
2546.99758987978	3155
2505.46577059403	3156
2540.49507862348	3157
2524.4986101043	3158
2527.39746798259	3159
2527.00113479991	3160
2512.83189635551	3161
2509.44169190181	3162
2530.41552215908	3163
2541.99150373232	3164
2521.93806112678	3165
2527.9003735849	3166
2524.49903265718	3167
2526.77953775373	3168
2531.04806440794	3169
2538.79943383328	3170
2540.70855519027	3171
2549.6082330254	3172
2528.60362994096	3173
2521.74099267512	3174
2544.28785600376	3175
2540.11005212571	3176
2518.18342697391	3177
2517.75263309231	3178
2546.31616292367	3179
2523.5536714791	3180
2519.78757056396	3181
2533.86275867977	3182
2512.1776216867	3183
2536.39827592644	3184
2535.04211133296	3185
2517.20425416953	3186
2546.9834890936	3187
2517.36155043989	3188
2548.14587774563	3189
2515.15641965441	3190
2562.97409346136	3191
2533.70523113386	3192
2522.41848740274	3193
2532.69084299735	3194
2530.29416485244	3195
2513.46472640764	3196
2531.05250248419	3197
2523.89796825103	3198
2537.8940974487	3199
2533.65725626748	3200
2533.8501143042	3201
2533.66474186177	3202
2517.70765712428	3203
2514.68989783823	3204
2555.22745635336	3205
2542.99909546091	3206
2517.50038089405	3207
2512.54443989213	3208
2526.54931215017	3209
2526.77943691862	3210
2526.94294832914	3211
2525.84894797437	3212
2534.39801266807	3213
2522.42742203013	3214
2544.12719511452	3215
2537.26730180858	3216
2517.86242224392	3217
2539.41861497337	3218
2528.93539921061	3219
2541.19714295405	3220
2532.74988890023	3221
2545.27339482208	3222
2532.13622117627	3223
2519.53861220356	3224
2534.65857243836	3225
2504.9902399398	3226
2541.92812608107	3227
2535.63074439223	3228
2499.17607578785	3229
2503.43848350488	3230
2522.82357087247	3231
2522.75829741033	3232
2538.83472976175	3233
2536.31354326842	3234
2547.39614863596	3235
2558.68027416714	3236
2551.16545122939	3237
2518.33384670083	3238
2520.62310058814	3239
2533.80877461749	3240
2547.20838491365	3241
2523.43082253887	3242
2543.544085284	3243
2552.38778188726	3244
2538.14749425183	3245
2543.04713566556	3246
2528.08095627242	3247
2519.49909653912	3248
2533.61344169467	3249
2560.51385419901	3250
2549.95833500797	3251
2525.081169119	3252
2526.78857460186	3253
2551.4119275623	3254
2513.73439269326	3255
2529.43856778424	3256
2531.98819287727	3257
2542.10573679986	3258
2550.3368315591	3259
2543.97320306788	3260
2528.25905494204	3261
2532.29332066742	3262
2545.60468819684	3263
2506.29544825609	3264
2557.34014713942	3265
2521.99292001993	3266
2540.28372516749	3267
2503.3664607855	3268
2525.94456370351	3269
2547.32459489009	3270
2540.13443785122	3271
2509.34798877394	3272
2563.1627962354	3273
2542.31483509576	3274
2509.20358448754	3275
2514.44310398154	3276
2531.17013731255	3277
2548.33168421196	3278
2536.19555660717	3279
2560.31891210683	3280
2523.02545664154	3281
2554.81393536366	3282
2543.46524046629	3283
2524.66400371852	3284
2531.18502182012	3285
2537.5199515346	3286
2548.03411652319	3287
2552.23047749963	3288
2517.79047118709	3289
2529.95317323897	3290
2538.02336240569	3291
2530.28279036161	3292
2524.31606275104	3293
2533.9250201148	3294
2528.63037353226	3295
2523.34880254501	3296
2517.9035212083	3297
2533.22790096462	3298
2531.54356825541	3299
2517.65904492926	3300
2526.79236155516	3301
2505.74903508119	3302
2543.81855926713	3303
2529.70770758898	3304
2525.7841240801	3305
2505.77335982844	3306
2537.75364759348	3307
2551.2291982218	3308
2526.6847978255	3309
2524.49547538527	3310
2556.6877556031	3311
2516.19143878509	3312
2530.69615547392	3313
2532.09902009407	3314
2550.25289950631	3315
2506.84027922588	3316
2531.06969528514	3317
2531.86223954165	3318
2518.01375495007	3319
2539.74704497378	3320
2546.47691589944	3321
2513.56255336611	3322
2548.6976916996	3323
2530.12230357361	3324
2530.37295509997	3325
2543.2816968537	3326
2522.21434207387	3327
2533.81379094864	3328
2530.77492885429	3329
2510.92987313569	3330
2566.45265905039	3331
2529.6682882864	3332
2555.29051604188	3333
2537.00628774633	3334
2487.28501216876	3335
2546.67045504721	3336
2565.60191887644	3337
2520.81908557252	3338
2518.8838602176	3339
2540.63283027613	3340
2522.93473982689	3341
2533.56474673787	3342
2547.09021518337	3343
2531.46391885551	3344
2549.65652229012	3345
2528.14026768324	3346
2542.50742503576	3347
2557.32437033257	3348
2542.95585263081	3349
2533.35107787869	3350
2525.9339957419	3351
2523.96840021384	3352
2535.01669627657	3353
2518.03710546734	3354
2547.364271405	3355
2549.815582755	3356
2521.75125746878	3357
2528.76603940619	3358
2531.26837955719	3359
2533.6983137398	3360
2528.11188395784	3361
2506.89139295095	3362
2538.30915644465	3363
2544.18209176765	3364
2512.40933491517	3365
2518.96407482886	3366
2536.00037159106	3367
2532.51381386484	3368
2523.20821839534	3369
2522.83665695206	3370
2543.51379450818	3371
2531.10994454478	3372
2546.00133335356	3373
2551.10588961526	3374
2527.46096509669	3375
2535.65936492539	3376
2538.38402292147	3377
2535.55911530356	3378
2515.91601904592	3379
2547.38666064846	3380
2501.00236632837	3381
2504.81428111964	3382
2536.57432826193	3383
2529.94617192699	3384
2529.96184068414	3385
2537.00547840114	3386
2562.35977870462	3387
2560.84900928421	3388
2521.30052787741	3389
2515.31409396779	3390
2547.52249764035	3391
2536.18351836883	3392
2566.15407088549	3393
2546.15088748839	3394
2527.26528898411	3395
2526.23172982949	3396
2534.83671427294	3397
2547.37148206658	3398
2514.63998338503	3399
2511.61669758659	3400
2536.81884850516	3401
2533.16991977311	3402
2530.33053354832	3403
2525.99329702903	3404
2508.64821545029	3405
2547.07508759945	3406
2537.20342165035	3407
2536.16726687129	3408
2535.86088553336	3409
2520.35023301125	3410
2558.35368874109	3411
2513.02155137663	3412
2546.42250564443	3413
2537.77065292212	3414
2541.27790253334	3415
2539.38499363974	3416
2536.63603827593	3417
2533.36059373605	3418
2530.21071992319	3419
2523.91393148876	3420
2494.73275909039	3421
2523.46238251239	3422
2512.28335654198	3423
2523.12815649699	3424
2541.1192329357	3425
2539.38136297225	3426
2533.66949272964	3427
2540.49681041945	3428
2525.59388778351	3429
2520.78834741352	3430
2520.41184021281	3431
2514.97761426957	3432
2529.79174601251	3433
2530.08001209442	3434
2537.72520762015	3435
2532.31897843158	3436
2525.59642381319	3437
2518.15632878352	3438
2559.26403233162	3439
2541.30228111001	3440
2546.16345756034	3441
2520.9030614165	3442
2543.0239143391	3443
2550.07741464517	3444
2516.67011990538	3445
2525.57004511877	3446
2526.47801475917	3447
2539.43923405286	3448
2529.34251431745	3449
2551.09607041371	3450
2540.43718357179	3451
2535.858514983	3452
2529.78425802332	3453
2516.08357966221	3454
2526.05087968148	3455
2528.45223699305	3456
2524.47290645537	3457
2532.75136195161	3458
2529.40149941493	3459
2522.16704548399	3460
2560.70319354914	3461
2547.22802987074	3462
2528.8530626358	3463
2529.22633707384	3464
2538.9420527903	3465
2527.56577959031	3466
2522.60399244155	3467
2526.65509802244	3468
2522.24380452363	3469
2522.85773575083	3470
2541.70904879498	3471
2522.71458742736	3472
2545.29387477625	3473
2527.08499815999	3474
2532.36970452153	3475
2532.30896294208	3476
2532.1697502819	3477
2534.36601690884	3478
2526.00947310168	3479
2523.89783789417	3480
2528.81530518869	3481
2522.7998075246	3482
2537.85676885126	3483
2525.70667118126	3484
2533.28001877982	3485
2520.07737925369	3486
2535.43579871327	3487
2538.91434050967	3488
2508.40838876339	3489
2515.68509173026	3490
2519.75887961133	3491
2523.38659701552	3492
2521.126897412	3493
2516.53600882964	3494
2505.09489699818	3495
2509.28162159692	3496
2517.65989067459	3497
2521.77105710035	3498
2529.25506293404	3499
2517.25981716171	3500
2519.37884905359	3501
2529.13145404615	3502
2528.30692264738	3503
2535.3844473178	3504
2526.40440407905	3505
2526.94216691175	3506
2532.37177414104	3507
2557.7129603937	3508
2535.02809055782	3509
2530.32937875596	3510
2511.45962178603	3511
2543.55254356626	3512
2522.52556420329	3513
2541.46786859053	3514
2526.15809997363	3515
2523.48522000563	3516
2538.95755755907	3517
2508.50458499137	3518
2510.06128951614	3519
2536.73911038046	3520
2522.24862536084	3521
2519.7508366019	3522
2529.0099173375	3523
2500.80063129524	3524
2538.99799013683	3525
2555.75973798939	3526
2537.64049767478	3527
2535.79241067782	3528
2517.99052337145	3529
2510.56387522529	3530
2518.93132404666	3531
2553.09638003534	3532
2524.10928467236	3533
2527.82528089763	3534
2495.224198144	3535
2535.34236635507	3536
2508.53979645413	3537
2535.26148659204	3538
2525.04427442486	3539
2536.88266779235	3540
2517.24114011774	3541
2530.11793116351	3542
2520.2762762028	3543
2538.41037771294	3544
2545.32985869378	3545
2554.58285366088	3546
2545.92765386529	3547
2529.85719133086	3548
2519.72692712001	3549
2512.56806997859	3550
2509.62212799318	3551
2522.43021145632	3552
2538.95222533329	3553
2519.05796652275	3554
2536.86187354815	3555
2518.9744553705	3556
2511.78437802223	3557
2537.45703632782	3558
2552.99188718561	3559
2512.38190683596	3560
2550.71703847848	3561
2535.22427731058	3562
2534.88575664965	3563
2529.8086886321	3564
2507.16704698146	3565
2525.15854246286	3566
2544.50451070641	3567
2534.61195821495	3568
2558.31154234227	3569
2509.55666973693	3570
2541.54541826707	3571
2529.48315927413	3572
2544.00441024244	3573
2532.45716115477	3574
2522.41679677736	3575
2516.99851929711	3576
2527.27089748555	3577
2551.04812153585	3578
2552.40659248992	3579
2539.90213457234	3580
2544.62271780419	3581
2532.11112980984	3582
2511.25868788119	3583
2532.54189091721	3584
2534.27686686123	3585
2535.43641004126	3586
2517.44667194475	3587
2547.35263270509	3588
2525.91456373423	3589
2549.63205202536	3590
2526.35328763914	3591
2526.46433157583	3592
2523.49018403232	3593
2530.24233003386	3594
2521.83749879789	3595
2529.64354424592	3596
2511.9358697538	3597
2523.81681258081	3598
2516.46570791768	3599
2539.25114274752	3600
2536.16893707097	3601
2523.51013958545	3602
2534.3442994811	3603
2519.23092356902	3604
2541.21139943084	3605
2547.76808963439	3606
2509.94829901872	3607
2527.14507379531	3608
2550.11984799406	3609
2543.06408513557	3610
2526.52754209593	3611
2516.44759037931	3612
2535.13664477196	3613
2538.68523161936	3614
2529.13214746754	3615
2529.95676104787	3616
2532.22570771952	3617
2537.42621270769	3618
2524.24922261733	3619
2532.2322960816	3620
2528.32435931073	3621
2532.91000260166	3622
2501.43931284025	3623
2551.5451835018	3624
2534.19828860196	3625
2537.37630220492	3626
2552.3727551315	3627
2520.10846787483	3628
2539.14859184835	3629
2548.30609643615	3630
2511.71577284794	3631
2520.64291329617	3632
2488.21614586494	3633
2528.32877386884	3634
2540.21226427095	3635
2528.57682317143	3636
2521.58884502075	3637
2539.82122108879	3638
2542.64231416648	3639
2510.72384334748	3640
2528.6114720635	3641
2509.17223340941	3642
2537.11778660903	3643
2544.06712168262	3644
2506.93136631238	3645
2523.27628309333	3646
2527.17487537918	3647
2526.20334193093	3648
2523.27158721323	3649
2522.64763465343	3650
2513.84430854712	3651
2501.48743650207	3652
2549.55154031143	3653
2531.12559966151	3654
2512.99905020492	3655
2516.584826206	3656
2547.94430119064	3657
2523.5128667123	3658
2520.65245895544	3659
2535.20945291931	3660
2524.21452518902	3661
2511.73693737876	3662
2501.59383634703	3663
2533.28230946481	3664
2535.83339755281	3665
2537.77719591268	3666
2535.69898335906	3667
2524.36632707038	3668
2505.07916224076	3669
2509.99338070728	3670
2550.77806854657	3671
2519.75119722403	3672
2527.9203336934	3673
2527.02020166528	3674
2563.20605306937	3675
2527.8599978611	3676
2518.60480913557	3677
2523.38014376722	3678
2520.08273545985	3679
2551.40073273207	3680
2537.93548955807	3681
2519.6096855232	3682
2532.838928295	3683
2528.12060033031	3684
2525.54103834705	3685
2544.56393849877	3686
2536.47634805724	3687
2530.5438381839	3688
2557.00576169283	3689
2530.33752505094	3690
2517.79659612825	3691
2518.08629156544	3692
2533.58116551889	3693
2494.18688501048	3694
2518.19808274492	3695
2529.91292761584	3696
2528.12597868918	3697
2514.6036524881	3698
2551.99683945285	3699
2523.31476920824	3700
2531.79101689724	3701
2541.14918567944	3702
2528.97038270354	3703
2524.36268899388	3704
2515.89103134383	3705
2557.83847455103	3706
2550.18438264533	3707
2530.34429217919	3708
2504.62101811232	3709
2518.77085072807	3710
2516.50040233495	3711
2524.70684275846	3712
2513.02576107232	3713
2510.58184597429	3714
2547.2825340098	3715
2514.84808590729	3716
2516.88032328483	3717
2528.35442148728	3718
2518.9506216907	3719
2535.89953010273	3720
2531.79909536914	3721
2522.89987203151	3722
2544.99768640978	3723
2537.62721603185	3724
2526.96915230446	3725
2512.67903794247	3726
2533.21095964309	3727
2533.97262701299	3728
2527.60158607525	3729
2546.41016466524	3730
2516.63391017481	3731
2525.89573184247	3732
2539.89637757309	3733
2550.8853337999	3734
2544.43641988404	3735
2529.81478532316	3736
2536.8236756527	3737
2522.04528629709	3738
2533.18891908075	3739
2516.2820591607	3740
2511.47763129776	3741
2518.96898083363	3742
2525.56235260338	3743
2508.36499280482	3744
2501.07207697045	3745
2505.42321296897	3746
2538.06693825124	3747
2512.98349572309	3748
2517.43150025489	3749
2519.01922327285	3750
2516.6608421643	3751
2554.46850918452	3752
2520.01007040221	3753
2528.75640164287	3754
2534.09194769166	3755
2545.92738700787	3756
2521.1998947756	3757
2525.08895137643	3758
2515.86502298663	3759
2543.30832410276	3760
2528.27387008368	3761
2528.13270538731	3762
2543.62288898984	3763
2520.17761556642	3764
2549.77933993491	3765
2512.45625194821	3766
2522.20080578009	3767
2543.03084084609	3768
2536.15413793613	3769
2534.96655470319	3770
2544.02621329751	3771
2540.39185666382	3772
2513.4807092861	3773
2532.88672769216	3774
2529.28804259712	3775
2491.11965288351	3776
2532.34224651367	3777
2536.90794727123	3778
2540.99800505862	3779
2538.54293722683	3780
2532.75501037181	3781
2533.76657842828	3782
2520.90719498835	3783
2524.60773116479	3784
2530.52873960208	3785
2532.65903813461	3786
2519.22100152962	3787
2512.89892570435	3788
2528.47987802539	3789
2527.5554346399	3790
2510.30957270692	3791
2525.56031212752	3792
2518.27883738251	3793
2518.94867551623	3794
2523.73324535719	3795
2526.92086585497	3796
2543.38973389195	3797
2536.77302182922	3798
2543.89484472771	3799
2526.63975137261	3800
2510.47281474355	3801
2520.13814772206	3802
2526.61598627931	3803
2543.97837222047	3804
2550.87577295174	3805
2520.78979031652	3806
2524.90149063416	3807
2513.78831320757	3808
2557.88958436009	3809
2552.46362256539	3810
2515.72715243734	3811
2541.18974636863	3812
2542.52999208585	3813
2511.5121780169	3814
2543.42019239506	3815
2549.98372473706	3816
2537.1012256587	3817
2527.89531081003	3818
2537.4451297974	3819
2528.68272445417	3820
2538.6372521399	3821
2540.93193739363	3822
2551.55061395012	3823
2534.2577529023	3824
2512.87820052928	3825
2549.31492249741	3826
2519.04943903469	3827
2522.31295954649	3828
2539.85425251775	3829
2527.851404242	3830
2540.59789338509	3831
2525.95426384285	3832
2547.42859930299	3833
2501.26087208837	3834
2533.30488717661	3835
2517.76804801727	3836
2515.53553635043	3837
2547.742751194	3838
2515.08339216118	3839
2531.47250973147	3840
2538.1028867547	3841
2533.49711175664	3842
2538.45791188185	3843
2513.75634785247	3844
2534.76964739441	3845
2545.6438840977	3846
2546.31761946485	3847
2528.87754564521	3848
2534.74845853381	3849
2520.41638912645	3850
2555.24959214253	3851
2508.82627745159	3852
2501.59504562312	3853
2532.99199648397	3854
2527.18795711606	3855
2537.50124685748	3856
2551.63238006546	3857
2530.16932044316	3858
2542.02434841903	3859
2560.69600592302	3860
2535.14172067719	3861
2538.7922425833	3862
2540.17267294881	3863
2532.51122239133	3864
2548.5298317124	3865
2519.52875374388	3866
2517.97721691945	3867
2517.71878222482	3868
2525.62448876483	3869
2514.1657082527	3870
2529.94556586096	3871
2531.9781603123	3872
2529.17848707817	3873
2538.80089171205	3874
2531.43089176117	3875
2560.11895978878	3876
2518.6677841621	3877
2521.54702121932	3878
2544.68136006595	3879
2535.19111099755	3880
2540.06530906579	3881
2516.36664417949	3882
2524.8419889559	3883
2517.20686460606	3884
2536.09934122686	3885
2535.11569874113	3886
2531.8582072093	3887
2527.86174422705	3888
2540.75927335063	3889
2514.5412073744	3890
2531.40288463373	3891
2532.79841553744	3892
2511.39274165277	3893
2526.36884152292	3894
2537.8205547834	3895
2524.84744594384	3896
2558.90247433482	3897
2523.46244639455	3898
2509.53144043141	3899
2520.37504550994	3900
2517.92112358339	3901
2537.68539909402	3902
2523.19531482807	3903
2520.14808071716	3904
2541.70357809482	3905
2529.37695325869	3906
2521.32859832094	3907
2525.25456402962	3908
2535.73469657789	3909
2549.49642457305	3910
2508.21336929494	3911
2527.30588245099	3912
2539.67025220517	3913
2551.01028000614	3914
2536.70855802907	3915
2539.80417610171	3916
2546.79193240939	3917
2526.11145020679	3918
2501.23083317355	3919
2534.14033680838	3920
2530.73625007126	3921
2541.27378427727	3922
2513.44325710704	3923
2529.91496047776	3924
2525.48638180034	3925
2553.93948962654	3926
2509.91012860045	3927
2531.66836286116	3928
2508.91501791204	3929
2514.72802547605	3930
2524.65051582102	3931
2553.8894345543	3932
2527.93637186678	3933
2529.62379951055	3934
2529.53749689935	3935
2523.91693914075	3936
2513.5313642845	3937
2524.16987535551	3938
2523.15556284519	3939
2519.17099070235	3940
2534.78082079641	3941
2541.80870925133	3942
2525.11454176077	3943
2513.32974469784	3944
2516.17683449328	3945
2543.93148304971	3946
2533.44451934601	3947
2532.57425673022	3948
2508.7846079815	3949
2545.14858240956	3950
2529.77258961958	3951
2535.37662444917	3952
2523.25658111567	3953
2532.45099156032	3954
2519.44812543424	3955
2570.10778831591	3956
2561.712116624	3957
2528.11581569196	3958
2532.67153457406	3959
2546.17003179536	3960
2539.73453105238	3961
2519.30598451244	3962
2522.96615010299	3963
2521.29524474542	3964
2532.7634825809	3965
2551.98127595631	3966
2536.0039046065	3967
2517.07341155844	3968
2528.00949114857	3969
2535.48963090699	3970
2543.17321589831	3971
2541.56384847986	3972
2528.0284602578	3973
2511.7907654155	3974
2518.8608313541	3975
2529.44498669644	3976
2515.74476766151	3977
2530.21914229849	3978
2520.4545257812	3979
2531.18627740896	3980
2530.69458181829	3981
2538.70564784276	3982
2508.32627059865	3983
2547.7280581239	3984
2528.24610011139	3985
2535.19264972359	3986
2548.55463432331	3987
2546.05871533988	3988
2523.67593513137	3989
2527.44301714542	3990
2518.26122731281	3991
2519.19896774839	3992
2510.56138261412	3993
2536.80262317871	3994
2498.64988061901	3995
2528.80734082487	3996
2548.32169469611	3997
2542.21701056526	3998
2537.35417901806	3999
2521.33217100028	4000
