"LogLikelihood"	"Iteration"
-2539.01294795598	1
-2557.00630919483	2
-2504.86674922264	3
-2468.12186220566	4
-2491.67535183635	5
-2523.85425766763	6
-2458.6378718464	7
-2530.61224125861	8
-2543.5319132445	9
-2544.00195617346	10
-2505.91014021769	11
-2504.47203881028	12
-2479.7604709502	13
-2467.93621340616	14
-2432.46332975609	15
-2495.03527488795	16
-2497.17809604643	17
-2483.1763131205	18
-2459.60766969856	19
-2514.81793004218	20
-2515.96425342727	21
-2498.09751718179	22
-2517.04337364351	23
-2448.79947640121	24
-2507.57220155207	25
-2495.63353887299	26
-2484.13250485626	27
-2494.57598027341	28
-2493.50284607271	29
-2515.59067671957	30
-2530.53519873509	31
-2527.74960567621	32
-2484.87585965916	33
-2470.01138426689	34
-2481.5941959928	35
-2511.10024698596	36
-2529.76651274694	37
-2532.0938286406	38
-2507.84754181037	39
-2521.32776556463	40
-2462.36905937925	41
-2488.136359819	42
-2508.59418685227	43
-2536.75754245191	44
-2520.65707581439	45
-2525.52572083961	46
-2508.099045364	47
-2525.60433907474	48
-2525.74051565515	49
-2504.70729399609	50
-2555.27546180804	51
-2526.58959296545	52
-2513.92751193691	53
-2488.2184774416	54
-2499.40481301281	55
-2546.71859959351	56
-2495.22642396491	57
-2482.79194152139	58
-2506.8454341057	59
-2523.45009089593	60
-2523.50664648146	61
-2531.1105618685	62
-2490.12620393681	63
-2549.94279483704	64
-2541.56216943323	65
-2507.32476453055	66
-2468.62657470926	67
-2532.02588855058	68
-2532.13527970671	69
-2495.41601121346	70
-2524.96114056634	71
-2484.28478238283	72
-2537.12067090579	73
-2551.4001299816	74
-2537.65196208653	75
-2576.33516264535	76
-2456.56617046612	77
-2460.1358262113	78
-2502.01367063571	79
-2492.01506693868	80
-2504.32232884857	81
-2508.73640046496	82
-2498.33389892468	83
-2501.10798892243	84
-2512.23793114848	85
-2558.65817717804	86
-2554.35297968061	87
-2551.80962953519	88
-2463.31635110994	89
-2513.30915922177	90
-2465.62477736084	91
-2524.51583818989	92
-2492.60692802671	93
-2493.04307049825	94
-2528.59851012811	95
-2472.00798593754	96
-2538.3927629761	97
-2481.23275302296	98
-2483.84471097823	99
-2521.74091211901	100
-2499.57751733639	101
-2522.39147334929	102
-2561.42464407644	103
-2541.14621137402	104
-2512.0899900012	105
-2458.55682455462	106
-2471.57510942313	107
-2507.86990275416	108
-2498.33067889036	109
-2528.65012774461	110
-2525.41162732203	111
-2549.83446538853	112
-2473.48449289307	113
-2502.95797298966	114
-2508.51225251266	115
-2500.47501731808	116
-2515.9819421635	117
-2493.51117997818	118
-2493.19081687539	119
-2543.35690318771	120
-2529.07392656918	121
-2494.36787595797	122
-2515.26802506457	123
-2434.18286587056	124
-2476.7768042887	125
-2503.30087155931	126
-2552.91655931722	127
-2526.61588021613	128
-2523.95397630679	129
-2553.35006288424	130
-2567.9995745144	131
-2507.89994666526	132
-2551.33940614298	133
-2545.03393904086	134
-2483.0078766185	135
-2503.63353829867	136
-2532.51854774087	137
-2552.60019193133	138
-2502.64513723792	139
-2488.65096287551	140
-2477.00550705484	141
-2523.41191568262	142
-2491.13064937478	143
-2495.19561730053	144
-2500.34751984611	145
-2474.24914465181	146
-2493.83017051802	147
-2493.1242494632	148
-2489.238766233	149
-2497.50183390487	150
-2498.55642396838	151
-2543.80338484373	152
-2526.6990303056	153
-2525.45963016306	154
-2486.68445130698	155
-2522.8190402335	156
-2558.53967365506	157
-2506.10479123347	158
-2525.06132289872	159
-2486.26567928786	160
-2516.24937451646	161
-2522.25779901356	162
-2508.29772996395	163
-2506.49730425296	164
-2518.84635215627	165
-2451.17751826196	166
-2473.22683937791	167
-2501.98779907539	168
-2539.2010485966	169
-2554.25061422784	170
-2487.13088163507	171
-2502.17375282357	172
-2497.59298702867	173
-2458.72838820259	174
-2470.61076620283	175
-2484.92310467392	176
-2485.63828178826	177
-2544.91191002397	178
-2543.8204338497	179
-2516.88683175886	180
-2496.12471210201	181
-2490.98636358077	182
-2502.8942510044	183
-2512.3511810644	184
-2504.84748455322	185
-2555.03883561195	186
-2548.04973528821	187
-2594.21287272385	188
-2509.9480934155	189
-2521.79340940995	190
-2551.19091268427	191
-2500.01539788601	192
-2491.01993433456	193
-2478.00014468689	194
-2506.02901542992	195
-2518.55109922314	196
-2529.95239024856	197
-2543.28701039303	198
-2553.21426219705	199
-2527.22543379656	200
-2485.30949920996	201
-2523.41188873339	202
-2510.13586822869	203
-2536.59378114529	204
-2558.03996279787	205
-2492.39751994457	206
-2506.35716007089	207
-2508.82840464322	208
-2520.94503885634	209
-2526.15743961896	210
-2547.92198053242	211
-2493.61699583339	212
-2512.83839367775	213
-2526.09619893464	214
-2467.52480561842	215
-2499.71774276794	216
-2483.85488522303	217
-2539.81415624707	218
-2509.90915645371	219
-2532.26222512679	220
-2585.81308047157	221
-2551.39645778819	222
-2504.21318324477	223
-2527.41922303612	224
-2548.26655189129	225
-2532.80088644288	226
-2497.92031048603	227
-2487.62951931779	228
-2497.41952360581	229
-2565.45250531877	230
-2529.19172392507	231
-2536.51931325033	232
-2472.90468318051	233
-2527.12091231286	234
-2478.36528011739	235
-2478.32771993465	236
-2437.35580863855	237
-2490.68388780809	238
-2533.40671819168	239
-2581.0787247689	240
-2533.08308959436	241
-2500.89390868521	242
-2432.44101169619	243
-2502.24599855156	244
-2491.3155556479	245
-2542.66861843189	246
-2508.66966269619	247
-2509.39516295227	248
-2497.96288536687	249
-2548.62177661566	250
-2528.81852873639	251
-2527.67193873146	252
-2535.83275374063	253
-2510.09359172904	254
-2531.60443192378	255
-2547.11278447306	256
-2528.0839220995	257
-2533.09410387476	258
-2532.06667576984	259
-2533.05924786137	260
-2535.06193958654	261
-2543.41758677656	262
-2549.42364818808	263
-2570.38914356711	264
-2544.14110730904	265
-2525.11986376592	266
-2523.22093954781	267
-2548.02563100607	268
-2543.63233549479	269
-2489.73784434159	270
-2534.11684916697	271
-2548.68310499507	272
-2554.80551115923	273
-2594.64406931539	274
-2570.24200526915	275
-2546.63742297783	276
-2508.30539425233	277
-2511.51504341407	278
-2498.69650352946	279
-2489.42140050236	280
-2411.90069226897	281
-2495.83074895801	282
-2508.82326171509	283
-2520.23342191125	284
-2517.60998762349	285
-2501.61869415019	286
-2537.43820937793	287
-2445.72530346613	288
-2445.2045537039	289
-2522.33173111125	290
-2497.1836348489	291
-2508.64051770374	292
-2498.64087345415	293
-2468.25745149409	294
-2442.01736713015	295
-2518.53879972727	296
-2516.21475833978	297
-2439.30318518885	298
-2457.36038457202	299
-2486.56609972357	300
-2478.31285995044	301
-2409.36482687413	302
-2496.59864046318	303
-2468.89919823474	304
-2552.6833705086	305
-2518.9463720791	306
-2567.29291220322	307
-2568.70889422847	308
-2577.31350255746	309
-2523.24599731568	310
-2552.16751315567	311
-2532.18997681698	312
-2508.34369206078	313
-2512.40673518742	314
-2526.62516999328	315
-2542.58469480243	316
-2549.77444987293	317
-2556.97948516484	318
-2472.90088396437	319
-2480.01150791871	320
-2470.23457992759	321
-2491.45380428366	322
-2521.27411792865	323
-2491.82527542594	324
-2441.08617180386	325
-2520.5370792156	326
-2535.762300564	327
-2512.51749656399	328
-2526.08125016856	329
-2492.64803039748	330
-2567.52604511436	331
-2496.81233820429	332
-2511.52707149989	333
-2506.77017906829	334
-2460.91787440279	335
-2497.14686980077	336
-2490.16947552163	337
-2466.95799307051	338
-2549.11961791182	339
-2522.64069187794	340
-2529.51670002745	341
-2523.5851905569	342
-2521.82317445958	343
-2546.88930715423	344
-2532.5814249443	345
-2548.6137358392	346
-2555.78661262766	347
-2503.31458145239	348
-2520.9172627894	349
-2538.50235980358	350
-2560.76381911553	351
-2489.38968697182	352
-2510.41457153467	353
-2438.52099862555	354
-2473.55594998112	355
-2470.99647141408	356
-2540.58417764162	357
-2543.60157311267	358
-2569.47868195884	359
-2540.86920611028	360
-2521.2209556066	361
-2562.93150159336	362
-2546.13756008723	363
-2493.60529943309	364
-2482.13474658834	365
-2439.36108666554	366
-2473.14054385262	367
-2474.7678902224	368
-2440.11661722165	369
-2516.27570468007	370
-2513.29395217779	371
-2477.58100588946	372
-2515.4811601568	373
-2531.19976540733	374
-2479.66687654213	375
-2523.34643053076	376
-2512.80195394158	377
-2522.69444350291	378
-2475.88630768924	379
-2493.06202331013	380
-2470.41823204572	381
-2468.01704553177	382
-2485.69767437856	383
-2521.23054496907	384
-2526.90612459659	385
-2523.3306831802	386
-2547.11813493933	387
-2506.21675120441	388
-2515.68819661707	389
-2468.00582782357	390
-2519.40253054453	391
-2559.33144447797	392
-2565.9874472675	393
-2532.31094713628	394
-2515.28218167531	395
-2513.26293236571	396
-2497.55946837031	397
-2568.06682232229	398
-2514.50868645853	399
-2502.04895698708	400
-2477.00385317689	401
-2511.78395436668	402
-2525.26020573642	403
-2488.8369540911	404
-2554.73609693474	405
-2553.02567454843	406
-2521.94484237879	407
-2554.99000249103	408
-2501.47540605928	409
-2515.49711120839	410
-2529.03594148218	411
-2543.46900909133	412
-2520.63446355961	413
-2494.08177960856	414
-2508.13987539445	415
-2529.28723796874	416
-2501.24509526787	417
-2514.48510665068	418
-2496.25992857459	419
-2524.02393884182	420
-2534.10278427497	421
-2479.70106778958	422
-2512.15414537475	423
-2530.95574171324	424
-2504.45032610199	425
-2516.92277534406	426
-2500.60944732993	427
-2475.94134276929	428
-2519.25480285421	429
-2575.53062914082	430
-2546.26946588665	431
-2537.13790085551	432
-2575.29495616748	433
-2487.96082585324	434
-2493.6407688374	435
-2475.25114346893	436
-2521.85122634956	437
-2541.54024167886	438
-2542.44628134193	439
-2471.86508404457	440
-2521.01662644926	441
-2553.39901745919	442
-2576.80948350103	443
-2540.29246356917	444
-2561.18646135656	445
-2500.69559117939	446
-2492.81926122723	447
-2485.18659467992	448
-2505.69720404241	449
-2536.61942092173	450
-2510.15647270249	451
-2524.52319592858	452
-2530.72934999963	453
-2545.63482114897	454
-2533.2033078229	455
-2525.94227895769	456
-2493.48500070892	457
-2459.68522131215	458
-2470.89070464422	459
-2469.1599356442	460
-2500.93788101506	461
-2501.07189999161	462
-2504.83065955288	463
-2525.73033062591	464
-2490.34555517856	465
-2530.32382424775	466
-2521.80715155912	467
-2501.57284855137	468
-2483.88100218527	469
-2562.36083744445	470
-2518.31989800479	471
-2532.1965944861	472
-2496.76322505885	473
-2516.58155989845	474
-2510.5076400959	475
-2487.44508294437	476
-2489.26545761886	477
-2529.7320721441	478
-2537.18937950561	479
-2476.59583951395	480
-2508.19921682159	481
-2522.87316242207	482
-2564.17882150215	483
-2540.39034203078	484
-2527.16022047395	485
-2530.37723690128	486
-2486.46911902837	487
-2517.70396393894	488
-2473.47579396854	489
-2529.18215136667	490
-2530.63336462547	491
-2492.09760906235	492
-2490.7018787561	493
-2489.78082942813	494
-2479.66854813864	495
-2497.43753169658	496
-2481.81631283626	497
-2474.09019101884	498
-2475.51410458389	499
-2545.34637404754	500
-2498.54978450357	501
-2489.15535325786	502
-2475.40255340208	503
-2500.83575778296	504
-2532.45411884676	505
-2523.37759445708	506
-2504.14223500701	507
-2474.31391371688	508
-2505.85967394054	509
-2509.08374213673	510
-2538.2155675272	511
-2533.19114976735	512
-2459.92856411822	513
-2536.11097961713	514
-2476.74883953106	515
-2487.09706218974	516
-2492.50075165494	517
-2473.75873042002	518
-2519.21312944338	519
-2517.36440907844	520
-2549.22279706619	521
-2551.6017726414	522
-2488.41278899562	523
-2538.88585680924	524
-2459.06672637931	525
-2537.26353201773	526
-2562.68653884851	527
-2480.82647695478	528
-2507.08753152554	529
-2508.33431208554	530
-2494.6489926005	531
-2505.23171157569	532
-2536.03630632995	533
-2516.81839676668	534
-2486.5691538868	535
-2538.83690635713	536
-2533.79604499609	537
-2510.30454370171	538
-2518.56880518604	539
-2493.98683541662	540
-2474.17337599928	541
-2440.38767112775	542
-2449.58779145161	543
-2440.114198974	544
-2462.62236834102	545
-2509.5056984958	546
-2496.68070454023	547
-2507.44580865244	548
-2509.0593853471	549
-2495.44615824285	550
-2516.89562123327	551
-2545.32053420295	552
-2573.01713960121	553
-2545.4697628316	554
-2529.47963686512	555
-2487.77933731178	556
-2536.42978558483	557
-2535.25577490601	558
-2521.46794921753	559
-2511.04568665814	560
-2503.27520125912	561
-2508.2226250069	562
-2469.61069542076	563
-2496.79183914274	564
-2512.08692189041	565
-2511.91515061273	566
-2515.32399793573	567
-2504.91475080571	568
-2476.81767791151	569
-2543.57755124928	570
-2477.23912668554	571
-2539.15260393503	572
-2516.87223405773	573
-2522.31596974876	574
-2508.78666328539	575
-2469.83876978845	576
-2517.50423858555	577
-2482.0206893683	578
-2500.10228853505	579
-2461.21946664958	580
-2518.05443995777	581
-2491.72042614049	582
-2460.03359830517	583
-2519.9070762531	584
-2527.67604563914	585
-2526.21574835842	586
-2503.16409958878	587
-2533.91695692832	588
-2503.49534936748	589
-2444.22147414158	590
-2486.54171338966	591
-2548.43007234305	592
-2483.74576339049	593
-2474.28727852629	594
-2510.1944193625	595
-2574.9509732453	596
-2525.11952679434	597
-2494.93280596793	598
-2490.96366651087	599
-2520.65989593443	600
-2474.58330812174	601
-2508.41291944602	602
-2574.63196113087	603
-2539.55890563917	604
-2512.86029275272	605
-2492.49826400391	606
-2444.80861398461	607
-2478.43368707678	608
-2467.95719854589	609
-2492.41395012871	610
-2469.59131139821	611
-2516.34404698834	612
-2507.37329107653	613
-2519.13268532536	614
-2501.73319003031	615
-2478.9940400105	616
-2514.20700602569	617
-2547.8854501994	618
-2502.43961736639	619
-2507.96082800495	620
-2473.7916207671	621
-2529.98459527501	622
-2501.2835020962	623
-2515.98377496784	624
-2506.27408589705	625
-2521.40662330078	626
-2541.41347718621	627
-2547.18662821102	628
-2565.36999009266	629
-2548.03135226156	630
-2546.46094325235	631
-2524.59438273949	632
-2494.04189282408	633
-2484.79520245801	634
-2531.98093509035	635
-2517.38292962321	636
-2566.99625693696	637
-2511.54627338339	638
-2472.68630805914	639
-2517.09606771454	640
-2534.57418774918	641
-2540.12598571989	642
-2492.87456911261	643
-2527.66297172914	644
-2498.80091220698	645
-2511.22882269048	646
-2467.37495964736	647
-2516.43330395707	648
-2522.17591524852	649
-2533.16494942207	650
-2499.92020712025	651
-2491.25439224638	652
-2485.53215938504	653
-2530.35914435	654
-2554.40277347754	655
-2543.352350656	656
-2533.55155517676	657
-2479.88770655037	658
-2495.62143104548	659
-2470.70545291854	660
-2529.03761203193	661
-2533.57436576599	662
-2526.24367096602	663
-2505.75612301446	664
-2479.195156408	665
-2526.88046165434	666
-2522.90779457096	667
-2497.91045820514	668
-2488.09304822028	669
-2510.92753115843	670
-2547.95528584583	671
-2522.64877380588	672
-2500.7140897687	673
-2533.57019115276	674
-2508.36770098945	675
-2523.80254013132	676
-2459.11792822782	677
-2521.17136269334	678
-2460.84619840034	679
-2510.83116142648	680
-2506.22828745076	681
-2507.34714302143	682
-2457.40579045635	683
-2505.5079523154	684
-2504.16215261675	685
-2529.22784533623	686
-2445.21358916294	687
-2444.33744252963	688
-2445.50863560062	689
-2479.15830714286	690
-2511.38334545265	691
-2486.44965588576	692
-2529.19822581113	693
-2509.61589511437	694
-2524.05525068652	695
-2482.79288998149	696
-2494.61011863946	697
-2525.18789007219	698
-2501.05561579337	699
-2506.63832269302	700
-2556.75379011289	701
-2531.17543347038	702
-2500.48629372034	703
-2487.50919978253	704
-2501.14007332805	705
-2478.71763346231	706
-2496.24666596594	707
-2541.29461956277	708
-2535.273217947	709
-2546.35291970171	710
-2543.3904782153	711
-2524.44206854021	712
-2530.57962120137	713
-2533.86936689702	714
-2547.11937612946	715
-2521.69296453882	716
-2510.56384782634	717
-2537.31817546496	718
-2533.95277098153	719
-2505.8016575311	720
-2537.64004366485	721
-2484.06284437525	722
-2525.16059687408	723
-2556.04819198285	724
-2551.35208041002	725
-2552.37889997932	726
-2534.20983676206	727
-2486.23192250281	728
-2579.3098842732	729
-2467.18418783489	730
-2493.53691449814	731
-2501.23589719038	732
-2509.82100502251	733
-2507.71593762293	734
-2517.23992914218	735
-2506.75455273204	736
-2549.95551846275	737
-2497.25736192977	738
-2458.31555713186	739
-2518.42605359562	740
-2530.62795229763	741
-2520.53954935919	742
-2520.41004358126	743
-2523.44309931125	744
-2520.37715693694	745
-2534.79316342986	746
-2509.23182426732	747
-2492.18572530658	748
-2531.52350570655	749
-2497.06264573943	750
-2504.97944271327	751
-2484.98322993799	752
-2501.32032602504	753
-2522.93917280547	754
-2520.76315795593	755
-2539.57508951334	756
-2506.89151568755	757
-2561.68818410903	758
-2499.14364584794	759
-2481.66480847812	760
-2498.65107593316	761
-2564.51114808011	762
-2559.13675261113	763
-2511.53575244904	764
-2568.27342262728	765
-2553.03766984433	766
-2546.56564976598	767
-2561.28990460859	768
-2544.69285227102	769
-2572.32519445931	770
-2535.0835577372	771
-2511.6030906839	772
-2487.33932694482	773
-2495.19250328719	774
-2485.34645835915	775
-2493.10286201809	776
-2451.89195328758	777
-2501.42028897036	778
-2538.18773964003	779
-2508.00648822596	780
-2492.88527557821	781
-2535.27804473205	782
-2557.24735181091	783
-2573.33149641785	784
-2560.45361912558	785
-2523.52108856179	786
-2520.37348923096	787
-2475.72552612159	788
-2542.4784266036	789
-2503.47935462098	790
-2549.09306508803	791
-2531.68614811469	792
-2504.5597531959	793
-2499.50683614173	794
-2494.29422666952	795
-2488.80751850022	796
-2494.78945741398	797
-2487.93131217048	798
-2521.22152322882	799
-2491.3367998663	800
-2485.02402289891	801
-2495.43455641247	802
-2499.18755809461	803
-2527.7009927098	804
-2537.07757371939	805
-2528.54769425806	806
-2491.38693303515	807
-2547.38752827423	808
-2468.06303097487	809
-2503.44827375536	810
-2523.62546494526	811
-2479.51185856079	812
-2500.78907428667	813
-2508.00946766291	814
-2517.75945990071	815
-2510.42187481492	816
-2510.77827738587	817
-2505.04263821274	818
-2559.74068352563	819
-2533.89423427851	820
-2523.75075828801	821
-2552.52455843008	822
-2539.14595623743	823
-2534.17526674748	824
-2537.4455155481	825
-2504.21286424667	826
-2486.23227336417	827
-2478.02996924977	828
-2517.34845669472	829
-2495.17929541723	830
-2487.7146829473	831
-2523.32998965562	832
-2507.94614056409	833
-2526.47152404327	834
-2486.71666835964	835
-2514.21826921411	836
-2491.82233723633	837
-2510.04477411812	838
-2558.72987993071	839
-2523.57510089272	840
-2519.51290665177	841
-2499.64644160654	842
-2460.26610341815	843
-2461.03570503905	844
-2510.21454924639	845
-2566.54106991404	846
-2561.57133653051	847
-2512.72813513899	848
-2458.98385298372	849
-2493.69294414098	850
-2502.11932294941	851
-2513.93546968797	852
-2516.92850392836	853
-2569.91927817777	854
-2506.78467702434	855
-2562.96521004319	856
-2506.44243513911	857
-2552.73504885873	858
-2535.67915388101	859
-2531.13373082326	860
-2540.06187789469	861
-2518.09757393826	862
-2511.98823881386	863
-2512.37414662833	864
-2503.52439203806	865
-2497.78474080569	866
-2483.54082026951	867
-2502.79740236688	868
-2510.40559218741	869
-2469.42962673903	870
-2464.58480110746	871
-2479.40406018279	872
-2527.61572514571	873
-2549.05021616359	874
-2496.73482113872	875
-2472.38009144498	876
-2505.98785993525	877
-2517.58863091513	878
-2497.15468448954	879
-2495.68688061076	880
-2544.14701139492	881
-2520.26645091132	882
-2514.99732705824	883
-2531.68702113138	884
-2503.70756388498	885
-2557.01447323381	886
-2574.94090872339	887
-2553.63899552252	888
-2549.18708484726	889
-2520.25195363309	890
-2564.32152790779	891
-2486.25728245754	892
-2522.87571913028	893
-2524.20391552739	894
-2537.73102074316	895
-2525.00289424122	896
-2505.81806769209	897
-2490.56477801671	898
-2497.91070595204	899
-2523.37792413421	900
-2467.04542130363	901
-2509.95162976252	902
-2434.14926176987	903
-2501.24251215229	904
-2502.08261147799	905
-2485.36934748736	906
-2475.89175616997	907
-2486.24662438955	908
-2498.53389151397	909
-2494.17770366078	910
-2532.50271755561	911
-2517.11415825745	912
-2522.88910329857	913
-2467.15125621311	914
-2504.70755051763	915
-2521.81345521524	916
-2594.5326003106	917
-2556.54117001596	918
-2539.70336489864	919
-2534.43516831373	920
-2496.99062820485	921
-2485.6533371628	922
-2543.95273875739	923
-2545.72507630639	924
-2537.93880802188	925
-2527.66473225052	926
-2553.50322457135	927
-2508.08547609271	928
-2475.611081075	929
-2478.56540046617	930
-2533.03407460662	931
-2470.15269975995	932
-2482.66296104374	933
-2493.55348010226	934
-2542.6595371733	935
-2558.73083095478	936
-2557.07965845448	937
-2510.27154334605	938
-2505.81808131787	939
-2525.96955026705	940
-2536.0377682655	941
-2533.2249034239	942
-2548.8335788625	943
-2491.05420757572	944
-2509.56609442136	945
-2518.78475907252	946
-2506.99523665432	947
-2511.61628291061	948
-2477.18863185357	949
-2499.3146754991	950
-2519.04687384415	951
-2556.72666224979	952
-2550.55168705025	953
-2557.85814593102	954
-2547.83873710763	955
-2512.05512735873	956
-2497.11279993953	957
-2549.25671583565	958
-2476.1706034176	959
-2542.22660654689	960
-2521.79911781937	961
-2490.08086338235	962
-2547.37692686591	963
-2529.80934443834	964
-2538.28555120294	965
-2614.72388006421	966
-2574.5483032033	967
-2505.48129093823	968
-2519.44064151791	969
-2536.82546184027	970
-2510.81243519443	971
-2509.30087353486	972
-2505.20257775545	973
-2513.72868623396	974
-2522.64421058822	975
-2484.76927310842	976
-2505.24159391525	977
-2501.70539183016	978
-2499.86106010692	979
-2554.59163603637	980
-2498.5229568418	981
-2538.58567400969	982
-2530.12053390007	983
-2538.46264146858	984
-2552.96950970518	985
-2556.81499030255	986
-2502.8147112327	987
-2522.28944697188	988
-2515.77327420199	989
-2502.1247934691	990
-2511.04459485583	991
-2524.86622838785	992
-2503.9237901847	993
-2501.94058132731	994
-2543.50725097668	995
-2511.68039045379	996
-2570.19103520323	997
-2489.6114250056	998
-2511.93852208023	999
-2524.63190935707	1000
-2522.219965714	1001
-2535.31789935213	1002
-2560.5563234764	1003
-2535.34113637937	1004
-2527.37952674837	1005
-2471.69302513767	1006
-2526.93890105447	1007
-2497.65032934091	1008
-2527.35683209549	1009
-2519.0728724708	1010
-2514.11596030491	1011
-2512.54098159365	1012
-2556.55373997987	1013
-2556.62467162785	1014
-2546.9950030749	1015
-2486.98555933276	1016
-2531.76152322357	1017
-2513.71729177438	1018
-2465.76054992662	1019
-2512.05795450398	1020
-2493.22997162613	1021
-2513.74390210523	1022
-2505.0468770392	1023
-2556.01944155325	1024
-2536.72285602974	1025
-2526.63262004457	1026
-2528.79014957338	1027
-2545.43659263198	1028
-2524.68048294582	1029
-2536.14971056873	1030
-2500.5715147583	1031
-2510.71704162214	1032
-2535.48103614114	1033
-2530.6393770125	1034
-2514.294418217	1035
-2541.71347339708	1036
-2542.39404753515	1037
-2525.91247088275	1038
-2524.98588201199	1039
-2518.32895850839	1040
-2535.1498396808	1041
-2518.45020164013	1042
-2498.70372455477	1043
-2510.04176821702	1044
-2516.26278412102	1045
-2534.25915947943	1046
-2553.05676544368	1047
-2538.92283711	1048
-2527.319760424	1049
-2568.48912676612	1050
-2536.78384581586	1051
-2561.92712734733	1052
-2556.86159036679	1053
-2571.08985235862	1054
-2520.25882415495	1055
-2517.21572390457	1056
-2553.25558788318	1057
-2551.92044189061	1058
-2507.80876173314	1059
-2495.40194618808	1060
-2460.3873305364	1061
-2456.82995259958	1062
-2496.29994661335	1063
-2495.1457695187	1064
-2517.04270964829	1065
-2531.5977272845	1066
-2531.80309739172	1067
-2552.63388566539	1068
-2474.61704681502	1069
-2490.8932341221	1070
-2506.27078697116	1071
-2489.24063976745	1072
-2479.23691846444	1073
-2541.56669495519	1074
-2545.71104899172	1075
-2525.2716972522	1076
-2526.90692426093	1077
-2513.14067636219	1078
-2558.86149279769	1079
-2546.19898456115	1080
-2497.37429522494	1081
-2502.92681562417	1082
-2533.33665841448	1083
-2513.83142533412	1084
-2549.08048495614	1085
-2536.48483684295	1086
-2491.47653451209	1087
-2519.63975191081	1088
-2498.77752416301	1089
-2541.35536161943	1090
-2526.20852190553	1091
-2506.98133352617	1092
-2510.39487474013	1093
-2483.19308613645	1094
-2517.26402825191	1095
-2495.78426536995	1096
-2506.49499082131	1097
-2465.3548393298	1098
-2461.93171139711	1099
-2521.10599169138	1100
-2510.83714298475	1101
-2472.02066989314	1102
-2455.28478255682	1103
-2505.9396128444	1104
-2499.22902911545	1105
-2535.63280353205	1106
-2511.29104710715	1107
-2489.3733386345	1108
-2513.57738958774	1109
-2553.36073905688	1110
-2491.59242796311	1111
-2494.59051694323	1112
-2528.43737215597	1113
-2524.03584091066	1114
-2492.78866253959	1115
-2534.89010237939	1116
-2473.93617664764	1117
-2508.73812330218	1118
-2467.7726381398	1119
-2486.30997612712	1120
-2472.54621133647	1121
-2470.47422952202	1122
-2526.86780937994	1123
-2515.50119556375	1124
-2570.24741126543	1125
-2558.19096377611	1126
-2514.76521293469	1127
-2532.46013648735	1128
-2499.15630167071	1129
-2483.52131923329	1130
-2526.06571596152	1131
-2508.25215964427	1132
-2515.79865785127	1133
-2496.01890809584	1134
-2526.14794071404	1135
-2476.43625327154	1136
-2449.09403247364	1137
-2463.77446544313	1138
-2480.18284056484	1139
-2462.94154116876	1140
-2513.632813187	1141
-2556.83672013587	1142
-2526.36747476019	1143
-2538.31266758041	1144
-2549.8259653646	1145
-2521.51800838358	1146
-2530.82129605292	1147
-2506.35668125822	1148
-2534.67463593664	1149
-2470.07991658851	1150
-2482.9370341802	1151
-2467.83346088919	1152
-2479.80482450433	1153
-2492.82043229758	1154
-2450.41436970213	1155
-2493.98969517406	1156
-2497.74527448942	1157
-2540.79612320628	1158
-2538.09135911609	1159
-2505.60945241593	1160
-2534.0159244978	1161
-2529.12828225528	1162
-2503.86313524376	1163
-2498.08366261538	1164
-2477.98028764665	1165
-2550.64911566318	1166
-2552.34566010301	1167
-2526.77862124607	1168
-2493.15016687644	1169
-2530.93276812772	1170
-2533.11444185713	1171
-2539.7257582193	1172
-2522.8230242354	1173
-2511.38464329469	1174
-2542.41897928589	1175
-2521.68822535358	1176
-2494.0312025797	1177
-2485.05633335698	1178
-2501.67045137787	1179
-2454.33596691994	1180
-2544.77169098457	1181
-2502.20572003122	1182
-2525.26030041066	1183
-2531.67826062015	1184
-2474.6933338357	1185
-2568.3243388911	1186
-2605.28132458592	1187
-2584.51737224074	1188
-2532.47344454986	1189
-2489.35992548175	1190
-2495.01279958859	1191
-2496.33773579961	1192
-2494.71489223972	1193
-2537.47564393517	1194
-2560.32442817068	1195
-2481.26090550007	1196
-2496.93372453899	1197
-2487.73244441165	1198
-2499.94559114174	1199
-2539.86123861859	1200
-2510.94233169743	1201
-2444.07878782963	1202
-2507.16699937448	1203
-2468.56681502817	1204
-2563.01054278139	1205
-2478.36163310709	1206
-2527.57088832955	1207
-2490.70201925477	1208
-2496.9929319177	1209
-2521.89459567104	1210
-2529.29567407907	1211
-2522.94430111108	1212
-2491.40014121409	1213
-2521.79195729174	1214
-2537.49101596638	1215
-2516.35029637026	1216
-2533.25005324108	1217
-2468.07326154115	1218
-2489.01613965667	1219
-2479.60669988409	1220
-2496.88505135348	1221
-2528.32747596388	1222
-2496.45524013634	1223
-2487.30672899132	1224
-2530.86617097039	1225
-2531.62364204395	1226
-2515.13875406175	1227
-2473.14704187867	1228
-2480.22375682906	1229
-2438.34471273049	1230
-2497.11114941831	1231
-2526.20632784226	1232
-2513.3879804465	1233
-2490.87725267294	1234
-2491.87649717876	1235
-2535.61776153029	1236
-2489.99106558587	1237
-2517.44456201193	1238
-2529.34721476385	1239
-2520.96362749884	1240
-2466.84584449486	1241
-2434.36709181114	1242
-2548.14318515662	1243
-2531.39818443526	1244
-2485.06581122906	1245
-2526.72093767863	1246
-2522.05835921297	1247
-2563.22068563081	1248
-2504.22268930464	1249
-2513.50374322747	1250
-2445.70488595623	1251
-2511.83253871012	1252
-2487.22956361816	1253
-2465.7067824076	1254
-2519.39111715637	1255
-2494.30008641054	1256
-2486.11170157056	1257
-2537.33392394447	1258
-2503.48209705288	1259
-2484.27909961154	1260
-2528.8145420101	1261
-2501.72720978171	1262
-2570.88496187796	1263
-2506.86900809105	1264
-2526.47506761803	1265
-2487.82174904497	1266
-2470.73672357267	1267
-2532.0310279802	1268
-2524.81308239509	1269
-2474.53973003429	1270
-2462.84945938291	1271
-2474.4565172764	1272
-2468.26167644848	1273
-2504.78953245837	1274
-2503.12643718149	1275
-2505.93719505294	1276
-2464.68975996914	1277
-2498.44274883742	1278
-2505.15668452298	1279
-2520.65248176159	1280
-2479.37134709221	1281
-2457.59719482672	1282
-2479.80814952305	1283
-2468.34018719162	1284
-2518.70222050587	1285
-2513.1377435286	1286
-2496.24001330595	1287
-2498.08899597959	1288
-2522.39141914897	1289
-2527.19444413037	1290
-2486.55357962473	1291
-2454.22141209726	1292
-2482.13710568936	1293
-2483.04604774173	1294
-2478.82597665702	1295
-2509.87116101973	1296
-2556.50338090583	1297
-2559.2181137435	1298
-2500.79811838308	1299
-2488.82001023534	1300
-2485.05730171208	1301
-2504.14773732258	1302
-2514.26258330621	1303
-2496.80347825892	1304
-2487.79850422725	1305
-2510.63987865339	1306
-2558.52954724849	1307
-2569.09003762981	1308
-2584.77321224634	1309
-2564.16352157514	1310
-2562.57968798096	1311
-2556.67882373231	1312
-2520.00037446423	1313
-2514.29884305361	1314
-2555.881342345	1315
-2507.97123346877	1316
-2533.60221411613	1317
-2479.27739226789	1318
-2496.61104357981	1319
-2537.53170656497	1320
-2541.37625575228	1321
-2541.37675401398	1322
-2563.05592238863	1323
-2526.67310642704	1324
-2517.73372315094	1325
-2546.09025512507	1326
-2523.08968345726	1327
-2522.39800842151	1328
-2531.52986539682	1329
-2554.55478410456	1330
-2492.77580709816	1331
-2491.9080789762	1332
-2515.21903422647	1333
-2562.04560558329	1334
-2550.09786523922	1335
-2551.75019652761	1336
-2474.76557856145	1337
-2479.5937578398	1338
-2465.05097513658	1339
-2488.10511139553	1340
-2506.23416790457	1341
-2500.76732059891	1342
-2529.19003907179	1343
-2522.48419164694	1344
-2488.02695990931	1345
-2516.41202221786	1346
-2484.1265144275	1347
-2461.95190664626	1348
-2548.4067823897	1349
-2489.19464429156	1350
-2529.79027796158	1351
-2500.39072058836	1352
-2473.67938134923	1353
-2571.63105206308	1354
-2502.06876050826	1355
-2495.57510611032	1356
-2534.81716063313	1357
-2529.84303673885	1358
-2499.41953250624	1359
-2541.881812436	1360
-2540.83059796865	1361
-2526.60857223019	1362
-2464.22393085414	1363
-2502.88637237121	1364
-2433.70838726862	1365
-2476.32814892462	1366
-2495.99709515796	1367
-2530.47505192394	1368
-2497.11617196424	1369
-2490.77237120187	1370
-2537.55789414054	1371
-2537.90517130339	1372
-2558.74179601792	1373
-2529.66535765732	1374
-2520.16141466214	1375
-2533.43196825057	1376
-2539.67842536707	1377
-2532.09386067025	1378
-2550.68666665026	1379
-2560.07813829386	1380
-2556.03313675386	1381
-2536.18565057162	1382
-2503.7757457286	1383
-2523.92956480756	1384
-2499.37873134868	1385
-2534.0625113207	1386
-2511.01066790682	1387
-2485.7450480701	1388
-2484.46123358036	1389
-2516.57708604151	1390
-2512.66921035537	1391
-2464.57548395841	1392
-2506.67959401419	1393
-2484.69591614197	1394
-2507.47785791238	1395
-2502.65115829208	1396
-2570.09811269948	1397
-2522.33675373733	1398
-2561.563371238	1399
-2535.98570794024	1400
-2534.29061381518	1401
-2554.49349407398	1402
-2551.35508501451	1403
-2508.19885049267	1404
-2544.801333556	1405
-2492.18524661466	1406
-2532.48092862347	1407
-2561.98952680195	1408
-2501.65955792056	1409
-2534.39909118813	1410
-2527.87916249349	1411
-2535.68680713875	1412
-2485.9803439391	1413
-2529.6494941521	1414
-2532.81760845146	1415
-2531.3562783263	1416
-2485.19278632436	1417
-2487.56649055531	1418
-2541.7362145153	1419
-2509.55406645608	1420
-2532.8286760996	1421
-2562.48678565485	1422
-2517.69824592877	1423
-2563.06420547251	1424
-2556.61939290396	1425
-2522.97955686315	1426
-2544.2950018865	1427
-2507.4889007206	1428
-2514.04236783531	1429
-2571.62507660535	1430
-2545.03258933544	1431
-2545.11635962485	1432
-2516.851628584	1433
-2516.46640750146	1434
-2533.39463988845	1435
-2486.13720586732	1436
-2490.60973904522	1437
-2511.60649292431	1438
-2520.3300929701	1439
-2524.53443173964	1440
-2546.28153813187	1441
-2577.28104738552	1442
-2544.97027761793	1443
-2494.92304268136	1444
-2556.3978547622	1445
-2516.18746680825	1446
-2503.21347607014	1447
-2500.97949476792	1448
-2490.65884958059	1449
-2498.49552867798	1450
-2517.73489648912	1451
-2516.80560436069	1452
-2487.84743133336	1453
-2543.07143910345	1454
-2551.72356705557	1455
-2527.98841544923	1456
-2451.79749771939	1457
-2549.77700719631	1458
-2518.95030335414	1459
-2508.64679080204	1460
-2453.44800569156	1461
-2496.68231259321	1462
-2485.53460889321	1463
-2525.65044816964	1464
-2483.19526047587	1465
-2472.42539839871	1466
-2532.95652832883	1467
-2506.58660810291	1468
-2479.69103373793	1469
-2479.69895253949	1470
-2521.72252750957	1471
-2529.53521005494	1472
-2513.50836347235	1473
-2475.92668448908	1474
-2479.27116603495	1475
-2498.09588651546	1476
-2510.8026546048	1477
-2547.84911181883	1478
-2548.95161203285	1479
-2519.87493496834	1480
-2500.38150272361	1481
-2515.85236989863	1482
-2547.69104327609	1483
-2540.39409219987	1484
-2548.88066737919	1485
-2518.6298995296	1486
-2531.19405784126	1487
-2527.25347878322	1488
-2520.41379164557	1489
-2563.23419367226	1490
-2561.56485376876	1491
-2545.63073477783	1492
-2525.8558125362	1493
-2546.87218557763	1494
-2476.05769024797	1495
-2523.7909988408	1496
-2535.76055702077	1497
-2524.76168430502	1498
-2499.48425587254	1499
-2497.2135993942	1500
-2511.93965841679	1501
-2482.94401958599	1502
-2524.05157522778	1503
-2529.4829112018	1504
-2528.08405442319	1505
-2512.34580985232	1506
-2526.89895929716	1507
-2556.00263588366	1508
-2494.10344089324	1509
-2550.74521199503	1510
-2507.26133353586	1511
-2473.31265080143	1512
-2471.27528363418	1513
-2513.62968393452	1514
-2499.96971395148	1515
-2531.14172476766	1516
-2486.31217085578	1517
-2481.00228672216	1518
-2478.9186119059	1519
-2539.41185782556	1520
-2507.07204487837	1521
-2528.06182316651	1522
-2501.79645487577	1523
-2497.52138240647	1524
-2474.16905992961	1525
-2520.06978788896	1526
-2498.96159040472	1527
-2481.65742887487	1528
-2508.10050227051	1529
-2503.63121014464	1530
-2493.15242018985	1531
-2535.88802497495	1532
-2512.38005257072	1533
-2534.49596199117	1534
-2530.35721627618	1535
-2504.556705185	1536
-2544.10990030467	1537
-2524.58316446755	1538
-2522.85595074149	1539
-2520.44227706586	1540
-2531.39273082532	1541
-2522.79268889391	1542
-2473.15730125696	1543
-2447.17408113364	1544
-2504.63995804521	1545
-2477.6907205481	1546
-2473.30054069264	1547
-2493.22607647722	1548
-2495.75973236228	1549
-2463.49267107605	1550
-2488.78678789095	1551
-2482.02545596361	1552
-2504.30844725641	1553
-2521.4958480591	1554
-2498.00869927487	1555
-2422.97064302309	1556
-2439.89676100382	1557
-2547.29728226706	1558
-2517.05915859266	1559
-2529.85972041393	1560
-2546.11209061075	1561
-2501.82880827183	1562
-2574.84581063949	1563
-2524.35792459207	1564
-2507.97016939282	1565
-2499.41486872694	1566
-2520.26060846808	1567
-2552.63729702511	1568
-2537.26651000982	1569
-2534.30654151723	1570
-2485.73359298287	1571
-2524.11727339528	1572
-2541.63076471598	1573
-2507.54127626931	1574
-2496.77065949711	1575
-2532.69327276995	1576
-2561.29051708949	1577
-2517.21089858377	1578
-2511.64801184487	1579
-2484.48726243269	1580
-2489.40283612971	1581
-2524.59275367766	1582
-2518.31127970616	1583
-2538.20677774359	1584
-2541.75699342745	1585
-2476.71291042487	1586
-2512.41424558383	1587
-2469.75525496345	1588
-2537.95463855286	1589
-2506.90648032476	1590
-2537.42152074377	1591
-2519.37888640842	1592
-2470.59784524329	1593
-2512.70965981654	1594
-2489.750209506	1595
-2482.74272319464	1596
-2528.34184519289	1597
-2494.99252104192	1598
-2507.6661119146	1599
-2525.20331064078	1600
-2512.80887853581	1601
-2526.35000109306	1602
-2497.03623616589	1603
-2523.54760128839	1604
-2483.29779901895	1605
-2502.05980261577	1606
-2532.87073382664	1607
-2457.51504051476	1608
-2530.25916789799	1609
-2514.50494588215	1610
-2550.48392693173	1611
-2531.52614904801	1612
-2564.50643090258	1613
-2527.93705650016	1614
-2508.36612594186	1615
-2490.29770633354	1616
-2513.84224488216	1617
-2495.75231841064	1618
-2436.95870489603	1619
-2506.36417241006	1620
-2521.30096543073	1621
-2440.64816352274	1622
-2473.67497960599	1623
-2516.04272639388	1624
-2575.37840589708	1625
-2562.58107871766	1626
-2546.71740703257	1627
-2557.33276544657	1628
-2525.85407625987	1629
-2578.64360363555	1630
-2467.22144869846	1631
-2445.09582443164	1632
-2484.84240374615	1633
-2479.06350729135	1634
-2494.11033463287	1635
-2491.80972340211	1636
-2504.67604950296	1637
-2500.40754531543	1638
-2509.41450891135	1639
-2565.666498334	1640
-2578.98487283489	1641
-2518.59175179052	1642
-2517.35926995038	1643
-2498.11618527123	1644
-2519.75030931205	1645
-2480.82506114172	1646
-2530.15206432441	1647
-2534.94850444181	1648
-2522.22670256294	1649
-2487.41072812565	1650
-2533.1870139073	1651
-2538.61117912608	1652
-2505.11302541602	1653
-2581.16864102413	1654
-2538.85570198557	1655
-2538.56929255065	1656
-2538.15997041701	1657
-2548.04797474319	1658
-2552.77550047532	1659
-2502.96576778959	1660
-2465.00332185588	1661
-2473.25011363151	1662
-2511.74572375234	1663
-2555.33362776621	1664
-2580.97659937193	1665
-2553.97792364082	1666
-2566.54252234952	1667
-2603.72039208431	1668
-2573.8928009487	1669
-2577.64154698833	1670
-2517.81050668674	1671
-2553.6483476164	1672
-2517.35729932271	1673
-2559.5671162412	1674
-2559.67293167188	1675
-2535.15066596663	1676
-2517.22969657733	1677
-2551.42301014271	1678
-2521.54038087996	1679
-2553.11650508228	1680
-2514.31657422156	1681
-2480.99118259109	1682
-2464.9813945049	1683
-2499.73088264931	1684
-2470.4706759331	1685
-2507.05126796785	1686
-2493.80818519928	1687
-2537.56570316012	1688
-2481.56373553196	1689
-2470.4415601254	1690
-2463.75266065377	1691
-2492.86210517957	1692
-2496.9207558635	1693
-2507.68110541306	1694
-2554.62038748955	1695
-2522.84031432469	1696
-2476.05233936831	1697
-2439.60176600615	1698
-2474.54188081172	1699
-2513.38267956736	1700
-2475.57954721309	1701
-2517.29266492664	1702
-2543.39084909891	1703
-2531.61663548864	1704
-2485.24522053853	1705
-2563.2826691051	1706
-2522.50115199031	1707
-2523.14796581468	1708
-2530.00580451827	1709
-2477.46459419969	1710
-2539.8859202652	1711
-2535.04239099168	1712
-2497.63723364899	1713
-2522.17001500678	1714
-2549.29655734987	1715
-2496.32718648811	1716
-2546.52037873319	1717
-2515.77827476095	1718
-2477.02948517218	1719
-2470.50901174792	1720
-2500.71949208382	1721
-2522.62754100522	1722
-2511.28556182667	1723
-2528.48137077625	1724
-2488.69135671644	1725
-2526.70861856786	1726
-2519.62256416141	1727
-2464.94022225419	1728
-2470.96292864375	1729
-2491.25522360717	1730
-2501.28730580655	1731
-2496.7631524884	1732
-2533.20648034419	1733
-2481.26586375758	1734
-2529.30386865115	1735
-2487.41246748413	1736
-2518.98496425982	1737
-2554.08165779069	1738
-2544.47957573781	1739
-2572.04366102471	1740
-2568.40949895539	1741
-2546.62485923623	1742
-2562.32764145424	1743
-2547.59835622508	1744
-2555.01462005562	1745
-2443.19930800236	1746
-2514.35542428921	1747
-2491.45547236973	1748
-2484.72449826891	1749
-2530.19059818935	1750
-2485.08225453908	1751
-2434.61306329381	1752
-2466.67234103497	1753
-2479.54587087688	1754
-2532.51875053657	1755
-2520.93680516949	1756
-2517.64395377694	1757
-2508.58694302105	1758
-2498.54600363241	1759
-2490.42545364936	1760
-2553.39138911173	1761
-2522.449288027	1762
-2533.20863697669	1763
-2520.7271955053	1764
-2498.29892542265	1765
-2514.6896768345	1766
-2537.17590846644	1767
-2512.82339830728	1768
-2541.96918035778	1769
-2517.48067042294	1770
-2503.45202329755	1771
-2548.96490794692	1772
-2497.24881811302	1773
-2484.32912322352	1774
-2527.28507315625	1775
-2531.45835080751	1776
-2536.54084120285	1777
-2530.7789401376	1778
-2559.05259198281	1779
-2543.73829244497	1780
-2529.12910774389	1781
-2531.96692481681	1782
-2479.18642465943	1783
-2467.96822949733	1784
-2497.08053961247	1785
-2476.94366096708	1786
-2484.52517714243	1787
-2479.62525094425	1788
-2559.40257120104	1789
-2521.85897855058	1790
-2535.97728662277	1791
-2513.23830550191	1792
-2522.79383434089	1793
-2566.80692849532	1794
-2589.29473991881	1795
-2566.61370993179	1796
-2571.32639514597	1797
-2528.04221153568	1798
-2575.32347738836	1799
-2514.87829259234	1800
-2500.25298474096	1801
-2496.89804069884	1802
-2469.32597205838	1803
-2447.42828785847	1804
-2505.41061051798	1805
-2467.89749290522	1806
-2490.87023048805	1807
-2499.57215354344	1808
-2536.62926221137	1809
-2526.44152618228	1810
-2448.23752992299	1811
-2488.19714106913	1812
-2465.97136015495	1813
-2473.6000481447	1814
-2512.97854105422	1815
-2507.97521538465	1816
-2538.16581077702	1817
-2553.49185264712	1818
-2532.30103778505	1819
-2503.69480959347	1820
-2487.07695045041	1821
-2568.47944268995	1822
-2482.9561604082	1823
-2483.17516371419	1824
-2497.38188302724	1825
-2481.20004638462	1826
-2483.61834121631	1827
-2529.23434677557	1828
-2506.21971888463	1829
-2454.29673054405	1830
-2486.21432222386	1831
-2519.64113063789	1832
-2541.75624495731	1833
-2535.3717502142	1834
-2509.70300425778	1835
-2525.01812671721	1836
-2463.10638336192	1837
-2519.95025903753	1838
-2500.57677910778	1839
-2531.05934195491	1840
-2456.48910569707	1841
-2448.04314544288	1842
-2467.52398939459	1843
-2524.9028917028	1844
-2505.94624952298	1845
-2460.20786560058	1846
-2533.95882669069	1847
-2543.79525919264	1848
-2533.54630817256	1849
-2580.83517627936	1850
-2545.7024215061	1851
-2532.94906143801	1852
-2469.5384929887	1853
-2531.90736571951	1854
-2533.72485459359	1855
-2542.50281994334	1856
-2517.29889451607	1857
-2542.28162200599	1858
-2480.41737399389	1859
-2504.95691732839	1860
-2528.03097115058	1861
-2495.60372567679	1862
-2530.19061111502	1863
-2539.70085058036	1864
-2513.51295436157	1865
-2519.18740565495	1866
-2541.32579040991	1867
-2547.98826031542	1868
-2562.02681770962	1869
-2581.90785708299	1870
-2546.22144103746	1871
-2557.15259808413	1872
-2576.86773266181	1873
-2575.91568402563	1874
-2581.87874624043	1875
-2596.19706425639	1876
-2502.57686185636	1877
-2525.43955886934	1878
-2545.23645480898	1879
-2536.29931977292	1880
-2550.49123297301	1881
-2537.66773464471	1882
-2525.63439660293	1883
-2563.16830144785	1884
-2548.62836256998	1885
-2548.59778834255	1886
-2489.78562352255	1887
-2546.66940467245	1888
-2530.59906147668	1889
-2557.33538086862	1890
-2562.68711840485	1891
-2563.31202554213	1892
-2571.33659489677	1893
-2575.5015302056	1894
-2519.57073917367	1895
-2559.05116138711	1896
-2596.0564061146	1897
-2553.21481441565	1898
-2590.01871288087	1899
-2556.56679469902	1900
-2569.39781569283	1901
-2550.1211270481	1902
-2513.27502293166	1903
-2483.59037950824	1904
-2543.81811791252	1905
-2554.56713103335	1906
-2511.00169254332	1907
-2512.92197225733	1908
-2491.5884273498	1909
-2491.99709709403	1910
-2525.65004089168	1911
-2524.76572912609	1912
-2482.19163261548	1913
-2546.61375017301	1914
-2535.65999883903	1915
-2535.53996104706	1916
-2538.43989419307	1917
-2580.44088245122	1918
-2483.29638607496	1919
-2556.78212149147	1920
-2582.26517524599	1921
-2571.45336410814	1922
-2521.43503874326	1923
-2509.77268698612	1924
-2480.62021775426	1925
-2498.66685586197	1926
-2540.78276419146	1927
-2554.83846324063	1928
-2522.37649821484	1929
-2547.69661033729	1930
-2528.1028707307	1931
-2537.87898185463	1932
-2530.1910018217	1933
-2565.98080968031	1934
-2525.86607395942	1935
-2552.28145663791	1936
-2523.97038064434	1937
-2495.58806050532	1938
-2548.99961593471	1939
-2575.84616422091	1940
-2572.54654043827	1941
-2497.04779828324	1942
-2509.90548202404	1943
-2529.49381541803	1944
-2493.21019347648	1945
-2524.19079906246	1946
-2529.51896398142	1947
-2511.59756032112	1948
-2502.07903425899	1949
-2501.51860842561	1950
-2549.74030607801	1951
-2505.70864741379	1952
-2511.9680797937	1953
-2529.44825514072	1954
-2485.78691661363	1955
-2482.73220088153	1956
-2518.08697315978	1957
-2525.0263678594	1958
-2518.20916820234	1959
-2506.52206468492	1960
-2511.91304596031	1961
-2550.16129156002	1962
-2521.15548879492	1963
-2487.2855033149	1964
-2544.34116884146	1965
-2517.65035803929	1966
-2517.81699909166	1967
-2522.96395719448	1968
-2458.19703755141	1969
-2538.80756072108	1970
-2532.02857179157	1971
-2554.60162729316	1972
-2559.8925921786	1973
-2541.05336752222	1974
-2538.02786082027	1975
-2479.99266302691	1976
-2520.04819578844	1977
-2545.19213967148	1978
-2514.83656236771	1979
-2517.43077929582	1980
-2514.41611244918	1981
-2569.51125729006	1982
-2567.25490849321	1983
-2490.45085342268	1984
-2547.22869602361	1985
-2572.81317569956	1986
-2506.6682250602	1987
-2557.04485074443	1988
-2578.256056733	1989
-2562.98240296693	1990
-2537.63311199528	1991
-2509.41254292492	1992
-2542.14813659828	1993
-2543.21507085823	1994
-2540.37378390815	1995
-2555.05371494215	1996
-2530.16010099909	1997
-2526.38882183333	1998
-2536.52516302881	1999
-2527.20486541105	2000
-2534.56685631803	2001
-2559.56618688025	2002
-2582.57808492066	2003
-2552.31339586987	2004
-2502.99666358731	2005
-2529.27396163561	2006
-2503.6156548813	2007
-2561.71580492188	2008
-2576.25086621629	2009
-2547.70213872385	2010
-2601.6512518246	2011
-2566.85951160501	2012
-2602.81087341077	2013
-2570.86482592332	2014
-2587.00255002953	2015
-2553.06158651501	2016
-2561.48101038306	2017
-2543.33613264752	2018
-2525.30582821005	2019
-2544.47462323465	2020
-2536.27085354542	2021
-2465.0863394791	2022
-2504.58716279652	2023
-2557.66192856809	2024
-2513.20730653266	2025
-2528.20939188343	2026
-2619.21805472341	2027
-2581.42795895978	2028
-2565.52422882473	2029
-2544.29969588186	2030
-2557.66396541804	2031
-2497.79519610971	2032
-2565.11483981727	2033
-2530.22782879823	2034
-2530.98950670341	2035
-2529.73416154979	2036
-2536.6159015298	2037
-2503.85925675254	2038
-2507.51023880386	2039
-2564.5700083856	2040
-2494.45259433307	2041
-2519.48978167478	2042
-2520.29871240082	2043
-2518.20769978977	2044
-2442.98673619703	2045
-2486.82721226771	2046
-2503.22527632866	2047
-2504.2419511826	2048
-2458.26169171703	2049
-2519.29609183237	2050
-2526.13777119778	2051
-2517.22268397725	2052
-2560.08208744737	2053
-2559.82437252248	2054
-2576.96728193069	2055
-2582.72217618623	2056
-2542.48014236785	2057
-2574.2051554948	2058
-2565.06717220196	2059
-2477.13932256684	2060
-2586.80445072836	2061
-2541.37813390987	2062
-2461.16400088583	2063
-2477.68340778673	2064
-2515.81911924655	2065
-2486.78506408868	2066
-2473.76528442887	2067
-2520.05289004006	2068
-2562.49554868566	2069
-2520.10392646212	2070
-2501.8102421459	2071
-2550.88918512835	2072
-2522.03307419801	2073
-2490.70708489687	2074
-2507.41192925658	2075
-2534.54991193429	2076
-2559.46093345336	2077
-2480.34529473797	2078
-2518.81197214334	2079
-2553.90339968027	2080
-2581.68395704602	2081
-2504.08527753429	2082
-2507.31002415065	2083
-2543.60442826622	2084
-2500.01781300463	2085
-2524.02909187618	2086
-2503.47163520051	2087
-2511.92616493406	2088
-2534.85551911228	2089
-2499.43156471321	2090
-2539.53062017566	2091
-2591.05605795671	2092
-2570.90116371872	2093
-2548.89399396161	2094
-2526.23594357258	2095
-2511.5301559224	2096
-2516.38915374406	2097
-2553.26584274547	2098
-2555.28506932042	2099
-2544.09523915867	2100
-2528.74699121653	2101
-2491.91713072167	2102
-2578.41202562143	2103
-2531.40762509355	2104
-2498.19426306179	2105
-2557.27508366245	2106
-2561.66153300519	2107
-2519.58844647634	2108
-2579.45514905321	2109
-2571.19468979155	2110
-2536.89258037951	2111
-2545.44046115845	2112
-2533.72254680376	2113
-2503.10909814776	2114
-2547.2709689027	2115
-2510.88552882995	2116
-2575.89712662957	2117
-2518.81451240759	2118
-2519.45637065288	2119
-2554.26824829095	2120
-2497.64969923254	2121
-2534.9512404089	2122
-2547.78600843775	2123
-2566.21740074602	2124
-2577.15933356849	2125
-2578.93646393841	2126
-2568.6347290069	2127
-2566.1882892665	2128
-2531.22576982535	2129
-2561.83115342242	2130
-2537.17064983699	2131
-2525.4167189414	2132
-2489.03680700296	2133
-2472.58748885734	2134
-2548.59536431645	2135
-2564.71444542549	2136
-2529.40184417033	2137
-2537.74173454214	2138
-2513.57681538539	2139
-2533.7121038666	2140
-2543.82860075346	2141
-2511.84592648578	2142
-2516.15184126065	2143
-2569.95253946751	2144
-2560.10039549075	2145
-2492.63350283886	2146
-2469.92325153625	2147
-2548.98563816235	2148
-2572.67522451508	2149
-2498.48229137714	2150
-2496.48684062924	2151
-2510.11139131482	2152
-2520.85932932175	2153
-2537.16641594257	2154
-2493.53902316913	2155
-2524.50080647252	2156
-2490.95975862332	2157
-2481.64953621463	2158
-2560.85450819602	2159
-2552.44469335545	2160
-2562.47924064034	2161
-2587.78139923304	2162
-2535.85271254975	2163
-2514.27650097921	2164
-2522.97093061092	2165
-2430.35289444452	2166
-2483.59006130396	2167
-2512.05366333143	2168
-2519.67634151197	2169
-2494.00512497624	2170
-2543.5847124369	2171
-2568.36031220387	2172
-2575.68416372755	2173
-2583.6227519666	2174
-2532.28460752627	2175
-2569.88026338115	2176
-2581.0592481779	2177
-2502.50207400468	2178
-2564.15935401938	2179
-2506.69901212332	2180
-2491.98982487365	2181
-2554.52584019027	2182
-2562.61564562909	2183
-2507.55518606376	2184
-2570.46215537753	2185
-2508.44149389775	2186
-2506.43599785527	2187
-2537.03373194164	2188
-2496.23668552696	2189
-2504.65532151755	2190
-2502.25898528726	2191
-2477.39117439154	2192
-2489.94086144432	2193
-2472.49675970244	2194
-2508.01717695527	2195
-2516.07264682654	2196
-2527.40858351807	2197
-2505.64853127323	2198
-2467.94704656813	2199
-2468.95488871607	2200
-2464.59330505536	2201
-2474.17869497742	2202
-2512.11698342857	2203
-2473.56775739498	2204
-2548.71667225691	2205
-2501.70837535651	2206
-2532.37029992118	2207
-2571.39438622314	2208
-2537.57054968854	2209
-2535.32032529045	2210
-2516.94210412996	2211
-2539.5747957903	2212
-2531.88729336356	2213
-2548.59711213781	2214
-2538.09872987395	2215
-2509.60158536737	2216
-2570.66859310994	2217
-2541.83572586625	2218
-2482.55605718718	2219
-2528.54118170025	2220
-2542.99244648181	2221
-2528.82473377659	2222
-2540.47664484034	2223
-2535.05172905144	2224
-2525.01467864215	2225
-2511.39509888044	2226
-2479.76120045309	2227
-2451.36458430667	2228
-2466.83133109646	2229
-2526.16474024922	2230
-2523.11723657033	2231
-2566.44543364501	2232
-2565.8327730686	2233
-2517.35713020021	2234
-2561.98482557492	2235
-2529.49542455876	2236
-2517.43735887276	2237
-2499.4075938305	2238
-2569.00254447602	2239
-2557.80002203159	2240
-2499.51834942062	2241
-2495.49295444502	2242
-2563.18812732972	2243
-2541.04422277526	2244
-2499.05334740408	2245
-2557.07149064921	2246
-2508.56270067766	2247
-2567.18491346969	2248
-2532.78656513575	2249
-2463.62251252791	2250
-2475.94358156478	2251
-2561.8402799197	2252
-2505.1154062936	2253
-2538.52871546535	2254
-2559.96325998854	2255
-2456.6182434699	2256
-2530.9314563191	2257
-2509.82987421405	2258
-2473.95768859419	2259
-2489.28902173823	2260
-2504.6779983124	2261
-2570.74773847138	2262
-2548.76882076576	2263
-2531.87183651306	2264
-2523.03279143254	2265
-2503.61771170289	2266
-2489.86429174585	2267
-2546.06100420594	2268
-2548.81234675451	2269
-2495.20404583688	2270
-2520.61071580293	2271
-2471.87359655797	2272
-2484.30038817373	2273
-2483.72938507418	2274
-2461.83978725163	2275
-2494.86504078689	2276
-2466.50939833094	2277
-2496.22090268382	2278
-2517.16182803202	2279
-2527.71068542855	2280
-2488.22301946041	2281
-2521.71254497906	2282
-2547.31972473647	2283
-2515.48441147852	2284
-2516.57793326245	2285
-2537.41208275478	2286
-2472.19469420365	2287
-2504.50302470355	2288
-2522.218629703	2289
-2499.78419711095	2290
-2498.42446244534	2291
-2485.30833314814	2292
-2511.62211112907	2293
-2516.7842705853	2294
-2502.57164429581	2295
-2509.55955292002	2296
-2562.01773203992	2297
-2554.6762565972	2298
-2540.85136183197	2299
-2480.936883974	2300
-2526.3352184791	2301
-2541.74657593911	2302
-2512.57223067819	2303
-2535.02969431619	2304
-2534.51757199384	2305
-2532.95487964723	2306
-2573.18155150287	2307
-2568.15803472384	2308
-2501.9442513526	2309
-2549.22385045386	2310
-2546.74301975079	2311
-2519.62434055359	2312
-2566.15397454472	2313
-2573.55242454062	2314
-2566.75323292066	2315
-2586.81783653974	2316
-2557.28535344334	2317
-2550.3997561746	2318
-2555.41349194944	2319
-2575.61036620052	2320
-2577.6542395434	2321
-2600.61925832863	2322
-2479.0052178107	2323
-2513.20657236926	2324
-2519.24219178374	2325
-2503.01775589203	2326
-2557.36556293701	2327
-2572.00898995531	2328
-2585.00112714865	2329
-2488.33188695616	2330
-2485.00589005762	2331
-2567.88478976283	2332
-2521.70369985557	2333
-2533.75035576856	2334
-2568.40675183722	2335
-2642.48877540514	2336
-2553.31459312766	2337
-2562.65436399122	2338
-2532.67128745029	2339
-2494.65635937506	2340
-2513.61030653485	2341
-2523.953530956	2342
-2574.58968715265	2343
-2529.6593686779	2344
-2544.53976378993	2345
-2517.89573291202	2346
-2507.7026174365	2347
-2522.98558960668	2348
-2463.70849129977	2349
-2523.46911112635	2350
-2491.28220405374	2351
-2540.24369952517	2352
-2485.14925005721	2353
-2475.57975184466	2354
-2450.93339753192	2355
-2506.79674893496	2356
-2488.7859519995	2357
-2501.55519803555	2358
-2539.78533509171	2359
-2547.54247015679	2360
-2555.43582564128	2361
-2510.11385485409	2362
-2524.22558574869	2363
-2499.30646173141	2364
-2535.85520250662	2365
-2533.04702489668	2366
-2540.05449752462	2367
-2498.2378228393	2368
-2506.91034538255	2369
-2532.04131252493	2370
-2530.69996740845	2371
-2499.41037001974	2372
-2518.65877562799	2373
-2493.47053522202	2374
-2489.40912857579	2375
-2518.69711717811	2376
-2512.89063996588	2377
-2559.11807897675	2378
-2557.60322961847	2379
-2538.22036803352	2380
-2535.63202206548	2381
-2517.79093901369	2382
-2522.00066062937	2383
-2507.51030334906	2384
-2558.50141078374	2385
-2529.33062023818	2386
-2515.92423167077	2387
-2535.05402327954	2388
-2499.60701206734	2389
-2467.6335267273	2390
-2478.14361630003	2391
-2532.2791276916	2392
-2506.08053526757	2393
-2527.60453053256	2394
-2556.57112337677	2395
-2517.19900924579	2396
-2516.83834910263	2397
-2499.82792609693	2398
-2483.81819013942	2399
-2515.85026165225	2400
-2521.57214886625	2401
-2503.50409041942	2402
-2464.97415635788	2403
-2487.42270177187	2404
-2521.60740982501	2405
-2484.25083544157	2406
-2485.48890194202	2407
-2511.40390263528	2408
-2530.11569543568	2409
-2514.03480124423	2410
-2543.26095158745	2411
-2490.6784292948	2412
-2532.60579481874	2413
-2457.38183442988	2414
-2468.33958312441	2415
-2536.97700873751	2416
-2483.5622442987	2417
-2512.5654532168	2418
-2528.08780168604	2419
-2469.9988729264	2420
-2521.78139450861	2421
-2511.6529314123	2422
-2446.67602579001	2423
-2529.51716128218	2424
-2496.23097291868	2425
-2461.12433100085	2426
-2425.02162012798	2427
-2469.10761279355	2428
-2471.95856986971	2429
-2502.27429986142	2430
-2498.84165710905	2431
-2466.17610904374	2432
-2485.14742890748	2433
-2489.44027845198	2434
-2515.64955169209	2435
-2501.21589766662	2436
-2508.44390941613	2437
-2512.85346231839	2438
-2468.51477283975	2439
-2488.70977239966	2440
-2534.07097508468	2441
-2522.63429117517	2442
-2561.49684260491	2443
-2511.75033203255	2444
-2522.36442483687	2445
-2442.17958893075	2446
-2488.31308037343	2447
-2494.28156034051	2448
-2502.4959656326	2449
-2497.2838373076	2450
-2526.27840839475	2451
-2555.98496642297	2452
-2514.21793744045	2453
-2574.37726560331	2454
-2561.55089003424	2455
-2579.13261957858	2456
-2518.99709678873	2457
-2540.76368180632	2458
-2563.16519856813	2459
-2488.89827361723	2460
-2463.16748453205	2461
-2548.47187860505	2462
-2502.68487800854	2463
-2523.27606419639	2464
-2531.4625598441	2465
-2505.51066391108	2466
-2500.85192370607	2467
-2509.81323941832	2468
-2520.67892422103	2469
-2485.69991311738	2470
-2462.86791149578	2471
-2478.55940106804	2472
-2489.60083162928	2473
-2505.81349811651	2474
-2509.78745919029	2475
-2539.84758371497	2476
-2507.4699366784	2477
-2477.09321160819	2478
-2512.11874151059	2479
-2527.47008604703	2480
-2471.60305792676	2481
-2485.22435404891	2482
-2527.35912360819	2483
-2527.7427135679	2484
-2548.21990091499	2485
-2553.27344744486	2486
-2497.93132628155	2487
-2477.52107192122	2488
-2516.55897055098	2489
-2525.59628135676	2490
-2529.07208659334	2491
-2505.83112961774	2492
-2542.33680648736	2493
-2507.86474463198	2494
-2557.18254285811	2495
-2541.52156052619	2496
-2512.45883174401	2497
-2545.67362836873	2498
-2548.52502295927	2499
-2544.87149104719	2500
-2525.27723494097	2501
-2535.988706352	2502
-2499.00459619755	2503
-2520.32104858496	2504
-2561.1613778387	2505
-2548.44249983282	2506
-2533.46659256347	2507
-2535.41533284715	2508
-2492.0567593336	2509
-2546.16123572128	2510
-2510.59594234589	2511
-2527.14741599963	2512
-2494.9075617535	2513
-2500.25471274606	2514
-2505.08332108637	2515
-2550.17258538085	2516
-2475.39637366095	2517
-2478.97717677445	2518
-2474.29634884776	2519
-2470.51062259306	2520
-2504.14741089903	2521
-2517.9274496828	2522
-2535.36315214493	2523
-2521.36880767004	2524
-2521.16808926981	2525
-2497.39161145164	2526
-2513.89058085741	2527
-2501.70367160035	2528
-2514.98368257732	2529
-2468.23587144528	2530
-2508.62203931055	2531
-2485.28711441926	2532
-2481.23775656272	2533
-2445.49624240978	2534
-2507.41914812632	2535
-2480.1859726907	2536
-2543.97883836712	2537
-2521.8422643767	2538
-2518.91865474882	2539
-2505.18127445821	2540
-2499.91415738461	2541
-2533.62219184622	2542
-2535.26515742521	2543
-2546.92009170815	2544
-2530.06205045074	2545
-2551.47066774539	2546
-2503.74346741507	2547
-2523.90994066951	2548
-2480.68125005311	2549
-2491.11343360927	2550
-2505.26162244656	2551
-2501.58893656144	2552
-2478.04952074335	2553
-2451.60826213491	2554
-2493.7642133904	2555
-2466.07515373702	2556
-2453.56995609505	2557
-2489.43344206409	2558
-2527.40797493194	2559
-2513.89650370472	2560
-2531.85443331005	2561
-2507.42170198394	2562
-2539.91944927394	2563
-2587.20466177157	2564
-2541.32105233149	2565
-2529.21169848496	2566
-2547.72759096467	2567
-2523.0738531418	2568
-2480.62775388281	2569
-2487.97093833397	2570
-2506.65906071261	2571
-2541.84534683625	2572
-2517.79857169307	2573
-2519.99728510838	2574
-2449.24524401573	2575
-2504.19647650663	2576
-2511.04819861483	2577
-2470.33349600765	2578
-2512.76027270216	2579
-2512.64304855757	2580
-2526.71501673936	2581
-2511.7584817473	2582
-2533.28615656266	2583
-2502.65066687368	2584
-2523.88439294215	2585
-2520.92599741885	2586
-2582.69727450594	2587
-2520.33129111166	2588
-2556.21909714264	2589
-2504.22391731135	2590
-2518.16369364302	2591
-2551.28830119797	2592
-2585.43563392672	2593
-2529.03211231642	2594
-2524.09035874648	2595
-2544.85491219873	2596
-2484.81765921646	2597
-2500.15443670229	2598
-2497.03911717602	2599
-2500.21300591356	2600
-2518.54748858503	2601
-2501.46677558355	2602
-2513.37123758669	2603
-2478.63598780029	2604
-2459.89703891123	2605
-2491.75822932654	2606
-2493.36772439146	2607
-2502.67854641605	2608
-2487.75086608091	2609
-2526.33997035529	2610
-2488.13188484389	2611
-2534.30043542171	2612
-2487.44297327777	2613
-2534.29609224467	2614
-2492.93960686381	2615
-2505.90696546714	2616
-2533.560973743	2617
-2532.13741610074	2618
-2550.54753157009	2619
-2582.86908218745	2620
-2541.76830239875	2621
-2546.34694136408	2622
-2521.19647596155	2623
-2539.56180789951	2624
-2520.2102500044	2625
-2527.83511324296	2626
-2523.46452137737	2627
-2534.32492223894	2628
-2484.64850648009	2629
-2529.52908597757	2630
-2503.21248893267	2631
-2484.85901827214	2632
-2538.31328348352	2633
-2477.00110764803	2634
-2502.80137485849	2635
-2477.17365331449	2636
-2486.875404443	2637
-2535.07195346232	2638
-2529.08236293654	2639
-2470.15347197232	2640
-2511.05851083385	2641
-2495.85389694837	2642
-2548.14536954102	2643
-2499.51524426472	2644
-2518.03484049008	2645
-2543.80057852557	2646
-2520.03040761141	2647
-2515.16762702791	2648
-2546.60371296548	2649
-2526.25459945687	2650
-2496.74904273912	2651
-2545.85938376692	2652
-2498.06461473586	2653
-2497.90336871301	2654
-2525.59354661518	2655
-2541.48209541711	2656
-2541.99829441424	2657
-2541.54235965749	2658
-2532.49810380448	2659
-2514.21768777565	2660
-2486.17447245576	2661
-2508.40405293642	2662
-2495.68690181592	2663
-2503.02632612742	2664
-2479.20153211612	2665
-2531.101814823	2666
-2460.41749977068	2667
-2497.8300086455	2668
-2528.36618277758	2669
-2489.10030567317	2670
-2538.48187479231	2671
-2564.88806255235	2672
-2520.31931507107	2673
-2545.28399018934	2674
-2517.77178523917	2675
-2500.2116031504	2676
-2492.24660314379	2677
-2545.92200274568	2678
-2523.946897371	2679
-2456.68133102319	2680
-2477.0272424384	2681
-2500.30331941571	2682
-2474.0905330023	2683
-2507.39122719885	2684
-2544.27427101738	2685
-2507.72197351455	2686
-2497.79372880784	2687
-2514.56975292436	2688
-2452.12656961301	2689
-2518.69653505256	2690
-2482.55789355664	2691
-2499.13964862759	2692
-2503.55579620395	2693
-2538.07003163065	2694
-2472.80712370688	2695
-2499.89576982176	2696
-2493.17028304202	2697
-2553.24372426719	2698
-2470.58856543906	2699
-2460.77083759691	2700
-2538.99269673662	2701
-2500.03473601279	2702
-2507.56568658076	2703
-2534.29521867957	2704
-2531.7244907127	2705
-2516.29233315072	2706
-2480.93853374602	2707
-2493.65057513939	2708
-2502.71618367053	2709
-2459.92524002906	2710
-2464.03758217763	2711
-2499.21461451224	2712
-2500.8758960285	2713
-2471.59932697436	2714
-2493.06008182086	2715
-2435.34470373839	2716
-2479.72642237702	2717
-2486.67958753047	2718
-2531.61282210362	2719
-2512.5574883436	2720
-2430.37907509178	2721
-2499.80493845834	2722
-2527.52392172053	2723
-2525.56376416138	2724
-2461.7282084237	2725
-2473.14115232974	2726
-2501.67292878027	2727
-2505.63018940986	2728
-2570.1912449912	2729
-2532.46434335688	2730
-2526.05887636624	2731
-2513.89483661164	2732
-2543.21251385869	2733
-2542.55069384853	2734
-2547.35074180831	2735
-2534.80913553332	2736
-2512.26784615714	2737
-2536.67600866306	2738
-2523.6519627542	2739
-2525.36326857872	2740
-2474.74207460742	2741
-2498.27558151409	2742
-2525.34585962767	2743
-2525.61242427264	2744
-2516.31033871701	2745
-2541.70227829191	2746
-2494.82528090065	2747
-2436.28460595019	2748
-2500.61903865596	2749
-2485.12836426522	2750
-2485.11809587257	2751
-2450.36367899429	2752
-2505.33063071562	2753
-2546.09883344649	2754
-2515.85326567807	2755
-2551.37400118391	2756
-2550.03607276733	2757
-2536.07299379239	2758
-2530.83568030618	2759
-2537.81933949945	2760
-2537.45500813508	2761
-2480.67644084371	2762
-2473.51763642138	2763
-2438.78267158925	2764
-2491.98943335462	2765
-2521.27433945137	2766
-2445.71405928501	2767
-2486.19190646709	2768
-2500.23165783694	2769
-2542.28129819032	2770
-2514.5205549164	2771
-2512.62932207471	2772
-2594.82774185901	2773
-2541.09998262589	2774
-2547.91594582284	2775
-2523.84220276777	2776
-2565.50253074826	2777
-2513.34811157554	2778
-2487.05805059884	2779
-2518.93328291159	2780
-2476.9105635497	2781
-2499.76084687841	2782
-2472.35280382683	2783
-2486.25738700278	2784
-2474.98419721248	2785
-2496.39047926815	2786
-2454.35322772893	2787
-2486.56698785972	2788
-2524.83459985583	2789
-2527.10490642868	2790
-2534.10504841251	2791
-2520.05677300784	2792
-2511.32790173355	2793
-2549.26294230894	2794
-2501.83761108832	2795
-2536.75702025154	2796
-2523.8984796595	2797
-2540.36463683079	2798
-2509.06414787598	2799
-2532.31026043152	2800
-2520.35624531827	2801
-2483.27627372795	2802
-2500.62597071929	2803
-2518.34479622924	2804
-2528.79100064192	2805
-2534.38709957353	2806
-2537.94905180322	2807
-2493.43290349098	2808
-2527.59345483367	2809
-2496.12002728228	2810
-2465.02862605341	2811
-2442.33903169989	2812
-2483.87959085593	2813
-2501.08824001618	2814
-2529.7387559719	2815
-2481.68122065921	2816
-2485.79932291442	2817
-2491.28772079817	2818
-2486.0573319631	2819
-2470.95030294475	2820
-2510.48874023448	2821
-2520.17803696285	2822
-2492.65904265726	2823
-2498.77394193524	2824
-2515.88713568312	2825
-2495.78976752928	2826
-2480.8772028622	2827
-2502.70932967587	2828
-2510.83728219472	2829
-2522.18731922951	2830
-2483.62678719076	2831
-2510.33167030833	2832
-2526.05908572108	2833
-2471.68193172375	2834
-2531.99626873876	2835
-2484.11920042281	2836
-2503.85062356931	2837
-2506.35509867381	2838
-2518.83937401284	2839
-2513.27956072842	2840
-2497.74276078866	2841
-2488.84404932473	2842
-2493.15126826394	2843
-2508.58028103176	2844
-2531.06702824971	2845
-2501.60680171027	2846
-2532.680350802	2847
-2475.92613058441	2848
-2473.3996291018	2849
-2477.85205764941	2850
-2554.39725000687	2851
-2515.65027352046	2852
-2516.38052821016	2853
-2498.85353670786	2854
-2524.0817326019	2855
-2471.6659515745	2856
-2481.60782123737	2857
-2464.13611778714	2858
-2511.39956238119	2859
-2489.27207915444	2860
-2488.20444210474	2861
-2537.71168857297	2862
-2532.1104637625	2863
-2497.88336781939	2864
-2488.94803217445	2865
-2548.9243321777	2866
-2503.23500497626	2867
-2534.04935547756	2868
-2562.62475219113	2869
-2489.26256278385	2870
-2447.24618329481	2871
-2447.91335229361	2872
-2546.11285386895	2873
-2538.88535067011	2874
-2505.98076537377	2875
-2535.67016414291	2876
-2496.63075299926	2877
-2556.11688869738	2878
-2481.75058155005	2879
-2547.83447373853	2880
-2501.98710049972	2881
-2487.92727116804	2882
-2560.13719746101	2883
-2499.70468628093	2884
-2483.49278716738	2885
-2443.01386600757	2886
-2488.11779382643	2887
-2543.61091870724	2888
-2535.48982322473	2889
-2491.93009054007	2890
-2524.6041490945	2891
-2513.0529927822	2892
-2505.23136911104	2893
-2499.80362272564	2894
-2519.5395622287	2895
-2490.85726244598	2896
-2515.81005222452	2897
-2541.66027926828	2898
-2516.03567909293	2899
-2479.34006137677	2900
-2487.91337038001	2901
-2486.18316989486	2902
-2508.5843663486	2903
-2490.95753201151	2904
-2470.76314726069	2905
-2506.42493506871	2906
-2490.96605159617	2907
-2465.76036436854	2908
-2480.61623319313	2909
-2545.51608799089	2910
-2503.53166712602	2911
-2511.68282819673	2912
-2481.62326555391	2913
-2495.45710137803	2914
-2465.82237309644	2915
-2510.60093568357	2916
-2520.81518042917	2917
-2526.27850323623	2918
-2525.30021330024	2919
-2489.6869645334	2920
-2517.36886709536	2921
-2534.54512877768	2922
-2497.59026972226	2923
-2517.74938724606	2924
-2463.79706950296	2925
-2524.02736456748	2926
-2484.12065392977	2927
-2504.17987140789	2928
-2502.28897621309	2929
-2463.72106666106	2930
-2485.9410831965	2931
-2530.99358334576	2932
-2521.2674950043	2933
-2536.54373540572	2934
-2461.92792109142	2935
-2523.38237066649	2936
-2494.6276018953	2937
-2550.83928105935	2938
-2525.53543963254	2939
-2481.32483475172	2940
-2458.53591660466	2941
-2487.55024311584	2942
-2496.79681491687	2943
-2546.78496416945	2944
-2490.78228856615	2945
-2501.15254029186	2946
-2459.74059522309	2947
-2467.53984905859	2948
-2476.48034549237	2949
-2482.75368974884	2950
-2526.51067718523	2951
-2528.31343818338	2952
-2517.39798967727	2953
-2534.02777657252	2954
-2492.4694599381	2955
-2522.24304318889	2956
-2468.21732685943	2957
-2476.88812437898	2958
-2515.56703289813	2959
-2460.40102890983	2960
-2486.33040287443	2961
-2554.55734126072	2962
-2481.24228617327	2963
-2493.37392797738	2964
-2497.6561440967	2965
-2531.16477562816	2966
-2478.80529268476	2967
-2492.56342955834	2968
-2523.11977965086	2969
-2505.97505564443	2970
-2497.09551886438	2971
-2499.91346496227	2972
-2517.21697609223	2973
-2485.56706839075	2974
-2515.15936641039	2975
-2525.81718171812	2976
-2498.85571555155	2977
-2529.39458141899	2978
-2478.86553275181	2979
-2539.49503982411	2980
-2477.26540859569	2981
-2498.70583840496	2982
-2468.83513491522	2983
-2519.47777998176	2984
-2487.83516946864	2985
-2490.21618117572	2986
-2499.32307127557	2987
-2553.20611861429	2988
-2519.57280371235	2989
-2500.12548639642	2990
-2536.58168278224	2991
-2517.19485236621	2992
-2556.48630776967	2993
-2501.38397751347	2994
-2521.85338885217	2995
-2512.48242438373	2996
-2519.2957252362	2997
-2545.08401154379	2998
-2557.01288784958	2999
-2504.56979034165	3000
-2530.24389793759	3001
-2523.35528830059	3002
-2543.79955044168	3003
-2556.09237650246	3004
-2547.20166387272	3005
-2521.69970688716	3006
-2553.67576106052	3007
-2533.81278825449	3008
-2512.8563757155	3009
-2531.51041202877	3010
-2518.77257216646	3011
-2558.10849735344	3012
-2559.93234099747	3013
-2523.98457235053	3014
-2520.78995914263	3015
-2509.82069462688	3016
-2510.44841533013	3017
-2496.94700301021	3018
-2489.17271005952	3019
-2489.42436783893	3020
-2527.58302546501	3021
-2499.3511425174	3022
-2532.4134423295	3023
-2493.97511659959	3024
-2566.13412579101	3025
-2534.14919512009	3026
-2514.82980884975	3027
-2477.24110375917	3028
-2541.29860299198	3029
-2477.52069590988	3030
-2515.51454792676	3031
-2507.21725781739	3032
-2526.02847914697	3033
-2574.68000206634	3034
-2497.26044835007	3035
-2485.92172124139	3036
-2515.19096936423	3037
-2549.11459817794	3038
-2506.80875058267	3039
-2480.87543323219	3040
-2503.8408059434	3041
-2522.75504904407	3042
-2555.69827406934	3043
-2537.07745941422	3044
-2522.97151766848	3045
-2531.93360821199	3046
-2531.02747623719	3047
-2524.07758115572	3048
-2483.15467026179	3049
-2498.34240213472	3050
-2498.56343529231	3051
-2509.67557319875	3052
-2506.02577324141	3053
-2545.23162336705	3054
-2477.38300683474	3055
-2521.73548289817	3056
-2457.57371267203	3057
-2541.67085710511	3058
-2512.20700179883	3059
-2453.66458823748	3060
-2508.84222488727	3061
-2502.98930241331	3062
-2482.88055272239	3063
-2514.96149609028	3064
-2499.40854970772	3065
-2545.54148384337	3066
-2535.41278359752	3067
-2497.40435872017	3068
-2539.61553335405	3069
-2512.61554263656	3070
-2477.65769625056	3071
-2500.8893461124	3072
-2444.73374075627	3073
-2433.38655596714	3074
-2485.2686710382	3075
-2564.31914206182	3076
-2544.6541236864	3077
-2531.91348100583	3078
-2546.5207396303	3079
-2533.38301186799	3080
-2542.34705929704	3081
-2551.68906585561	3082
-2583.29401362212	3083
-2560.44100975376	3084
-2523.37147031427	3085
-2551.12750738308	3086
-2567.85330174983	3087
-2503.91857516079	3088
-2498.02578226035	3089
-2528.40083492782	3090
-2546.85780857688	3091
-2485.04842781552	3092
-2492.7846120952	3093
-2533.88714260825	3094
-2536.70447113159	3095
-2515.13468801094	3096
-2503.11377564618	3097
-2527.3771710892	3098
-2477.40244779288	3099
-2500.26505505122	3100
-2462.11325460284	3101
-2466.46861280152	3102
-2502.96856860203	3103
-2514.01958455308	3104
-2533.5372387402	3105
-2519.24543783707	3106
-2527.3427979615	3107
-2517.94672075772	3108
-2541.89244995707	3109
-2515.05530858701	3110
-2546.85776936396	3111
-2539.72686840512	3112
-2538.80415899893	3113
-2547.36829050154	3114
-2535.18725141284	3115
-2526.12055628963	3116
-2509.70775215117	3117
-2496.73695627387	3118
-2525.05251734765	3119
-2523.59687337979	3120
-2560.93383762739	3121
-2557.51635352508	3122
-2468.38007888346	3123
-2533.7298747099	3124
-2425.64928042705	3125
-2477.25217194923	3126
-2502.16893055126	3127
-2466.17543385938	3128
-2510.15223180383	3129
-2492.07757751969	3130
-2486.59480609516	3131
-2486.98014027425	3132
-2509.62758988585	3133
-2452.61422602565	3134
-2468.99874318952	3135
-2454.21767621309	3136
-2488.56038663086	3137
-2483.27992247714	3138
-2467.04730291986	3139
-2439.14797470846	3140
-2504.84332828537	3141
-2493.49231665562	3142
-2485.18874328968	3143
-2511.75470205274	3144
-2528.19592590567	3145
-2474.54134028352	3146
-2465.16376957195	3147
-2478.36626226179	3148
-2512.32001585097	3149
-2551.9847203188	3150
-2598.04848580577	3151
-2522.80094671415	3152
-2535.51803368937	3153
-2548.29755439129	3154
-2550.55574846396	3155
-2565.29101839316	3156
-2537.86038523814	3157
-2523.84301964541	3158
-2555.00872660747	3159
-2540.86948672616	3160
-2505.96181988947	3161
-2574.68361065439	3162
-2479.12233986299	3163
-2568.92681401673	3164
-2512.09111647964	3165
-2442.15290385686	3166
-2519.80075181637	3167
-2501.00138903872	3168
-2537.77640901216	3169
-2490.07778982985	3170
-2557.63808535411	3171
-2561.6809323197	3172
-2481.98921048638	3173
-2489.66838663213	3174
-2510.33309908933	3175
-2450.74749036233	3176
-2492.48335316397	3177
-2501.69409690252	3178
-2541.22140805852	3179
-2516.60431751996	3180
-2539.98198099204	3181
-2574.02225437161	3182
-2554.89429357772	3183
-2546.67154335357	3184
-2590.76499609991	3185
-2566.33417840144	3186
-2557.4353995329	3187
-2546.28074718797	3188
-2550.15448304836	3189
-2595.02346995094	3190
-2559.19743440079	3191
-2545.97095966779	3192
-2513.53927578394	3193
-2541.20475190125	3194
-2539.08304493878	3195
-2551.53324465934	3196
-2536.14996057704	3197
-2553.943649339	3198
-2549.79378899496	3199
-2511.4312487954	3200
-2474.57114771936	3201
-2530.74092962869	3202
-2520.63729648387	3203
-2542.50569355919	3204
-2525.38423877887	3205
-2499.50662147531	3206
-2506.41329108135	3207
-2502.11143388271	3208
-2569.54841306247	3209
-2568.87741703103	3210
-2543.69709657303	3211
-2558.70371839593	3212
-2547.37388056059	3213
-2551.04589446698	3214
-2555.41840113147	3215
-2572.64389765575	3216
-2516.13847614906	3217
-2540.48488765876	3218
-2468.8000092626	3219
-2561.36478863843	3220
-2509.92262983705	3221
-2574.05759275687	3222
-2556.07071289514	3223
-2559.92657713145	3224
-2567.68630293054	3225
-2560.9756352431	3226
-2578.36178001923	3227
-2547.51231825527	3228
-2546.42985820882	3229
-2529.06267888024	3230
-2537.27399404099	3231
-2500.03153355824	3232
-2498.33655677139	3233
-2507.26164733707	3234
-2463.43233092604	3235
-2514.33293406407	3236
-2486.92387019696	3237
-2472.30135058617	3238
-2500.80117876768	3239
-2499.95303123914	3240
-2485.87479971105	3241
-2504.78602047776	3242
-2448.16247030916	3243
-2485.11861867487	3244
-2505.09944229964	3245
-2552.01928729046	3246
-2529.28225146413	3247
-2504.50983822642	3248
-2484.522367988	3249
-2528.90889861075	3250
-2497.22650894972	3251
-2532.12399470492	3252
-2519.53533503768	3253
-2433.74941669089	3254
-2500.99414549801	3255
-2540.09326960752	3256
-2566.25608462385	3257
-2519.30624363865	3258
-2509.03654040581	3259
-2534.79150482416	3260
-2509.35436401568	3261
-2460.12775208204	3262
-2515.480169078	3263
-2538.98398010565	3264
-2468.0401752642	3265
-2517.15757812623	3266
-2531.3273678027	3267
-2491.80305533067	3268
-2482.19456954152	3269
-2511.83537300158	3270
-2494.08327888955	3271
-2511.42279269852	3272
-2508.17990407306	3273
-2560.91640586855	3274
-2532.41924522901	3275
-2471.8465190945	3276
-2526.53316233915	3277
-2504.09361761726	3278
-2545.95959936856	3279
-2495.4417808889	3280
-2527.42853113266	3281
-2457.12636457649	3282
-2524.70134233952	3283
-2486.14194597834	3284
-2486.27874213161	3285
-2475.63848696624	3286
-2511.91213346551	3287
-2507.90542091553	3288
-2531.76905943788	3289
-2568.14677077511	3290
-2546.59327408137	3291
-2516.12953212084	3292
-2526.52921853508	3293
-2536.03709489139	3294
-2513.70584025807	3295
-2556.31881222007	3296
-2522.30717433066	3297
-2530.11933064353	3298
-2518.35739635782	3299
-2489.65403400409	3300
-2505.59559995175	3301
-2493.50127047324	3302
-2522.46113916781	3303
-2563.59290672411	3304
-2507.56572196017	3305
-2499.77873813184	3306
-2492.23353188255	3307
-2529.92553813584	3308
-2449.60587097549	3309
-2542.25568780849	3310
-2531.63539953285	3311
-2513.90605992123	3312
-2540.93395044152	3313
-2465.81257509716	3314
-2458.37320640275	3315
-2507.55355200937	3316
-2484.73739597744	3317
-2477.65024148637	3318
-2531.07755823841	3319
-2471.6704567046	3320
-2501.68833820601	3321
-2471.47951404737	3322
-2553.17349327972	3323
-2534.24528206068	3324
-2506.42297770768	3325
-2476.74007641496	3326
-2496.05013161883	3327
-2502.30365157245	3328
-2540.80735989688	3329
-2506.15931059415	3330
-2485.02663584408	3331
-2508.50435603342	3332
-2455.42858036491	3333
-2484.75388276243	3334
-2486.85822657056	3335
-2435.40677620485	3336
-2487.73582092081	3337
-2439.87491031885	3338
-2470.67832031087	3339
-2480.17556337215	3340
-2493.32441285002	3341
-2515.56118091067	3342
-2508.1192348089	3343
-2526.11446380485	3344
-2482.48532018056	3345
-2479.66200314418	3346
-2473.79363575749	3347
-2509.44164318882	3348
-2530.85807130765	3349
-2516.94044633114	3350
-2515.87088254781	3351
-2500.15194722224	3352
-2503.38212207038	3353
-2512.60418870877	3354
-2512.66172166974	3355
-2486.16739752366	3356
-2447.10621283661	3357
-2484.88417318968	3358
-2534.34291315777	3359
-2495.67249961321	3360
-2503.2455127499	3361
-2521.15036343885	3362
-2470.66670934271	3363
-2502.81391998201	3364
-2503.62627567673	3365
-2458.4842769899	3366
-2460.20377439181	3367
-2441.59873934825	3368
-2473.63769225637	3369
-2507.5510404681	3370
-2501.97153904927	3371
-2484.82895767366	3372
-2492.30845906856	3373
-2535.02732160009	3374
-2487.36839614189	3375
-2512.91322902254	3376
-2542.46276347696	3377
-2498.67917407777	3378
-2530.8804382522	3379
-2488.75478855025	3380
-2525.20179783517	3381
-2522.51336197365	3382
-2511.84191965362	3383
-2509.6711384117	3384
-2553.99254192314	3385
-2497.31040660722	3386
-2500.89187764728	3387
-2528.66204571738	3388
-2499.08626298229	3389
-2482.92183739055	3390
-2515.73831952317	3391
-2489.42329783859	3392
-2481.90218256795	3393
-2516.39523389607	3394
-2500.99473243712	3395
-2514.48460836742	3396
-2484.89300548169	3397
-2520.26599099988	3398
-2533.93374320936	3399
-2533.3648287294	3400
-2456.03613419298	3401
-2498.66908700958	3402
-2471.37283681044	3403
-2531.53391529257	3404
-2579.04926731284	3405
-2536.81248931754	3406
-2501.19280033731	3407
-2535.92760163745	3408
-2539.06322244178	3409
-2519.59844832816	3410
-2491.3188011029	3411
-2516.80098271737	3412
-2500.12501114675	3413
-2519.88487306435	3414
-2492.49644334044	3415
-2500.30292499092	3416
-2517.26123810711	3417
-2502.05707480968	3418
-2510.99311456488	3419
-2491.36080066386	3420
-2470.71883082152	3421
-2505.68392151136	3422
-2537.05812420952	3423
-2524.54416391386	3424
-2540.10580047921	3425
-2520.55862393232	3426
-2440.11898357435	3427
-2472.32105073163	3428
-2501.45420071201	3429
-2468.88310279777	3430
-2548.58685101865	3431
-2551.79826651952	3432
-2547.71148426996	3433
-2544.96050322191	3434
-2539.22697258695	3435
-2507.60185665392	3436
-2511.03228545565	3437
-2486.55504993637	3438
-2498.36253058749	3439
-2544.257522571	3440
-2575.6565460994	3441
-2487.76321785706	3442
-2514.18344473698	3443
-2527.83004462266	3444
-2527.43706552863	3445
-2534.19419079961	3446
-2541.94959748102	3447
-2509.88060042466	3448
-2560.23279915737	3449
-2567.62525330051	3450
-2533.30959511773	3451
-2533.62354420796	3452
-2513.3993047378	3453
-2521.3247355909	3454
-2464.44987580284	3455
-2506.98372997119	3456
-2477.63997862954	3457
-2542.20591507916	3458
-2524.50853558511	3459
-2536.57330964456	3460
-2486.09148847542	3461
-2513.79255768621	3462
-2479.72712234245	3463
-2491.01660420864	3464
-2514.87810026827	3465
-2545.83518945505	3466
-2481.48459390659	3467
-2468.21441186482	3468
-2458.35425696339	3469
-2528.92829927615	3470
-2537.41747889795	3471
-2587.51067091927	3472
-2454.92170862998	3473
-2536.23244342317	3474
-2551.11333972572	3475
-2495.1432671075	3476
-2534.24397929726	3477
-2560.89524854608	3478
-2551.30282306206	3479
-2525.7479869671	3480
-2559.56635341821	3481
-2545.83057779813	3482
-2522.83486656077	3483
-2521.64432927881	3484
-2500.46625290318	3485
-2504.41386434391	3486
-2548.81734356435	3487
-2516.44076941443	3488
-2525.92812328309	3489
-2523.9645441592	3490
-2538.64071620903	3491
-2481.9912190581	3492
-2462.29265165692	3493
-2489.23291989871	3494
-2514.02554856674	3495
-2500.17021043257	3496
-2495.80213275673	3497
-2475.67851728083	3498
-2527.24541193997	3499
-2513.14519469575	3500
-2574.26652380365	3501
-2536.16107889058	3502
-2562.70271991766	3503
-2518.9502817264	3504
-2530.22227045942	3505
-2506.93811679831	3506
-2479.15362118341	3507
-2479.10191851252	3508
-2474.20227321903	3509
-2508.17354852262	3510
-2534.09175216098	3511
-2525.70446283753	3512
-2459.89881248438	3513
-2541.67222677146	3514
-2539.22085883041	3515
-2532.14016469477	3516
-2499.917519028	3517
-2510.99355149682	3518
-2522.37663663729	3519
-2524.02205352235	3520
-2528.54595263342	3521
-2479.0921901123	3522
-2526.94477206109	3523
-2482.99952354069	3524
-2484.27178297651	3525
-2460.78691676449	3526
-2486.92843415591	3527
-2475.07128220907	3528
-2496.65804123564	3529
-2502.16733116118	3530
-2504.56387513691	3531
-2495.78611355751	3532
-2502.48008309415	3533
-2529.79263689997	3534
-2487.74049384299	3535
-2508.49750294104	3536
-2528.90466121124	3537
-2475.3830781794	3538
-2525.67292363718	3539
-2461.83229369337	3540
-2484.28175292146	3541
-2493.55915808889	3542
-2517.65608967933	3543
-2558.87515955886	3544
-2575.75683166958	3545
-2520.40712753052	3546
-2540.84333250663	3547
-2470.83431189433	3548
-2512.55344220412	3549
-2543.52001558593	3550
-2488.12600441413	3551
-2506.93232675299	3552
-2543.60822030954	3553
-2516.95677117571	3554
-2525.80932262562	3555
-2511.41754554609	3556
-2495.62216758213	3557
-2489.65165242013	3558
-2503.72407549153	3559
-2525.93142208548	3560
-2441.97665939026	3561
-2450.57682218247	3562
-2490.56277202448	3563
-2547.21415661877	3564
-2543.72529218661	3565
-2539.08801290179	3566
-2457.44218983801	3567
-2484.73480285822	3568
-2478.90154218099	3569
-2490.93818848492	3570
-2481.20903688032	3571
-2454.52689491086	3572
-2442.32065701787	3573
-2474.21398104916	3574
-2521.47447612838	3575
-2496.14615918337	3576
-2515.28082168592	3577
-2459.49302916403	3578
-2492.72542774236	3579
-2472.39912373073	3580
-2517.51341444563	3581
-2532.53376730299	3582
-2558.07035262681	3583
-2473.28449498115	3584
-2520.90118548487	3585
-2519.52484924825	3586
-2486.48120003165	3587
-2496.13428214829	3588
-2474.09094542733	3589
-2456.59021738495	3590
-2495.54943634583	3591
-2481.74872170872	3592
-2535.01814730271	3593
-2520.44636118707	3594
-2541.34347544826	3595
-2518.25074485166	3596
-2530.15020019405	3597
-2511.40704253472	3598
-2511.38148069391	3599
-2491.46755720912	3600
-2469.39416360394	3601
-2526.86945788955	3602
-2579.49404491612	3603
-2510.2534933886	3604
-2535.24099384091	3605
-2567.29961354563	3606
-2553.03554773523	3607
-2545.36563227192	3608
-2496.30292970965	3609
-2555.34664172147	3610
-2547.32033310282	3611
-2503.58205146355	3612
-2459.30482104243	3613
-2489.28895643435	3614
-2486.09070953162	3615
-2472.8011322022	3616
-2489.90061518851	3617
-2497.00913919474	3618
-2477.15198950861	3619
-2498.47638827645	3620
-2492.32634045436	3621
-2536.83878700328	3622
-2534.82074883252	3623
-2540.41971234797	3624
-2495.57757235518	3625
-2447.47157196885	3626
-2477.99102307757	3627
-2479.95112122715	3628
-2493.00994272446	3629
-2471.4213358526	3630
-2482.79753479199	3631
-2505.3800634745	3632
-2515.88873039913	3633
-2543.75654588995	3634
-2505.99921574451	3635
-2526.00080459722	3636
-2475.52051532514	3637
-2533.24223679192	3638
-2540.27233199199	3639
-2538.22411719737	3640
-2492.93879012564	3641
-2516.66900207915	3642
-2542.37999391358	3643
-2557.59184722467	3644
-2583.15418377638	3645
-2522.48021146688	3646
-2587.15812124977	3647
-2537.47181457023	3648
-2540.74073161185	3649
-2531.63374861779	3650
-2543.94277810937	3651
-2499.6766511611	3652
-2494.35421343719	3653
-2501.10451518893	3654
-2502.54838562464	3655
-2556.60888700684	3656
-2525.74100149441	3657
-2559.53292095728	3658
-2555.4759010773	3659
-2524.2041839045	3660
-2547.28595390092	3661
-2553.15606473586	3662
-2551.35386515367	3663
-2544.57325044283	3664
-2539.57562387107	3665
-2529.97968142161	3666
-2504.67002325961	3667
-2506.69655798398	3668
-2557.95189765873	3669
-2502.23514511341	3670
-2512.88884903595	3671
-2462.06785785986	3672
-2461.59808279874	3673
-2509.43006603501	3674
-2474.57908202337	3675
-2521.42362433577	3676
-2457.89625968971	3677
-2513.67883432998	3678
-2518.27618470893	3679
-2543.42217876956	3680
-2475.78398819118	3681
-2496.8264972024	3682
-2519.46879240251	3683
-2533.04409069401	3684
-2517.41330820702	3685
-2486.95811176953	3686
-2444.12087516292	3687
-2492.52698226113	3688
-2507.72251835374	3689
-2540.85754541931	3690
-2517.75721826632	3691
-2510.61810457312	3692
-2486.44475410317	3693
-2475.9351962106	3694
-2521.09147900632	3695
-2545.21019546911	3696
-2534.1348826616	3697
-2555.45028617136	3698
-2593.30196591035	3699
-2555.81308779067	3700
-2512.41485364566	3701
-2525.56296878112	3702
-2503.79587753477	3703
-2491.24201994183	3704
-2486.54112944546	3705
-2473.23115821267	3706
-2519.52321200341	3707
-2478.17624479066	3708
-2516.68221246432	3709
-2486.33322427593	3710
-2503.80068331027	3711
-2453.46643889566	3712
-2523.70978393527	3713
-2480.83992200401	3714
-2449.62109036446	3715
-2492.83553106898	3716
-2523.62782481816	3717
-2550.30922432612	3718
-2557.99984423922	3719
-2544.08110112517	3720
-2539.17763342336	3721
-2551.76672325459	3722
-2532.27068950664	3723
-2507.3604267591	3724
-2527.06637281028	3725
-2529.44473706086	3726
-2511.91221825879	3727
-2510.66793866817	3728
-2537.50510861276	3729
-2506.32080373361	3730
-2526.65805422276	3731
-2516.64343170369	3732
-2511.59209702881	3733
-2547.66535903851	3734
-2516.977134075	3735
-2516.09161411941	3736
-2526.17318713979	3737
-2491.52142633305	3738
-2479.96976150226	3739
-2479.92750730429	3740
-2482.79914213281	3741
-2525.76569579741	3742
-2524.52590779146	3743
-2511.92843170758	3744
-2486.83509557412	3745
-2520.2041646349	3746
-2517.961416504	3747
-2486.54803804795	3748
-2523.64834693952	3749
-2498.32901117774	3750
-2497.74825170079	3751
-2529.30902671385	3752
-2492.90519594702	3753
-2489.08732472296	3754
-2476.09754894885	3755
-2495.17316470859	3756
-2531.42738427112	3757
-2503.18493586217	3758
-2518.2874124265	3759
-2519.76409738059	3760
-2490.22865335604	3761
-2507.48127716994	3762
-2486.93682318875	3763
-2491.65188504296	3764
-2492.28569905464	3765
-2497.99860566754	3766
-2523.35773347228	3767
-2439.83998540814	3768
-2447.21997889398	3769
-2501.90173199155	3770
-2491.5971684492	3771
-2517.19413119746	3772
-2524.13067671358	3773
-2475.24689475319	3774
-2513.97637777651	3775
-2510.39656961322	3776
-2490.34058537983	3777
-2531.4022529166	3778
-2548.91636688788	3779
-2570.36358205144	3780
-2492.54841872583	3781
-2516.70916714288	3782
-2511.58536949515	3783
-2538.08037205841	3784
-2529.16059139344	3785
-2508.37832626709	3786
-2462.69012308492	3787
-2498.1619984775	3788
-2517.22210922373	3789
-2427.32766844708	3790
-2473.34112389637	3791
-2522.74539506482	3792
-2543.91610597436	3793
-2521.83882662749	3794
-2472.4381330506	3795
-2505.9439063099	3796
-2536.9574796072	3797
-2545.77207460634	3798
-2552.79816597735	3799
-2498.70387539531	3800
-2505.6557268624	3801
-2465.34094627225	3802
-2494.60919054799	3803
-2485.37091050853	3804
-2504.88816912113	3805
-2532.13617432109	3806
-2486.64521235298	3807
-2531.42399294872	3808
-2476.24911798725	3809
-2526.30705066023	3810
-2519.49682492105	3811
-2496.65721654844	3812
-2515.92497753964	3813
-2516.7364374472	3814
-2511.16119183781	3815
-2472.45777747485	3816
-2467.47966406367	3817
-2504.57434492952	3818
-2560.55971499148	3819
-2473.82006567598	3820
-2492.13735986712	3821
-2435.48279396379	3822
-2509.65230610329	3823
-2502.68701310407	3824
-2533.62233571534	3825
-2559.69756935364	3826
-2537.76395250736	3827
-2585.02694372503	3828
-2553.31571778086	3829
-2563.96180127619	3830
-2553.25635157492	3831
-2506.02797598265	3832
-2476.2363342988	3833
-2477.11969223224	3834
-2516.21501220481	3835
-2517.5665956631	3836
-2507.88873627074	3837
-2510.82370197744	3838
-2536.9621010154	3839
-2513.98541725856	3840
-2501.41780018138	3841
-2454.80426786618	3842
-2485.61026700961	3843
-2485.11596596545	3844
-2470.70881586889	3845
-2503.73681562619	3846
-2484.28374936412	3847
-2538.99406624637	3848
-2479.58735264785	3849
-2496.86992312639	3850
-2543.87063235976	3851
-2526.15434347155	3852
-2492.85473835397	3853
-2523.83458023821	3854
-2527.38082316493	3855
-2536.9745836322	3856
-2476.99191858901	3857
-2514.88712751549	3858
-2551.49811557563	3859
-2572.76625376313	3860
-2536.15357364343	3861
-2543.9136813779	3862
-2496.86649511562	3863
-2517.87713496498	3864
-2502.92482713267	3865
-2497.1080569188	3866
-2521.61959225184	3867
-2540.75191380509	3868
-2514.08682514239	3869
-2504.76528076665	3870
-2516.55513592421	3871
-2560.23736536144	3872
-2521.82241913015	3873
-2494.20891736245	3874
-2545.42559735935	3875
-2541.83019690922	3876
-2559.37554544001	3877
-2543.67746990499	3878
-2527.04387246403	3879
-2468.9179182592	3880
-2499.85146153106	3881
-2528.02978794052	3882
-2549.96559911693	3883
-2514.82203421995	3884
-2517.08229380598	3885
-2512.38100330801	3886
-2580.86459121614	3887
-2531.6565655356	3888
-2512.58160871074	3889
-2514.40653516336	3890
-2522.03918356222	3891
-2553.62625118994	3892
-2503.97310737808	3893
-2489.36492644082	3894
-2524.48983788982	3895
-2508.33699061992	3896
-2473.64955366725	3897
-2505.03979169604	3898
-2429.65267857218	3899
-2448.02572885712	3900
-2478.26282985176	3901
-2514.17158082657	3902
-2531.58568399428	3903
-2516.0631301843	3904
-2548.51279203732	3905
-2522.08454006575	3906
-2548.01119857562	3907
-2515.76296903966	3908
-2522.77516579723	3909
-2463.87586538345	3910
-2522.61890146964	3911
-2478.62141986177	3912
-2485.59660109027	3913
-2498.84721333202	3914
-2495.37932663333	3915
-2504.46072427141	3916
-2538.03100169333	3917
-2498.85338832094	3918
-2493.91829180557	3919
-2484.35652928435	3920
-2493.65588367878	3921
-2471.71481225121	3922
-2498.04644723517	3923
-2544.20164496167	3924
-2532.73494899079	3925
-2526.06927624999	3926
-2524.19079730004	3927
-2507.04686696198	3928
-2500.63220306667	3929
-2495.18661855534	3930
-2504.52341576881	3931
-2501.68262661285	3932
-2523.426308944	3933
-2520.33600723719	3934
-2574.10124394629	3935
-2538.36741924087	3936
-2480.54762574535	3937
-2482.52599499859	3938
-2514.86529679344	3939
-2517.20424619799	3940
-2509.23461453571	3941
-2489.28679671673	3942
-2444.88948733295	3943
-2484.81900144697	3944
-2547.02827291079	3945
-2493.95764769256	3946
-2529.23832750791	3947
-2571.0750760192	3948
-2531.08160372753	3949
-2525.5129291219	3950
-2506.44217396721	3951
-2531.22581248225	3952
-2468.07618918237	3953
-2519.12770056976	3954
-2516.66410532486	3955
-2517.65504433461	3956
-2507.12964405732	3957
-2510.01859907433	3958
-2478.540670857	3959
-2500.90065970792	3960
-2512.8706540754	3961
-2497.60646728442	3962
-2532.58649826941	3963
-2511.75951515909	3964
-2491.14506220508	3965
-2504.26213162419	3966
-2537.81989293081	3967
-2523.75895819656	3968
-2531.63379097509	3969
-2543.99367449086	3970
-2438.67477303171	3971
-2481.6841707993	3972
-2479.57906569589	3973
-2544.73615970181	3974
-2572.77250685154	3975
-2524.91050873711	3976
-2555.84068963013	3977
-2551.91456566911	3978
-2540.97223580692	3979
-2527.86534121567	3980
-2561.60603577893	3981
-2509.96213868779	3982
-2531.82153510528	3983
-2498.04638724686	3984
-2459.08762709808	3985
-2496.69161354106	3986
-2454.95334956151	3987
-2532.89387463552	3988
-2548.2803137335	3989
-2482.56876262048	3990
-2477.10499266886	3991
-2531.93664081973	3992
-2561.63601748612	3993
-2477.08654420998	3994
-2477.78754233886	3995
-2535.00072717446	3996
-2503.56533724877	3997
-2540.41618264957	3998
-2497.82609774026	3999
-2516.38203292361	4000
