"weightKG"	"lengthCM"	"samplingID"	"partnumber"	"otolithtype"	"partcount"
0.436	37.5	1	"NA/19/2020/9000/30_1_38001_1"	NA	NA
0.507	39	1	"NA/19/2020/9000/30_1_38001_1"	NA	NA
0.422	37.5	1	"NA/19/2020/9000/30_1_38001_1"	NA	NA
0.4	36.5	1	"NA/19/2020/9000/30_1_38001_1"	NA	NA
0.413	36	1	"NA/19/2020/9000/30_1_38001_1"	NA	NA
0.504	38.5	1	"NA/19/2020/9000/30_1_38001_1"	NA	NA
0.538	39.5	1	"NA/19/2020/9000/30_1_38001_1"	NA	NA
0.471	37.5	1	"NA/19/2020/9000/30_1_38001_1"	NA	NA
0.477	38	1	"NA/19/2020/9000/30_1_38001_1"	NA	NA
0.448	37.5	1	"NA/19/2020/9000/30_1_38001_1"	NA	NA
0.491	38.5	1	"NA/19/2020/9000/30_1_38001_1"	NA	NA
0.284	33	1	"NA/19/2020/9000/30_1_38001_1"	NA	NA
0.308	33.5	1	"NA/19/2020/9000/30_1_38001_1"	NA	NA
0.479	38	1	"NA/19/2020/9000/30_1_38001_1"	NA	NA
0.466	38.5	1	"NA/19/2020/9000/30_1_38001_1"	NA	NA
0.443	38.5	1	"NA/19/2020/9000/30_1_38001_1"	NA	NA
0.432	36.5	1	"NA/19/2020/9000/30_1_38001_1"	NA	NA
0.406	35.5	1	"NA/19/2020/9000/30_1_38001_1"	NA	NA
0.444	36.5	1	"NA/19/2020/9000/30_1_38001_1"	NA	NA
0.339	35.5	1	"NA/19/2020/9000/30_1_38001_1"	NA	NA
0.471	38.5	1	"NA/19/2020/9000/30_1_38001_1"	NA	NA
0.39	36.5	1	"NA/19/2020/9000/30_1_38001_1"	NA	NA
0.435	36.5	1	"NA/19/2020/9000/30_1_38001_1"	NA	NA
0.373	36.5	1	"NA/19/2020/9000/30_1_38001_1"	NA	NA
0.455	38.5	1	"NA/19/2020/9000/30_1_38001_1"	NA	NA
0.473	36	1	"NA/19/2020/9000/30_1_38001_1"	NA	NA
0.408	36	1	"NA/19/2020/9000/30_1_38001_1"	NA	NA
0.34	34.5	1	"NA/19/2020/9000/30_1_38001_1"	NA	NA
0.548	38.5	1	"NA/19/2020/9000/30_1_38001_1"	NA	NA
0.406	35.5	1	"NA/19/2020/9000/30_1_38001_1"	NA	NA
0.361	36	2	"NA/19/2020/9000/30_2_38002_2"	NA	NA
0.373	35.5	2	"NA/19/2020/9000/30_2_38002_2"	NA	NA
0.48	39	2	"NA/19/2020/9000/30_2_38002_2"	NA	NA
0.49	38.5	2	"NA/19/2020/9000/30_2_38002_2"	NA	NA
0.512	40	2	"NA/19/2020/9000/30_2_38002_2"	NA	NA
0.493	38.5	2	"NA/19/2020/9000/30_2_38002_2"	NA	NA
0.284	32.5	2	"NA/19/2020/9000/30_2_38002_2"	NA	NA
0.351	34	2	"NA/19/2020/9000/30_2_38002_2"	NA	NA
0.594	39.5	2	"NA/19/2020/9000/30_2_38002_2"	NA	NA
0.399	35.5	2	"NA/19/2020/9000/30_2_38002_2"	NA	NA
0.601	40.5	2	"NA/19/2020/9000/30_2_38002_2"	NA	NA
0.41	36.5	2	"NA/19/2020/9000/30_2_38002_2"	NA	NA
0.318	33.5	2	"NA/19/2020/9000/30_2_38002_2"	NA	NA
0.544	38.5	2	"NA/19/2020/9000/30_2_38002_2"	NA	NA
0.211	31.5	2	"NA/19/2020/9000/30_2_38002_2"	NA	NA
0.345	34.5	4	"NA/19/2020/9000/30_31_38031_2"	NA	NA
0.4	36	4	"NA/19/2020/9000/30_31_38031_2"	NA	NA
0.257	32	4	"NA/19/2020/9000/30_31_38031_2"	NA	NA
0.403	36	4	"NA/19/2020/9000/30_31_38031_2"	NA	NA
0.426	37	4	"NA/19/2020/9000/30_31_38031_2"	NA	NA
0.479	38.5	4	"NA/19/2020/9000/30_31_38031_2"	NA	NA
0.534	39.5	4	"NA/19/2020/9000/30_31_38031_2"	NA	NA
0.365	34.5	4	"NA/19/2020/9000/30_31_38031_2"	NA	NA
0.467	37.5	4	"NA/19/2020/9000/30_31_38031_2"	NA	NA
0.3	32.5	4	"NA/19/2020/9000/30_31_38031_2"	NA	NA
0.419	36.5	4	"NA/19/2020/9000/30_31_38031_2"	NA	NA
0.493	38.5	4	"NA/19/2020/9000/30_31_38031_2"	NA	NA
0.282	32.5	4	"NA/19/2020/9000/30_31_38031_2"	NA	NA
0.328	35	4	"NA/19/2020/9000/30_31_38031_2"	NA	NA
0.419	36.5	4	"NA/19/2020/9000/30_31_38031_2"	NA	NA
0.404	35.5	4	"NA/19/2020/9000/30_31_38031_2"	NA	NA
0.458	38.5	4	"NA/19/2020/9000/30_31_38031_2"	NA	NA
0.472	37	4	"NA/19/2020/9000/30_31_38031_2"	NA	NA
0.491	37.5	4	"NA/19/2020/9000/30_31_38031_2"	NA	NA
0.323	34	4	"NA/19/2020/9000/30_31_38031_2"	NA	NA
0.434	36.5	4	"NA/19/2020/9000/30_31_38031_2"	NA	NA
0.464	37.5	4	"NA/19/2020/9000/30_31_38031_2"	NA	NA
0.539	40	4	"NA/19/2020/9000/30_31_38031_2"	NA	NA
0.452	36	4	"NA/19/2020/9000/30_31_38031_2"	NA	NA
0.375	35.5	4	"NA/19/2020/9000/30_31_38031_2"	NA	NA
0.195	29	5	"NA/19/2020/9000/30_32_38032_1"	NA	NA
0.205	28	5	"NA/19/2020/9000/30_32_38032_1"	NA	NA
0.494	37.5	5	"NA/19/2020/9000/30_32_38032_1"	NA	NA
0.363	34	5	"NA/19/2020/9000/30_32_38032_1"	NA	NA
0.477	38	5	"NA/19/2020/9000/30_32_38032_1"	NA	NA
0.156	26.5	5	"NA/19/2020/9000/30_32_38032_1"	NA	NA
0.39	35.5	5	"NA/19/2020/9000/30_32_38032_1"	NA	NA
0.425	37	5	"NA/19/2020/9000/30_32_38032_1"	NA	NA
0.214	29	5	"NA/19/2020/9000/30_32_38032_1"	NA	NA
0.301	32	5	"NA/19/2020/9000/30_32_38032_1"	NA	NA
0.448	36	5	"NA/19/2020/9000/30_32_38032_1"	NA	NA
0.455	37.5	5	"NA/19/2020/9000/30_32_38032_1"	NA	NA
0.531	38.5	5	"NA/19/2020/9000/30_32_38032_1"	NA	NA
0.561	40	5	"NA/19/2020/9000/30_32_38032_1"	NA	NA
0.35	35.5	5	"NA/19/2020/9000/30_32_38032_1"	NA	NA
0.196	28	5	"NA/19/2020/9000/30_32_38032_1"	NA	NA
0.538	37.5	5	"NA/19/2020/9000/30_32_38032_1"	NA	NA
0.484	37	5	"NA/19/2020/9000/30_32_38032_1"	NA	NA
0.459	37	5	"NA/19/2020/9000/30_32_38032_1"	NA	NA
0.159	26.5	5	"NA/19/2020/9000/30_32_38032_1"	NA	NA
0.558	39	5	"NA/19/2020/9000/30_32_38032_1"	NA	NA
0.327	34	5	"NA/19/2020/9000/30_32_38032_1"	NA	NA
0.536	38.5	5	"NA/19/2020/9000/30_32_38032_1"	NA	NA
0.204	29	5	"NA/19/2020/9000/30_32_38032_1"	NA	NA
0.492	37.5	5	"NA/19/2020/9000/30_32_38032_1"	NA	NA
0.422	35.5	5	"NA/19/2020/9000/30_32_38032_1"	NA	NA
0.24	29	5	"NA/19/2020/9000/30_32_38032_1"	NA	NA
0.478	36.5	5	"NA/19/2020/9000/30_32_38032_1"	NA	NA
0.471	38.5	5	"NA/19/2020/9000/30_32_38032_1"	NA	NA
0.558	39	6	"NA/19/2020/9000/30_33_38033_2"	NA	NA
0.52	38.5	6	"NA/19/2020/9000/30_33_38033_2"	NA	NA
0.569	39.5	6	"NA/19/2020/9000/30_33_38033_2"	NA	NA
0.537	39.5	6	"NA/19/2020/9000/30_33_38033_2"	NA	NA
0.585	40	6	"NA/19/2020/9000/30_33_38033_2"	NA	NA
0.528	39	6	"NA/19/2020/9000/30_33_38033_2"	NA	NA
0.452	36.5	6	"NA/19/2020/9000/30_33_38033_2"	NA	NA
0.532	37.5	6	"NA/19/2020/9000/30_33_38033_2"	NA	NA
0.477	37.5	6	"NA/19/2020/9000/30_33_38033_2"	NA	NA
0.552	38.5	6	"NA/19/2020/9000/30_33_38033_2"	NA	NA
0.559	37.5	6	"NA/19/2020/9000/30_33_38033_2"	NA	NA
0.483	38	6	"NA/19/2020/9000/30_33_38033_2"	NA	NA
0.316	34.5	6	"NA/19/2020/9000/30_33_38033_2"	NA	NA
0.355	35	6	"NA/19/2020/9000/30_33_38033_2"	NA	NA
0.561	39	6	"NA/19/2020/9000/30_33_38033_2"	NA	NA
0.593	39	6	"NA/19/2020/9000/30_33_38033_2"	NA	NA
0.439	37	6	"NA/19/2020/9000/30_33_38033_2"	NA	NA
0.342	34.5	6	"NA/19/2020/9000/30_33_38033_2"	NA	NA
0.32	33.5	6	"NA/19/2020/9000/30_33_38033_2"	NA	NA
0.436	37	6	"NA/19/2020/9000/30_33_38033_2"	NA	NA
0.476	37.5	6	"NA/19/2020/9000/30_33_38033_2"	NA	NA
0.332	33.5	6	"NA/19/2020/9000/30_33_38033_2"	NA	NA
0.427	36.5	6	"NA/19/2020/9000/30_33_38033_2"	NA	NA
0.388	34	6	"NA/19/2020/9000/30_33_38033_2"	NA	NA
0.486	38	6	"NA/19/2020/9000/30_33_38033_2"	NA	NA
0.38	34	6	"NA/19/2020/9000/30_33_38033_2"	NA	NA
0.482	38.5	6	"NA/19/2020/9000/30_33_38033_2"	NA	NA
0.339	33.5	6	"NA/19/2020/9000/30_33_38033_2"	NA	NA
0.374	34.5	6	"NA/19/2020/9000/30_33_38033_2"	NA	NA
0.481	37	6	"NA/19/2020/9000/30_33_38033_2"	NA	NA
0.604	40.5	7	"NA/19/2020/9000/30_34_38034_2"	NA	NA
0.581	40	7	"NA/19/2020/9000/30_34_38034_2"	NA	NA
0.467	37.5	7	"NA/19/2020/9000/30_34_38034_2"	NA	NA
0.501	37	7	"NA/19/2020/9000/30_34_38034_2"	NA	NA
0.5	37.5	7	"NA/19/2020/9000/30_34_38034_2"	NA	NA
0.372	34.5	7	"NA/19/2020/9000/30_34_38034_2"	NA	NA
0.52	37	7	"NA/19/2020/9000/30_34_38034_2"	NA	NA
0.428	37	7	"NA/19/2020/9000/30_34_38034_2"	NA	NA
0.461	36.5	7	"NA/19/2020/9000/30_34_38034_2"	NA	NA
0.514	37.5	7	"NA/19/2020/9000/30_34_38034_2"	NA	NA
0.338	33	7	"NA/19/2020/9000/30_34_38034_2"	NA	NA
0.511	37	7	"NA/19/2020/9000/30_34_38034_2"	NA	NA
0.453	36	7	"NA/19/2020/9000/30_34_38034_2"	NA	NA
0.493	37	7	"NA/19/2020/9000/30_34_38034_2"	NA	NA
0.598	41	7	"NA/19/2020/9000/30_34_38034_2"	NA	NA
0.389	34.5	7	"NA/19/2020/9000/30_34_38034_2"	NA	NA
0.359	33.5	7	"NA/19/2020/9000/30_34_38034_2"	NA	NA
0.474	37.5	7	"NA/19/2020/9000/30_34_38034_2"	NA	NA
0.57	39.5	7	"NA/19/2020/9000/30_34_38034_2"	NA	NA
0.495	37	7	"NA/19/2020/9000/30_34_38034_2"	NA	NA
0.608	40	7	"NA/19/2020/9000/30_34_38034_2"	NA	NA
0.52	39.5	7	"NA/19/2020/9000/30_34_38034_2"	NA	NA
0.366	34.5	7	"NA/19/2020/9000/30_34_38034_2"	NA	NA
0.526	37.5	7	"NA/19/2020/9000/30_34_38034_2"	NA	NA
0.366	36	7	"NA/19/2020/9000/30_34_38034_2"	NA	NA
0.51	38	7	"NA/19/2020/9000/30_34_38034_2"	NA	NA
0.489	38.5	7	"NA/19/2020/9000/30_34_38034_2"	NA	NA
0.436	37.5	8	"NA/19/2020/9000/30_35_38035_2"	NA	NA
0.486	36.5	8	"NA/19/2020/9000/30_35_38035_2"	NA	NA
0.537	39	8	"NA/19/2020/9000/30_35_38035_2"	NA	NA
0.356	34	8	"NA/19/2020/9000/30_35_38035_2"	NA	NA
0.493	37	8	"NA/19/2020/9000/30_35_38035_2"	NA	NA
0.504	38.5	8	"NA/19/2020/9000/30_35_38035_2"	NA	NA
0.417	36.5	8	"NA/19/2020/9000/30_35_38035_2"	NA	NA
0.324	34.5	8	"NA/19/2020/9000/30_35_38035_2"	NA	NA
0.594	40.5	8	"NA/19/2020/9000/30_35_38035_2"	NA	NA
0.536	38.5	8	"NA/19/2020/9000/30_35_38035_2"	NA	NA
0.322	34	8	"NA/19/2020/9000/30_35_38035_2"	NA	NA
0.46	37	8	"NA/19/2020/9000/30_35_38035_2"	NA	NA
0.252	31.5	8	"NA/19/2020/9000/30_35_38035_2"	NA	NA
0.384	35.5	8	"NA/19/2020/9000/30_35_38035_2"	NA	NA
0.582	39	8	"NA/19/2020/9000/30_35_38035_2"	NA	NA
0.479	37	8	"NA/19/2020/9000/30_35_38035_2"	NA	NA
0.303	33	8	"NA/19/2020/9000/30_35_38035_2"	NA	NA
0.317	33.5	8	"NA/19/2020/9000/30_35_38035_2"	NA	NA
0.46	37	8	"NA/19/2020/9000/30_35_38035_2"	NA	NA
0.484	37.5	8	"NA/19/2020/9000/30_35_38035_2"	NA	NA
0.353	33.5	8	"NA/19/2020/9000/30_35_38035_2"	NA	NA
0.29	32	8	"NA/19/2020/9000/30_35_38035_2"	NA	NA
0.451	38.5	8	"NA/19/2020/9000/30_35_38035_2"	NA	NA
0.634	40.5	9	"NA/19/2020/9000/30_36_38036_1"	NA	NA
0.519	39	9	"NA/19/2020/9000/30_36_38036_1"	NA	NA
0.481	38	9	"NA/19/2020/9000/30_36_38036_1"	NA	NA
0.488	37	9	"NA/19/2020/9000/30_36_38036_1"	NA	NA
0.445	37	9	"NA/19/2020/9000/30_36_38036_1"	NA	NA
0.374	34	9	"NA/19/2020/9000/30_36_38036_1"	NA	NA
0.625	40	9	"NA/19/2020/9000/30_36_38036_1"	NA	NA
0.469	37.5	9	"NA/19/2020/9000/30_36_38036_1"	NA	NA
0.402	36.5	9	"NA/19/2020/9000/30_36_38036_1"	NA	NA
0.475	37	9	"NA/19/2020/9000/30_36_38036_1"	NA	NA
0.536	39	9	"NA/19/2020/9000/30_36_38036_1"	NA	NA
0.5	39	9	"NA/19/2020/9000/30_36_38036_1"	NA	NA
0.299	33	9	"NA/19/2020/9000/30_36_38036_1"	NA	NA
0.433	35.5	9	"NA/19/2020/9000/30_36_38036_1"	NA	NA
0.455	37	9	"NA/19/2020/9000/30_36_38036_1"	NA	NA
0.321	33.5	9	"NA/19/2020/9000/30_36_38036_1"	NA	NA
0.284	32	9	"NA/19/2020/9000/30_36_38036_1"	NA	NA
0.535	37	9	"NA/19/2020/9000/30_36_38036_1"	NA	NA
0.275	32.5	9	"NA/19/2020/9000/30_36_38036_1"	NA	NA
0.486	37	9	"NA/19/2020/9000/30_36_38036_1"	NA	NA
0.441	35.5	9	"NA/19/2020/9000/30_36_38036_1"	NA	NA
0.349	34.5	9	"NA/19/2020/9000/30_36_38036_1"	NA	NA
0.549	39	9	"NA/19/2020/9000/30_36_38036_1"	NA	NA
0.366	35	9	"NA/19/2020/9000/30_36_38036_1"	NA	NA
0.501	38	9	"NA/19/2020/9000/30_36_38036_1"	NA	NA
0.489	37	9	"NA/19/2020/9000/30_36_38036_1"	NA	NA
0.409	36	9	"NA/19/2020/9000/30_36_38036_1"	NA	NA
0.372	34.5	9	"NA/19/2020/9000/30_36_38036_1"	NA	NA
0.428	35.5	9	"NA/19/2020/9000/30_36_38036_1"	NA	NA
0.463	36.5	9	"NA/19/2020/9000/30_36_38036_1"	NA	NA
0.419	36.5	3	"NA/19/2020/9000/30_3_38003_1"	NA	NA
0.312	34.5	3	"NA/19/2020/9000/30_3_38003_1"	NA	NA
0.418	36.5	3	"NA/19/2020/9000/30_3_38003_1"	NA	NA
0.457	37.5	3	"NA/19/2020/9000/30_3_38003_1"	NA	NA
0.319	34	3	"NA/19/2020/9000/30_3_38003_1"	NA	NA
0.506	40	3	"NA/19/2020/9000/30_3_38003_1"	NA	NA
0.309	35	3	"NA/19/2020/9000/30_3_38003_1"	NA	NA
0.383	36	3	"NA/19/2020/9000/30_3_38003_1"	NA	NA
0.374	36	3	"NA/19/2020/9000/30_3_38003_1"	NA	NA
0.41	36.5	3	"NA/19/2020/9000/30_3_38003_1"	NA	NA
0.411	36.5	3	"NA/19/2020/9000/30_3_38003_1"	NA	NA
0.318	33.5	3	"NA/19/2020/9000/30_3_38003_1"	NA	NA
0.257	32.5	3	"NA/19/2020/9000/30_3_38003_1"	NA	NA
0.449	37.5	3	"NA/19/2020/9000/30_3_38003_1"	NA	NA
0.387	35	3	"NA/19/2020/9000/30_3_38003_1"	NA	NA
0.318	34.5	3	"NA/19/2020/9000/30_3_38003_1"	NA	NA
0.379	35.5	3	"NA/19/2020/9000/30_3_38003_1"	NA	NA
0.456	38	3	"NA/19/2020/9000/30_3_38003_1"	NA	NA
0.466	38.5	3	"NA/19/2020/9000/30_3_38003_1"	NA	NA
0.351	36	3	"NA/19/2020/9000/30_3_38003_1"	NA	NA
0.466	38.5	3	"NA/19/2020/9000/30_3_38003_1"	NA	NA
0.389	36	3	"NA/19/2020/9000/30_3_38003_1"	NA	NA
0.262	32.5	3	"NA/19/2020/9000/30_3_38003_1"	NA	NA
0.328	33	3	"NA/19/2020/9000/30_3_38003_1"	NA	NA
0.451	38	3	"NA/19/2020/9000/30_3_38003_1"	NA	NA
0.229	32.5	3	"NA/19/2020/9000/30_3_38003_1"	NA	NA
0.469	38.5	3	"NA/19/2020/9000/30_3_38003_1"	NA	NA
0.538	39.5	3	"NA/19/2020/9000/30_3_38003_1"	NA	NA
0.439	37	11	"NA/19/2020/9000/30_45_38045_1"	NA	NA
0.498	38.5	11	"NA/19/2020/9000/30_45_38045_1"	NA	NA
0.496	39	11	"NA/19/2020/9000/30_45_38045_1"	NA	NA
0.532	39	11	"NA/19/2020/9000/30_45_38045_1"	NA	NA
0.434	35.5	11	"NA/19/2020/9000/30_45_38045_1"	NA	NA
0.481	38.5	11	"NA/19/2020/9000/30_45_38045_1"	NA	NA
0.52	39	11	"NA/19/2020/9000/30_45_38045_1"	NA	NA
0.542	37.5	11	"NA/19/2020/9000/30_45_38045_1"	NA	NA
0.358	33	11	"NA/19/2020/9000/30_45_38045_1"	NA	NA
0.43	37	11	"NA/19/2020/9000/30_45_38045_1"	NA	NA
0.544	38	11	"NA/19/2020/9000/30_45_38045_1"	NA	NA
0.254	31.5	11	"NA/19/2020/9000/30_45_38045_1"	NA	NA
0.364	35.5	11	"NA/19/2020/9000/30_45_38045_1"	NA	NA
0.463	37.5	11	"NA/19/2020/9000/30_45_38045_1"	NA	NA
0.502	37.5	11	"NA/19/2020/9000/30_45_38045_1"	NA	NA
0.481	38	11	"NA/19/2020/9000/30_45_38045_1"	NA	NA
0.555	39.5	11	"NA/19/2020/9000/30_45_38045_1"	NA	NA
0.454	37	11	"NA/19/2020/9000/30_45_38045_1"	NA	NA
0.312	33.5	11	"NA/19/2020/9000/30_45_38045_1"	NA	NA
0.432	37	11	"NA/19/2020/9000/30_45_38045_1"	NA	NA
0.334	34	11	"NA/19/2020/9000/30_45_38045_1"	NA	NA
0.502	37.5	11	"NA/19/2020/9000/30_45_38045_1"	NA	NA
0.567	38.5	11	"NA/19/2020/9000/30_45_38045_1"	NA	NA
0.489	39	11	"NA/19/2020/9000/30_45_38045_1"	NA	NA
0.515	39	11	"NA/19/2020/9000/30_45_38045_1"	NA	NA
0.313	34	11	"NA/19/2020/9000/30_45_38045_1"	NA	NA
0.479	38	11	"NA/19/2020/9000/30_45_38045_1"	NA	NA
0.414	35	11	"NA/19/2020/9000/30_45_38045_1"	NA	NA
0.431	37.5	11	"NA/19/2020/9000/30_45_38045_1"	NA	NA
0.483	37	11	"NA/19/2020/9000/30_45_38045_1"	NA	NA
0.534	38.5	12	"NA/19/2020/9000/30_47_38047_3"	NA	NA
0.434	35.5	12	"NA/19/2020/9000/30_47_38047_3"	NA	NA
0.443	37.5	12	"NA/19/2020/9000/30_47_38047_3"	NA	NA
0.564	39	12	"NA/19/2020/9000/30_47_38047_3"	NA	NA
0.552	38.5	12	"NA/19/2020/9000/30_47_38047_3"	NA	NA
0.47	37.5	12	"NA/19/2020/9000/30_47_38047_3"	NA	NA
0.393	35	12	"NA/19/2020/9000/30_47_38047_3"	NA	NA
0.488	36	12	"NA/19/2020/9000/30_47_38047_3"	NA	NA
0.43	35.5	12	"NA/19/2020/9000/30_47_38047_3"	NA	NA
0.573	36	12	"NA/19/2020/9000/30_47_38047_3"	NA	NA
0.373	34	12	"NA/19/2020/9000/30_47_38047_3"	NA	NA
0.506	38.5	12	"NA/19/2020/9000/30_47_38047_3"	NA	NA
0.323	34	12	"NA/19/2020/9000/30_47_38047_3"	NA	NA
0.592	39	12	"NA/19/2020/9000/30_47_38047_3"	NA	NA
0.484	38	12	"NA/19/2020/9000/30_47_38047_3"	NA	NA
0.394	34.5	12	"NA/19/2020/9000/30_47_38047_3"	NA	NA
0.495	37.5	12	"NA/19/2020/9000/30_47_38047_3"	NA	NA
0.464	37	12	"NA/19/2020/9000/30_47_38047_3"	NA	NA
0.49	37	12	"NA/19/2020/9000/30_47_38047_3"	NA	NA
0.478	37	12	"NA/19/2020/9000/30_47_38047_3"	NA	NA
0.389	35	12	"NA/19/2020/9000/30_47_38047_3"	NA	NA
0.426	35.5	12	"NA/19/2020/9000/30_47_38047_3"	NA	NA
0.527	38.5	12	"NA/19/2020/9000/30_47_38047_3"	NA	NA
0.424	36.5	12	"NA/19/2020/9000/30_47_38047_3"	NA	NA
0.264	31	12	"NA/19/2020/9000/30_47_38047_3"	NA	NA
0.392	35.5	12	"NA/19/2020/9000/30_47_38047_3"	NA	NA
0.477	37	12	"NA/19/2020/9000/30_47_38047_3"	NA	NA
0.219	30.5	12	"NA/19/2020/9000/30_47_38047_3"	NA	NA
0.481	37.5	12	"NA/19/2020/9000/30_47_38047_3"	NA	NA
0.465	37.5	12	"NA/19/2020/9000/30_47_38047_3"	NA	NA
0.534	37.5	13	"NA/19/2020/9000/30_48_38048_3"	NA	NA
0.468	37.5	13	"NA/19/2020/9000/30_48_38048_3"	NA	NA
0.416	37.5	13	"NA/19/2020/9000/30_48_38048_3"	NA	NA
0.459	36.5	13	"NA/19/2020/9000/30_48_38048_3"	NA	NA
0.303	33	13	"NA/19/2020/9000/30_48_38048_3"	NA	NA
0.41	37	13	"NA/19/2020/9000/30_48_38048_3"	NA	NA
0.374	35.5	13	"NA/19/2020/9000/30_48_38048_3"	NA	NA
0.474	37	13	"NA/19/2020/9000/30_48_38048_3"	NA	NA
0.36	35	13	"NA/19/2020/9000/30_48_38048_3"	NA	NA
0.304	32.5	13	"NA/19/2020/9000/30_48_38048_3"	NA	NA
0.567	39.5	13	"NA/19/2020/9000/30_48_38048_3"	NA	NA
0.495	37.5	13	"NA/19/2020/9000/30_48_38048_3"	NA	NA
0.283	33	13	"NA/19/2020/9000/30_48_38048_3"	NA	NA
0.549	38	13	"NA/19/2020/9000/30_48_38048_3"	NA	NA
0.291	33	13	"NA/19/2020/9000/30_48_38048_3"	NA	NA
0.442	37.5	13	"NA/19/2020/9000/30_48_38048_3"	NA	NA
0.364	34	13	"NA/19/2020/9000/30_48_38048_3"	NA	NA
0.34	34	13	"NA/19/2020/9000/30_48_38048_3"	NA	NA
0.471	38.5	13	"NA/19/2020/9000/30_48_38048_3"	NA	NA
0.35	34.5	13	"NA/19/2020/9000/30_48_38048_3"	NA	NA
0.384	36	13	"NA/19/2020/9000/30_48_38048_3"	NA	NA
0.325	34	13	"NA/19/2020/9000/30_48_38048_3"	NA	NA
0.443	36	13	"NA/19/2020/9000/30_48_38048_3"	NA	NA
0.458	36.5	13	"NA/19/2020/9000/30_48_38048_3"	NA	NA
0.509	38.5	13	"NA/19/2020/9000/30_48_38048_3"	NA	NA
0.533	39.5	13	"NA/19/2020/9000/30_48_38048_3"	NA	NA
0.576	39	13	"NA/19/2020/9000/30_48_38048_3"	NA	NA
0.413	36.5	13	"NA/19/2020/9000/30_48_38048_3"	NA	NA
0.256	32.5	13	"NA/19/2020/9000/30_48_38048_3"	NA	NA
0.42	37	14	"NA/19/2020/9000/30_49_38049_2"	NA	NA
0.462	37	14	"NA/19/2020/9000/30_49_38049_2"	NA	NA
0.48	37	14	"NA/19/2020/9000/30_49_38049_2"	NA	NA
0.358	35	14	"NA/19/2020/9000/30_49_38049_2"	NA	NA
0.425	37.5	14	"NA/19/2020/9000/30_49_38049_2"	NA	NA
0.462	36.5	14	"NA/19/2020/9000/30_49_38049_2"	NA	NA
0.478	37	14	"NA/19/2020/9000/30_49_38049_2"	NA	NA
0.416	36	14	"NA/19/2020/9000/30_49_38049_2"	NA	NA
0.427	36.5	14	"NA/19/2020/9000/30_49_38049_2"	NA	NA
0.379	35.5	14	"NA/19/2020/9000/30_49_38049_2"	NA	NA
0.332	34	14	"NA/19/2020/9000/30_49_38049_2"	NA	NA
0.36	35.5	14	"NA/19/2020/9000/30_49_38049_2"	NA	NA
0.557	39	14	"NA/19/2020/9000/30_49_38049_2"	NA	NA
0.425	37	14	"NA/19/2020/9000/30_49_38049_2"	NA	NA
0.626	40.5	14	"NA/19/2020/9000/30_49_38049_2"	NA	NA
0.505	38.5	14	"NA/19/2020/9000/30_49_38049_2"	NA	NA
0.453	36.5	14	"NA/19/2020/9000/30_49_38049_2"	NA	NA
0.423	36	14	"NA/19/2020/9000/30_49_38049_2"	NA	NA
0.375	34	14	"NA/19/2020/9000/30_49_38049_2"	NA	NA
0.341	33.5	14	"NA/19/2020/9000/30_49_38049_2"	NA	NA
0.3	34.5	14	"NA/19/2020/9000/30_49_38049_2"	NA	NA
0.431	36	14	"NA/19/2020/9000/30_49_38049_2"	NA	NA
0.415	36.5	14	"NA/19/2020/9000/30_49_38049_2"	NA	NA
0.486	38.5	14	"NA/19/2020/9000/30_49_38049_2"	NA	NA
0.453	36.5	14	"NA/19/2020/9000/30_49_38049_2"	NA	NA
0.327	36.5	14	"NA/19/2020/9000/30_49_38049_2"	NA	NA
0.529	37	14	"NA/19/2020/9000/30_49_38049_2"	NA	NA
0.318	33.5	14	"NA/19/2020/9000/30_49_38049_2"	NA	NA
0.379	36	10	"NA/19/2020/9000/30_4_38004_1"	NA	NA
0.307	34.5	10	"NA/19/2020/9000/30_4_38004_1"	NA	NA
0.459	38.5	10	"NA/19/2020/9000/30_4_38004_1"	NA	NA
0.392	35.5	10	"NA/19/2020/9000/30_4_38004_1"	NA	NA
0.388	35.5	10	"NA/19/2020/9000/30_4_38004_1"	NA	NA
0.435	37.5	10	"NA/19/2020/9000/30_4_38004_1"	NA	NA
0.518	38	10	"NA/19/2020/9000/30_4_38004_1"	NA	NA
0.457	37	10	"NA/19/2020/9000/30_4_38004_1"	NA	NA
0.403	36.5	10	"NA/19/2020/9000/30_4_38004_1"	NA	NA
0.354	34.5	10	"NA/19/2020/9000/30_4_38004_1"	NA	NA
0.234	31	10	"NA/19/2020/9000/30_4_38004_1"	NA	NA
0.423	36.5	10	"NA/19/2020/9000/30_4_38004_1"	NA	NA
0.448	36.5	10	"NA/19/2020/9000/30_4_38004_1"	NA	NA
0.503	39	10	"NA/19/2020/9000/30_4_38004_1"	NA	NA
0.519	40	10	"NA/19/2020/9000/30_4_38004_1"	NA	NA
0.253	31.5	10	"NA/19/2020/9000/30_4_38004_1"	NA	NA
0.501	38	10	"NA/19/2020/9000/30_4_38004_1"	NA	NA
0.402	36	10	"NA/19/2020/9000/30_4_38004_1"	NA	NA
0.335	35	10	"NA/19/2020/9000/30_4_38004_1"	NA	NA
0.388	36.5	10	"NA/19/2020/9000/30_4_38004_1"	NA	NA
0.243	31	10	"NA/19/2020/9000/30_4_38004_1"	NA	NA
0.327	34.5	10	"NA/19/2020/9000/30_4_38004_1"	NA	NA
0.378	36.5	10	"NA/19/2020/9000/30_4_38004_1"	NA	NA
0.422	37	10	"NA/19/2020/9000/30_4_38004_1"	NA	NA
0.505	37	10	"NA/19/2020/9000/30_4_38004_1"	NA	NA
0.309	32.5	15	"NA/19/2020/9000/30_50_38050_2"	NA	NA
0.669	41	15	"NA/19/2020/9000/30_50_38050_2"	NA	NA
0.524	38	15	"NA/19/2020/9000/30_50_38050_2"	NA	NA
0.685	41	15	"NA/19/2020/9000/30_50_38050_2"	NA	NA
0.37	35	15	"NA/19/2020/9000/30_50_38050_2"	NA	NA
0.442	35.5	15	"NA/19/2020/9000/30_50_38050_2"	NA	NA
0.492	37.5	15	"NA/19/2020/9000/30_50_38050_2"	NA	NA
0.432	36.5	15	"NA/19/2020/9000/30_50_38050_2"	NA	NA
0.507	38	15	"NA/19/2020/9000/30_50_38050_2"	NA	NA
0.454	37.5	15	"NA/19/2020/9000/30_50_38050_2"	NA	NA
0.496	36.5	15	"NA/19/2020/9000/30_50_38050_2"	NA	NA
0.455	37	15	"NA/19/2020/9000/30_50_38050_2"	NA	NA
0.382	35	15	"NA/19/2020/9000/30_50_38050_2"	NA	NA
0.27	31.5	15	"NA/19/2020/9000/30_50_38050_2"	NA	NA
0.456	37	15	"NA/19/2020/9000/30_50_38050_2"	NA	NA
0.292	32	15	"NA/19/2020/9000/30_50_38050_2"	NA	NA
0.53	38.5	15	"NA/19/2020/9000/30_50_38050_2"	NA	NA
0.506	37.5	15	"NA/19/2020/9000/30_50_38050_2"	NA	NA
0.431	35.5	15	"NA/19/2020/9000/30_50_38050_2"	NA	NA
0.429	36	15	"NA/19/2020/9000/30_50_38050_2"	NA	NA
0.367	33.5	15	"NA/19/2020/9000/30_50_38050_2"	NA	NA
0.54	37	15	"NA/19/2020/9000/30_50_38050_2"	NA	NA
0.319	32.5	15	"NA/19/2020/9000/30_50_38050_2"	NA	NA
0.402	35.5	15	"NA/19/2020/9000/30_50_38050_2"	NA	NA
0.493	36.5	15	"NA/19/2020/9000/30_50_38050_2"	NA	NA
0.346	33	15	"NA/19/2020/9000/30_50_38050_2"	NA	NA
0.505	37.5	16	"NA/19/2020/9000/30_51_38051_2"	NA	NA
0.42	36	16	"NA/19/2020/9000/30_51_38051_2"	NA	NA
0.637	39.5	16	"NA/19/2020/9000/30_51_38051_2"	NA	NA
0.391	35.5	16	"NA/19/2020/9000/30_51_38051_2"	NA	NA
0.43	36.5	16	"NA/19/2020/9000/30_51_38051_2"	NA	NA
0.566	39.5	16	"NA/19/2020/9000/30_51_38051_2"	NA	NA
0.557	39.5	16	"NA/19/2020/9000/30_51_38051_2"	NA	NA
0.383	34	16	"NA/19/2020/9000/30_51_38051_2"	NA	NA
0.43	36.5	16	"NA/19/2020/9000/30_51_38051_2"	NA	NA
0.336	34	16	"NA/19/2020/9000/30_51_38051_2"	NA	NA
0.523	38.5	16	"NA/19/2020/9000/30_51_38051_2"	NA	NA
0.428	36	16	"NA/19/2020/9000/30_51_38051_2"	NA	NA
0.675	39.5	16	"NA/19/2020/9000/30_51_38051_2"	NA	NA
0.477	37	16	"NA/19/2020/9000/30_51_38051_2"	NA	NA
0.563	38.5	16	"NA/19/2020/9000/30_51_38051_2"	NA	NA
0.516	38	16	"NA/19/2020/9000/30_51_38051_2"	NA	NA
0.535	38.5	16	"NA/19/2020/9000/30_51_38051_2"	NA	NA
0.414	35.5	16	"NA/19/2020/9000/30_51_38051_2"	NA	NA
0.604	38.5	16	"NA/19/2020/9000/30_51_38051_2"	NA	NA
0.453	36	16	"NA/19/2020/9000/30_51_38051_2"	NA	NA
0.512	38	16	"NA/19/2020/9000/30_51_38051_2"	NA	NA
0.525	36	16	"NA/19/2020/9000/30_51_38051_2"	NA	NA
0.583	40.5	16	"NA/19/2020/9000/30_51_38051_2"	NA	NA
0.565	37.5	16	"NA/19/2020/9000/30_51_38051_2"	NA	NA
0.516	37.5	16	"NA/19/2020/9000/30_51_38051_2"	NA	NA
0.543	39	16	"NA/19/2020/9000/30_51_38051_2"	NA	NA
0.47	37.5	16	"NA/19/2020/9000/30_51_38051_2"	NA	NA
0.456	37.5	16	"NA/19/2020/9000/30_51_38051_2"	NA	NA
0.52	38.5	16	"NA/19/2020/9000/30_51_38051_2"	NA	NA
0.477	37.5	16	"NA/19/2020/9000/30_51_38051_2"	NA	NA
0.374	35.5	17	"NA/19/2020/9000/30_52_38052_1"	NA	NA
0.438	37.5	17	"NA/19/2020/9000/30_52_38052_1"	NA	NA
0.408	36	17	"NA/19/2020/9000/30_52_38052_1"	NA	NA
0.469	37.5	17	"NA/19/2020/9000/30_52_38052_1"	NA	NA
0.568	39	17	"NA/19/2020/9000/30_52_38052_1"	NA	NA
0.4	37	17	"NA/19/2020/9000/30_52_38052_1"	NA	NA
0.568	40	17	"NA/19/2020/9000/30_52_38052_1"	NA	NA
0.471	36	17	"NA/19/2020/9000/30_52_38052_1"	NA	NA
0.45	37	17	"NA/19/2020/9000/30_52_38052_1"	NA	NA
0.403	37	17	"NA/19/2020/9000/30_52_38052_1"	NA	NA
0.476	38	17	"NA/19/2020/9000/30_52_38052_1"	NA	NA
0.426	37	17	"NA/19/2020/9000/30_52_38052_1"	NA	NA
0.52	38	17	"NA/19/2020/9000/30_52_38052_1"	NA	NA
0.326	33	17	"NA/19/2020/9000/30_52_38052_1"	NA	NA
0.366	34	17	"NA/19/2020/9000/30_52_38052_1"	NA	NA
0.282	32	17	"NA/19/2020/9000/30_52_38052_1"	NA	NA
0.472	37.5	17	"NA/19/2020/9000/30_52_38052_1"	NA	NA
0.449	36	17	"NA/19/2020/9000/30_52_38052_1"	NA	NA
0.466	37.5	17	"NA/19/2020/9000/30_52_38052_1"	NA	NA
0.409	35	17	"NA/19/2020/9000/30_52_38052_1"	NA	NA
0.574	40	17	"NA/19/2020/9000/30_52_38052_1"	NA	NA
0.465	37.5	17	"NA/19/2020/9000/30_52_38052_1"	NA	NA
0.411	36.5	17	"NA/19/2020/9000/30_52_38052_1"	NA	NA
0.407	37	17	"NA/19/2020/9000/30_52_38052_1"	NA	NA
0.367	35	17	"NA/19/2020/9000/30_52_38052_1"	NA	NA
0.408	35	17	"NA/19/2020/9000/30_52_38052_1"	NA	NA
0.374	35	18	"NA/19/2020/9000/30_53_38053_1"	NA	NA
0.483	37.5	18	"NA/19/2020/9000/30_53_38053_1"	NA	NA
0.582	39	18	"NA/19/2020/9000/30_53_38053_1"	NA	NA
0.527	38.5	18	"NA/19/2020/9000/30_53_38053_1"	NA	NA
0.539	38	18	"NA/19/2020/9000/30_53_38053_1"	NA	NA
0.554	39	18	"NA/19/2020/9000/30_53_38053_1"	NA	NA
0.514	38	18	"NA/19/2020/9000/30_53_38053_1"	NA	NA
0.472	38	18	"NA/19/2020/9000/30_53_38053_1"	NA	NA
0.342	34	18	"NA/19/2020/9000/30_53_38053_1"	NA	NA
0.231	30	18	"NA/19/2020/9000/30_53_38053_1"	NA	NA
0.56	40	18	"NA/19/2020/9000/30_53_38053_1"	NA	NA
0.578	38.5	18	"NA/19/2020/9000/30_53_38053_1"	NA	NA
0.323	33	18	"NA/19/2020/9000/30_53_38053_1"	NA	NA
0.518	39.5	18	"NA/19/2020/9000/30_53_38053_1"	NA	NA
0.457	37	18	"NA/19/2020/9000/30_53_38053_1"	NA	NA
0.495	37.5	18	"NA/19/2020/9000/30_53_38053_1"	NA	NA
0.439	38.5	18	"NA/19/2020/9000/30_53_38053_1"	NA	NA
0.536	38.5	18	"NA/19/2020/9000/30_53_38053_1"	NA	NA
0.495	37.5	18	"NA/19/2020/9000/30_53_38053_1"	NA	NA
0.487	37.5	18	"NA/19/2020/9000/30_53_38053_1"	NA	NA
0.569	39	18	"NA/19/2020/9000/30_53_38053_1"	NA	NA
0.507	38	18	"NA/19/2020/9000/30_53_38053_1"	NA	NA
0.463	37.5	18	"NA/19/2020/9000/30_53_38053_1"	NA	NA
0.456	36.5	18	"NA/19/2020/9000/30_53_38053_1"	NA	NA
0.524	38.5	18	"NA/19/2020/9000/30_53_38053_1"	NA	NA
0.527	38	18	"NA/19/2020/9000/30_53_38053_1"	NA	NA
0.347	35	18	"NA/19/2020/9000/30_53_38053_1"	NA	NA
0.535	39	18	"NA/19/2020/9000/30_53_38053_1"	NA	NA
0.414	36	18	"NA/19/2020/9000/30_53_38053_1"	NA	NA
0.314	33.5	18	"NA/19/2020/9000/30_53_38053_1"	NA	NA
0.343	34.5	19	"NA/19/2020/9000/30_54_38054_1"	NA	NA
0.484	38	19	"NA/19/2020/9000/30_54_38054_1"	NA	NA
0.469	36.5	19	"NA/19/2020/9000/30_54_38054_1"	NA	NA
0.455	37.5	19	"NA/19/2020/9000/30_54_38054_1"	NA	NA
0.451	37.5	19	"NA/19/2020/9000/30_54_38054_1"	NA	NA
0.456	37	19	"NA/19/2020/9000/30_54_38054_1"	NA	NA
0.378	35.5	19	"NA/19/2020/9000/30_54_38054_1"	NA	NA
0.239	32.5	19	"NA/19/2020/9000/30_54_38054_1"	NA	NA
0.41	36	19	"NA/19/2020/9000/30_54_38054_1"	NA	NA
0.399	36	19	"NA/19/2020/9000/30_54_38054_1"	NA	NA
0.436	37	19	"NA/19/2020/9000/30_54_38054_1"	NA	NA
0.432	37	19	"NA/19/2020/9000/30_54_38054_1"	NA	NA
0.467	37.5	19	"NA/19/2020/9000/30_54_38054_1"	NA	NA
0.47	37	19	"NA/19/2020/9000/30_54_38054_1"	NA	NA
0.379	35.5	19	"NA/19/2020/9000/30_54_38054_1"	NA	NA
0.354	35	19	"NA/19/2020/9000/30_54_38054_1"	NA	NA
0.442	37.5	19	"NA/19/2020/9000/30_54_38054_1"	NA	NA
0.44	36	19	"NA/19/2020/9000/30_54_38054_1"	NA	NA
0.318	34	20	"NA/19/2020/9000/30_55_38055_1"	NA	NA
0.253	31.5	20	"NA/19/2020/9000/30_55_38055_1"	NA	NA
0.478	38.5	20	"NA/19/2020/9000/30_55_38055_1"	NA	NA
0.351	35.5	20	"NA/19/2020/9000/30_55_38055_1"	NA	NA
0.294	32	20	"NA/19/2020/9000/30_55_38055_1"	NA	NA
0.454	37.5	20	"NA/19/2020/9000/30_55_38055_1"	NA	NA
0.414	37	20	"NA/19/2020/9000/30_55_38055_1"	NA	NA
0.429	36.5	20	"NA/19/2020/9000/30_55_38055_1"	NA	NA
0.435	36.5	20	"NA/19/2020/9000/30_55_38055_1"	NA	NA
0.538	39	20	"NA/19/2020/9000/30_55_38055_1"	NA	NA
0.372	35.5	20	"NA/19/2020/9000/30_55_38055_1"	NA	NA
0.26	32	20	"NA/19/2020/9000/30_55_38055_1"	NA	NA
0.434	38.5	20	"NA/19/2020/9000/30_55_38055_1"	NA	NA
0.445	37.5	20	"NA/19/2020/9000/30_55_38055_1"	NA	NA
0.261	32	20	"NA/19/2020/9000/30_55_38055_1"	NA	NA
0.349	35	20	"NA/19/2020/9000/30_55_38055_1"	NA	NA
0.411	36	20	"NA/19/2020/9000/30_55_38055_1"	NA	NA
0.589	41	20	"NA/19/2020/9000/30_55_38055_1"	NA	NA
0.317	33.5	20	"NA/19/2020/9000/30_55_38055_1"	NA	NA
0.448	37.5	20	"NA/19/2020/9000/30_55_38055_1"	NA	NA
0.32	35.5	20	"NA/19/2020/9000/30_55_38055_1"	NA	NA
0.52	40	20	"NA/19/2020/9000/30_55_38055_1"	NA	NA
0.454	38.5	20	"NA/19/2020/9000/30_55_38055_1"	NA	NA
0.401	37	20	"NA/19/2020/9000/30_55_38055_1"	NA	NA
0.258	31.5	20	"NA/19/2020/9000/30_55_38055_1"	NA	NA
0.369	35.5	20	"NA/19/2020/9000/30_55_38055_1"	NA	NA
0.228	30	20	"NA/19/2020/9000/30_55_38055_1"	NA	NA
0.424	35.5	20	"NA/19/2020/9000/30_55_38055_1"	NA	NA
0.348	34.5	20	"NA/19/2020/9000/30_55_38055_1"	NA	NA
0.4	36	20	"NA/19/2020/9000/30_55_38055_1"	NA	NA
0.522	39	21	"NA/19/2020/9000/30_56_38056_1"	NA	NA
0.367	34	21	"NA/19/2020/9000/30_56_38056_1"	NA	NA
0.314	32.5	21	"NA/19/2020/9000/30_56_38056_1"	NA	NA
0.452	36.5	21	"NA/19/2020/9000/30_56_38056_1"	NA	NA
0.244	31.5	21	"NA/19/2020/9000/30_56_38056_1"	NA	NA
0.514	38	21	"NA/19/2020/9000/30_56_38056_1"	NA	NA
0.286	32	21	"NA/19/2020/9000/30_56_38056_1"	NA	NA
0.568	38.5	21	"NA/19/2020/9000/30_56_38056_1"	NA	NA
0.445	35.5	21	"NA/19/2020/9000/30_56_38056_1"	NA	NA
0.428	35.5	21	"NA/19/2020/9000/30_56_38056_1"	NA	NA
0.363	36.5	21	"NA/19/2020/9000/30_56_38056_1"	NA	NA
0.36	35.5	21	"NA/19/2020/9000/30_56_38056_1"	NA	NA
0.495	37.5	21	"NA/19/2020/9000/30_56_38056_1"	NA	NA
0.424	36	21	"NA/19/2020/9000/30_56_38056_1"	NA	NA
0.531	38.5	21	"NA/19/2020/9000/30_56_38056_1"	NA	NA
0.517	39.5	21	"NA/19/2020/9000/30_56_38056_1"	NA	NA
0.55	39	21	"NA/19/2020/9000/30_56_38056_1"	NA	NA
0.46	37	21	"NA/19/2020/9000/30_56_38056_1"	NA	NA
0.355	33	21	"NA/19/2020/9000/30_56_38056_1"	NA	NA
0.323	33.5	21	"NA/19/2020/9000/30_56_38056_1"	NA	NA
0.387	36.5	21	"NA/19/2020/9000/30_56_38056_1"	NA	NA
0.359	34	21	"NA/19/2020/9000/30_56_38056_1"	NA	NA
0.382	35	21	"NA/19/2020/9000/30_56_38056_1"	NA	NA
0.382	34	21	"NA/19/2020/9000/30_56_38056_1"	NA	NA
0.481	37.5	21	"NA/19/2020/9000/30_56_38056_1"	NA	NA
0.514	37.5	21	"NA/19/2020/9000/30_56_38056_1"	NA	NA
0.581	40	21	"NA/19/2020/9000/30_56_38056_1"	NA	NA
0.438	37.5	21	"NA/19/2020/9000/30_56_38056_1"	NA	NA
0.31	34	21	"NA/19/2020/9000/30_56_38056_1"	NA	NA
0.274	31	21	"NA/19/2020/9000/30_56_38056_1"	NA	NA
0.49	37.5	22	"NA/19/2020/9000/30_57_38057_1"	NA	NA
0.456	36	22	"NA/19/2020/9000/30_57_38057_1"	NA	NA
0.442	37.5	22	"NA/19/2020/9000/30_57_38057_1"	NA	NA
0.555	38.5	22	"NA/19/2020/9000/30_57_38057_1"	NA	NA
0.597	39	22	"NA/19/2020/9000/30_57_38057_1"	NA	NA
0.547	38.5	22	"NA/19/2020/9000/30_57_38057_1"	NA	NA
0.485	36.5	22	"NA/19/2020/9000/30_57_38057_1"	NA	NA
0.452	36	22	"NA/19/2020/9000/30_57_38057_1"	NA	NA
0.401	35.5	22	"NA/19/2020/9000/30_57_38057_1"	NA	NA
0.536	40	22	"NA/19/2020/9000/30_57_38057_1"	NA	NA
0.512	38	22	"NA/19/2020/9000/30_57_38057_1"	NA	NA
0.472	36.5	22	"NA/19/2020/9000/30_57_38057_1"	NA	NA
0.474	37	22	"NA/19/2020/9000/30_57_38057_1"	NA	NA
0.429	36	22	"NA/19/2020/9000/30_57_38057_1"	NA	NA
0.454	36	22	"NA/19/2020/9000/30_57_38057_1"	NA	NA
0.346	33.5	22	"NA/19/2020/9000/30_57_38057_1"	NA	NA
0.517	38.5	22	"NA/19/2020/9000/30_57_38057_1"	NA	NA
0.581	40	22	"NA/19/2020/9000/30_57_38057_1"	NA	NA
0.436	36.5	22	"NA/19/2020/9000/30_57_38057_1"	NA	NA
0.547	38.5	22	"NA/19/2020/9000/30_57_38057_1"	NA	NA
0.325	33	22	"NA/19/2020/9000/30_57_38057_1"	NA	NA
0.535	38	22	"NA/19/2020/9000/30_57_38057_1"	NA	NA
0.418	35.5	22	"NA/19/2020/9000/30_57_38057_1"	NA	NA
0.544	38.5	22	"NA/19/2020/9000/30_57_38057_1"	NA	NA
0.498	38.5	22	"NA/19/2020/9000/30_57_38057_1"	NA	NA
0.312	33	22	"NA/19/2020/9000/30_57_38057_1"	NA	NA
0.473	38.5	22	"NA/19/2020/9000/30_57_38057_1"	NA	NA
0.377	35	22	"NA/19/2020/9000/30_57_38057_1"	NA	NA
0.348	34	22	"NA/19/2020/9000/30_57_38057_1"	NA	NA
0.48	37.5	23	"NA/19/2020/9000/30_58_38058_2"	NA	NA
0.397	35.5	23	"NA/19/2020/9000/30_58_38058_2"	NA	NA
0.359	34	23	"NA/19/2020/9000/30_58_38058_2"	NA	NA
0.425	36	23	"NA/19/2020/9000/30_58_38058_2"	NA	NA
0.473	35.5	23	"NA/19/2020/9000/30_58_38058_2"	NA	NA
0.36	35	23	"NA/19/2020/9000/30_58_38058_2"	NA	NA
0.5	36.5	23	"NA/19/2020/9000/30_58_38058_2"	NA	NA
0.418	37	23	"NA/19/2020/9000/30_58_38058_2"	NA	NA
0.455	38.5	23	"NA/19/2020/9000/30_58_38058_2"	NA	NA
0.582	41	23	"NA/19/2020/9000/30_58_38058_2"	NA	NA
0.513	39.5	23	"NA/19/2020/9000/30_58_38058_2"	NA	NA
0.533	38	23	"NA/19/2020/9000/30_58_38058_2"	NA	NA
0.516	38.5	23	"NA/19/2020/9000/30_58_38058_2"	NA	NA
0.558	39	23	"NA/19/2020/9000/30_58_38058_2"	NA	NA
0.388	35.5	23	"NA/19/2020/9000/30_58_38058_2"	NA	NA
0.478	38.5	23	"NA/19/2020/9000/30_58_38058_2"	NA	NA
0.399	35.5	23	"NA/19/2020/9000/30_58_38058_2"	NA	NA
0.483	38.5	23	"NA/19/2020/9000/30_58_38058_2"	NA	NA
0.531	38.5	23	"NA/19/2020/9000/30_58_38058_2"	NA	NA
0.325	33	23	"NA/19/2020/9000/30_58_38058_2"	NA	NA
0.473	37.5	23	"NA/19/2020/9000/30_58_38058_2"	NA	NA
0.484	37	24	"NA/19/2020/9000/30_59_38059_1"	NA	NA
0.48	37.5	24	"NA/19/2020/9000/30_59_38059_1"	NA	NA
0.68	42.5	24	"NA/19/2020/9000/30_59_38059_1"	NA	NA
0.467	38.5	24	"NA/19/2020/9000/30_59_38059_1"	NA	NA
0.466	37.5	24	"NA/19/2020/9000/30_59_38059_1"	NA	NA
0.413	35.5	24	"NA/19/2020/9000/30_59_38059_1"	NA	NA
0.29	32	24	"NA/19/2020/9000/30_59_38059_1"	NA	NA
0.486	37	24	"NA/19/2020/9000/30_59_38059_1"	NA	NA
0.552	37.5	24	"NA/19/2020/9000/30_59_38059_1"	NA	NA
0.48	37.5	24	"NA/19/2020/9000/30_59_38059_1"	NA	NA
0.535	37.5	24	"NA/19/2020/9000/30_59_38059_1"	NA	NA
0.545	39	24	"NA/19/2020/9000/30_59_38059_1"	NA	NA
0.465	35.5	24	"NA/19/2020/9000/30_59_38059_1"	NA	NA
0.386	35.5	24	"NA/19/2020/9000/30_59_38059_1"	NA	NA
0.479	37.5	24	"NA/19/2020/9000/30_59_38059_1"	NA	NA
0.448	36.5	24	"NA/19/2020/9000/30_59_38059_1"	NA	NA
0.484	37	24	"NA/19/2020/9000/30_59_38059_1"	NA	NA
0.439	36	24	"NA/19/2020/9000/30_59_38059_1"	NA	NA
0.472	37	24	"NA/19/2020/9000/30_59_38059_1"	NA	NA
0.335	33	24	"NA/19/2020/9000/30_59_38059_1"	NA	NA
0.471	37.5	24	"NA/19/2020/9000/30_59_38059_1"	NA	NA
0.559	38.5	24	"NA/19/2020/9000/30_59_38059_1"	NA	NA
0.413	36.5	24	"NA/19/2020/9000/30_59_38059_1"	NA	NA
0.671	40	24	"NA/19/2020/9000/30_59_38059_1"	NA	NA
0.3	32.5	24	"NA/19/2020/9000/30_59_38059_1"	NA	NA
0.559	38.5	24	"NA/19/2020/9000/30_59_38059_1"	NA	NA
0.433	36	24	"NA/19/2020/9000/30_59_38059_1"	NA	NA
0.509	38.5	24	"NA/19/2020/9000/30_59_38059_1"	NA	NA
0.302	33	24	"NA/19/2020/9000/30_59_38059_1"	NA	NA
0.318	32	24	"NA/19/2020/9000/30_59_38059_1"	NA	NA
0.508	37	25	"NA/19/2020/9000/30_60_38060_2"	NA	NA
0.476	37.5	25	"NA/19/2020/9000/30_60_38060_2"	NA	NA
0.446	35.5	25	"NA/19/2020/9000/30_60_38060_2"	NA	NA
0.416	35	25	"NA/19/2020/9000/30_60_38060_2"	NA	NA
0.462	36	25	"NA/19/2020/9000/30_60_38060_2"	NA	NA
0.551	38.5	25	"NA/19/2020/9000/30_60_38060_2"	NA	NA
0.403	34.5	25	"NA/19/2020/9000/30_60_38060_2"	NA	NA
0.537	38.5	25	"NA/19/2020/9000/30_60_38060_2"	NA	NA
0.441	35	25	"NA/19/2020/9000/30_60_38060_2"	NA	NA
0.451	36	25	"NA/19/2020/9000/30_60_38060_2"	NA	NA
0.465	36	25	"NA/19/2020/9000/30_60_38060_2"	NA	NA
0.445	37	25	"NA/19/2020/9000/30_60_38060_2"	NA	NA
0.497	37.5	25	"NA/19/2020/9000/30_60_38060_2"	NA	NA
0.487	37.5	25	"NA/19/2020/9000/30_60_38060_2"	NA	NA
0.522	37	25	"NA/19/2020/9000/30_60_38060_2"	NA	NA
0.508	39	25	"NA/19/2020/9000/30_60_38060_2"	NA	NA
0.372	34.5	25	"NA/19/2020/9000/30_60_38060_2"	NA	NA
0.562	38.5	25	"NA/19/2020/9000/30_60_38060_2"	NA	NA
0.385	34	25	"NA/19/2020/9000/30_60_38060_2"	NA	NA
0.448	36	25	"NA/19/2020/9000/30_60_38060_2"	NA	NA
0.396	35.5	25	"NA/19/2020/9000/30_60_38060_2"	NA	NA
0.28	33	25	"NA/19/2020/9000/30_60_38060_2"	NA	NA
0.534	38.5	26	"NA/19/2020/9000/30_61_38061_2"	NA	NA
0.587	39.5	26	"NA/19/2020/9000/30_61_38061_2"	NA	NA
0.483	35.5	26	"NA/19/2020/9000/30_61_38061_2"	NA	NA
0.549	39	26	"NA/19/2020/9000/30_61_38061_2"	NA	NA
0.474	37	26	"NA/19/2020/9000/30_61_38061_2"	NA	NA
0.623	41	26	"NA/19/2020/9000/30_61_38061_2"	NA	NA
0.432	37	26	"NA/19/2020/9000/30_61_38061_2"	NA	NA
0.565	39.5	26	"NA/19/2020/9000/30_61_38061_2"	NA	NA
0.547	38.5	26	"NA/19/2020/9000/30_61_38061_2"	NA	NA
0.558	40	26	"NA/19/2020/9000/30_61_38061_2"	NA	NA
0.517	39	26	"NA/19/2020/9000/30_61_38061_2"	NA	NA
0.652	40	26	"NA/19/2020/9000/30_61_38061_2"	NA	NA
0.528	39.5	26	"NA/19/2020/9000/30_61_38061_2"	NA	NA
0.543	38	26	"NA/19/2020/9000/30_61_38061_2"	NA	NA
0.479	37	26	"NA/19/2020/9000/30_61_38061_2"	NA	NA
0.428	36	26	"NA/19/2020/9000/30_61_38061_2"	NA	NA
0.469	38	26	"NA/19/2020/9000/30_61_38061_2"	NA	NA
0.609	40	26	"NA/19/2020/9000/30_61_38061_2"	NA	NA
0.426	37	26	"NA/19/2020/9000/30_61_38061_2"	NA	NA
0.386	36	26	"NA/19/2020/9000/30_61_38061_2"	NA	NA
0.472	38	26	"NA/19/2020/9000/30_61_38061_2"	NA	NA
0.51	37.5	26	"NA/19/2020/9000/30_61_38061_2"	NA	NA
0.562	39	26	"NA/19/2020/9000/30_61_38061_2"	NA	NA
0.345	34.5	26	"NA/19/2020/9000/30_61_38061_2"	NA	NA
0.517	38.5	26	"NA/19/2020/9000/30_61_38061_2"	NA	NA
0.467	38.5	26	"NA/19/2020/9000/30_61_38061_2"	NA	NA
0.474	37	26	"NA/19/2020/9000/30_61_38061_2"	NA	NA
0.633	40	27	"NA/19/2020/9000/30_62_38062_1"	NA	NA
0.233	30.5	27	"NA/19/2020/9000/30_62_38062_1"	NA	NA
0.519	38.5	27	"NA/19/2020/9000/30_62_38062_1"	NA	NA
0.315	33	27	"NA/19/2020/9000/30_62_38062_1"	NA	NA
0.32	34.5	27	"NA/19/2020/9000/30_62_38062_1"	NA	NA
0.506	38.5	27	"NA/19/2020/9000/30_62_38062_1"	NA	NA
0.486	38	27	"NA/19/2020/9000/30_62_38062_1"	NA	NA
0.418	36	27	"NA/19/2020/9000/30_62_38062_1"	NA	NA
0.467	37	27	"NA/19/2020/9000/30_62_38062_1"	NA	NA
0.404	36	27	"NA/19/2020/9000/30_62_38062_1"	NA	NA
0.493	37.5	27	"NA/19/2020/9000/30_62_38062_1"	NA	NA
0.524	39	27	"NA/19/2020/9000/30_62_38062_1"	NA	NA
0.441	35.5	27	"NA/19/2020/9000/30_62_38062_1"	NA	NA
0.418	35	27	"NA/19/2020/9000/30_62_38062_1"	NA	NA
0.45	38	27	"NA/19/2020/9000/30_62_38062_1"	NA	NA
0.369	34.5	27	"NA/19/2020/9000/30_62_38062_1"	NA	NA
0.433	37	27	"NA/19/2020/9000/30_62_38062_1"	NA	NA
0.331	34	27	"NA/19/2020/9000/30_62_38062_1"	NA	NA
0.295	32.5	27	"NA/19/2020/9000/30_62_38062_1"	NA	NA
0.358	34	27	"NA/19/2020/9000/30_62_38062_1"	NA	NA
0.44	37	27	"NA/19/2020/9000/30_62_38062_1"	NA	NA
0.424	35.5	27	"NA/19/2020/9000/30_62_38062_1"	NA	NA
0.495	38	27	"NA/19/2020/9000/30_62_38062_1"	NA	NA
0.494	37	27	"NA/19/2020/9000/30_62_38062_1"	NA	NA
0.462	38	27	"NA/19/2020/9000/30_62_38062_1"	NA	NA
0.491	38	27	"NA/19/2020/9000/30_62_38062_1"	NA	NA
0.573	39.5	27	"NA/19/2020/9000/30_62_38062_1"	NA	NA
0.442	37.5	27	"NA/19/2020/9000/30_62_38062_1"	NA	NA
0.431	36.5	27	"NA/19/2020/9000/30_62_38062_1"	NA	NA
0.557	39.5	27	"NA/19/2020/9000/30_62_38062_1"	NA	NA
0.3	33.5	28	"NA/19/2020/9000/30_63_38063_2"	NA	NA
0.478	38	28	"NA/19/2020/9000/30_63_38063_2"	NA	NA
0.316	34.5	28	"NA/19/2020/9000/30_63_38063_2"	NA	NA
0.616	40	28	"NA/19/2020/9000/30_63_38063_2"	NA	NA
0.316	33.5	28	"NA/19/2020/9000/30_63_38063_2"	NA	NA
0.381	35.5	28	"NA/19/2020/9000/30_63_38063_2"	NA	NA
0.507	38	28	"NA/19/2020/9000/30_63_38063_2"	NA	NA
0.511	38.5	28	"NA/19/2020/9000/30_63_38063_2"	NA	NA
0.365	34.5	28	"NA/19/2020/9000/30_63_38063_2"	NA	NA
0.165	28	28	"NA/19/2020/9000/30_63_38063_2"	NA	NA
0.421	36	28	"NA/19/2020/9000/30_63_38063_2"	NA	NA
0.329	34	28	"NA/19/2020/9000/30_63_38063_2"	NA	NA
0.456	37.5	28	"NA/19/2020/9000/30_63_38063_2"	NA	NA
0.345	34	28	"NA/19/2020/9000/30_63_38063_2"	NA	NA
0.41	37	28	"NA/19/2020/9000/30_63_38063_2"	NA	NA
0.387	35.5	28	"NA/19/2020/9000/30_63_38063_2"	NA	NA
0.267	32.5	28	"NA/19/2020/9000/30_63_38063_2"	NA	NA
0.263	30.5	28	"NA/19/2020/9000/30_63_38063_2"	NA	NA
0.313	33	28	"NA/19/2020/9000/30_63_38063_2"	NA	NA
0.307	34	28	"NA/19/2020/9000/30_63_38063_2"	NA	NA
0.337	34	28	"NA/19/2020/9000/30_63_38063_2"	NA	NA
0.447	36	28	"NA/19/2020/9000/30_63_38063_2"	NA	NA
0.508	38.5	29	"NA/19/2020/9000/30_64_38064_1"	NA	NA
0.542	38.5	29	"NA/19/2020/9000/30_64_38064_1"	NA	NA
0.642	41	29	"NA/19/2020/9000/30_64_38064_1"	NA	NA
0.525	38.5	29	"NA/19/2020/9000/30_64_38064_1"	NA	NA
0.467	37.5	29	"NA/19/2020/9000/30_64_38064_1"	NA	NA
0.624	40.5	29	"NA/19/2020/9000/30_64_38064_1"	NA	NA
0.611	40	29	"NA/19/2020/9000/30_64_38064_1"	NA	NA
0.502	38.5	29	"NA/19/2020/9000/30_64_38064_1"	NA	NA
0.573	39	29	"NA/19/2020/9000/30_64_38064_1"	NA	NA
0.456	36.5	29	"NA/19/2020/9000/30_64_38064_1"	NA	NA
0.347	34	29	"NA/19/2020/9000/30_64_38064_1"	NA	NA
0.512	37	29	"NA/19/2020/9000/30_64_38064_1"	NA	NA
0.57	38.5	29	"NA/19/2020/9000/30_64_38064_1"	NA	NA
0.509	38.5	29	"NA/19/2020/9000/30_64_38064_1"	NA	NA
0.55	39	29	"NA/19/2020/9000/30_64_38064_1"	NA	NA
0.354	35	29	"NA/19/2020/9000/30_64_38064_1"	NA	NA
0.356	34	29	"NA/19/2020/9000/30_64_38064_1"	NA	NA
0.401	36	29	"NA/19/2020/9000/30_64_38064_1"	NA	NA
0.515	38	29	"NA/19/2020/9000/30_64_38064_1"	NA	NA
0.462	37.5	29	"NA/19/2020/9000/30_64_38064_1"	NA	NA
0.41	36.5	29	"NA/19/2020/9000/30_64_38064_1"	NA	NA
0.452	36.5	29	"NA/19/2020/9000/30_64_38064_1"	NA	NA
0.37	35	29	"NA/19/2020/9000/30_64_38064_1"	NA	NA
0.411	35.5	30	"NA/19/2020/9000/30_65_38065_1"	NA	NA
0.402	35	30	"NA/19/2020/9000/30_65_38065_1"	NA	NA
0.43	35	30	"NA/19/2020/9000/30_65_38065_1"	NA	NA
0.408	35	30	"NA/19/2020/9000/30_65_38065_1"	NA	NA
0.546	40	30	"NA/19/2020/9000/30_65_38065_1"	NA	NA
0.352	33.5	30	"NA/19/2020/9000/30_65_38065_1"	NA	NA
0.513	37.5	30	"NA/19/2020/9000/30_65_38065_1"	NA	NA
0.605	41	30	"NA/19/2020/9000/30_65_38065_1"	NA	NA
0.493	36.5	30	"NA/19/2020/9000/30_65_38065_1"	NA	NA
0.603	38	30	"NA/19/2020/9000/30_65_38065_1"	NA	NA
0.296	33.5	30	"NA/19/2020/9000/30_65_38065_1"	NA	NA
0.537	38	30	"NA/19/2020/9000/30_65_38065_1"	NA	NA
0.481	37.5	30	"NA/19/2020/9000/30_65_38065_1"	NA	NA
0.511	37.5	30	"NA/19/2020/9000/30_65_38065_1"	NA	NA
0.366	35.5	30	"NA/19/2020/9000/30_65_38065_1"	NA	NA
0.469	37	30	"NA/19/2020/9000/30_65_38065_1"	NA	NA
0.528	39.5	30	"NA/19/2020/9000/30_65_38065_1"	NA	NA
0.39	36	30	"NA/19/2020/9000/30_65_38065_1"	NA	NA
0.493	37	30	"NA/19/2020/9000/30_65_38065_1"	NA	NA
0.303	32.5	30	"NA/19/2020/9000/30_65_38065_1"	NA	NA
0.515	38.5	30	"NA/19/2020/9000/30_65_38065_1"	NA	NA
0.501	38.5	30	"NA/19/2020/9000/30_65_38065_1"	NA	NA
0.538	38.5	30	"NA/19/2020/9000/30_65_38065_1"	NA	NA
0.386	36	30	"NA/19/2020/9000/30_65_38065_1"	NA	NA
0.503	38.5	30	"NA/19/2020/9000/30_65_38065_1"	NA	NA
0.471	37	31	"NA/19/2020/9000/30_66_38066_1"	NA	NA
0.513	38	31	"NA/19/2020/9000/30_66_38066_1"	NA	NA
0.433	37.5	31	"NA/19/2020/9000/30_66_38066_1"	NA	NA
0.444	37	31	"NA/19/2020/9000/30_66_38066_1"	NA	NA
0.47	38	31	"NA/19/2020/9000/30_66_38066_1"	NA	NA
0.454	36.5	31	"NA/19/2020/9000/30_66_38066_1"	NA	NA
0.459	38.5	31	"NA/19/2020/9000/30_66_38066_1"	NA	NA
0.377	36.5	31	"NA/19/2020/9000/30_66_38066_1"	NA	NA
0.506	37.5	31	"NA/19/2020/9000/30_66_38066_1"	NA	NA
0.52	38	31	"NA/19/2020/9000/30_66_38066_1"	NA	NA
0.507	38	31	"NA/19/2020/9000/30_66_38066_1"	NA	NA
0.446	37	31	"NA/19/2020/9000/30_66_38066_1"	NA	NA
0.611	40	31	"NA/19/2020/9000/30_66_38066_1"	NA	NA
0.536	40	31	"NA/19/2020/9000/30_66_38066_1"	NA	NA
0.476	37	31	"NA/19/2020/9000/30_66_38066_1"	NA	NA
0.473	37.5	31	"NA/19/2020/9000/30_66_38066_1"	NA	NA
0.458	37	31	"NA/19/2020/9000/30_66_38066_1"	NA	NA
0.406	36.5	31	"NA/19/2020/9000/30_66_38066_1"	NA	NA
0.489	37.5	31	"NA/19/2020/9000/30_66_38066_1"	NA	NA
0.411	35.5	31	"NA/19/2020/9000/30_66_38066_1"	NA	NA
0.561	39.5	31	"NA/19/2020/9000/30_66_38066_1"	NA	NA
0.476	36	31	"NA/19/2020/9000/30_66_38066_1"	NA	NA
0.453	38	31	"NA/19/2020/9000/30_66_38066_1"	NA	NA
0.437	38.5	31	"NA/19/2020/9000/30_66_38066_1"	NA	NA
0.512	38.5	31	"NA/19/2020/9000/30_66_38066_1"	NA	NA
0.415	37.5	31	"NA/19/2020/9000/30_66_38066_1"	NA	NA
0.564	39	31	"NA/19/2020/9000/30_66_38066_1"	NA	NA
0.246	32	31	"NA/19/2020/9000/30_66_38066_1"	NA	NA
0.535	40.5	31	"NA/19/2020/9000/30_66_38066_1"	NA	NA
0.503	39	32	"NA/19/2020/9000/30_67_38067_3"	NA	NA
0.535	39.5	32	"NA/19/2020/9000/30_67_38067_3"	NA	NA
0.419	36	32	"NA/19/2020/9000/30_67_38067_3"	NA	NA
0.24	31.5	32	"NA/19/2020/9000/30_67_38067_3"	NA	NA
0.466	37	32	"NA/19/2020/9000/30_67_38067_3"	NA	NA
0.37	35.5	32	"NA/19/2020/9000/30_67_38067_3"	NA	NA
0.448	36	32	"NA/19/2020/9000/30_67_38067_3"	NA	NA
0.507	38.5	32	"NA/19/2020/9000/30_67_38067_3"	NA	NA
0.49	38.5	32	"NA/19/2020/9000/30_67_38067_3"	NA	NA
0.529	38.5	32	"NA/19/2020/9000/30_67_38067_3"	NA	NA
0.536	39.5	32	"NA/19/2020/9000/30_67_38067_3"	NA	NA
0.41	37	32	"NA/19/2020/9000/30_67_38067_3"	NA	NA
0.34	35	32	"NA/19/2020/9000/30_67_38067_3"	NA	NA
0.344	34	32	"NA/19/2020/9000/30_67_38067_3"	NA	NA
0.471	38.5	32	"NA/19/2020/9000/30_67_38067_3"	NA	NA
0.281	33	32	"NA/19/2020/9000/30_67_38067_3"	NA	NA
0.394	36	32	"NA/19/2020/9000/30_67_38067_3"	NA	NA
0.402	36	32	"NA/19/2020/9000/30_67_38067_3"	NA	NA
0.329	34.5	32	"NA/19/2020/9000/30_67_38067_3"	NA	NA
0.274	33.5	32	"NA/19/2020/9000/30_67_38067_3"	NA	NA
0.505	38	32	"NA/19/2020/9000/30_67_38067_3"	NA	NA
0.325	34.5	32	"NA/19/2020/9000/30_67_38067_3"	NA	NA
0.453	37	32	"NA/19/2020/9000/30_67_38067_3"	NA	NA
0.348	35	32	"NA/19/2020/9000/30_67_38067_3"	NA	NA
0.486	38.5	32	"NA/19/2020/9000/30_67_38067_3"	NA	NA
0.187	29	32	"NA/19/2020/9000/30_67_38067_3"	NA	NA
0.488	38.5	33	"NA/19/2020/9000/30_68_38068_2"	NA	NA
0.486	37.5	33	"NA/19/2020/9000/30_68_38068_2"	NA	NA
0.4	36	33	"NA/19/2020/9000/30_68_38068_2"	NA	NA
0.372	35.5	33	"NA/19/2020/9000/30_68_38068_2"	NA	NA
0.414	36	33	"NA/19/2020/9000/30_68_38068_2"	NA	NA
0.532	39.5	33	"NA/19/2020/9000/30_68_38068_2"	NA	NA
0.519	38.5	33	"NA/19/2020/9000/30_68_38068_2"	NA	NA
0.473	36.5	33	"NA/19/2020/9000/30_68_38068_2"	NA	NA
0.501	38.5	33	"NA/19/2020/9000/30_68_38068_2"	NA	NA
0.423	36.5	33	"NA/19/2020/9000/30_68_38068_2"	NA	NA
0.482	37	33	"NA/19/2020/9000/30_68_38068_2"	NA	NA
0.474	37	33	"NA/19/2020/9000/30_68_38068_2"	NA	NA
0.533	39	33	"NA/19/2020/9000/30_68_38068_2"	NA	NA
0.495	38.5	33	"NA/19/2020/9000/30_68_38068_2"	NA	NA
0.484	37.5	33	"NA/19/2020/9000/30_68_38068_2"	NA	NA
0.448	38	33	"NA/19/2020/9000/30_68_38068_2"	NA	NA
0.454	37	33	"NA/19/2020/9000/30_68_38068_2"	NA	NA
0.483	38	33	"NA/19/2020/9000/30_68_38068_2"	NA	NA
0.529	39.5	33	"NA/19/2020/9000/30_68_38068_2"	NA	NA
0.319	34	33	"NA/19/2020/9000/30_68_38068_2"	NA	NA
0.37	35	33	"NA/19/2020/9000/30_68_38068_2"	NA	NA
0.423	35	33	"NA/19/2020/9000/30_68_38068_2"	NA	NA
0.295	34	33	"NA/19/2020/9000/30_68_38068_2"	NA	NA
0.459	38	33	"NA/19/2020/9000/30_68_38068_2"	NA	NA
0.43	36.5	33	"NA/19/2020/9000/30_68_38068_2"	NA	NA
0.647	40	33	"NA/19/2020/9000/30_68_38068_2"	NA	NA
0.346	34.5	33	"NA/19/2020/9000/30_68_38068_2"	NA	NA
0.499	37.5	33	"NA/19/2020/9000/30_68_38068_2"	NA	NA
0.311	33.5	33	"NA/19/2020/9000/30_68_38068_2"	NA	NA
0.303	33	33	"NA/19/2020/9000/30_68_38068_2"	NA	NA
0.423	36	34	"NA/19/2020/9000/30_69_38069_1"	NA	NA
0.351	34.5	34	"NA/19/2020/9000/30_69_38069_1"	NA	NA
0.485	37	34	"NA/19/2020/9000/30_69_38069_1"	NA	NA
0.535	39	34	"NA/19/2020/9000/30_69_38069_1"	NA	NA
0.481	38.5	34	"NA/19/2020/9000/30_69_38069_1"	NA	NA
0.265	31.5	34	"NA/19/2020/9000/30_69_38069_1"	NA	NA
0.335	34.5	34	"NA/19/2020/9000/30_69_38069_1"	NA	NA
0.351	34	34	"NA/19/2020/9000/30_69_38069_1"	NA	NA
0.469	38	34	"NA/19/2020/9000/30_69_38069_1"	NA	NA
0.557	39.5	34	"NA/19/2020/9000/30_69_38069_1"	NA	NA
0.243	30.5	34	"NA/19/2020/9000/30_69_38069_1"	NA	NA
0.537	38.5	34	"NA/19/2020/9000/30_69_38069_1"	NA	NA
0.477	37.5	34	"NA/19/2020/9000/30_69_38069_1"	NA	NA
0.547	39	34	"NA/19/2020/9000/30_69_38069_1"	NA	NA
0.484	37	34	"NA/19/2020/9000/30_69_38069_1"	NA	NA
0.538	38.5	34	"NA/19/2020/9000/30_69_38069_1"	NA	NA
0.455	36.5	34	"NA/19/2020/9000/30_69_38069_1"	NA	NA
0.549	40	34	"NA/19/2020/9000/30_69_38069_1"	NA	NA
0.296	33.5	34	"NA/19/2020/9000/30_69_38069_1"	NA	NA
0.507	38.5	34	"NA/19/2020/9000/30_69_38069_1"	NA	NA
0.481	38.5	34	"NA/19/2020/9000/30_69_38069_1"	NA	NA
0.494	38.5	34	"NA/19/2020/9000/30_69_38069_1"	NA	NA
0.384	36	34	"NA/19/2020/9000/30_69_38069_1"	NA	NA
0.418	36.5	34	"NA/19/2020/9000/30_69_38069_1"	NA	NA
0.504	37.5	34	"NA/19/2020/9000/30_69_38069_1"	NA	NA
0.376	34.5	34	"NA/19/2020/9000/30_69_38069_1"	NA	NA
0.595	39.5	34	"NA/19/2020/9000/30_69_38069_1"	NA	NA
0.348	34	34	"NA/19/2020/9000/30_69_38069_1"	NA	NA
0.557	38.5	34	"NA/19/2020/9000/30_69_38069_1"	NA	NA
0.266	33	34	"NA/19/2020/9000/30_69_38069_1"	NA	NA
0.536	38	35	"NA/19/2020/9000/30_80_38080_1"	NA	NA
0.414	37	35	"NA/19/2020/9000/30_80_38080_1"	NA	NA
0.419	36	35	"NA/19/2020/9000/30_80_38080_1"	NA	NA
0.406	35	35	"NA/19/2020/9000/30_80_38080_1"	NA	NA
0.605	38.5	35	"NA/19/2020/9000/30_80_38080_1"	NA	NA
0.447	36	35	"NA/19/2020/9000/30_80_38080_1"	NA	NA
0.424	36.5	35	"NA/19/2020/9000/30_80_38080_1"	NA	NA
0.459	37	35	"NA/19/2020/9000/30_80_38080_1"	NA	NA
0.53	38.5	35	"NA/19/2020/9000/30_80_38080_1"	NA	NA
0.523	38.5	35	"NA/19/2020/9000/30_80_38080_1"	NA	NA
0.504	38.5	35	"NA/19/2020/9000/30_80_38080_1"	NA	NA
0.335	34.5	35	"NA/19/2020/9000/30_80_38080_1"	NA	NA
0.486	37.5	35	"NA/19/2020/9000/30_80_38080_1"	NA	NA
0.466	37	35	"NA/19/2020/9000/30_80_38080_1"	NA	NA
0.287	32.5	35	"NA/19/2020/9000/30_80_38080_1"	NA	NA
0.368	33.5	35	"NA/19/2020/9000/30_80_38080_1"	NA	NA
0.504	38.5	35	"NA/19/2020/9000/30_80_38080_1"	NA	NA
0.445	36.5	35	"NA/19/2020/9000/30_80_38080_1"	NA	NA
0.41	37	35	"NA/19/2020/9000/30_80_38080_1"	NA	NA
0.431	36	35	"NA/19/2020/9000/30_80_38080_1"	NA	NA
0.438	35	35	"NA/19/2020/9000/30_80_38080_1"	NA	NA
0.501	37.5	36	"NA/19/2020/9000/30_81_38081_1"	NA	NA
0.482	37	36	"NA/19/2020/9000/30_81_38081_1"	NA	NA
0.496	38	36	"NA/19/2020/9000/30_81_38081_1"	NA	NA
0.434	36.5	36	"NA/19/2020/9000/30_81_38081_1"	NA	NA
0.484	37	36	"NA/19/2020/9000/30_81_38081_1"	NA	NA
0.485	37	36	"NA/19/2020/9000/30_81_38081_1"	NA	NA
0.416	34	36	"NA/19/2020/9000/30_81_38081_1"	NA	NA
0.58	38.5	36	"NA/19/2020/9000/30_81_38081_1"	NA	NA
0.432	36.5	36	"NA/19/2020/9000/30_81_38081_1"	NA	NA
0.342	34	36	"NA/19/2020/9000/30_81_38081_1"	NA	NA
0.471	36	36	"NA/19/2020/9000/30_81_38081_1"	NA	NA
0.396	34.5	36	"NA/19/2020/9000/30_81_38081_1"	NA	NA
0.458	36.5	36	"NA/19/2020/9000/30_81_38081_1"	NA	NA
0.551	38.5	36	"NA/19/2020/9000/30_81_38081_1"	NA	NA
0.471	37.5	36	"NA/19/2020/9000/30_81_38081_1"	NA	NA
0.459	37	36	"NA/19/2020/9000/30_81_38081_1"	NA	NA
0.469	37.5	36	"NA/19/2020/9000/30_81_38081_1"	NA	NA
0.423	36	36	"NA/19/2020/9000/30_81_38081_1"	NA	NA
0.474	37	37	"NA/19/2020/9000/30_82_38082_1"	NA	NA
0.492	37	37	"NA/19/2020/9000/30_82_38082_1"	NA	NA
0.305	34	37	"NA/19/2020/9000/30_82_38082_1"	NA	NA
0.322	34	37	"NA/19/2020/9000/30_82_38082_1"	NA	NA
0.519	38.5	37	"NA/19/2020/9000/30_82_38082_1"	NA	NA
0.467	37.5	37	"NA/19/2020/9000/30_82_38082_1"	NA	NA
0.458	36.5	37	"NA/19/2020/9000/30_82_38082_1"	NA	NA
0.612	40	37	"NA/19/2020/9000/30_82_38082_1"	NA	NA
0.52	38.5	37	"NA/19/2020/9000/30_82_38082_1"	NA	NA
0.541	38.5	37	"NA/19/2020/9000/30_82_38082_1"	NA	NA
0.351	33.5	37	"NA/19/2020/9000/30_82_38082_1"	NA	NA
0.255	31.5	37	"NA/19/2020/9000/30_82_38082_1"	NA	NA
0.376	35	37	"NA/19/2020/9000/30_82_38082_1"	NA	NA
0.477	38.5	37	"NA/19/2020/9000/30_82_38082_1"	NA	NA
0.401	36.5	37	"NA/19/2020/9000/30_82_38082_1"	NA	NA
0.411	36	37	"NA/19/2020/9000/30_82_38082_1"	NA	NA
0.364	35.5	37	"NA/19/2020/9000/30_82_38082_1"	NA	NA
0.268	32	37	"NA/19/2020/9000/30_82_38082_1"	NA	NA
0.398	36	37	"NA/19/2020/9000/30_82_38082_1"	NA	NA
0.557	39.5	37	"NA/19/2020/9000/30_82_38082_1"	NA	NA
0.542	40	37	"NA/19/2020/9000/30_82_38082_1"	NA	NA
0.405	37	37	"NA/19/2020/9000/30_82_38082_1"	NA	NA
0.523	37.5	37	"NA/19/2020/9000/30_82_38082_1"	NA	NA
0.424	35.5	37	"NA/19/2020/9000/30_82_38082_1"	NA	NA
0.245	31.5	37	"NA/19/2020/9000/30_82_38082_1"	NA	NA
0.551	39.5	37	"NA/19/2020/9000/30_82_38082_1"	NA	NA
0.509	38.5	37	"NA/19/2020/9000/30_82_38082_1"	NA	NA
0.473	38	37	"NA/19/2020/9000/30_82_38082_1"	NA	NA
0.488	37.5	37	"NA/19/2020/9000/30_82_38082_1"	NA	NA
0.642	39.5	37	"NA/19/2020/9000/30_82_38082_1"	NA	NA
0.392	34.5	38	"NA/19/2020/9000/30_83_38083_1"	NA	NA
0.375	35	38	"NA/19/2020/9000/30_83_38083_1"	NA	NA
0.551	38	38	"NA/19/2020/9000/30_83_38083_1"	NA	NA
0.394	36.5	38	"NA/19/2020/9000/30_83_38083_1"	NA	NA
0.508	36.5	38	"NA/19/2020/9000/30_83_38083_1"	NA	NA
0.485	36	38	"NA/19/2020/9000/30_83_38083_1"	NA	NA
0.638	40	38	"NA/19/2020/9000/30_83_38083_1"	NA	NA
0.521	37	38	"NA/19/2020/9000/30_83_38083_1"	NA	NA
0.299	32	38	"NA/19/2020/9000/30_83_38083_1"	NA	NA
0.522	37	38	"NA/19/2020/9000/30_83_38083_1"	NA	NA
0.473	36	38	"NA/19/2020/9000/30_83_38083_1"	NA	NA
0.565	38	38	"NA/19/2020/9000/30_83_38083_1"	NA	NA
0.589	39	38	"NA/19/2020/9000/30_83_38083_1"	NA	NA
0.535	38.5	38	"NA/19/2020/9000/30_83_38083_1"	NA	NA
0.352	32.5	38	"NA/19/2020/9000/30_83_38083_1"	NA	NA
0.343	33.5	38	"NA/19/2020/9000/30_83_38083_1"	NA	NA
0.358	34.5	38	"NA/19/2020/9000/30_83_38083_1"	NA	NA
0.5	38.5	38	"NA/19/2020/9000/30_83_38083_1"	NA	NA
0.544	38	38	"NA/19/2020/9000/30_83_38083_1"	NA	NA
0.572	38	38	"NA/19/2020/9000/30_83_38083_1"	NA	NA
0.635	39.5	38	"NA/19/2020/9000/30_83_38083_1"	NA	NA
0.549	38	38	"NA/19/2020/9000/30_83_38083_1"	NA	NA
0.553	38	38	"NA/19/2020/9000/30_83_38083_1"	NA	NA
0.351	33.5	38	"NA/19/2020/9000/30_83_38083_1"	NA	NA
0.5	37	38	"NA/19/2020/9000/30_83_38083_1"	NA	NA
0.335	32.5	38	"NA/19/2020/9000/30_83_38083_1"	NA	NA
0.54	37.5	38	"NA/19/2020/9000/30_83_38083_1"	NA	NA
0.482	38.5	38	"NA/19/2020/9000/30_83_38083_1"	NA	NA
0.298	33	39	"NA/19/2020/9000/30_84_38084_1"	NA	NA
0.461	37.5	39	"NA/19/2020/9000/30_84_38084_1"	NA	NA
0.458	37.5	39	"NA/19/2020/9000/30_84_38084_1"	NA	NA
0.344	35	39	"NA/19/2020/9000/30_84_38084_1"	NA	NA
0.477	38.5	39	"NA/19/2020/9000/30_84_38084_1"	NA	NA
0.464	37	39	"NA/19/2020/9000/30_84_38084_1"	NA	NA
0.455	38.5	39	"NA/19/2020/9000/30_84_38084_1"	NA	NA
0.349	34	39	"NA/19/2020/9000/30_84_38084_1"	NA	NA
0.444	37.5	39	"NA/19/2020/9000/30_84_38084_1"	NA	NA
0.313	33	39	"NA/19/2020/9000/30_84_38084_1"	NA	NA
0.553	39	39	"NA/19/2020/9000/30_84_38084_1"	NA	NA
0.445	37	39	"NA/19/2020/9000/30_84_38084_1"	NA	NA
0.567	41.5	40	"NA/19/2020/9000/30_85_38085_1"	NA	NA
0.429	36	40	"NA/19/2020/9000/30_85_38085_1"	NA	NA
0.587	41	40	"NA/19/2020/9000/30_85_38085_1"	NA	NA
0.396	35.5	40	"NA/19/2020/9000/30_85_38085_1"	NA	NA
0.438	38.5	40	"NA/19/2020/9000/30_85_38085_1"	NA	NA
0.232	31	40	"NA/19/2020/9000/30_85_38085_1"	NA	NA
0.451	37	40	"NA/19/2020/9000/30_85_38085_1"	NA	NA
0.498	38.5	40	"NA/19/2020/9000/30_85_38085_1"	NA	NA
0.528	38.5	40	"NA/19/2020/9000/30_85_38085_1"	NA	NA
0.539	38.5	40	"NA/19/2020/9000/30_85_38085_1"	NA	NA
0.422	36.5	40	"NA/19/2020/9000/30_85_38085_1"	NA	NA
0.454	37	40	"NA/19/2020/9000/30_85_38085_1"	NA	NA
0.463	38.5	40	"NA/19/2020/9000/30_85_38085_1"	NA	NA
0.481	37	40	"NA/19/2020/9000/30_85_38085_1"	NA	NA
0.347	35.5	40	"NA/19/2020/9000/30_85_38085_1"	NA	NA
0.598	40	40	"NA/19/2020/9000/30_85_38085_1"	NA	NA
0.491	36.5	40	"NA/19/2020/9000/30_85_38085_1"	NA	NA
0.293	32.5	40	"NA/19/2020/9000/30_85_38085_1"	NA	NA
0.45	37.5	40	"NA/19/2020/9000/30_85_38085_1"	NA	NA
0.391	34	40	"NA/19/2020/9000/30_85_38085_1"	NA	NA
0.253	32.5	40	"NA/19/2020/9000/30_85_38085_1"	NA	NA
0.307	33	40	"NA/19/2020/9000/30_85_38085_1"	NA	NA
0.413	36.5	40	"NA/19/2020/9000/30_85_38085_1"	NA	NA
0.485	38	40	"NA/19/2020/9000/30_85_38085_1"	NA	NA
0.491	37.5	40	"NA/19/2020/9000/30_85_38085_1"	NA	NA
0.215	30.5	40	"NA/19/2020/9000/30_85_38085_1"	NA	NA
0.366	35.5	40	"NA/19/2020/9000/30_85_38085_1"	NA	NA
0.457	36.5	41	"NA/19/2020/9000/30_86_38086_1"	NA	NA
0.421	35.5	41	"NA/19/2020/9000/30_86_38086_1"	NA	NA
0.405	35.5	41	"NA/19/2020/9000/30_86_38086_1"	NA	NA
0.642	41	41	"NA/19/2020/9000/30_86_38086_1"	NA	NA
0.358	33	41	"NA/19/2020/9000/30_86_38086_1"	NA	NA
0.481	36	41	"NA/19/2020/9000/30_86_38086_1"	NA	NA
0.393	35.5	41	"NA/19/2020/9000/30_86_38086_1"	NA	NA
0.452	36	41	"NA/19/2020/9000/30_86_38086_1"	NA	NA
0.515	38.5	41	"NA/19/2020/9000/30_86_38086_1"	NA	NA
0.481	38	41	"NA/19/2020/9000/30_86_38086_1"	NA	NA
0.63	40.5	41	"NA/19/2020/9000/30_86_38086_1"	NA	NA
0.447	36.5	41	"NA/19/2020/9000/30_86_38086_1"	NA	NA
0.456	37	41	"NA/19/2020/9000/30_86_38086_1"	NA	NA
0.453	37	41	"NA/19/2020/9000/30_86_38086_1"	NA	NA
0.384	37	41	"NA/19/2020/9000/30_86_38086_1"	NA	NA
0.483	37.5	41	"NA/19/2020/9000/30_86_38086_1"	NA	NA
0.455	37	41	"NA/19/2020/9000/30_86_38086_1"	NA	NA
0.554	37.5	41	"NA/19/2020/9000/30_86_38086_1"	NA	NA
0.371	35.5	41	"NA/19/2020/9000/30_86_38086_1"	NA	NA
0.312	33.5	41	"NA/19/2020/9000/30_86_38086_1"	NA	NA
0.498	38	41	"NA/19/2020/9000/30_86_38086_1"	NA	NA
0.492	37.5	41	"NA/19/2020/9000/30_86_38086_1"	NA	NA
0.465	37.5	41	"NA/19/2020/9000/30_86_38086_1"	NA	NA
0.426	36	41	"NA/19/2020/9000/30_86_38086_1"	NA	NA
0.377	35	41	"NA/19/2020/9000/30_86_38086_1"	NA	NA
0.499	37	42	"NA/19/2020/9000/30_87_38087_1"	NA	NA
0.469	37	42	"NA/19/2020/9000/30_87_38087_1"	NA	NA
0.5	38.5	42	"NA/19/2020/9000/30_87_38087_1"	NA	NA
0.403	35.5	42	"NA/19/2020/9000/30_87_38087_1"	NA	NA
0.457	37	42	"NA/19/2020/9000/30_87_38087_1"	NA	NA
0.384	37	42	"NA/19/2020/9000/30_87_38087_1"	NA	NA
0.454	38.5	42	"NA/19/2020/9000/30_87_38087_1"	NA	NA
0.484	38.5	42	"NA/19/2020/9000/30_87_38087_1"	NA	NA
0.457	37.5	42	"NA/19/2020/9000/30_87_38087_1"	NA	NA
0.436	37	42	"NA/19/2020/9000/30_87_38087_1"	NA	NA
0.5	38.5	42	"NA/19/2020/9000/30_87_38087_1"	NA	NA
0.489	37.5	42	"NA/19/2020/9000/30_87_38087_1"	NA	NA
0.444	36.5	42	"NA/19/2020/9000/30_87_38087_1"	NA	NA
0.438	37	42	"NA/19/2020/9000/30_87_38087_1"	NA	NA
0.404	37	42	"NA/19/2020/9000/30_87_38087_1"	NA	NA
0.51	39	42	"NA/19/2020/9000/30_87_38087_1"	NA	NA
0.505	38.5	42	"NA/19/2020/9000/30_87_38087_1"	NA	NA
0.466	39	42	"NA/19/2020/9000/30_87_38087_1"	NA	NA
0.488	38	42	"NA/19/2020/9000/30_87_38087_1"	NA	NA
0.491	38.5	42	"NA/19/2020/9000/30_87_38087_1"	NA	NA
0.465	37.5	42	"NA/19/2020/9000/30_87_38087_1"	NA	NA
0.45	37.5	42	"NA/19/2020/9000/30_87_38087_1"	NA	NA
0.433	38	42	"NA/19/2020/9000/30_87_38087_1"	NA	NA
0.498	38	42	"NA/19/2020/9000/30_87_38087_1"	NA	NA
0.435	38.5	42	"NA/19/2020/9000/30_87_38087_1"	NA	NA
0.473	37	42	"NA/19/2020/9000/30_87_38087_1"	NA	NA
0.452	37	42	"NA/19/2020/9000/30_87_38087_1"	NA	NA
0.502	37.5	42	"NA/19/2020/9000/30_87_38087_1"	NA	NA
0.419	36	43	"NA/19/2020/9000/30_88_38088_1"	NA	NA
0.375	35.5	43	"NA/19/2020/9000/30_88_38088_1"	NA	NA
0.638	39.5	43	"NA/19/2020/9000/30_88_38088_1"	NA	NA
0.438	37	43	"NA/19/2020/9000/30_88_38088_1"	NA	NA
0.499	37.5	43	"NA/19/2020/9000/30_88_38088_1"	NA	NA
0.317	33	43	"NA/19/2020/9000/30_88_38088_1"	NA	NA
0.452	36.5	43	"NA/19/2020/9000/30_88_38088_1"	NA	NA
0.549	38.5	43	"NA/19/2020/9000/30_88_38088_1"	NA	NA
0.57	38.5	43	"NA/19/2020/9000/30_88_38088_1"	NA	NA
0.409	35.5	43	"NA/19/2020/9000/30_88_38088_1"	NA	NA
0.386	35.5	43	"NA/19/2020/9000/30_88_38088_1"	NA	NA
0.48	37.5	43	"NA/19/2020/9000/30_88_38088_1"	NA	NA
0.397	35	43	"NA/19/2020/9000/30_88_38088_1"	NA	NA
0.445	37.5	43	"NA/19/2020/9000/30_88_38088_1"	NA	NA
0.294	32.5	43	"NA/19/2020/9000/30_88_38088_1"	NA	NA
0.373	35	43	"NA/19/2020/9000/30_88_38088_1"	NA	NA
0.372	35.5	43	"NA/19/2020/9000/30_88_38088_1"	NA	NA
0.354	35	43	"NA/19/2020/9000/30_88_38088_1"	NA	NA
0.433	37	43	"NA/19/2020/9000/30_88_38088_1"	NA	NA
0.407	37	43	"NA/19/2020/9000/30_88_38088_1"	NA	NA
0.603	38.5	43	"NA/19/2020/9000/30_88_38088_1"	NA	NA
0.312	34	43	"NA/19/2020/9000/30_88_38088_1"	NA	NA
0.299	32.5	43	"NA/19/2020/9000/30_88_38088_1"	NA	NA
0.491	37.5	43	"NA/19/2020/9000/30_88_38088_1"	NA	NA
0.549	40	43	"NA/19/2020/9000/30_88_38088_1"	NA	NA
0.393	34.5	43	"NA/19/2020/9000/30_88_38088_1"	NA	NA
0.386	34.5	43	"NA/19/2020/9000/30_88_38088_1"	NA	NA
0.513	38.5	43	"NA/19/2020/9000/30_88_38088_1"	NA	NA
0.479	37.5	44	"NA/19/2020/9000/30_89_38089_1"	NA	NA
0.447	37.5	44	"NA/19/2020/9000/30_89_38089_1"	NA	NA
0.365	35	44	"NA/19/2020/9000/30_89_38089_1"	NA	NA
0.648	40.5	44	"NA/19/2020/9000/30_89_38089_1"	NA	NA
0.379	34.5	44	"NA/19/2020/9000/30_89_38089_1"	NA	NA
0.305	33.5	44	"NA/19/2020/9000/30_89_38089_1"	NA	NA
0.228	30.5	44	"NA/19/2020/9000/30_89_38089_1"	NA	NA
0.302	33.5	44	"NA/19/2020/9000/30_89_38089_1"	NA	NA
0.447	36	44	"NA/19/2020/9000/30_89_38089_1"	NA	NA
0.347	34	44	"NA/19/2020/9000/30_89_38089_1"	NA	NA
0.478	36.5	44	"NA/19/2020/9000/30_89_38089_1"	NA	NA
0.573	39.5	44	"NA/19/2020/9000/30_89_38089_1"	NA	NA
0.264	30.5	44	"NA/19/2020/9000/30_89_38089_1"	NA	NA
0.295	33	44	"NA/19/2020/9000/30_89_38089_1"	NA	NA
0.358	34	44	"NA/19/2020/9000/30_89_38089_1"	NA	NA
0.425	35.5	44	"NA/19/2020/9000/30_89_38089_1"	NA	NA
0.303	32	44	"NA/19/2020/9000/30_89_38089_1"	NA	NA
0.524	38.5	44	"NA/19/2020/9000/30_89_38089_1"	NA	NA
0.459	37	44	"NA/19/2020/9000/30_89_38089_1"	NA	NA
0.366	34	44	"NA/19/2020/9000/30_89_38089_1"	NA	NA
0.448	36	44	"NA/19/2020/9000/30_89_38089_1"	NA	NA
0.366	35	44	"NA/19/2020/9000/30_89_38089_1"	NA	NA
0.475	37	44	"NA/19/2020/9000/30_89_38089_1"	NA	NA
0.534	38.5	44	"NA/19/2020/9000/30_89_38089_1"	NA	NA
0.49	36.5	44	"NA/19/2020/9000/30_89_38089_1"	NA	NA
0.452	37	44	"NA/19/2020/9000/30_89_38089_1"	NA	NA
0.479	38.5	44	"NA/19/2020/9000/30_89_38089_1"	NA	NA
0.702	41	44	"NA/19/2020/9000/30_89_38089_1"	NA	NA
0.541	37.5	44	"NA/19/2020/9000/30_89_38089_1"	NA	NA
0.256	31.5	45	"NA/19/2020/9000/30_90_38090_1"	NA	NA
0.544	39.5	45	"NA/19/2020/9000/30_90_38090_1"	NA	NA
0.532	40	45	"NA/19/2020/9000/30_90_38090_1"	NA	NA
0.444	37	45	"NA/19/2020/9000/30_90_38090_1"	NA	NA
0.445	36.5	45	"NA/19/2020/9000/30_90_38090_1"	NA	NA
0.458	37.5	45	"NA/19/2020/9000/30_90_38090_1"	NA	NA
0.394	35.5	45	"NA/19/2020/9000/30_90_38090_1"	NA	NA
0.433	36	45	"NA/19/2020/9000/30_90_38090_1"	NA	NA
0.603	39	45	"NA/19/2020/9000/30_90_38090_1"	NA	NA
0.453	36.5	45	"NA/19/2020/9000/30_90_38090_1"	NA	NA
0.297	33	45	"NA/19/2020/9000/30_90_38090_1"	NA	NA
0.597	39.5	45	"NA/19/2020/9000/30_90_38090_1"	NA	NA
0.46	37	45	"NA/19/2020/9000/30_90_38090_1"	NA	NA
0.407	35.5	45	"NA/19/2020/9000/30_90_38090_1"	NA	NA
0.489	38.5	45	"NA/19/2020/9000/30_90_38090_1"	NA	NA
0.509	37.5	45	"NA/19/2020/9000/30_90_38090_1"	NA	NA
0.559	39	45	"NA/19/2020/9000/30_90_38090_1"	NA	NA
0.409	36	45	"NA/19/2020/9000/30_90_38090_1"	NA	NA
0.439	37.5	45	"NA/19/2020/9000/30_90_38090_1"	NA	NA
0.571	39.5	45	"NA/19/2020/9000/30_90_38090_1"	NA	NA
0.351	34.5	45	"NA/19/2020/9000/30_90_38090_1"	NA	NA
0.488	36.5	45	"NA/19/2020/9000/30_90_38090_1"	NA	NA
0.323	33	46	"NA/19/2020/9000/30_91_38091_1"	NA	NA
0.449	37.5	46	"NA/19/2020/9000/30_91_38091_1"	NA	NA
0.325	34.5	46	"NA/19/2020/9000/30_91_38091_1"	NA	NA
0.462	37	46	"NA/19/2020/9000/30_91_38091_1"	NA	NA
0.482	37	46	"NA/19/2020/9000/30_91_38091_1"	NA	NA
0.388	34.5	46	"NA/19/2020/9000/30_91_38091_1"	NA	NA
0.537	38.5	46	"NA/19/2020/9000/30_91_38091_1"	NA	NA
0.556	39	46	"NA/19/2020/9000/30_91_38091_1"	NA	NA
0.395	34.5	46	"NA/19/2020/9000/30_91_38091_1"	NA	NA
0.408	35	46	"NA/19/2020/9000/30_91_38091_1"	NA	NA
0.288	33	46	"NA/19/2020/9000/30_91_38091_1"	NA	NA
0.291	33	46	"NA/19/2020/9000/30_91_38091_1"	NA	NA
0.501	39	46	"NA/19/2020/9000/30_91_38091_1"	NA	NA
0.338	34	46	"NA/19/2020/9000/30_91_38091_1"	NA	NA
0.381	36	46	"NA/19/2020/9000/30_91_38091_1"	NA	NA
0.573	40	46	"NA/19/2020/9000/30_91_38091_1"	NA	NA
0.37	34	46	"NA/19/2020/9000/30_91_38091_1"	NA	NA
0.369	34.5	46	"NA/19/2020/9000/30_91_38091_1"	NA	NA
0.515	38.5	46	"NA/19/2020/9000/30_91_38091_1"	NA	NA
0.367	36	46	"NA/19/2020/9000/30_91_38091_1"	NA	NA
0.385	34.5	46	"NA/19/2020/9000/30_91_38091_1"	NA	NA
0.332	35	46	"NA/19/2020/9000/30_91_38091_1"	NA	NA
0.433	36.5	46	"NA/19/2020/9000/30_91_38091_1"	NA	NA
0.494	38.5	46	"NA/19/2020/9000/30_91_38091_1"	NA	NA
0.539	38.5	46	"NA/19/2020/9000/30_91_38091_1"	NA	NA
0.312	32	46	"NA/19/2020/9000/30_91_38091_1"	NA	NA
0.385	35	46	"NA/19/2020/9000/30_91_38091_1"	NA	NA
0.301	32	46	"NA/19/2020/9000/30_91_38091_1"	NA	NA
0.42	36.5	46	"NA/19/2020/9000/30_91_38091_1"	NA	NA
0.375	34.5	46	"NA/19/2020/9000/30_91_38091_1"	NA	NA
