"Age"	"Level"	"Iteration"	"AgeIndex"	"LevelIndex"	"Intercept"	"tau_Intercept"	"ar_Intercept"
1	"Q2"	1	1	1	-0.0471870228613618	NA	NA
1	"Q2"	2	1	1	-0.0406641741116951	NA	NA
1	"Q2"	3	1	1	-0.0403798638360984	NA	NA
1	"Q2"	4	1	1	-0.0430133552216402	NA	NA
1	"Q2"	5	1	1	-0.0301255633741601	NA	NA
1	"Q2"	6	1	1	-0.0582178180828721	NA	NA
1	"Q2"	7	1	1	-0.0371162403605551	NA	NA
1	"Q2"	8	1	1	-0.0525673478513738	NA	NA
1	"Q2"	9	1	1	-0.0283638612858033	NA	NA
1	"Q2"	10	1	1	-0.0368256573786507	NA	NA
1	"Q2"	11	1	1	-0.0432583861515374	NA	NA
1	"Q2"	12	1	1	-0.042225499146654	NA	NA
1	"Q2"	13	1	1	-0.0475403672536838	NA	NA
1	"Q2"	14	1	1	-0.0517542846093512	NA	NA
1	"Q2"	15	1	1	-0.0500595250559094	NA	NA
1	"Q2"	16	1	1	-0.039875781890165	NA	NA
1	"Q2"	17	1	1	-0.039861719694677	NA	NA
1	"Q2"	18	1	1	-0.0443126645707572	NA	NA
1	"Q2"	19	1	1	-0.0477063878021091	NA	NA
1	"Q2"	20	1	1	-0.0411213243628328	NA	NA
1	"Q2"	21	1	1	-0.0512779118166214	NA	NA
1	"Q2"	22	1	1	-0.0474806670948348	NA	NA
1	"Q2"	23	1	1	-0.050590585838808	NA	NA
1	"Q2"	24	1	1	-0.0494423380814863	NA	NA
1	"Q2"	25	1	1	-0.0302135806217021	NA	NA
1	"Q2"	26	1	1	-0.0411644595949947	NA	NA
1	"Q2"	27	1	1	-0.0361044283494293	NA	NA
1	"Q2"	28	1	1	-0.0516078462134774	NA	NA
1	"Q2"	29	1	1	-0.046144181681749	NA	NA
1	"Q2"	30	1	1	-0.0508449618365435	NA	NA
1	"Q2"	31	1	1	-0.0468508515308163	NA	NA
1	"Q2"	32	1	1	-0.0455858098773726	NA	NA
1	"Q2"	33	1	1	-0.0398663700987663	NA	NA
1	"Q2"	34	1	1	-0.0422770172707837	NA	NA
1	"Q2"	35	1	1	-0.0382455251519063	NA	NA
1	"Q2"	36	1	1	-0.042121337657158	NA	NA
1	"Q2"	37	1	1	-0.0478975241909037	NA	NA
1	"Q2"	38	1	1	-0.0434816465293434	NA	NA
1	"Q2"	39	1	1	-0.0439118755972138	NA	NA
1	"Q2"	40	1	1	-0.0646687385498116	NA	NA
1	"Q2"	41	1	1	-0.0412787952116167	NA	NA
1	"Q2"	42	1	1	-0.0422856194304532	NA	NA
1	"Q2"	43	1	1	-0.0359988216512449	NA	NA
1	"Q2"	44	1	1	-0.0464006694438736	NA	NA
1	"Q2"	45	1	1	-0.0343169905205529	NA	NA
1	"Q2"	46	1	1	-0.0415515959655934	NA	NA
1	"Q2"	47	1	1	-0.0470514647790728	NA	NA
1	"Q2"	48	1	1	-0.0591220312716885	NA	NA
1	"Q2"	49	1	1	-0.0356957007912996	NA	NA
1	"Q2"	50	1	1	-0.0427189732005006	NA	NA
1	"Q2"	51	1	1	-0.0491524357877395	NA	NA
1	"Q2"	52	1	1	-0.0400608370443182	NA	NA
1	"Q2"	53	1	1	-0.0402868564578602	NA	NA
1	"Q2"	54	1	1	-0.0667176280705452	NA	NA
1	"Q2"	55	1	1	-0.0397191919007933	NA	NA
1	"Q2"	56	1	1	-0.0479521266727697	NA	NA
1	"Q2"	57	1	1	-0.0415733924814051	NA	NA
1	"Q2"	58	1	1	-0.0475048758304763	NA	NA
1	"Q2"	59	1	1	-0.03851219857856	NA	NA
1	"Q2"	60	1	1	-0.0445851963399168	NA	NA
1	"Q2"	61	1	1	-0.0420928129177347	NA	NA
1	"Q2"	62	1	1	-0.0398967833061105	NA	NA
1	"Q2"	63	1	1	-0.0340936182615139	NA	NA
1	"Q2"	64	1	1	-0.0611696642909686	NA	NA
1	"Q2"	65	1	1	-0.0584686073275511	NA	NA
1	"Q2"	66	1	1	-0.0398724227272374	NA	NA
1	"Q2"	67	1	1	-0.0570217569186559	NA	NA
1	"Q2"	68	1	1	-0.0456877294981181	NA	NA
1	"Q2"	69	1	1	-0.0425180415985687	NA	NA
1	"Q2"	70	1	1	-0.0515905017509066	NA	NA
1	"Q2"	71	1	1	-0.0520561667973723	NA	NA
1	"Q2"	72	1	1	-0.0449292485953185	NA	NA
1	"Q2"	73	1	1	-0.0452879541843421	NA	NA
1	"Q2"	74	1	1	-0.0401053127086558	NA	NA
1	"Q2"	75	1	1	-0.0487116748736836	NA	NA
1	"Q2"	76	1	1	-0.0564063254517731	NA	NA
1	"Q2"	77	1	1	-0.0394394776892908	NA	NA
1	"Q2"	78	1	1	-0.0409249727112532	NA	NA
1	"Q2"	79	1	1	-0.0546540796402414	NA	NA
1	"Q2"	80	1	1	-0.0677980188990051	NA	NA
1	"Q2"	81	1	1	-0.0349164754664148	NA	NA
1	"Q2"	82	1	1	-0.0301910910819523	NA	NA
1	"Q2"	83	1	1	-0.0486919103728234	NA	NA
1	"Q2"	84	1	1	-0.046791223524332	NA	NA
1	"Q2"	85	1	1	-0.0444992999323958	NA	NA
1	"Q2"	86	1	1	-0.0489014253202195	NA	NA
1	"Q2"	87	1	1	-0.0314845114420773	NA	NA
1	"Q2"	88	1	1	-0.0426008409211413	NA	NA
1	"Q2"	89	1	1	-0.0407103780042435	NA	NA
1	"Q2"	90	1	1	-0.045500492675055	NA	NA
1	"Q2"	91	1	1	-0.0438426311913519	NA	NA
1	"Q2"	92	1	1	-0.0509134985275503	NA	NA
1	"Q2"	93	1	1	-0.0535007651248702	NA	NA
1	"Q2"	94	1	1	-0.0426871694666938	NA	NA
1	"Q2"	95	1	1	-0.0392690152281491	NA	NA
1	"Q2"	96	1	1	-0.0437682775000612	NA	NA
1	"Q2"	97	1	1	-0.0449281198277819	NA	NA
1	"Q2"	98	1	1	-0.0453826889147034	NA	NA
1	"Q2"	99	1	1	-0.0435531359872649	NA	NA
1	"Q2"	100	1	1	-0.0649752474989162	NA	NA
1	"Q2"	101	1	1	-0.0481322094008008	NA	NA
1	"Q2"	102	1	1	-0.0498469520851374	NA	NA
1	"Q2"	103	1	1	-0.0321989529557818	NA	NA
1	"Q2"	104	1	1	-0.0506335480786566	NA	NA
1	"Q2"	105	1	1	-0.0433025972741769	NA	NA
1	"Q2"	106	1	1	-0.0360955829131303	NA	NA
1	"Q2"	107	1	1	-0.0456674654299651	NA	NA
1	"Q2"	108	1	1	-0.0615492968329996	NA	NA
1	"Q2"	109	1	1	-0.0453524044650456	NA	NA
1	"Q2"	110	1	1	-0.0435855438549547	NA	NA
1	"Q2"	111	1	1	-0.0477375354827344	NA	NA
1	"Q2"	112	1	1	-0.051671595006557	NA	NA
1	"Q2"	113	1	1	-0.03184614481381	NA	NA
1	"Q2"	114	1	1	-0.0364235931850923	NA	NA
1	"Q2"	115	1	1	-0.037061511348937	NA	NA
1	"Q2"	116	1	1	-0.0423825936770771	NA	NA
1	"Q2"	117	1	1	-0.0464052405146336	NA	NA
1	"Q2"	118	1	1	-0.0511951286768258	NA	NA
1	"Q2"	119	1	1	-0.0413748348003457	NA	NA
1	"Q2"	120	1	1	-0.0456012990496977	NA	NA
1	"Q2"	121	1	1	-0.0444308201533951	NA	NA
1	"Q2"	122	1	1	-0.0459002951114423	NA	NA
1	"Q2"	123	1	1	-0.0526381631156492	NA	NA
1	"Q2"	124	1	1	-0.0533018896081115	NA	NA
1	"Q2"	125	1	1	-0.0482281240660784	NA	NA
1	"Q2"	126	1	1	-0.046617456947752	NA	NA
1	"Q2"	127	1	1	-0.0434142715420995	NA	NA
1	"Q2"	128	1	1	-0.0529994219144935	NA	NA
1	"Q2"	129	1	1	-0.0389207028084262	NA	NA
1	"Q2"	130	1	1	-0.0397938103761126	NA	NA
1	"Q2"	131	1	1	-0.0548145192446608	NA	NA
1	"Q2"	132	1	1	-0.0429889790684595	NA	NA
1	"Q2"	133	1	1	-0.03728195167574	NA	NA
1	"Q2"	134	1	1	-0.0532111694230709	NA	NA
1	"Q2"	135	1	1	-0.0416493177217459	NA	NA
1	"Q2"	136	1	1	-0.0314395804149632	NA	NA
1	"Q2"	137	1	1	-0.0297330249611782	NA	NA
1	"Q2"	138	1	1	-0.0432762227075524	NA	NA
1	"Q2"	139	1	1	-0.0388990647607185	NA	NA
1	"Q2"	140	1	1	-0.0399493257368957	NA	NA
1	"Q2"	141	1	1	-0.0481981491469916	NA	NA
1	"Q2"	142	1	1	-0.0485641717309295	NA	NA
1	"Q2"	143	1	1	-0.0577354533493418	NA	NA
1	"Q2"	144	1	1	-0.0496423930446228	NA	NA
1	"Q2"	145	1	1	-0.0540367464193931	NA	NA
1	"Q2"	146	1	1	-0.0521640868797881	NA	NA
1	"Q2"	147	1	1	-0.0625294747294661	NA	NA
1	"Q2"	148	1	1	-0.0416883765133876	NA	NA
1	"Q2"	149	1	1	-0.046832781260825	NA	NA
1	"Q2"	150	1	1	-0.026739854878754	NA	NA
1	"Q2"	151	1	1	-0.040293589021351	NA	NA
1	"Q2"	152	1	1	-0.0399755309014503	NA	NA
1	"Q2"	153	1	1	-0.0563139032120631	NA	NA
1	"Q2"	154	1	1	-0.0348787303149625	NA	NA
1	"Q2"	155	1	1	-0.0374073888919468	NA	NA
1	"Q2"	156	1	1	-0.025332777905709	NA	NA
1	"Q2"	157	1	1	-0.039039799574949	NA	NA
1	"Q2"	158	1	1	-0.0317942921682596	NA	NA
1	"Q2"	159	1	1	-0.0452771405640509	NA	NA
1	"Q2"	160	1	1	-0.0473679320127641	NA	NA
1	"Q2"	161	1	1	-0.0409415337040085	NA	NA
1	"Q2"	162	1	1	-0.0458036590740252	NA	NA
1	"Q2"	163	1	1	-0.0422115435402949	NA	NA
1	"Q2"	164	1	1	-0.0407612332655796	NA	NA
1	"Q2"	165	1	1	-0.0507940749982371	NA	NA
1	"Q2"	166	1	1	-0.0497619889580378	NA	NA
1	"Q2"	167	1	1	-0.0394745083167002	NA	NA
1	"Q2"	168	1	1	-0.0513316907675968	NA	NA
1	"Q2"	169	1	1	-0.0536200760112575	NA	NA
1	"Q2"	170	1	1	-0.0472110651415861	NA	NA
1	"Q2"	171	1	1	-0.0355442899890947	NA	NA
1	"Q2"	172	1	1	-0.0528999244130567	NA	NA
1	"Q2"	173	1	1	-0.0500031861871217	NA	NA
1	"Q2"	174	1	1	-0.0380581879560711	NA	NA
1	"Q2"	175	1	1	-0.042095254950544	NA	NA
1	"Q2"	176	1	1	-0.0571386374839382	NA	NA
1	"Q2"	177	1	1	-0.0478997626521661	NA	NA
1	"Q2"	178	1	1	-0.0466598429461839	NA	NA
1	"Q2"	179	1	1	-0.0409875615423718	NA	NA
1	"Q2"	180	1	1	-0.0543431439036066	NA	NA
1	"Q2"	181	1	1	-0.0392108042646791	NA	NA
1	"Q2"	182	1	1	-0.0373008110325963	NA	NA
1	"Q2"	183	1	1	-0.0348938071260713	NA	NA
1	"Q2"	184	1	1	-0.0387781429417837	NA	NA
1	"Q2"	185	1	1	-0.0468290687628752	NA	NA
1	"Q2"	186	1	1	-0.0464944293495449	NA	NA
1	"Q2"	187	1	1	-0.0476620969263242	NA	NA
1	"Q2"	188	1	1	-0.0491701340281913	NA	NA
1	"Q2"	189	1	1	-0.0562179915398652	NA	NA
1	"Q2"	190	1	1	-0.0516870362601242	NA	NA
1	"Q2"	191	1	1	-0.0411827569656083	NA	NA
1	"Q2"	192	1	1	-0.0470689675183988	NA	NA
1	"Q2"	193	1	1	-0.0389375160756031	NA	NA
1	"Q2"	194	1	1	-0.0603058680792018	NA	NA
1	"Q2"	195	1	1	-0.0548871151972815	NA	NA
1	"Q2"	196	1	1	-0.0285093756385032	NA	NA
1	"Q2"	197	1	1	-0.0436373913262157	NA	NA
1	"Q2"	198	1	1	-0.0429280969613393	NA	NA
1	"Q2"	199	1	1	-0.0280493598772644	NA	NA
1	"Q2"	200	1	1	-0.0436585780036599	NA	NA
1	"Q2"	201	1	1	-0.0379894175665326	NA	NA
1	"Q2"	202	1	1	-0.0508461651318321	NA	NA
1	"Q2"	203	1	1	-0.0345433839716328	NA	NA
1	"Q2"	204	1	1	-0.0454614969960156	NA	NA
1	"Q2"	205	1	1	-0.0476814164723175	NA	NA
1	"Q2"	206	1	1	-0.0509195882058345	NA	NA
1	"Q2"	207	1	1	-0.0500491585016021	NA	NA
1	"Q2"	208	1	1	-0.0510979512735172	NA	NA
1	"Q2"	209	1	1	-0.0418979868787629	NA	NA
1	"Q2"	210	1	1	-0.0491120736232925	NA	NA
1	"Q2"	211	1	1	-0.0363001804365427	NA	NA
1	"Q2"	212	1	1	-0.0350959388295051	NA	NA
1	"Q2"	213	1	1	-0.0553217141352633	NA	NA
1	"Q2"	214	1	1	-0.0532515233587958	NA	NA
1	"Q2"	215	1	1	-0.0362175298964197	NA	NA
1	"Q2"	216	1	1	-0.0412085473089929	NA	NA
1	"Q2"	217	1	1	-0.0528044437636826	NA	NA
1	"Q2"	218	1	1	-0.0453679088538648	NA	NA
1	"Q2"	219	1	1	-0.0542258785014614	NA	NA
1	"Q2"	220	1	1	-0.0320639960759026	NA	NA
1	"Q2"	221	1	1	-0.038597766280128	NA	NA
1	"Q2"	222	1	1	-0.050450468331406	NA	NA
1	"Q2"	223	1	1	-0.0513069834804148	NA	NA
1	"Q2"	224	1	1	-0.0459988982124288	NA	NA
1	"Q2"	225	1	1	-0.0456638191465446	NA	NA
1	"Q2"	226	1	1	-0.0522068569697929	NA	NA
1	"Q2"	227	1	1	-0.0478709078793339	NA	NA
1	"Q2"	228	1	1	-0.0397863703435041	NA	NA
1	"Q2"	229	1	1	-0.0399716539970835	NA	NA
1	"Q2"	230	1	1	-0.0591735899622167	NA	NA
1	"Q2"	231	1	1	-0.0518190687204657	NA	NA
1	"Q2"	232	1	1	-0.0522210137008341	NA	NA
1	"Q2"	233	1	1	-0.0418117040710186	NA	NA
1	"Q2"	234	1	1	-0.0372193289865971	NA	NA
1	"Q2"	235	1	1	-0.0319562883050866	NA	NA
1	"Q2"	236	1	1	-0.0531533893809727	NA	NA
1	"Q2"	237	1	1	-0.040435783927206	NA	NA
1	"Q2"	238	1	1	-0.0481696092702017	NA	NA
1	"Q2"	239	1	1	-0.0402732891748031	NA	NA
1	"Q2"	240	1	1	-0.0412910386931816	NA	NA
1	"Q2"	241	1	1	-0.0374484349377586	NA	NA
1	"Q2"	242	1	1	-0.0535121498841735	NA	NA
1	"Q2"	243	1	1	-0.0415377690732182	NA	NA
1	"Q2"	244	1	1	-0.0490595253006223	NA	NA
1	"Q2"	245	1	1	-0.0449739736997099	NA	NA
1	"Q2"	246	1	1	-0.0477542678923683	NA	NA
1	"Q2"	247	1	1	-0.0496499366979756	NA	NA
1	"Q2"	248	1	1	-0.0437400803593239	NA	NA
1	"Q2"	249	1	1	-0.0421316264835305	NA	NA
1	"Q2"	250	1	1	-0.049051321129146	NA	NA
1	"Q2"	251	1	1	-0.0447513898952503	NA	NA
1	"Q2"	252	1	1	-0.0379780368850597	NA	NA
1	"Q2"	253	1	1	-0.044975847871789	NA	NA
1	"Q2"	254	1	1	-0.0356522842488566	NA	NA
1	"Q2"	255	1	1	-0.0358656505461249	NA	NA
1	"Q2"	256	1	1	-0.0540880998709779	NA	NA
1	"Q2"	257	1	1	-0.0398101295349656	NA	NA
1	"Q2"	258	1	1	-0.0396748649401821	NA	NA
1	"Q2"	259	1	1	-0.0463955414940604	NA	NA
1	"Q2"	260	1	1	-0.0357180486586797	NA	NA
1	"Q2"	261	1	1	-0.042816341460946	NA	NA
1	"Q2"	262	1	1	-0.0336227603036125	NA	NA
1	"Q2"	263	1	1	-0.0405369914901026	NA	NA
1	"Q2"	264	1	1	-0.0345336983958216	NA	NA
1	"Q2"	265	1	1	-0.0445403400020893	NA	NA
1	"Q2"	266	1	1	-0.0369818328478679	NA	NA
1	"Q2"	267	1	1	-0.0482755684969539	NA	NA
1	"Q2"	268	1	1	-0.0447735492621691	NA	NA
1	"Q2"	269	1	1	-0.0543829268571234	NA	NA
1	"Q2"	270	1	1	-0.0341969169856378	NA	NA
1	"Q2"	271	1	1	-0.0441995304013694	NA	NA
1	"Q2"	272	1	1	-0.0615941277272194	NA	NA
1	"Q2"	273	1	1	-0.0504985400436867	NA	NA
1	"Q2"	274	1	1	-0.0480893151605488	NA	NA
1	"Q2"	275	1	1	-0.0481782014041452	NA	NA
1	"Q2"	276	1	1	-0.0481569650726197	NA	NA
1	"Q2"	277	1	1	-0.0463275218176603	NA	NA
1	"Q2"	278	1	1	-0.0482782192171619	NA	NA
1	"Q2"	279	1	1	-0.0416988142265136	NA	NA
1	"Q2"	280	1	1	-0.0383198534378838	NA	NA
1	"Q2"	281	1	1	-0.0455596793068001	NA	NA
1	"Q2"	282	1	1	-0.0441542118181772	NA	NA
1	"Q2"	283	1	1	-0.0508263004547559	NA	NA
1	"Q2"	284	1	1	-0.0443755003212506	NA	NA
1	"Q2"	285	1	1	-0.0466779639519525	NA	NA
1	"Q2"	286	1	1	-0.0373494355883282	NA	NA
1	"Q2"	287	1	1	-0.0460441905247326	NA	NA
1	"Q2"	288	1	1	-0.0424658924307852	NA	NA
1	"Q2"	289	1	1	-0.0328297700371118	NA	NA
1	"Q2"	290	1	1	-0.0298018097104481	NA	NA
1	"Q2"	291	1	1	-0.0444017033222037	NA	NA
1	"Q2"	292	1	1	-0.0571982804382916	NA	NA
1	"Q2"	293	1	1	-0.0412608182757711	NA	NA
1	"Q2"	294	1	1	-0.0453099533923091	NA	NA
1	"Q2"	295	1	1	-0.0298431458312528	NA	NA
1	"Q2"	296	1	1	-0.0366254392193663	NA	NA
1	"Q2"	297	1	1	-0.0469643880964375	NA	NA
1	"Q2"	298	1	1	-0.0364769181100199	NA	NA
1	"Q2"	299	1	1	-0.0415304639579197	NA	NA
1	"Q2"	300	1	1	-0.0410056939815159	NA	NA
1	"Q2"	301	1	1	-0.0474378547400981	NA	NA
1	"Q2"	302	1	1	-0.0424796191099636	NA	NA
1	"Q2"	303	1	1	-0.0394607375934539	NA	NA
1	"Q2"	304	1	1	-0.0362491659662787	NA	NA
1	"Q2"	305	1	1	-0.0503194561220252	NA	NA
1	"Q2"	306	1	1	-0.0366010764611516	NA	NA
1	"Q2"	307	1	1	-0.0541815574095658	NA	NA
1	"Q2"	308	1	1	-0.036944410591249	NA	NA
1	"Q2"	309	1	1	-0.0468948644041738	NA	NA
1	"Q2"	310	1	1	-0.0361021347576824	NA	NA
1	"Q2"	311	1	1	-0.0354871472716748	NA	NA
1	"Q2"	312	1	1	-0.0388224995019031	NA	NA
1	"Q2"	313	1	1	-0.0520511303123277	NA	NA
1	"Q2"	314	1	1	-0.0451506720105737	NA	NA
1	"Q2"	315	1	1	-0.0537308692897096	NA	NA
1	"Q2"	316	1	1	-0.0505926328750924	NA	NA
1	"Q2"	317	1	1	-0.03998679123972	NA	NA
1	"Q2"	318	1	1	-0.0473783205952923	NA	NA
1	"Q2"	319	1	1	-0.041176679547373	NA	NA
1	"Q2"	320	1	1	-0.0473584623073287	NA	NA
1	"Q2"	321	1	1	-0.0488868164570819	NA	NA
1	"Q2"	322	1	1	-0.0561244556121989	NA	NA
1	"Q2"	323	1	1	-0.0348991716062616	NA	NA
1	"Q2"	324	1	1	-0.0315880500395007	NA	NA
1	"Q2"	325	1	1	-0.0380243243994072	NA	NA
1	"Q2"	326	1	1	-0.0539901597028121	NA	NA
1	"Q2"	327	1	1	-0.0417667441564691	NA	NA
1	"Q2"	328	1	1	-0.0463517219576416	NA	NA
1	"Q2"	329	1	1	-0.0562905076308738	NA	NA
1	"Q2"	330	1	1	-0.0437073483707931	NA	NA
1	"Q2"	331	1	1	-0.0481672993102908	NA	NA
1	"Q2"	332	1	1	-0.054365596714778	NA	NA
1	"Q2"	333	1	1	-0.036830153364916	NA	NA
1	"Q2"	334	1	1	-0.0523819467504971	NA	NA
1	"Q2"	335	1	1	-0.0502983328683792	NA	NA
1	"Q2"	336	1	1	-0.0468174873175141	NA	NA
1	"Q2"	337	1	1	-0.0333341820481764	NA	NA
1	"Q2"	338	1	1	-0.0484604214858211	NA	NA
1	"Q2"	339	1	1	-0.0481278843149022	NA	NA
1	"Q2"	340	1	1	-0.0463518746207865	NA	NA
1	"Q2"	341	1	1	-0.0410002623685528	NA	NA
1	"Q2"	342	1	1	-0.0482937239376901	NA	NA
1	"Q2"	343	1	1	-0.0404621653242441	NA	NA
1	"Q2"	344	1	1	-0.0595557377605236	NA	NA
1	"Q2"	345	1	1	-0.0442059730948768	NA	NA
1	"Q2"	346	1	1	-0.0360452469703938	NA	NA
1	"Q2"	347	1	1	-0.0399225202583647	NA	NA
1	"Q2"	348	1	1	-0.0299550940648621	NA	NA
1	"Q2"	349	1	1	-0.0455669282051451	NA	NA
1	"Q2"	350	1	1	-0.041611839643583	NA	NA
1	"Q2"	351	1	1	-0.038929870408297	NA	NA
1	"Q2"	352	1	1	-0.0382544128911279	NA	NA
1	"Q2"	353	1	1	-0.0436070090983322	NA	NA
1	"Q2"	354	1	1	-0.0520664253234723	NA	NA
1	"Q2"	355	1	1	-0.0361401251542217	NA	NA
1	"Q2"	356	1	1	-0.0428736239644674	NA	NA
1	"Q2"	357	1	1	-0.0454420483359868	NA	NA
1	"Q2"	358	1	1	-0.0357485625532338	NA	NA
1	"Q2"	359	1	1	-0.0487420657484758	NA	NA
1	"Q2"	360	1	1	-0.0394246354945231	NA	NA
1	"Q2"	361	1	1	-0.0532673139409158	NA	NA
1	"Q2"	362	1	1	-0.0321285268423756	NA	NA
1	"Q2"	363	1	1	-0.0524013544323479	NA	NA
1	"Q2"	364	1	1	-0.0532570813514876	NA	NA
1	"Q2"	365	1	1	-0.0419043044905344	NA	NA
1	"Q2"	366	1	1	-0.0459177549156653	NA	NA
1	"Q2"	367	1	1	-0.0433490928051858	NA	NA
1	"Q2"	368	1	1	-0.0531269939885235	NA	NA
1	"Q2"	369	1	1	-0.0594182681875103	NA	NA
1	"Q2"	370	1	1	-0.0498793361200709	NA	NA
1	"Q2"	371	1	1	-0.0368991607820944	NA	NA
1	"Q2"	372	1	1	-0.038767369697923	NA	NA
1	"Q2"	373	1	1	-0.0443582752769319	NA	NA
1	"Q2"	374	1	1	-0.0442123246412759	NA	NA
1	"Q2"	375	1	1	-0.0506029814777266	NA	NA
1	"Q2"	376	1	1	-0.0349866638015642	NA	NA
1	"Q2"	377	1	1	-0.0320601715007123	NA	NA
1	"Q2"	378	1	1	-0.0344692211114598	NA	NA
1	"Q2"	379	1	1	-0.0442125410698415	NA	NA
1	"Q2"	380	1	1	-0.0459298152701725	NA	NA
1	"Q2"	381	1	1	-0.0419150214307843	NA	NA
1	"Q2"	382	1	1	-0.046621453755477	NA	NA
1	"Q2"	383	1	1	-0.0415526743373584	NA	NA
1	"Q2"	384	1	1	-0.0620557955695698	NA	NA
1	"Q2"	385	1	1	-0.058290828959683	NA	NA
1	"Q2"	386	1	1	-0.0495484510589773	NA	NA
1	"Q2"	387	1	1	-0.0389139297149646	NA	NA
1	"Q2"	388	1	1	-0.0545968612887532	NA	NA
1	"Q2"	389	1	1	-0.0445716517219982	NA	NA
1	"Q2"	390	1	1	-0.0359363783603524	NA	NA
1	"Q2"	391	1	1	-0.0457814810811314	NA	NA
1	"Q2"	392	1	1	-0.055746321649402	NA	NA
1	"Q2"	393	1	1	-0.0457655664280222	NA	NA
1	"Q2"	394	1	1	-0.0535574903275206	NA	NA
1	"Q2"	395	1	1	-0.0586431071136201	NA	NA
1	"Q2"	396	1	1	-0.0416789598402903	NA	NA
1	"Q2"	397	1	1	-0.030253316278833	NA	NA
1	"Q2"	398	1	1	-0.0436001228803773	NA	NA
1	"Q2"	399	1	1	-0.0329752202861294	NA	NA
1	"Q2"	400	1	1	-0.0449610378791845	NA	NA
1	"Q3"	1	1	2	0.0310630237917906	NA	NA
1	"Q3"	2	1	2	0.0138336406135099	NA	NA
1	"Q3"	3	1	2	0.012882337170883	NA	NA
1	"Q3"	4	1	2	0.020611111117257	NA	NA
1	"Q3"	5	1	2	0.0131063276731957	NA	NA
1	"Q3"	6	1	2	0.011684211766936	NA	NA
1	"Q3"	7	1	2	0.0266456053889164	NA	NA
1	"Q3"	8	1	2	0.0171731943426794	NA	NA
1	"Q3"	9	1	2	0.013317119382966	NA	NA
1	"Q3"	10	1	2	0.0139949878048971	NA	NA
1	"Q3"	11	1	2	0.0114940769341108	NA	NA
1	"Q3"	12	1	2	0.0202119833072802	NA	NA
1	"Q3"	13	1	2	0.0131287851979419	NA	NA
1	"Q3"	14	1	2	0.01033324395495	NA	NA
1	"Q3"	15	1	2	0.0183862401509138	NA	NA
1	"Q3"	16	1	2	0.0131686483486714	NA	NA
1	"Q3"	17	1	2	0.00332749959735146	NA	NA
1	"Q3"	18	1	2	0.012858021482554	NA	NA
1	"Q3"	19	1	2	0.0255292804414335	NA	NA
1	"Q3"	20	1	2	0.0277475484244733	NA	NA
1	"Q3"	21	1	2	0.0177481409766021	NA	NA
1	"Q3"	22	1	2	0.0161931698381463	NA	NA
1	"Q3"	23	1	2	0.0244859413607532	NA	NA
1	"Q3"	24	1	2	0.012164221528578	NA	NA
1	"Q3"	25	1	2	0.00364945756774709	NA	NA
1	"Q3"	26	1	2	0.0243252365343446	NA	NA
1	"Q3"	27	1	2	0.0233583711161212	NA	NA
1	"Q3"	28	1	2	0.025994537590648	NA	NA
1	"Q3"	29	1	2	0.019322345131342	NA	NA
1	"Q3"	30	1	2	0.0143413832693583	NA	NA
1	"Q3"	31	1	2	0.0264393903308269	NA	NA
1	"Q3"	32	1	2	0.0163104911732817	NA	NA
1	"Q3"	33	1	2	0.0173916270804504	NA	NA
1	"Q3"	34	1	2	0.023743723821057	NA	NA
1	"Q3"	35	1	2	0.0193229021230334	NA	NA
1	"Q3"	36	1	2	0.0147298164314471	NA	NA
1	"Q3"	37	1	2	0.0191564007920128	NA	NA
1	"Q3"	38	1	2	0.024884084624508	NA	NA
1	"Q3"	39	1	2	0.00975587293878931	NA	NA
1	"Q3"	40	1	2	0.0282244192715191	NA	NA
1	"Q3"	41	1	2	0.0160184216396479	NA	NA
1	"Q3"	42	1	2	0.0251877078676832	NA	NA
1	"Q3"	43	1	2	0.0191232924177538	NA	NA
1	"Q3"	44	1	2	0.0146249662451269	NA	NA
1	"Q3"	45	1	2	0.0167956647818841	NA	NA
1	"Q3"	46	1	2	0.0180626083058496	NA	NA
1	"Q3"	47	1	2	0.0233478410644406	NA	NA
1	"Q3"	48	1	2	0.0215045216440627	NA	NA
1	"Q3"	49	1	2	0.022894447344839	NA	NA
1	"Q3"	50	1	2	0.0205082367218647	NA	NA
1	"Q3"	51	1	2	0.0177662245754859	NA	NA
1	"Q3"	52	1	2	0.0201477837554513	NA	NA
1	"Q3"	53	1	2	0.024026754551334	NA	NA
1	"Q3"	54	1	2	0.0214291125404326	NA	NA
1	"Q3"	55	1	2	0.0183125985344884	NA	NA
1	"Q3"	56	1	2	0.0191972804482891	NA	NA
1	"Q3"	57	1	2	0.0227636363529258	NA	NA
1	"Q3"	58	1	2	0.0293981719167316	NA	NA
1	"Q3"	59	1	2	0.0156073010255874	NA	NA
1	"Q3"	60	1	2	0.0349415237135223	NA	NA
1	"Q3"	61	1	2	0.0219547992950748	NA	NA
1	"Q3"	62	1	2	0.0199522500948547	NA	NA
1	"Q3"	63	1	2	0.0154546025616334	NA	NA
1	"Q3"	64	1	2	0.00926352355065013	NA	NA
1	"Q3"	65	1	2	0.019250444983283	NA	NA
1	"Q3"	66	1	2	0.0165935623162584	NA	NA
1	"Q3"	67	1	2	0.0172734061084894	NA	NA
1	"Q3"	68	1	2	0.0203481096283834	NA	NA
1	"Q3"	69	1	2	0.0109528314791394	NA	NA
1	"Q3"	70	1	2	0.00944223855728708	NA	NA
1	"Q3"	71	1	2	0.0162594336248694	NA	NA
1	"Q3"	72	1	2	0.00925213961643739	NA	NA
1	"Q3"	73	1	2	0.0204494671245085	NA	NA
1	"Q3"	74	1	2	0.0269294391010077	NA	NA
1	"Q3"	75	1	2	0.00690083627791202	NA	NA
1	"Q3"	76	1	2	0.0151112841649402	NA	NA
1	"Q3"	77	1	2	0.0203896659655561	NA	NA
1	"Q3"	78	1	2	0.0211541319029946	NA	NA
1	"Q3"	79	1	2	0.0166720700545124	NA	NA
1	"Q3"	80	1	2	0.0231920790662219	NA	NA
1	"Q3"	81	1	2	0.014644556115868	NA	NA
1	"Q3"	82	1	2	0.0154234544246689	NA	NA
1	"Q3"	83	1	2	0.0187451823573194	NA	NA
1	"Q3"	84	1	2	0.0221372431591565	NA	NA
1	"Q3"	85	1	2	0.0231707269532906	NA	NA
1	"Q3"	86	1	2	0.0279724615319525	NA	NA
1	"Q3"	87	1	2	0.018796067906328	NA	NA
1	"Q3"	88	1	2	0.014540214727616	NA	NA
1	"Q3"	89	1	2	0.0186994792528884	NA	NA
1	"Q3"	90	1	2	0.0134651249128652	NA	NA
1	"Q3"	91	1	2	0.0196722028174222	NA	NA
1	"Q3"	92	1	2	0.0337693154159447	NA	NA
1	"Q3"	93	1	2	0.0264514017933921	NA	NA
1	"Q3"	94	1	2	0.0187362417396276	NA	NA
1	"Q3"	95	1	2	0.0257664863737793	NA	NA
1	"Q3"	96	1	2	0.0218160915483027	NA	NA
1	"Q3"	97	1	2	0.0208180383360823	NA	NA
1	"Q3"	98	1	2	0.0166850945762159	NA	NA
1	"Q3"	99	1	2	0.0182213880616859	NA	NA
1	"Q3"	100	1	2	0.0242468542275898	NA	NA
1	"Q3"	101	1	2	0.0220095243134053	NA	NA
1	"Q3"	102	1	2	0.0252984172247292	NA	NA
1	"Q3"	103	1	2	0.0129919601144943	NA	NA
1	"Q3"	104	1	2	0.00969658569581336	NA	NA
1	"Q3"	105	1	2	0.0182232160449479	NA	NA
1	"Q3"	106	1	2	0.0144651762071411	NA	NA
1	"Q3"	107	1	2	0.0137326118148927	NA	NA
1	"Q3"	108	1	2	0.0293958333242608	NA	NA
1	"Q3"	109	1	2	0.0130433568467905	NA	NA
1	"Q3"	110	1	2	0.0251339153512456	NA	NA
1	"Q3"	111	1	2	0.0173455482540761	NA	NA
1	"Q3"	112	1	2	0.0225109727480357	NA	NA
1	"Q3"	113	1	2	0.0241077448480071	NA	NA
1	"Q3"	114	1	2	0.0267435828138914	NA	NA
1	"Q3"	115	1	2	0.0135983292466701	NA	NA
1	"Q3"	116	1	2	0.00458713036717783	NA	NA
1	"Q3"	117	1	2	0.012418662636154	NA	NA
1	"Q3"	118	1	2	0.012530984351871	NA	NA
1	"Q3"	119	1	2	0.029748041322387	NA	NA
1	"Q3"	120	1	2	0.022227271532653	NA	NA
1	"Q3"	121	1	2	0.0288247350345277	NA	NA
1	"Q3"	122	1	2	0.00877274587363619	NA	NA
1	"Q3"	123	1	2	0.0184298542879349	NA	NA
1	"Q3"	124	1	2	0.026123696177481	NA	NA
1	"Q3"	125	1	2	0.0237655884577781	NA	NA
1	"Q3"	126	1	2	0.0151500714976828	NA	NA
1	"Q3"	127	1	2	0.0157519859935222	NA	NA
1	"Q3"	128	1	2	0.0149939428421116	NA	NA
1	"Q3"	129	1	2	0.031645056696778	NA	NA
1	"Q3"	130	1	2	0.0239962826484307	NA	NA
1	"Q3"	131	1	2	0.0205986236158678	NA	NA
1	"Q3"	132	1	2	0.010739610273973	NA	NA
1	"Q3"	133	1	2	0.0144908871903406	NA	NA
1	"Q3"	134	1	2	0.0181827726838985	NA	NA
1	"Q3"	135	1	2	0.021880016372444	NA	NA
1	"Q3"	136	1	2	0.00568063013231855	NA	NA
1	"Q3"	137	1	2	0.029263740207718	NA	NA
1	"Q3"	138	1	2	0.0237155006486916	NA	NA
1	"Q3"	139	1	2	0.0282430046419717	NA	NA
1	"Q3"	140	1	2	0.0133281363039033	NA	NA
1	"Q3"	141	1	2	0.0141650717300646	NA	NA
1	"Q3"	142	1	2	0.0210608796106177	NA	NA
1	"Q3"	143	1	2	0.0193098158675671	NA	NA
1	"Q3"	144	1	2	0.0178582207637508	NA	NA
1	"Q3"	145	1	2	0.0178200414557388	NA	NA
1	"Q3"	146	1	2	0.0264278896711306	NA	NA
1	"Q3"	147	1	2	0.010531929321838	NA	NA
1	"Q3"	148	1	2	0.017540245993828	NA	NA
1	"Q3"	149	1	2	0.0187824772720986	NA	NA
1	"Q3"	150	1	2	0.0195438217347704	NA	NA
1	"Q3"	151	1	2	0.0248562576818057	NA	NA
1	"Q3"	152	1	2	0.0183566331570544	NA	NA
1	"Q3"	153	1	2	0.0243347594896818	NA	NA
1	"Q3"	154	1	2	0.0105772733117208	NA	NA
1	"Q3"	155	1	2	0.0271457171763025	NA	NA
1	"Q3"	156	1	2	0.00504910870675995	NA	NA
1	"Q3"	157	1	2	0.0230066933079229	NA	NA
1	"Q3"	158	1	2	0.019627911590003	NA	NA
1	"Q3"	159	1	2	0.0210533719269219	NA	NA
1	"Q3"	160	1	2	0.0182789726422921	NA	NA
1	"Q3"	161	1	2	0.00880848400141638	NA	NA
1	"Q3"	162	1	2	0.00939344035246979	NA	NA
1	"Q3"	163	1	2	0.030053285115261	NA	NA
1	"Q3"	164	1	2	0.0144331635458069	NA	NA
1	"Q3"	165	1	2	0.0202279048804987	NA	NA
1	"Q3"	166	1	2	0.0149903513949682	NA	NA
1	"Q3"	167	1	2	0.0173870543826346	NA	NA
1	"Q3"	168	1	2	0.0109133003860185	NA	NA
1	"Q3"	169	1	2	0.0204041086724378	NA	NA
1	"Q3"	170	1	2	0.0114703478645545	NA	NA
1	"Q3"	171	1	2	0.0176443917032645	NA	NA
1	"Q3"	172	1	2	0.0123601036920396	NA	NA
1	"Q3"	173	1	2	0.0264620859552264	NA	NA
1	"Q3"	174	1	2	0.0179337708972771	NA	NA
1	"Q3"	175	1	2	0.00885435807224648	NA	NA
1	"Q3"	176	1	2	0.018989495784857	NA	NA
1	"Q3"	177	1	2	0.0143623634313088	NA	NA
1	"Q3"	178	1	2	0.00995205227232254	NA	NA
1	"Q3"	179	1	2	0.0205544015256772	NA	NA
1	"Q3"	180	1	2	0.0173610028235482	NA	NA
1	"Q3"	181	1	2	0.028494350262065	NA	NA
1	"Q3"	182	1	2	0.0246909223641987	NA	NA
1	"Q3"	183	1	2	0.0208314563946936	NA	NA
1	"Q3"	184	1	2	0.0324549883121915	NA	NA
1	"Q3"	185	1	2	0.0132398726748171	NA	NA
1	"Q3"	186	1	2	0.014108029185947	NA	NA
1	"Q3"	187	1	2	0.0193540892991978	NA	NA
1	"Q3"	188	1	2	0.025625606642223	NA	NA
1	"Q3"	189	1	2	0.0135211045741019	NA	NA
1	"Q3"	190	1	2	0.0156143187195281	NA	NA
1	"Q3"	191	1	2	0.0238379967261576	NA	NA
1	"Q3"	192	1	2	0.0150768885400112	NA	NA
1	"Q3"	193	1	2	0.024664629000833	NA	NA
1	"Q3"	194	1	2	0.0135375722897576	NA	NA
1	"Q3"	195	1	2	0.0141342785290248	NA	NA
1	"Q3"	196	1	2	0.0257387071622752	NA	NA
1	"Q3"	197	1	2	0.0160914848195199	NA	NA
1	"Q3"	198	1	2	0.0147809909961637	NA	NA
1	"Q3"	199	1	2	0.0124835464555238	NA	NA
1	"Q3"	200	1	2	0.0258507668587788	NA	NA
1	"Q3"	201	1	2	0.014713120102467	NA	NA
1	"Q3"	202	1	2	0.0194151892398775	NA	NA
1	"Q3"	203	1	2	0.0154111565055091	NA	NA
1	"Q3"	204	1	2	0.0270515625239665	NA	NA
1	"Q3"	205	1	2	0.00229985674652363	NA	NA
1	"Q3"	206	1	2	0.0162639857758071	NA	NA
1	"Q3"	207	1	2	0.0302028842479056	NA	NA
1	"Q3"	208	1	2	0.0231528315496716	NA	NA
1	"Q3"	209	1	2	0.0232142976877642	NA	NA
1	"Q3"	210	1	2	0.0149714741831561	NA	NA
1	"Q3"	211	1	2	0.0230086370043024	NA	NA
1	"Q3"	212	1	2	0.0235626766107686	NA	NA
1	"Q3"	213	1	2	0.0252381326705844	NA	NA
1	"Q3"	214	1	2	0.0203744679389758	NA	NA
1	"Q3"	215	1	2	0.0253075354803648	NA	NA
1	"Q3"	216	1	2	0.00843544057040675	NA	NA
1	"Q3"	217	1	2	0.0138952184650399	NA	NA
1	"Q3"	218	1	2	0.0225533176320111	NA	NA
1	"Q3"	219	1	2	0.0317918578830184	NA	NA
1	"Q3"	220	1	2	0.0052952689766379	NA	NA
1	"Q3"	221	1	2	0.0214731763628522	NA	NA
1	"Q3"	222	1	2	0.0225133499766673	NA	NA
1	"Q3"	223	1	2	0.0188584167432313	NA	NA
1	"Q3"	224	1	2	0.0146015197965939	NA	NA
1	"Q3"	225	1	2	0.0187543916298983	NA	NA
1	"Q3"	226	1	2	0.0232377276518485	NA	NA
1	"Q3"	227	1	2	0.0155852939583463	NA	NA
1	"Q3"	228	1	2	0.0190808230966538	NA	NA
1	"Q3"	229	1	2	0.022918369194677	NA	NA
1	"Q3"	230	1	2	0.0291103350709646	NA	NA
1	"Q3"	231	1	2	0.0135273418328573	NA	NA
1	"Q3"	232	1	2	0.00689890607641158	NA	NA
1	"Q3"	233	1	2	0.0170973202048028	NA	NA
1	"Q3"	234	1	2	0.0123013102924076	NA	NA
1	"Q3"	235	1	2	0.0179103410832134	NA	NA
1	"Q3"	236	1	2	0.002151689587391	NA	NA
1	"Q3"	237	1	2	0.0205578606386559	NA	NA
1	"Q3"	238	1	2	0.0154615679813965	NA	NA
1	"Q3"	239	1	2	0.0216828302957326	NA	NA
1	"Q3"	240	1	2	0.0272610095431874	NA	NA
1	"Q3"	241	1	2	0.0194001087797096	NA	NA
1	"Q3"	242	1	2	0.0274590858355289	NA	NA
1	"Q3"	243	1	2	0.0161722794045122	NA	NA
1	"Q3"	244	1	2	0.0282800849327333	NA	NA
1	"Q3"	245	1	2	0.0190970447088799	NA	NA
1	"Q3"	246	1	2	0.0203351733452563	NA	NA
1	"Q3"	247	1	2	0.0108335853362354	NA	NA
1	"Q3"	248	1	2	0.0290177681440791	NA	NA
1	"Q3"	249	1	2	0.02370368260321	NA	NA
1	"Q3"	250	1	2	0.0103264475784264	NA	NA
1	"Q3"	251	1	2	0.0257432769897477	NA	NA
1	"Q3"	252	1	2	0.0144287630006021	NA	NA
1	"Q3"	253	1	2	0.0165496308667063	NA	NA
1	"Q3"	254	1	2	0.0128188249769625	NA	NA
1	"Q3"	255	1	2	0.0225049853393707	NA	NA
1	"Q3"	256	1	2	0.0145364937300068	NA	NA
1	"Q3"	257	1	2	0.0251461877800149	NA	NA
1	"Q3"	258	1	2	0.0209204664415016	NA	NA
1	"Q3"	259	1	2	0.0185051645875533	NA	NA
1	"Q3"	260	1	2	0.0183231069621443	NA	NA
1	"Q3"	261	1	2	0.0215080700311781	NA	NA
1	"Q3"	262	1	2	0.0118237863205839	NA	NA
1	"Q3"	263	1	2	0.0113907139916622	NA	NA
1	"Q3"	264	1	2	0.016305568230983	NA	NA
1	"Q3"	265	1	2	0.0133920856295359	NA	NA
1	"Q3"	266	1	2	0.0258155778682864	NA	NA
1	"Q3"	267	1	2	0.0164693022352651	NA	NA
1	"Q3"	268	1	2	0.0140940772734448	NA	NA
1	"Q3"	269	1	2	0.013649642374665	NA	NA
1	"Q3"	270	1	2	0.00877561184788369	NA	NA
1	"Q3"	271	1	2	0.0157204499677736	NA	NA
1	"Q3"	272	1	2	0.010776075094456	NA	NA
1	"Q3"	273	1	2	0.0202079334819662	NA	NA
1	"Q3"	274	1	2	0.0257839368863969	NA	NA
1	"Q3"	275	1	2	0.0285718260372839	NA	NA
1	"Q3"	276	1	2	0.0194463666231318	NA	NA
1	"Q3"	277	1	2	0.0141695936276542	NA	NA
1	"Q3"	278	1	2	0.0170519403496965	NA	NA
1	"Q3"	279	1	2	0.0194566947319248	NA	NA
1	"Q3"	280	1	2	0.0174740014183579	NA	NA
1	"Q3"	281	1	2	0.015735262038318	NA	NA
1	"Q3"	282	1	2	0.0290756287194425	NA	NA
1	"Q3"	283	1	2	0.0203030087432971	NA	NA
1	"Q3"	284	1	2	0.0128424460828795	NA	NA
1	"Q3"	285	1	2	0.0226959153049117	NA	NA
1	"Q3"	286	1	2	0.00814097181538118	NA	NA
1	"Q3"	287	1	2	0.00971681512697265	NA	NA
1	"Q3"	288	1	2	0.0273064672863349	NA	NA
1	"Q3"	289	1	2	0.0368752436743019	NA	NA
1	"Q3"	290	1	2	0.0179037395143251	NA	NA
1	"Q3"	291	1	2	0.0220144445123594	NA	NA
1	"Q3"	292	1	2	0.0114002920226559	NA	NA
1	"Q3"	293	1	2	0.0274228874283374	NA	NA
1	"Q3"	294	1	2	0.0214677022981482	NA	NA
1	"Q3"	295	1	2	0.02008412007635	NA	NA
1	"Q3"	296	1	2	0.0185058739428441	NA	NA
1	"Q3"	297	1	2	0.0279497443675838	NA	NA
1	"Q3"	298	1	2	0.0136054284874569	NA	NA
1	"Q3"	299	1	2	0.0341433737866454	NA	NA
1	"Q3"	300	1	2	0.0292362391767855	NA	NA
1	"Q3"	301	1	2	0.0332392234291916	NA	NA
1	"Q3"	302	1	2	0.0138099920962751	NA	NA
1	"Q3"	303	1	2	0.0214920947118271	NA	NA
1	"Q3"	304	1	2	0.0196418625288954	NA	NA
1	"Q3"	305	1	2	0.00713741533439651	NA	NA
1	"Q3"	306	1	2	0.0125891553134847	NA	NA
1	"Q3"	307	1	2	0.0186495492540635	NA	NA
1	"Q3"	308	1	2	0.0135311774540459	NA	NA
1	"Q3"	309	1	2	0.0216606984189306	NA	NA
1	"Q3"	310	1	2	0.0201620075029422	NA	NA
1	"Q3"	311	1	2	0.0377280495562665	NA	NA
1	"Q3"	312	1	2	0.0210370158009623	NA	NA
1	"Q3"	313	1	2	0.0228854897019246	NA	NA
1	"Q3"	314	1	2	0.0107825614740935	NA	NA
1	"Q3"	315	1	2	0.0302854939799977	NA	NA
1	"Q3"	316	1	2	0.0173379643061316	NA	NA
1	"Q3"	317	1	2	0.00935560733817725	NA	NA
1	"Q3"	318	1	2	0.0201890294210499	NA	NA
1	"Q3"	319	1	2	0.0248422204163094	NA	NA
1	"Q3"	320	1	2	0.0220399419108014	NA	NA
1	"Q3"	321	1	2	0.0256395495058526	NA	NA
1	"Q3"	322	1	2	0.0220161907837726	NA	NA
1	"Q3"	323	1	2	0.00834681832341915	NA	NA
1	"Q3"	324	1	2	0.00936825896547671	NA	NA
1	"Q3"	325	1	2	0.0252911149078038	NA	NA
1	"Q3"	326	1	2	0.0362670242938521	NA	NA
1	"Q3"	327	1	2	0.0144960915612095	NA	NA
1	"Q3"	328	1	2	0.0312397044207184	NA	NA
1	"Q3"	329	1	2	0.0190653095883831	NA	NA
1	"Q3"	330	1	2	0.0223192340948156	NA	NA
1	"Q3"	331	1	2	0.0275107253347407	NA	NA
1	"Q3"	332	1	2	0.0179896397241594	NA	NA
1	"Q3"	333	1	2	0.00161881081779965	NA	NA
1	"Q3"	334	1	2	0.0317482929165694	NA	NA
1	"Q3"	335	1	2	0.0196809560803871	NA	NA
1	"Q3"	336	1	2	0.0153391870199056	NA	NA
1	"Q3"	337	1	2	0.0258546446201844	NA	NA
1	"Q3"	338	1	2	0.0126401133324783	NA	NA
1	"Q3"	339	1	2	0.0262354954002048	NA	NA
1	"Q3"	340	1	2	0.0174357986948775	NA	NA
1	"Q3"	341	1	2	0.014137136963347	NA	NA
1	"Q3"	342	1	2	0.0193937035587456	NA	NA
1	"Q3"	343	1	2	0.0268845407063143	NA	NA
1	"Q3"	344	1	2	0.0149275979014692	NA	NA
1	"Q3"	345	1	2	0.0208315318247209	NA	NA
1	"Q3"	346	1	2	0.00262083951504613	NA	NA
1	"Q3"	347	1	2	0.0188651988469066	NA	NA
1	"Q3"	348	1	2	0.0149852277973706	NA	NA
1	"Q3"	349	1	2	0.0126367712301004	NA	NA
1	"Q3"	350	1	2	0.00846371499800368	NA	NA
1	"Q3"	351	1	2	0.0197277128801695	NA	NA
1	"Q3"	352	1	2	0.0217601169430246	NA	NA
1	"Q3"	353	1	2	0.0235188330847795	NA	NA
1	"Q3"	354	1	2	0.0229388482097928	NA	NA
1	"Q3"	355	1	2	0.0181570914837448	NA	NA
1	"Q3"	356	1	2	0.014897247477748	NA	NA
1	"Q3"	357	1	2	0.0181006162037764	NA	NA
1	"Q3"	358	1	2	0.018057295311214	NA	NA
1	"Q3"	359	1	2	0.0272951874999327	NA	NA
1	"Q3"	360	1	2	0.0147410619101821	NA	NA
1	"Q3"	361	1	2	0.0178770522310031	NA	NA
1	"Q3"	362	1	2	0.0188220091198804	NA	NA
1	"Q3"	363	1	2	0.0144978477898042	NA	NA
1	"Q3"	364	1	2	0.0191292040651347	NA	NA
1	"Q3"	365	1	2	0.0272481672607785	NA	NA
1	"Q3"	366	1	2	0.0106396939623941	NA	NA
1	"Q3"	367	1	2	0.0183035471325231	NA	NA
1	"Q3"	368	1	2	0.0187956048319133	NA	NA
1	"Q3"	369	1	2	0.00250972250531964	NA	NA
1	"Q3"	370	1	2	0.0104426150912929	NA	NA
1	"Q3"	371	1	2	0.0259281927133755	NA	NA
1	"Q3"	372	1	2	0.0218741002329319	NA	NA
1	"Q3"	373	1	2	0.0178948495578318	NA	NA
1	"Q3"	374	1	2	0.0240211220998906	NA	NA
1	"Q3"	375	1	2	0.0227339480308921	NA	NA
1	"Q3"	376	1	2	0.025947805422109	NA	NA
1	"Q3"	377	1	2	0.0231040083874081	NA	NA
1	"Q3"	378	1	2	0.0161701815334478	NA	NA
1	"Q3"	379	1	2	0.0145989406189235	NA	NA
1	"Q3"	380	1	2	0.010012246383	NA	NA
1	"Q3"	381	1	2	0.0218635937120788	NA	NA
1	"Q3"	382	1	2	0.0225059549657543	NA	NA
1	"Q3"	383	1	2	0.0228014475239141	NA	NA
1	"Q3"	384	1	2	0.0307285658208957	NA	NA
1	"Q3"	385	1	2	0.0173040905178475	NA	NA
1	"Q3"	386	1	2	0.02688148266554	NA	NA
1	"Q3"	387	1	2	0.0194000206569719	NA	NA
1	"Q3"	388	1	2	0.0115053538326182	NA	NA
1	"Q3"	389	1	2	0.0167072863766299	NA	NA
1	"Q3"	390	1	2	0.02289922014566	NA	NA
1	"Q3"	391	1	2	0.0266401128781179	NA	NA
1	"Q3"	392	1	2	0.00783437226853586	NA	NA
1	"Q3"	393	1	2	0.0232377239835331	NA	NA
1	"Q3"	394	1	2	0.0265142740244422	NA	NA
1	"Q3"	395	1	2	0.0144658907189713	NA	NA
1	"Q3"	396	1	2	0.0166149806545725	NA	NA
1	"Q3"	397	1	2	0.0240519846067454	NA	NA
1	"Q3"	398	1	2	0.014384832593394	NA	NA
1	"Q3"	399	1	2	0.0187720913138405	NA	NA
1	"Q3"	400	1	2	0.0181782630618683	NA	NA
1	"Q4"	1	1	3	0.0161239990695732	NA	NA
1	"Q4"	2	1	3	0.0268305334981825	NA	NA
1	"Q4"	3	1	3	0.0274975266652318	NA	NA
1	"Q4"	4	1	3	0.0224022441043799	NA	NA
1	"Q4"	5	1	3	0.0170192357009772	NA	NA
1	"Q4"	6	1	3	0.0465336063159149	NA	NA
1	"Q4"	7	1	3	0.0104706349716297	NA	NA
1	"Q4"	8	1	3	0.0353941535087083	NA	NA
1	"Q4"	9	1	3	0.0150467419028295	NA	NA
1	"Q4"	10	1	3	0.0228306695737519	NA	NA
1	"Q4"	11	1	3	0.0317643092174429	NA	NA
1	"Q4"	12	1	3	0.0220135158393912	NA	NA
1	"Q4"	13	1	3	0.0344115820557506	NA	NA
1	"Q4"	14	1	3	0.0414210406543985	NA	NA
1	"Q4"	15	1	3	0.0316732849049987	NA	NA
1	"Q4"	16	1	3	0.0267071335414959	NA	NA
1	"Q4"	17	1	3	0.0365342200973391	NA	NA
1	"Q4"	18	1	3	0.0314546430882093	NA	NA
1	"Q4"	19	1	3	0.0221771073606855	NA	NA
1	"Q4"	20	1	3	0.0133737759383457	NA	NA
1	"Q4"	21	1	3	0.0335297708400265	NA	NA
1	"Q4"	22	1	3	0.0312874972567016	NA	NA
1	"Q4"	23	1	3	0.0261046444780619	NA	NA
1	"Q4"	24	1	3	0.0372781165529029	NA	NA
1	"Q4"	25	1	3	0.0265641230539495	NA	NA
1	"Q4"	26	1	3	0.0168392230606377	NA	NA
1	"Q4"	27	1	3	0.0127460572333123	NA	NA
1	"Q4"	28	1	3	0.0256133086228168	NA	NA
1	"Q4"	29	1	3	0.0268218365504263	NA	NA
1	"Q4"	30	1	3	0.0365035785671893	NA	NA
1	"Q4"	31	1	3	0.0204114611999739	NA	NA
1	"Q4"	32	1	3	0.0292753187040936	NA	NA
1	"Q4"	33	1	3	0.0224747430183126	NA	NA
1	"Q4"	34	1	3	0.0185332934497194	NA	NA
1	"Q4"	35	1	3	0.0189226230288696	NA	NA
1	"Q4"	36	1	3	0.0273915212257205	NA	NA
1	"Q4"	37	1	3	0.0287411233988963	NA	NA
1	"Q4"	38	1	3	0.0185975619048286	NA	NA
1	"Q4"	39	1	3	0.034156002658419	NA	NA
1	"Q4"	40	1	3	0.0364443192782881	NA	NA
1	"Q4"	41	1	3	0.0252603735719593	NA	NA
1	"Q4"	42	1	3	0.017097911562773	NA	NA
1	"Q4"	43	1	3	0.0168755292335056	NA	NA
1	"Q4"	44	1	3	0.0317757031987558	NA	NA
1	"Q4"	45	1	3	0.0175213257386674	NA	NA
1	"Q4"	46	1	3	0.0234889876597381	NA	NA
1	"Q4"	47	1	3	0.0237036237146367	NA	NA
1	"Q4"	48	1	3	0.0376175096276319	NA	NA
1	"Q4"	49	1	3	0.0128012534464424	NA	NA
1	"Q4"	50	1	3	0.0222107364786302	NA	NA
1	"Q4"	51	1	3	0.0313862112122591	NA	NA
1	"Q4"	52	1	3	0.019913053288873	NA	NA
1	"Q4"	53	1	3	0.0162601019065303	NA	NA
1	"Q4"	54	1	3	0.0452885155301018	NA	NA
1	"Q4"	55	1	3	0.0214065933663056	NA	NA
1	"Q4"	56	1	3	0.0287548462244874	NA	NA
1	"Q4"	57	1	3	0.0188097561284798	NA	NA
1	"Q4"	58	1	3	0.0181067039137582	NA	NA
1	"Q4"	59	1	3	0.0229048975529615	NA	NA
1	"Q4"	60	1	3	0.00964367262638527	NA	NA
1	"Q4"	61	1	3	0.0201380136226795	NA	NA
1	"Q4"	62	1	3	0.0199445332112448	NA	NA
1	"Q4"	63	1	3	0.0186390156998882	NA	NA
1	"Q4"	64	1	3	0.0519061407403081	NA	NA
1	"Q4"	65	1	3	0.0392181623442654	NA	NA
1	"Q4"	66	1	3	0.0232788604109964	NA	NA
1	"Q4"	67	1	3	0.0397483508101853	NA	NA
1	"Q4"	68	1	3	0.0253396198697321	NA	NA
1	"Q4"	69	1	3	0.0315652101194248	NA	NA
1	"Q4"	70	1	3	0.0421482631936175	NA	NA
1	"Q4"	71	1	3	0.0357967331725013	NA	NA
1	"Q4"	72	1	3	0.0356771089788821	NA	NA
1	"Q4"	73	1	3	0.0248384870598508	NA	NA
1	"Q4"	74	1	3	0.013175873607659	NA	NA
1	"Q4"	75	1	3	0.0418108385957617	NA	NA
1	"Q4"	76	1	3	0.04129504128682	NA	NA
1	"Q4"	77	1	3	0.0190498117237325	NA	NA
1	"Q4"	78	1	3	0.0197708408082604	NA	NA
1	"Q4"	79	1	3	0.0379820095857283	NA	NA
1	"Q4"	80	1	3	0.044605939832795	NA	NA
1	"Q4"	81	1	3	0.0202719193505512	NA	NA
1	"Q4"	82	1	3	0.0147676366572731	NA	NA
1	"Q4"	83	1	3	0.0299467280154954	NA	NA
1	"Q4"	84	1	3	0.0246539803651659	NA	NA
1	"Q4"	85	1	3	0.021328572979083	NA	NA
1	"Q4"	86	1	3	0.0209289637882718	NA	NA
1	"Q4"	87	1	3	0.0126884435357387	NA	NA
1	"Q4"	88	1	3	0.0280606261935364	NA	NA
1	"Q4"	89	1	3	0.0220108987513362	NA	NA
1	"Q4"	90	1	3	0.0320353677621933	NA	NA
1	"Q4"	91	1	3	0.0241704283739265	NA	NA
1	"Q4"	92	1	3	0.0171441831116164	NA	NA
1	"Q4"	93	1	3	0.0270493633314805	NA	NA
1	"Q4"	94	1	3	0.0239509277270699	NA	NA
1	"Q4"	95	1	3	0.0135025288543682	NA	NA
1	"Q4"	96	1	3	0.0219521859517537	NA	NA
1	"Q4"	97	1	3	0.0241100814917196	NA	NA
1	"Q4"	98	1	3	0.0286975943384892	NA	NA
1	"Q4"	99	1	3	0.0253317479255839	NA	NA
1	"Q4"	100	1	3	0.0407283932713227	NA	NA
1	"Q4"	101	1	3	0.0261226850873945	NA	NA
1	"Q4"	102	1	3	0.024548534860394	NA	NA
1	"Q4"	103	1	3	0.0192069928412894	NA	NA
1	"Q4"	104	1	3	0.0409369623828375	NA	NA
1	"Q4"	105	1	3	0.0250793812292327	NA	NA
1	"Q4"	106	1	3	0.0216304067059791	NA	NA
1	"Q4"	107	1	3	0.0319348536150764	NA	NA
1	"Q4"	108	1	3	0.0321534635087476	NA	NA
1	"Q4"	109	1	3	0.0323090476182614	NA	NA
1	"Q4"	110	1	3	0.0184516285036869	NA	NA
1	"Q4"	111	1	3	0.0303919872286543	NA	NA
1	"Q4"	112	1	3	0.0291606222585288	NA	NA
1	"Q4"	113	1	3	0.00773839996579906	NA	NA
1	"Q4"	114	1	3	0.00968001037120888	NA	NA
1	"Q4"	115	1	3	0.0234631821022774	NA	NA
1	"Q4"	116	1	3	0.0377954633099107	NA	NA
1	"Q4"	117	1	3	0.0339865778784795	NA	NA
1	"Q4"	118	1	3	0.0386641443249411	NA	NA
1	"Q4"	119	1	3	0.0116267934779492	NA	NA
1	"Q4"	120	1	3	0.0233740275170429	NA	NA
1	"Q4"	121	1	3	0.0156060851188617	NA	NA
1	"Q4"	122	1	3	0.0371275492378112	NA	NA
1	"Q4"	123	1	3	0.0342083088277073	NA	NA
1	"Q4"	124	1	3	0.0271781934306389	NA	NA
1	"Q4"	125	1	3	0.0244625356083082	NA	NA
1	"Q4"	126	1	3	0.0314673854500771	NA	NA
1	"Q4"	127	1	3	0.0276622855485843	NA	NA
1	"Q4"	128	1	3	0.038005479072402	NA	NA
1	"Q4"	129	1	3	0.00727564611164441	NA	NA
1	"Q4"	130	1	3	0.0157975277276887	NA	NA
1	"Q4"	131	1	3	0.0342158956287948	NA	NA
1	"Q4"	132	1	3	0.0322493687944709	NA	NA
1	"Q4"	133	1	3	0.0227910644854046	NA	NA
1	"Q4"	134	1	3	0.0350283967391691	NA	NA
1	"Q4"	135	1	3	0.0197693013493069	NA	NA
1	"Q4"	136	1	3	0.0257589502826429	NA	NA
1	"Q4"	137	1	3	0.000469284753449367	NA	NA
1	"Q4"	138	1	3	0.0195607220588699	NA	NA
1	"Q4"	139	1	3	0.0106560601187473	NA	NA
1	"Q4"	140	1	3	0.0266211894330069	NA	NA
1	"Q4"	141	1	3	0.0340330774169132	NA	NA
1	"Q4"	142	1	3	0.0275032921203149	NA	NA
1	"Q4"	143	1	3	0.0384256374817683	NA	NA
1	"Q4"	144	1	3	0.0317841722808787	NA	NA
1	"Q4"	145	1	3	0.0362167049636362	NA	NA
1	"Q4"	146	1	3	0.0257361972086418	NA	NA
1	"Q4"	147	1	3	0.0519975454076067	NA	NA
1	"Q4"	148	1	3	0.0241481305195489	NA	NA
1	"Q4"	149	1	3	0.0280503039887345	NA	NA
1	"Q4"	150	1	3	0.00719603314398497	NA	NA
1	"Q4"	151	1	3	0.0154373313395533	NA	NA
1	"Q4"	152	1	3	0.0216188977443916	NA	NA
1	"Q4"	153	1	3	0.0319791437223777	NA	NA
1	"Q4"	154	1	3	0.0243014570032469	NA	NA
1	"Q4"	155	1	3	0.0102616717156476	NA	NA
1	"Q4"	156	1	3	0.0202836691989381	NA	NA
1	"Q4"	157	1	3	0.0160331062670169	NA	NA
1	"Q4"	158	1	3	0.0121663805782562	NA	NA
1	"Q4"	159	1	3	0.0242237686371249	NA	NA
1	"Q4"	160	1	3	0.0290889593704742	NA	NA
1	"Q4"	161	1	3	0.0321330497025871	NA	NA
1	"Q4"	162	1	3	0.036410218721566	NA	NA
1	"Q4"	163	1	3	0.0121582584250299	NA	NA
1	"Q4"	164	1	3	0.0263280697197761	NA	NA
1	"Q4"	165	1	3	0.0305661701177467	NA	NA
1	"Q4"	166	1	3	0.0347716375630685	NA	NA
1	"Q4"	167	1	3	0.0220874539340674	NA	NA
1	"Q4"	168	1	3	0.0404183903815917	NA	NA
1	"Q4"	169	1	3	0.0332159673388069	NA	NA
1	"Q4"	170	1	3	0.035740717277031	NA	NA
1	"Q4"	171	1	3	0.017899898285841	NA	NA
1	"Q4"	172	1	3	0.0405398207210213	NA	NA
1	"Q4"	173	1	3	0.0235411002318784	NA	NA
1	"Q4"	174	1	3	0.0201244170587947	NA	NA
1	"Q4"	175	1	3	0.0332408968782859	NA	NA
1	"Q4"	176	1	3	0.0381491416990809	NA	NA
1	"Q4"	177	1	3	0.0335373992208703	NA	NA
1	"Q4"	178	1	3	0.0367077906738583	NA	NA
1	"Q4"	179	1	3	0.0204331600166772	NA	NA
1	"Q4"	180	1	3	0.0369821410800772	NA	NA
1	"Q4"	181	1	3	0.0107164540026173	NA	NA
1	"Q4"	182	1	3	0.0126098886683931	NA	NA
1	"Q4"	183	1	3	0.0140623507313783	NA	NA
1	"Q4"	184	1	3	0.00632315462959878	NA	NA
1	"Q4"	185	1	3	0.0335891960880563	NA	NA
1	"Q4"	186	1	3	0.0323864001635794	NA	NA
1	"Q4"	187	1	3	0.0283080076271311	NA	NA
1	"Q4"	188	1	3	0.0235445273859729	NA	NA
1	"Q4"	189	1	3	0.042696886965776	NA	NA
1	"Q4"	190	1	3	0.036072717540602	NA	NA
1	"Q4"	191	1	3	0.0173447602394514	NA	NA
1	"Q4"	192	1	3	0.0319920789783715	NA	NA
1	"Q4"	193	1	3	0.0142728870747773	NA	NA
1	"Q4"	194	1	3	0.0467682957894439	NA	NA
1	"Q4"	195	1	3	0.0407528366682516	NA	NA
1	"Q4"	196	1	3	0.00277066847623713	NA	NA
1	"Q4"	197	1	3	0.0275459065066864	NA	NA
1	"Q4"	198	1	3	0.0281471059651748	NA	NA
1	"Q4"	199	1	3	0.0155658134217244	NA	NA
1	"Q4"	200	1	3	0.0178078111448798	NA	NA
1	"Q4"	201	1	3	0.0232762974640456	NA	NA
1	"Q4"	202	1	3	0.0314309758919591	NA	NA
1	"Q4"	203	1	3	0.0191322274661169	NA	NA
1	"Q4"	204	1	3	0.018409934472055	NA	NA
1	"Q4"	205	1	3	0.0453815597258043	NA	NA
1	"Q4"	206	1	3	0.0346556024300194	NA	NA
1	"Q4"	207	1	3	0.0198462742536934	NA	NA
1	"Q4"	208	1	3	0.0279451197238502	NA	NA
1	"Q4"	209	1	3	0.0186836891909851	NA	NA
1	"Q4"	210	1	3	0.0341405994401318	NA	NA
1	"Q4"	211	1	3	0.0132915434322435	NA	NA
1	"Q4"	212	1	3	0.0115332622187385	NA	NA
1	"Q4"	213	1	3	0.0300835814646751	NA	NA
1	"Q4"	214	1	3	0.0328770554198131	NA	NA
1	"Q4"	215	1	3	0.0109099944160443	NA	NA
1	"Q4"	216	1	3	0.0327731067386047	NA	NA
1	"Q4"	217	1	3	0.0389092252986521	NA	NA
1	"Q4"	218	1	3	0.0228145912218537	NA	NA
1	"Q4"	219	1	3	0.0224340206184466	NA	NA
1	"Q4"	220	1	3	0.0267687270992811	NA	NA
1	"Q4"	221	1	3	0.0171245899172913	NA	NA
1	"Q4"	222	1	3	0.0279371183547416	NA	NA
1	"Q4"	223	1	3	0.032448566737182	NA	NA
1	"Q4"	224	1	3	0.031397378415847	NA	NA
1	"Q4"	225	1	3	0.0269094275166448	NA	NA
1	"Q4"	226	1	3	0.0289691293179254	NA	NA
1	"Q4"	227	1	3	0.0322856139209829	NA	NA
1	"Q4"	228	1	3	0.0207055472468446	NA	NA
1	"Q4"	229	1	3	0.0170532848024094	NA	NA
1	"Q4"	230	1	3	0.0300632548912419	NA	NA
1	"Q4"	231	1	3	0.0382917268876005	NA	NA
1	"Q4"	232	1	3	0.0453221076244108	NA	NA
1	"Q4"	233	1	3	0.0247143838662254	NA	NA
1	"Q4"	234	1	3	0.0249180186941898	NA	NA
1	"Q4"	235	1	3	0.0140459472218763	NA	NA
1	"Q4"	236	1	3	0.051001699793584	NA	NA
1	"Q4"	237	1	3	0.0198779232885619	NA	NA
1	"Q4"	238	1	3	0.0327080412888118	NA	NA
1	"Q4"	239	1	3	0.0185904588790672	NA	NA
1	"Q4"	240	1	3	0.0140300291499801	NA	NA
1	"Q4"	241	1	3	0.0180483261580586	NA	NA
1	"Q4"	242	1	3	0.0260530640486504	NA	NA
1	"Q4"	243	1	3	0.0253654896686966	NA	NA
1	"Q4"	244	1	3	0.0207794403678753	NA	NA
1	"Q4"	245	1	3	0.0258769289908349	NA	NA
1	"Q4"	246	1	3	0.0274190945471231	NA	NA
1	"Q4"	247	1	3	0.0388163513617464	NA	NA
1	"Q4"	248	1	3	0.0147223122152479	NA	NA
1	"Q4"	249	1	3	0.0184279438803103	NA	NA
1	"Q4"	250	1	3	0.0387248735507343	NA	NA
1	"Q4"	251	1	3	0.0190081129055106	NA	NA
1	"Q4"	252	1	3	0.0235492738844521	NA	NA
1	"Q4"	253	1	3	0.0284262170050977	NA	NA
1	"Q4"	254	1	3	0.0228334592719024	NA	NA
1	"Q4"	255	1	3	0.0133606652067364	NA	NA
1	"Q4"	256	1	3	0.0395516061409602	NA	NA
1	"Q4"	257	1	3	0.014663941754948	NA	NA
1	"Q4"	258	1	3	0.0187543984986727	NA	NA
1	"Q4"	259	1	3	0.0278903769064974	NA	NA
1	"Q4"	260	1	3	0.0173949416965269	NA	NA
1	"Q4"	261	1	3	0.021308271429762	NA	NA
1	"Q4"	262	1	3	0.0217989739830311	NA	NA
1	"Q4"	263	1	3	0.0291462774984349	NA	NA
1	"Q4"	264	1	3	0.0182281301648125	NA	NA
1	"Q4"	265	1	3	0.0311482543725428	NA	NA
1	"Q4"	266	1	3	0.0111662549796011	NA	NA
1	"Q4"	267	1	3	0.0318062662616878	NA	NA
1	"Q4"	268	1	3	0.030679471988734	NA	NA
1	"Q4"	269	1	3	0.0407332844824667	NA	NA
1	"Q4"	270	1	3	0.0254213051377488	NA	NA
1	"Q4"	271	1	3	0.028479080433589	NA	NA
1	"Q4"	272	1	3	0.0508180526327624	NA	NA
1	"Q4"	273	1	3	0.0302906065617203	NA	NA
1	"Q4"	274	1	3	0.0223053782741524	NA	NA
1	"Q4"	275	1	3	0.019606375366856	NA	NA
1	"Q4"	276	1	3	0.0287105984494849	NA	NA
1	"Q4"	277	1	3	0.0321579281900197	NA	NA
1	"Q4"	278	1	3	0.0312262788674686	NA	NA
1	"Q4"	279	1	3	0.0222421194946037	NA	NA
1	"Q4"	280	1	3	0.0208458520195391	NA	NA
1	"Q4"	281	1	3	0.0298244172684842	NA	NA
1	"Q4"	282	1	3	0.0150785830987227	NA	NA
1	"Q4"	283	1	3	0.0305232917114647	NA	NA
1	"Q4"	284	1	3	0.03153305423838	NA	NA
1	"Q4"	285	1	3	0.0239820486470574	NA	NA
1	"Q4"	286	1	3	0.0292084637729453	NA	NA
1	"Q4"	287	1	3	0.0363273753977529	NA	NA
1	"Q4"	288	1	3	0.0151594251444503	NA	NA
1	"Q4"	289	1	3	-0.00404547363718615	NA	NA
1	"Q4"	290	1	3	0.0118980701961191	NA	NA
1	"Q4"	291	1	3	0.022387258809827	NA	NA
1	"Q4"	292	1	3	0.0457979884156313	NA	NA
1	"Q4"	293	1	3	0.0138379308474173	NA	NA
1	"Q4"	294	1	3	0.0238422510941595	NA	NA
1	"Q4"	295	1	3	0.00975902575490879	NA	NA
1	"Q4"	296	1	3	0.018119565276527	NA	NA
1	"Q4"	297	1	3	0.0190146437288474	NA	NA
1	"Q4"	298	1	3	0.0228714896225715	NA	NA
1	"Q4"	299	1	3	0.00738709017128904	NA	NA
1	"Q4"	300	1	3	0.0117694548047443	NA	NA
1	"Q4"	301	1	3	0.014198631310916	NA	NA
1	"Q4"	302	1	3	0.0286696270136821	NA	NA
1	"Q4"	303	1	3	0.0179686428816244	NA	NA
1	"Q4"	304	1	3	0.0166073034373853	NA	NA
1	"Q4"	305	1	3	0.0431820407876249	NA	NA
1	"Q4"	306	1	3	0.0240119211476786	NA	NA
1	"Q4"	307	1	3	0.0355320081554866	NA	NA
1	"Q4"	308	1	3	0.023413233137219	NA	NA
1	"Q4"	309	1	3	0.0252341659852362	NA	NA
1	"Q4"	310	1	3	0.0159401272547387	NA	NA
1	"Q4"	311	1	3	-0.00224090228459699	NA	NA
1	"Q4"	312	1	3	0.0177854837009361	NA	NA
1	"Q4"	313	1	3	0.0291656406104123	NA	NA
1	"Q4"	314	1	3	0.0343681105364631	NA	NA
1	"Q4"	315	1	3	0.0234453753097137	NA	NA
1	"Q4"	316	1	3	0.0332546685689558	NA	NA
1	"Q4"	317	1	3	0.0306311839015552	NA	NA
1	"Q4"	318	1	3	0.0271892911742524	NA	NA
1	"Q4"	319	1	3	0.0163344591310741	NA	NA
1	"Q4"	320	1	3	0.0253185203965289	NA	NA
1	"Q4"	321	1	3	0.0232472669512256	NA	NA
1	"Q4"	322	1	3	0.0341082648284314	NA	NA
1	"Q4"	323	1	3	0.0265523532828461	NA	NA
1	"Q4"	324	1	3	0.022219791074021	NA	NA
1	"Q4"	325	1	3	0.0127332094916088	NA	NA
1	"Q4"	326	1	3	0.0177231354089486	NA	NA
1	"Q4"	327	1	3	0.0272706525952649	NA	NA
1	"Q4"	328	1	3	0.0151120175369223	NA	NA
1	"Q4"	329	1	3	0.0372251980424938	NA	NA
1	"Q4"	330	1	3	0.0213881142759637	NA	NA
1	"Q4"	331	1	3	0.0206565739755517	NA	NA
1	"Q4"	332	1	3	0.0363759569906124	NA	NA
1	"Q4"	333	1	3	0.0352113425471109	NA	NA
1	"Q4"	334	1	3	0.0206336538339292	NA	NA
1	"Q4"	335	1	3	0.0306173767879937	NA	NA
1	"Q4"	336	1	3	0.0314783002976192	NA	NA
1	"Q4"	337	1	3	0.00747953742800059	NA	NA
1	"Q4"	338	1	3	0.0358203081533349	NA	NA
1	"Q4"	339	1	3	0.0218923889147039	NA	NA
1	"Q4"	340	1	3	0.0289160759258946	NA	NA
1	"Q4"	341	1	3	0.0268631254052021	NA	NA
1	"Q4"	342	1	3	0.0289000203789409	NA	NA
1	"Q4"	343	1	3	0.0135776246179333	NA	NA
1	"Q4"	344	1	3	0.0446281398590487	NA	NA
1	"Q4"	345	1	3	0.0233744412701433	NA	NA
1	"Q4"	346	1	3	0.0334244074553546	NA	NA
1	"Q4"	347	1	3	0.0210573214114627	NA	NA
1	"Q4"	348	1	3	0.0149698662674999	NA	NA
1	"Q4"	349	1	3	0.0329301569750216	NA	NA
1	"Q4"	350	1	3	0.0331481246455913	NA	NA
1	"Q4"	351	1	3	0.0192021575281193	NA	NA
1	"Q4"	352	1	3	0.0164942959481033	NA	NA
1	"Q4"	353	1	3	0.0200881760135583	NA	NA
1	"Q4"	354	1	3	0.0291275771136911	NA	NA
1	"Q4"	355	1	3	0.0179830336704664	NA	NA
1	"Q4"	356	1	3	0.0279763764867061	NA	NA
1	"Q4"	357	1	3	0.0273414321321979	NA	NA
1	"Q4"	358	1	3	0.0176912672420238	NA	NA
1	"Q4"	359	1	3	0.0214468782485352	NA	NA
1	"Q4"	360	1	3	0.0246835735843354	NA	NA
1	"Q4"	361	1	3	0.0353902617099166	NA	NA
1	"Q4"	362	1	3	0.0133065177224971	NA	NA
1	"Q4"	363	1	3	0.0379035066425513	NA	NA
1	"Q4"	364	1	3	0.0341278772863718	NA	NA
1	"Q4"	365	1	3	0.0146561372297655	NA	NA
1	"Q4"	366	1	3	0.0352780609532706	NA	NA
1	"Q4"	367	1	3	0.0250455456726619	NA	NA
1	"Q4"	368	1	3	0.0343313891566136	NA	NA
1	"Q4"	369	1	3	0.0569085456821881	NA	NA
1	"Q4"	370	1	3	0.0394367210287728	NA	NA
1	"Q4"	371	1	3	0.0109709680687239	NA	NA
1	"Q4"	372	1	3	0.0168932694650044	NA	NA
1	"Q4"	373	1	3	0.0264634257190977	NA	NA
1	"Q4"	374	1	3	0.0201912025413986	NA	NA
1	"Q4"	375	1	3	0.0278690334468411	NA	NA
1	"Q4"	376	1	3	0.00903885837946108	NA	NA
1	"Q4"	377	1	3	0.00895616311329905	NA	NA
1	"Q4"	378	1	3	0.0182990395780157	NA	NA
1	"Q4"	379	1	3	0.029613600450905	NA	NA
1	"Q4"	380	1	3	0.0359175688871786	NA	NA
1	"Q4"	381	1	3	0.0200514277187028	NA	NA
1	"Q4"	382	1	3	0.0241154987897205	NA	NA
1	"Q4"	383	1	3	0.0187512268134493	NA	NA
1	"Q4"	384	1	3	0.0313272297486765	NA	NA
1	"Q4"	385	1	3	0.0409867384418443	NA	NA
1	"Q4"	386	1	3	0.0226669683934359	NA	NA
1	"Q4"	387	1	3	0.019513909057979	NA	NA
1	"Q4"	388	1	3	0.0430915074561389	NA	NA
1	"Q4"	389	1	3	0.0278643653453625	NA	NA
1	"Q4"	390	1	3	0.0130371582146675	NA	NA
1	"Q4"	391	1	3	0.0191413682030051	NA	NA
1	"Q4"	392	1	3	0.0479119493808584	NA	NA
1	"Q4"	393	1	3	0.0225278424444872	NA	NA
1	"Q4"	394	1	3	0.0270432163030777	NA	NA
1	"Q4"	395	1	3	0.0441772163946541	NA	NA
1	"Q4"	396	1	3	0.0250639791857317	NA	NA
1	"Q4"	397	1	3	0.00620133167208594	NA	NA
1	"Q4"	398	1	3	0.029215290286972	NA	NA
1	"Q4"	399	1	3	0.0142031289722947	NA	NA
1	"Q4"	400	1	3	0.0267827748173273	NA	NA
