"Age"	"Level"	"Iteration"	"AgeIndex"	"LevelIndex"	"Intercept"	"tau_Intercept"	"ar_Intercept"
1	"27.4.aE"	1	1	1	0.00312752009806325	NA	NA
1	"27.4.aE"	2	1	1	-0.00564765618157987	NA	NA
1	"27.4.aE"	3	1	1	0.00439438804441978	NA	NA
1	"27.4.aE"	4	1	1	0.00253110938974544	NA	NA
1	"27.4.aE"	5	1	1	-0.00192429766449612	NA	NA
1	"27.4.aE"	6	1	1	0.0026004494282278	NA	NA
1	"27.4.aE"	7	1	1	-0.0108835152965559	NA	NA
1	"27.4.aE"	8	1	1	0.00331577355064807	NA	NA
1	"27.4.aE"	9	1	1	-0.00907965992894299	NA	NA
1	"27.4.aE"	10	1	1	-0.00369959577917962	NA	NA
1	"27.4.aE"	11	1	1	-0.0060206070623625	NA	NA
1	"27.4.aE"	12	1	1	-0.00575882327110434	NA	NA
1	"27.4.aE"	13	1	1	0.00137221072215187	NA	NA
1	"27.4.aE"	14	1	1	0.00826348925422967	NA	NA
1	"27.4.aE"	15	1	1	-0.000212780588580158	NA	NA
1	"27.4.aE"	16	1	1	0.00999751702775625	NA	NA
1	"27.4.aE"	17	1	1	0.00727505763166102	NA	NA
1	"27.4.aE"	18	1	1	0.00185252094418622	NA	NA
1	"27.4.aE"	19	1	1	-0.00154562483531581	NA	NA
1	"27.4.aE"	20	1	1	-0.00497168468402014	NA	NA
1	"27.4.aE"	21	1	1	0.00670487295316463	NA	NA
1	"27.4.aE"	22	1	1	0.00346031098169037	NA	NA
1	"27.4.aE"	23	1	1	0.00012578578400572	NA	NA
1	"27.4.aE"	24	1	1	-0.0103100476718266	NA	NA
1	"27.4.aE"	25	1	1	-0.0220474618316393	NA	NA
1	"27.4.aE"	26	1	1	0.000506878154569943	NA	NA
1	"27.4.aE"	27	1	1	-0.00406608575336222	NA	NA
1	"27.4.aE"	28	1	1	0.0084100872042232	NA	NA
1	"27.4.aE"	29	1	1	0.0163554257082469	NA	NA
1	"27.4.aE"	30	1	1	0.00752740450797687	NA	NA
1	"27.4.aE"	31	1	1	0.00376640023934891	NA	NA
1	"27.4.aE"	32	1	1	-0.00935187769982446	NA	NA
1	"27.4.aE"	33	1	1	-0.0093578700691059	NA	NA
1	"27.4.aE"	34	1	1	0.0120392900009498	NA	NA
1	"27.4.aE"	35	1	1	-0.0194668909185424	NA	NA
1	"27.4.aE"	36	1	1	0.00125283482342407	NA	NA
1	"27.4.aE"	37	1	1	0.00158964893980708	NA	NA
1	"27.4.aE"	38	1	1	-0.000104471266353439	NA	NA
1	"27.4.aE"	39	1	1	0.00335779905093061	NA	NA
1	"27.4.aE"	40	1	1	0.00624728807407982	NA	NA
1	"27.4.aE"	41	1	1	-0.00727659985308893	NA	NA
1	"27.4.aE"	42	1	1	0.00111557440826312	NA	NA
1	"27.4.aE"	43	1	1	-0.00498332052377972	NA	NA
1	"27.4.aE"	44	1	1	0.00848671413858789	NA	NA
1	"27.4.aE"	45	1	1	-0.014300786212921	NA	NA
1	"27.4.aE"	46	1	1	0.00598855074752348	NA	NA
1	"27.4.aE"	47	1	1	-0.00140174358451478	NA	NA
1	"27.4.aE"	48	1	1	0.00585955779301639	NA	NA
1	"27.4.aE"	49	1	1	-0.00714556581562072	NA	NA
1	"27.4.aE"	50	1	1	0.00567053436170629	NA	NA
1	"27.4.aE"	51	1	1	0.000116088196196207	NA	NA
1	"27.4.aE"	52	1	1	0.000137386827056626	NA	NA
1	"27.4.aE"	53	1	1	-0.00228288690885245	NA	NA
1	"27.4.aE"	54	1	1	0.00838273948568562	NA	NA
1	"27.4.aE"	55	1	1	-0.00476178185271828	NA	NA
1	"27.4.aE"	56	1	1	-0.00514890734886751	NA	NA
1	"27.4.aE"	57	1	1	0.00342092005200868	NA	NA
1	"27.4.aE"	58	1	1	-0.00239023788451488	NA	NA
1	"27.4.aE"	59	1	1	-0.0094260177372362	NA	NA
1	"27.4.aE"	60	1	1	0.0125832402233794	NA	NA
1	"27.4.aE"	61	1	1	-0.00487849141930245	NA	NA
1	"27.4.aE"	62	1	1	0.000138396500705773	NA	NA
1	"27.4.aE"	63	1	1	-0.000603950679077276	NA	NA
1	"27.4.aE"	64	1	1	0.0139759309043023	NA	NA
1	"27.4.aE"	65	1	1	0.010310528071816	NA	NA
1	"27.4.aE"	66	1	1	-0.00281230074202443	NA	NA
1	"27.4.aE"	67	1	1	0.00521747003838632	NA	NA
1	"27.4.aE"	68	1	1	0.0103702938531011	NA	NA
1	"27.4.aE"	69	1	1	0.000609013288296357	NA	NA
1	"27.4.aE"	70	1	1	-0.00924043711209936	NA	NA
1	"27.4.aE"	71	1	1	-0.00326701895835477	NA	NA
1	"27.4.aE"	72	1	1	-0.000532413802025096	NA	NA
1	"27.4.aE"	73	1	1	0.00694789817531777	NA	NA
1	"27.4.aE"	74	1	1	-0.00767139254969049	NA	NA
1	"27.4.aE"	75	1	1	-0.0109511503275513	NA	NA
1	"27.4.aE"	76	1	1	0.00883018255042523	NA	NA
1	"27.4.aE"	77	1	1	0.00032135370750757	NA	NA
1	"27.4.aE"	78	1	1	0.00160427444747665	NA	NA
1	"27.4.aE"	79	1	1	0.00259293107545251	NA	NA
1	"27.4.aE"	80	1	1	0.0116790649856101	NA	NA
1	"27.4.aE"	81	1	1	-0.00277165121840681	NA	NA
1	"27.4.aE"	82	1	1	-0.00312514698316149	NA	NA
1	"27.4.aE"	83	1	1	0.00474736483311473	NA	NA
1	"27.4.aE"	84	1	1	0.00730374086782954	NA	NA
1	"27.4.aE"	85	1	1	0.00495446026472121	NA	NA
1	"27.4.aE"	86	1	1	0.00483584376331806	NA	NA
1	"27.4.aE"	87	1	1	-0.0103344261916167	NA	NA
1	"27.4.aE"	88	1	1	-0.00550733530610537	NA	NA
1	"27.4.aE"	89	1	1	-0.00205716550264112	NA	NA
1	"27.4.aE"	90	1	1	-0.00563026976700477	NA	NA
1	"27.4.aE"	91	1	1	-0.00318658637258788	NA	NA
1	"27.4.aE"	92	1	1	0.00375290278839187	NA	NA
1	"27.4.aE"	93	1	1	-0.00169608035894003	NA	NA
1	"27.4.aE"	94	1	1	-0.006372720853875	NA	NA
1	"27.4.aE"	95	1	1	0.000813067248656437	NA	NA
1	"27.4.aE"	96	1	1	-0.00891118846601869	NA	NA
1	"27.4.aE"	97	1	1	0.00517545619366462	NA	NA
1	"27.4.aE"	98	1	1	0.00220489039462822	NA	NA
1	"27.4.aE"	99	1	1	-0.00945218952000248	NA	NA
1	"27.4.aE"	100	1	1	0.024978456479851	NA	NA
1	"27.4.aE"	101	1	1	0.00690994191376942	NA	NA
1	"27.4.aE"	102	1	1	0.0132514275436449	NA	NA
1	"27.4.aE"	103	1	1	-0.0011606766127408	NA	NA
1	"27.4.aE"	104	1	1	-0.00559661899087959	NA	NA
1	"27.4.aE"	105	1	1	-0.00508577489456182	NA	NA
1	"27.4.aE"	106	1	1	-0.0133716415268175	NA	NA
1	"27.4.aE"	107	1	1	0.00565327521642987	NA	NA
1	"27.4.aE"	108	1	1	0.0113198424203315	NA	NA
1	"27.4.aE"	109	1	1	-0.00348736295278471	NA	NA
1	"27.4.aE"	110	1	1	0.0141647038757873	NA	NA
1	"27.4.aE"	111	1	1	-0.00304123839843892	NA	NA
1	"27.4.aE"	112	1	1	0.00113801375790672	NA	NA
1	"27.4.aE"	113	1	1	-0.0124390520134445	NA	NA
1	"27.4.aE"	114	1	1	-0.0113706156946795	NA	NA
1	"27.4.aE"	115	1	1	-0.00468672368941677	NA	NA
1	"27.4.aE"	116	1	1	-0.00624182670411607	NA	NA
1	"27.4.aE"	117	1	1	-0.00305758031763593	NA	NA
1	"27.4.aE"	118	1	1	-0.0056160473365046	NA	NA
1	"27.4.aE"	119	1	1	0.00863185002119847	NA	NA
1	"27.4.aE"	120	1	1	-0.00746163411918875	NA	NA
1	"27.4.aE"	121	1	1	-0.00368201970586253	NA	NA
1	"27.4.aE"	122	1	1	0.00305276951611998	NA	NA
1	"27.4.aE"	123	1	1	0.00703252371728882	NA	NA
1	"27.4.aE"	124	1	1	-0.00217325721594339	NA	NA
1	"27.4.aE"	125	1	1	-0.00248060455976288	NA	NA
1	"27.4.aE"	126	1	1	-0.00115582178163611	NA	NA
1	"27.4.aE"	127	1	1	-0.000906050323051391	NA	NA
1	"27.4.aE"	128	1	1	0.0103636389877674	NA	NA
1	"27.4.aE"	129	1	1	0.00286568878366917	NA	NA
1	"27.4.aE"	130	1	1	0.00089424464636527	NA	NA
1	"27.4.aE"	131	1	1	0.0105559236973423	NA	NA
1	"27.4.aE"	132	1	1	0.000794010642449673	NA	NA
1	"27.4.aE"	133	1	1	-0.0101118238663882	NA	NA
1	"27.4.aE"	134	1	1	-0.00197643790516726	NA	NA
1	"27.4.aE"	135	1	1	0.00224476841544593	NA	NA
1	"27.4.aE"	136	1	1	-0.00405276132005993	NA	NA
1	"27.4.aE"	137	1	1	0.010149279392243	NA	NA
1	"27.4.aE"	138	1	1	-0.0107452506362301	NA	NA
1	"27.4.aE"	139	1	1	-0.00330390064228158	NA	NA
1	"27.4.aE"	140	1	1	-0.00236223477620298	NA	NA
1	"27.4.aE"	141	1	1	-0.00782445775491287	NA	NA
1	"27.4.aE"	142	1	1	-0.00505960579249769	NA	NA
1	"27.4.aE"	143	1	1	-0.00184270990321312	NA	NA
1	"27.4.aE"	144	1	1	-0.00276057938379505	NA	NA
1	"27.4.aE"	145	1	1	-0.000369901572969556	NA	NA
1	"27.4.aE"	146	1	1	0.00688950098783564	NA	NA
1	"27.4.aE"	147	1	1	0.0208201539019245	NA	NA
1	"27.4.aE"	148	1	1	0.000331800266167963	NA	NA
1	"27.4.aE"	149	1	1	0.00707141707203245	NA	NA
1	"27.4.aE"	150	1	1	-0.00803847593970328	NA	NA
1	"27.4.aE"	151	1	1	0.0126519212879061	NA	NA
1	"27.4.aE"	152	1	1	0.00737154653142017	NA	NA
1	"27.4.aE"	153	1	1	0.00492114780300562	NA	NA
1	"27.4.aE"	154	1	1	-0.00593318376576818	NA	NA
1	"27.4.aE"	155	1	1	-0.007092272306697	NA	NA
1	"27.4.aE"	156	1	1	-0.00628646109793129	NA	NA
1	"27.4.aE"	157	1	1	0.00684103941650685	NA	NA
1	"27.4.aE"	158	1	1	-0.00403816067999687	NA	NA
1	"27.4.aE"	159	1	1	0.0013750244024337	NA	NA
1	"27.4.aE"	160	1	1	-0.00948390583058609	NA	NA
1	"27.4.aE"	161	1	1	0.00449539043804242	NA	NA
1	"27.4.aE"	162	1	1	0.00659527813720831	NA	NA
1	"27.4.aE"	163	1	1	2.30404783103631e-05	NA	NA
1	"27.4.aE"	164	1	1	0.00133043267885473	NA	NA
1	"27.4.aE"	165	1	1	-0.00113137924206773	NA	NA
1	"27.4.aE"	166	1	1	-0.000251283257914596	NA	NA
1	"27.4.aE"	167	1	1	-0.00435152014179937	NA	NA
1	"27.4.aE"	168	1	1	0.0139339916215292	NA	NA
1	"27.4.aE"	169	1	1	-0.0106985600310552	NA	NA
1	"27.4.aE"	170	1	1	0.00220418068464086	NA	NA
1	"27.4.aE"	171	1	1	-0.013256452908852	NA	NA
1	"27.4.aE"	172	1	1	-9.0364784565632e-05	NA	NA
1	"27.4.aE"	173	1	1	0.00494381406125594	NA	NA
1	"27.4.aE"	174	1	1	-0.0111016674016103	NA	NA
1	"27.4.aE"	175	1	1	-0.00580168616058746	NA	NA
1	"27.4.aE"	176	1	1	0.00480495230293627	NA	NA
1	"27.4.aE"	177	1	1	0.00766611393450554	NA	NA
1	"27.4.aE"	178	1	1	0.0027295912536794	NA	NA
1	"27.4.aE"	179	1	1	-0.000424671690992523	NA	NA
1	"27.4.aE"	180	1	1	0.000657210705237967	NA	NA
1	"27.4.aE"	181	1	1	-0.00259635796830137	NA	NA
1	"27.4.aE"	182	1	1	0.0129413862479611	NA	NA
1	"27.4.aE"	183	1	1	-0.00310546962075859	NA	NA
1	"27.4.aE"	184	1	1	0.00500379479217002	NA	NA
1	"27.4.aE"	185	1	1	-0.00555425276958298	NA	NA
1	"27.4.aE"	186	1	1	-0.0050936809570965	NA	NA
1	"27.4.aE"	187	1	1	-0.00586173726097376	NA	NA
1	"27.4.aE"	188	1	1	0.00162657957755874	NA	NA
1	"27.4.aE"	189	1	1	0.0108532475160378	NA	NA
1	"27.4.aE"	190	1	1	0.00677091096619879	NA	NA
1	"27.4.aE"	191	1	1	-0.0165282087742539	NA	NA
1	"27.4.aE"	192	1	1	-0.00552503641629237	NA	NA
1	"27.4.aE"	193	1	1	-0.0144143276774881	NA	NA
1	"27.4.aE"	194	1	1	0.0102060048155529	NA	NA
1	"27.4.aE"	195	1	1	0.000367837132837534	NA	NA
1	"27.4.aE"	196	1	1	-0.00229849450967967	NA	NA
1	"27.4.aE"	197	1	1	-0.0056508237916122	NA	NA
1	"27.4.aE"	198	1	1	0.00322712633255371	NA	NA
1	"27.4.aE"	199	1	1	-0.00211870632463259	NA	NA
1	"27.4.aE"	200	1	1	0.00707438980627824	NA	NA
1	"27.4.aE"	201	1	1	-0.0104986355196881	NA	NA
1	"27.4.aE"	202	1	1	-0.00247014801549492	NA	NA
1	"27.4.aE"	203	1	1	0.00362837684615554	NA	NA
1	"27.4.aE"	204	1	1	0.000111400280279087	NA	NA
1	"27.4.aE"	205	1	1	-0.000380886709822002	NA	NA
1	"27.4.aE"	206	1	1	0.0102086464921639	NA	NA
1	"27.4.aE"	207	1	1	-0.00175228379074412	NA	NA
1	"27.4.aE"	208	1	1	-0.00205315159761546	NA	NA
1	"27.4.aE"	209	1	1	0.00567029586890929	NA	NA
1	"27.4.aE"	210	1	1	0.00385722722992871	NA	NA
1	"27.4.aE"	211	1	1	-4.38817013049843e-05	NA	NA
1	"27.4.aE"	212	1	1	-0.0139688781743295	NA	NA
1	"27.4.aE"	213	1	1	0.00788672587555462	NA	NA
1	"27.4.aE"	214	1	1	0.00407797695974969	NA	NA
1	"27.4.aE"	215	1	1	-0.00536564060861125	NA	NA
1	"27.4.aE"	216	1	1	-0.00636557977203635	NA	NA
1	"27.4.aE"	217	1	1	0.000586001403139971	NA	NA
1	"27.4.aE"	218	1	1	0.00369320265492337	NA	NA
1	"27.4.aE"	219	1	1	0.0119200197054887	NA	NA
1	"27.4.aE"	220	1	1	-0.00309491837222145	NA	NA
1	"27.4.aE"	221	1	1	-0.00180008120639089	NA	NA
1	"27.4.aE"	222	1	1	0.00477742106784791	NA	NA
1	"27.4.aE"	223	1	1	-0.000708007967756605	NA	NA
1	"27.4.aE"	224	1	1	-0.00351456409725429	NA	NA
1	"27.4.aE"	225	1	1	0.00508748561643789	NA	NA
1	"27.4.aE"	226	1	1	0.00279389309096754	NA	NA
1	"27.4.aE"	227	1	1	-0.00384240396006531	NA	NA
1	"27.4.aE"	228	1	1	0.00540352645111793	NA	NA
1	"27.4.aE"	229	1	1	0.00574882778346295	NA	NA
1	"27.4.aE"	230	1	1	0.00441377659530283	NA	NA
1	"27.4.aE"	231	1	1	-0.00912254856182559	NA	NA
1	"27.4.aE"	232	1	1	-0.00444247902589187	NA	NA
1	"27.4.aE"	233	1	1	0.0064513490792725	NA	NA
1	"27.4.aE"	234	1	1	0.0065768845520355	NA	NA
1	"27.4.aE"	235	1	1	0.00300854571792055	NA	NA
1	"27.4.aE"	236	1	1	0.00951724438310384	NA	NA
1	"27.4.aE"	237	1	1	0.00200319704974733	NA	NA
1	"27.4.aE"	238	1	1	0.00643356103563925	NA	NA
1	"27.4.aE"	239	1	1	-0.00176020372261156	NA	NA
1	"27.4.aE"	240	1	1	0.0037097557326618	NA	NA
1	"27.4.aE"	241	1	1	-0.00490755974030457	NA	NA
1	"27.4.aE"	242	1	1	-0.00159198424148757	NA	NA
1	"27.4.aE"	243	1	1	-0.00165642104459595	NA	NA
1	"27.4.aE"	244	1	1	0.00293141773032607	NA	NA
1	"27.4.aE"	245	1	1	0.00161242987679243	NA	NA
1	"27.4.aE"	246	1	1	-0.00239913052975705	NA	NA
1	"27.4.aE"	247	1	1	0.00554479965962887	NA	NA
1	"27.4.aE"	248	1	1	0.00399836371127351	NA	NA
1	"27.4.aE"	249	1	1	0.00107809129334881	NA	NA
1	"27.4.aE"	250	1	1	0.00956875773776652	NA	NA
1	"27.4.aE"	251	1	1	0.00475225051528446	NA	NA
1	"27.4.aE"	252	1	1	-0.000671102161996858	NA	NA
1	"27.4.aE"	253	1	1	-0.00400495119978837	NA	NA
1	"27.4.aE"	254	1	1	-0.00470163312425697	NA	NA
1	"27.4.aE"	255	1	1	-0.0164367642926058	NA	NA
1	"27.4.aE"	256	1	1	-0.0134418482970565	NA	NA
1	"27.4.aE"	257	1	1	0.00606276215172423	NA	NA
1	"27.4.aE"	258	1	1	-0.00108678870486325	NA	NA
1	"27.4.aE"	259	1	1	-0.00286497573713382	NA	NA
1	"27.4.aE"	260	1	1	-0.0105614807230382	NA	NA
1	"27.4.aE"	261	1	1	0.00568485273195948	NA	NA
1	"27.4.aE"	262	1	1	-0.01917533958775	NA	NA
1	"27.4.aE"	263	1	1	0.00661824930741623	NA	NA
1	"27.4.aE"	264	1	1	-0.0126598114432557	NA	NA
1	"27.4.aE"	265	1	1	-0.000390289872907824	NA	NA
1	"27.4.aE"	266	1	1	-0.00313669373585999	NA	NA
1	"27.4.aE"	267	1	1	-0.0060841216127251	NA	NA
1	"27.4.aE"	268	1	1	-0.0013628358925041	NA	NA
1	"27.4.aE"	269	1	1	0.0117871467949188	NA	NA
1	"27.4.aE"	270	1	1	-0.00567860211089902	NA	NA
1	"27.4.aE"	271	1	1	-0.00781800687065966	NA	NA
1	"27.4.aE"	272	1	1	0.0113427980653657	NA	NA
1	"27.4.aE"	273	1	1	0.0108918702402348	NA	NA
1	"27.4.aE"	274	1	1	-0.00318714479101804	NA	NA
1	"27.4.aE"	275	1	1	-0.00316097345994945	NA	NA
1	"27.4.aE"	276	1	1	0.00603999016458753	NA	NA
1	"27.4.aE"	277	1	1	0.00841273847749166	NA	NA
1	"27.4.aE"	278	1	1	0.00753426062170681	NA	NA
1	"27.4.aE"	279	1	1	-0.00971380062772016	NA	NA
1	"27.4.aE"	280	1	1	0.00675697351382716	NA	NA
1	"27.4.aE"	281	1	1	0.00329218842261335	NA	NA
1	"27.4.aE"	282	1	1	-0.002374545042819	NA	NA
1	"27.4.aE"	283	1	1	0.00622573409289699	NA	NA
1	"27.4.aE"	284	1	1	-0.0060177975515621	NA	NA
1	"27.4.aE"	285	1	1	0.00695851951600943	NA	NA
1	"27.4.aE"	286	1	1	-0.0107299750365158	NA	NA
1	"27.4.aE"	287	1	1	0.00706986051671939	NA	NA
1	"27.4.aE"	288	1	1	0.00597623169232866	NA	NA
1	"27.4.aE"	289	1	1	0.00174093891198489	NA	NA
1	"27.4.aE"	290	1	1	-0.00876866046359321	NA	NA
1	"27.4.aE"	291	1	1	0.0037359844570169	NA	NA
1	"27.4.aE"	292	1	1	0.017755638581793	NA	NA
1	"27.4.aE"	293	1	1	0.0034035100267647	NA	NA
1	"27.4.aE"	294	1	1	0.00272798685416361	NA	NA
1	"27.4.aE"	295	1	1	-0.0102580178968495	NA	NA
1	"27.4.aE"	296	1	1	-0.018129710287351	NA	NA
1	"27.4.aE"	297	1	1	0.00424301252900753	NA	NA
1	"27.4.aE"	298	1	1	-0.00572283449793557	NA	NA
1	"27.4.aE"	299	1	1	-0.00279161244317844	NA	NA
1	"27.4.aE"	300	1	1	0.00110531136677029	NA	NA
1	"27.4.aE"	301	1	1	-0.00187400032822192	NA	NA
1	"27.4.aE"	302	1	1	-0.00384963620223575	NA	NA
1	"27.4.aE"	303	1	1	-0.000103078423785656	NA	NA
1	"27.4.aE"	304	1	1	0.0087654602050934	NA	NA
1	"27.4.aE"	305	1	1	0.0130590052111574	NA	NA
1	"27.4.aE"	306	1	1	0.00717424566703158	NA	NA
1	"27.4.aE"	307	1	1	-0.000970388722795336	NA	NA
1	"27.4.aE"	308	1	1	0.00167625589467786	NA	NA
1	"27.4.aE"	309	1	1	-0.00139470304190223	NA	NA
1	"27.4.aE"	310	1	1	-0.00243767968034553	NA	NA
1	"27.4.aE"	311	1	1	-0.00576738890822154	NA	NA
1	"27.4.aE"	312	1	1	-0.00546457099023756	NA	NA
1	"27.4.aE"	313	1	1	-0.00167809295777483	NA	NA
1	"27.4.aE"	314	1	1	0.00264163893010628	NA	NA
1	"27.4.aE"	315	1	1	-0.00173570762375063	NA	NA
1	"27.4.aE"	316	1	1	-0.0043532729156477	NA	NA
1	"27.4.aE"	317	1	1	-0.00056578839926228	NA	NA
1	"27.4.aE"	318	1	1	0.00287966417375645	NA	NA
1	"27.4.aE"	319	1	1	-0.00150089381698602	NA	NA
1	"27.4.aE"	320	1	1	0.0105807987156798	NA	NA
1	"27.4.aE"	321	1	1	0.0107278555289417	NA	NA
1	"27.4.aE"	322	1	1	0.00630995842226931	NA	NA
1	"27.4.aE"	323	1	1	0.00579226035021134	NA	NA
1	"27.4.aE"	324	1	1	-0.000608544033380524	NA	NA
1	"27.4.aE"	325	1	1	0.0117108866682577	NA	NA
1	"27.4.aE"	326	1	1	0.00380622520732437	NA	NA
1	"27.4.aE"	327	1	1	-0.00721116366010979	NA	NA
1	"27.4.aE"	328	1	1	-0.00901000411198344	NA	NA
1	"27.4.aE"	329	1	1	0.00699210387587815	NA	NA
1	"27.4.aE"	330	1	1	-0.0052295493649345	NA	NA
1	"27.4.aE"	331	1	1	0.00149476659049314	NA	NA
1	"27.4.aE"	332	1	1	0.000466484228100894	NA	NA
1	"27.4.aE"	333	1	1	-0.0139547748459303	NA	NA
1	"27.4.aE"	334	1	1	0.00775529591175244	NA	NA
1	"27.4.aE"	335	1	1	0.0114157099072759	NA	NA
1	"27.4.aE"	336	1	1	0.00314152322014046	NA	NA
1	"27.4.aE"	337	1	1	-0.00362200136899935	NA	NA
1	"27.4.aE"	338	1	1	-0.00970240074644034	NA	NA
1	"27.4.aE"	339	1	1	0.000186652075840896	NA	NA
1	"27.4.aE"	340	1	1	-0.01151288573143	NA	NA
1	"27.4.aE"	341	1	1	-0.00588478961478538	NA	NA
1	"27.4.aE"	342	1	1	0.000313250468734069	NA	NA
1	"27.4.aE"	343	1	1	-0.00494011888869081	NA	NA
1	"27.4.aE"	344	1	1	0.0143860202491922	NA	NA
1	"27.4.aE"	345	1	1	0.00675922468254919	NA	NA
1	"27.4.aE"	346	1	1	0.00748875271778625	NA	NA
1	"27.4.aE"	347	1	1	-0.00516291816457669	NA	NA
1	"27.4.aE"	348	1	1	-0.00914322646823766	NA	NA
1	"27.4.aE"	349	1	1	-0.00150205000092886	NA	NA
1	"27.4.aE"	350	1	1	-9.46049781553378e-06	NA	NA
1	"27.4.aE"	351	1	1	-0.00519429395822891	NA	NA
1	"27.4.aE"	352	1	1	-0.00830941786534089	NA	NA
1	"27.4.aE"	353	1	1	-0.0148257735424337	NA	NA
1	"27.4.aE"	354	1	1	0.00770083026043943	NA	NA
1	"27.4.aE"	355	1	1	-0.00196511429049492	NA	NA
1	"27.4.aE"	356	1	1	-0.00241607243005409	NA	NA
1	"27.4.aE"	357	1	1	-0.00218087804417304	NA	NA
1	"27.4.aE"	358	1	1	-0.014098895295415	NA	NA
1	"27.4.aE"	359	1	1	-0.00626120255559409	NA	NA
1	"27.4.aE"	360	1	1	0.00841469362816729	NA	NA
1	"27.4.aE"	361	1	1	0.0105231921149431	NA	NA
1	"27.4.aE"	362	1	1	-0.00373457816193874	NA	NA
1	"27.4.aE"	363	1	1	0.00186200520910226	NA	NA
1	"27.4.aE"	364	1	1	-0.00333978465862388	NA	NA
1	"27.4.aE"	365	1	1	-0.00163161617997757	NA	NA
1	"27.4.aE"	366	1	1	0.00632410823434327	NA	NA
1	"27.4.aE"	367	1	1	0.00635353760128581	NA	NA
1	"27.4.aE"	368	1	1	-0.00321416344012687	NA	NA
1	"27.4.aE"	369	1	1	0.00989856465666507	NA	NA
1	"27.4.aE"	370	1	1	0.00222496896551049	NA	NA
1	"27.4.aE"	371	1	1	-0.00118734570092567	NA	NA
1	"27.4.aE"	372	1	1	-0.00684173341242044	NA	NA
1	"27.4.aE"	373	1	1	-0.012769354709401	NA	NA
1	"27.4.aE"	374	1	1	-0.000661213635012685	NA	NA
1	"27.4.aE"	375	1	1	0.012877879650953	NA	NA
1	"27.4.aE"	376	1	1	-0.00650556798842918	NA	NA
1	"27.4.aE"	377	1	1	0.00356447512191526	NA	NA
1	"27.4.aE"	378	1	1	-0.0133737299800915	NA	NA
1	"27.4.aE"	379	1	1	-0.00442215024074051	NA	NA
1	"27.4.aE"	380	1	1	0.00262865818335253	NA	NA
1	"27.4.aE"	381	1	1	0.00103399480411362	NA	NA
1	"27.4.aE"	382	1	1	0.00455251795431517	NA	NA
1	"27.4.aE"	383	1	1	-0.000887136891230231	NA	NA
1	"27.4.aE"	384	1	1	0.0114416454372512	NA	NA
1	"27.4.aE"	385	1	1	0.00395295979074346	NA	NA
1	"27.4.aE"	386	1	1	0.00234712162933029	NA	NA
1	"27.4.aE"	387	1	1	0.003878994205466	NA	NA
1	"27.4.aE"	388	1	1	0.00191356593890732	NA	NA
1	"27.4.aE"	389	1	1	0.0102323303296775	NA	NA
1	"27.4.aE"	390	1	1	-0.000135656704766673	NA	NA
1	"27.4.aE"	391	1	1	-0.00163227550831355	NA	NA
1	"27.4.aE"	392	1	1	-0.000958705571620479	NA	NA
1	"27.4.aE"	393	1	1	-0.00138962874134175	NA	NA
1	"27.4.aE"	394	1	1	0.0128265999131404	NA	NA
1	"27.4.aE"	395	1	1	0.0153925072528116	NA	NA
1	"27.4.aE"	396	1	1	-0.00411726134811092	NA	NA
1	"27.4.aE"	397	1	1	-0.00372098766373116	NA	NA
1	"27.4.aE"	398	1	1	0.00108120550402664	NA	NA
1	"27.4.aE"	399	1	1	0.00222047338250707	NA	NA
1	"27.4.aE"	400	1	1	-0.0136887393801292	NA	NA
1	"27.4.aW"	1	1	2	-0.00312752009806262	NA	NA
1	"27.4.aW"	2	1	2	0.00564765618157985	NA	NA
1	"27.4.aW"	3	1	2	-0.00439438804441699	NA	NA
1	"27.4.aW"	4	1	2	-0.00253110938974557	NA	NA
1	"27.4.aW"	5	1	2	0.00192429766449832	NA	NA
1	"27.4.aW"	6	1	2	-0.00260044942823141	NA	NA
1	"27.4.aW"	7	1	2	0.0108835152965553	NA	NA
1	"27.4.aW"	8	1	2	-0.00331577355064749	NA	NA
1	"27.4.aW"	9	1	2	0.00907965992894166	NA	NA
1	"27.4.aW"	10	1	2	0.00369959577917907	NA	NA
1	"27.4.aW"	11	1	2	0.00602060706236527	NA	NA
1	"27.4.aW"	12	1	2	0.00575882327110732	NA	NA
1	"27.4.aW"	13	1	2	-0.00137221072215053	NA	NA
1	"27.4.aW"	14	1	2	-0.00826348925423013	NA	NA
1	"27.4.aW"	15	1	2	0.000212780588580668	NA	NA
1	"27.4.aW"	16	1	2	-0.0099975170277557	NA	NA
1	"27.4.aW"	17	1	2	-0.00727505763166041	NA	NA
1	"27.4.aW"	18	1	2	-0.00185252094418517	NA	NA
1	"27.4.aW"	19	1	2	0.00154562483531811	NA	NA
1	"27.4.aW"	20	1	2	0.00497168468401795	NA	NA
1	"27.4.aW"	21	1	2	-0.00670487295316235	NA	NA
1	"27.4.aW"	22	1	2	-0.00346031098168813	NA	NA
1	"27.4.aW"	23	1	2	-0.000125785784004568	NA	NA
1	"27.4.aW"	24	1	2	0.0103100476718257	NA	NA
1	"27.4.aW"	25	1	2	0.0220474618316393	NA	NA
1	"27.4.aW"	26	1	2	-0.000506878154573687	NA	NA
1	"27.4.aW"	27	1	2	0.00406608575336324	NA	NA
1	"27.4.aW"	28	1	2	-0.00841008720422342	NA	NA
1	"27.4.aW"	29	1	2	-0.0163554257082436	NA	NA
1	"27.4.aW"	30	1	2	-0.00752740450797663	NA	NA
1	"27.4.aW"	31	1	2	-0.0037664002393517	NA	NA
1	"27.4.aW"	32	1	2	0.00935187769982583	NA	NA
1	"27.4.aW"	33	1	2	0.00935787006910579	NA	NA
1	"27.4.aW"	34	1	2	-0.0120392900009516	NA	NA
1	"27.4.aW"	35	1	2	0.0194668909185414	NA	NA
1	"27.4.aW"	36	1	2	-0.0012528348234217	NA	NA
1	"27.4.aW"	37	1	2	-0.00158964893980677	NA	NA
1	"27.4.aW"	38	1	2	0.000104471266351422	NA	NA
1	"27.4.aW"	39	1	2	-0.00335779905093216	NA	NA
1	"27.4.aW"	40	1	2	-0.0062472880740799	NA	NA
1	"27.4.aW"	41	1	2	0.00727659985308865	NA	NA
1	"27.4.aW"	42	1	2	-0.00111557440826277	NA	NA
1	"27.4.aW"	43	1	2	0.00498332052378221	NA	NA
1	"27.4.aW"	44	1	2	-0.00848671413858648	NA	NA
1	"27.4.aW"	45	1	2	0.0143007862129207	NA	NA
1	"27.4.aW"	46	1	2	-0.00598855074752475	NA	NA
1	"27.4.aW"	47	1	2	0.00140174358451505	NA	NA
1	"27.4.aW"	48	1	2	-0.0058595577930145	NA	NA
1	"27.4.aW"	49	1	2	0.00714556581561755	NA	NA
1	"27.4.aW"	50	1	2	-0.00567053436170639	NA	NA
1	"27.4.aW"	51	1	2	-0.000116088196196085	NA	NA
1	"27.4.aW"	52	1	2	-0.000137386827056167	NA	NA
1	"27.4.aW"	53	1	2	0.00228288690885345	NA	NA
1	"27.4.aW"	54	1	2	-0.00838273948568744	NA	NA
1	"27.4.aW"	55	1	2	0.00476178185271827	NA	NA
1	"27.4.aW"	56	1	2	0.00514890734886957	NA	NA
1	"27.4.aW"	57	1	2	-0.00342092005200874	NA	NA
1	"27.4.aW"	58	1	2	0.00239023788451719	NA	NA
1	"27.4.aW"	59	1	2	0.00942601773723594	NA	NA
1	"27.4.aW"	60	1	2	-0.0125832402233801	NA	NA
1	"27.4.aW"	61	1	2	0.00487849141930416	NA	NA
1	"27.4.aW"	62	1	2	-0.000138396500707646	NA	NA
1	"27.4.aW"	63	1	2	0.000603950679078285	NA	NA
1	"27.4.aW"	64	1	2	-0.013975930904305	NA	NA
1	"27.4.aW"	65	1	2	-0.0103105280718166	NA	NA
1	"27.4.aW"	66	1	2	0.00281230074202917	NA	NA
1	"27.4.aW"	67	1	2	-0.00521747003838296	NA	NA
1	"27.4.aW"	68	1	2	-0.0103702938531012	NA	NA
1	"27.4.aW"	69	1	2	-0.000609013288297428	NA	NA
1	"27.4.aW"	70	1	2	0.00924043711209879	NA	NA
1	"27.4.aW"	71	1	2	0.00326701895835425	NA	NA
1	"27.4.aW"	72	1	2	0.000532413802025563	NA	NA
1	"27.4.aW"	73	1	2	-0.00694789817531498	NA	NA
1	"27.4.aW"	74	1	2	0.00767139254969413	NA	NA
1	"27.4.aW"	75	1	2	0.0109511503275497	NA	NA
1	"27.4.aW"	76	1	2	-0.0088301825504274	NA	NA
1	"27.4.aW"	77	1	2	-0.000321353707507434	NA	NA
1	"27.4.aW"	78	1	2	-0.00160427444747642	NA	NA
1	"27.4.aW"	79	1	2	-0.00259293107545255	NA	NA
1	"27.4.aW"	80	1	2	-0.0116790649856081	NA	NA
1	"27.4.aW"	81	1	2	0.00277165121840757	NA	NA
1	"27.4.aW"	82	1	2	0.00312514698315982	NA	NA
1	"27.4.aW"	83	1	2	-0.00474736483311547	NA	NA
1	"27.4.aW"	84	1	2	-0.00730374086783208	NA	NA
1	"27.4.aW"	85	1	2	-0.00495446026472855	NA	NA
1	"27.4.aW"	86	1	2	-0.00483584376331694	NA	NA
1	"27.4.aW"	87	1	2	0.0103344261916141	NA	NA
1	"27.4.aW"	88	1	2	0.00550733530610543	NA	NA
1	"27.4.aW"	89	1	2	0.00205716550263997	NA	NA
1	"27.4.aW"	90	1	2	0.0056302697670053	NA	NA
1	"27.4.aW"	91	1	2	0.00318658637258673	NA	NA
1	"27.4.aW"	92	1	2	-0.00375290278838812	NA	NA
1	"27.4.aW"	93	1	2	0.00169608035894059	NA	NA
1	"27.4.aW"	94	1	2	0.00637272085387519	NA	NA
1	"27.4.aW"	95	1	2	-0.00081306724865665	NA	NA
1	"27.4.aW"	96	1	2	0.00891118846601818	NA	NA
1	"27.4.aW"	97	1	2	-0.00517545619366126	NA	NA
1	"27.4.aW"	98	1	2	-0.00220489039462717	NA	NA
1	"27.4.aW"	99	1	2	0.00945218952000331	NA	NA
1	"27.4.aW"	100	1	2	-0.0249784564798512	NA	NA
1	"27.4.aW"	101	1	2	-0.00690994191376997	NA	NA
1	"27.4.aW"	102	1	2	-0.0132514275436475	NA	NA
1	"27.4.aW"	103	1	2	0.00116067661274132	NA	NA
1	"27.4.aW"	104	1	2	0.00559661899087831	NA	NA
1	"27.4.aW"	105	1	2	0.00508577489456245	NA	NA
1	"27.4.aW"	106	1	2	0.0133716415268158	NA	NA
1	"27.4.aW"	107	1	2	-0.00565327521642977	NA	NA
1	"27.4.aW"	108	1	2	-0.01131984242033	NA	NA
1	"27.4.aW"	109	1	2	0.00348736295278491	NA	NA
1	"27.4.aW"	110	1	2	-0.0141647038757875	NA	NA
1	"27.4.aW"	111	1	2	0.00304123839843876	NA	NA
1	"27.4.aW"	112	1	2	-0.00113801375790536	NA	NA
1	"27.4.aW"	113	1	2	0.0124390520134444	NA	NA
1	"27.4.aW"	114	1	2	0.0113706156946807	NA	NA
1	"27.4.aW"	115	1	2	0.00468672368941736	NA	NA
1	"27.4.aW"	116	1	2	0.00624182670411847	NA	NA
1	"27.4.aW"	117	1	2	0.00305758031763592	NA	NA
1	"27.4.aW"	118	1	2	0.0056160473365023	NA	NA
1	"27.4.aW"	119	1	2	-0.00863185002119922	NA	NA
1	"27.4.aW"	120	1	2	0.00746163411918845	NA	NA
1	"27.4.aW"	121	1	2	0.00368201970586156	NA	NA
1	"27.4.aW"	122	1	2	-0.00305276951611916	NA	NA
1	"27.4.aW"	123	1	2	-0.00703252371729002	NA	NA
1	"27.4.aW"	124	1	2	0.00217325721594395	NA	NA
1	"27.4.aW"	125	1	2	0.00248060455976524	NA	NA
1	"27.4.aW"	126	1	2	0.00115582178163842	NA	NA
1	"27.4.aW"	127	1	2	0.00090605032305163	NA	NA
1	"27.4.aW"	128	1	2	-0.0103636389877637	NA	NA
1	"27.4.aW"	129	1	2	-0.00286568878367012	NA	NA
1	"27.4.aW"	130	1	2	-0.000894244646363236	NA	NA
1	"27.4.aW"	131	1	2	-0.0105559236973418	NA	NA
1	"27.4.aW"	132	1	2	-0.000794010642454114	NA	NA
1	"27.4.aW"	133	1	2	0.0101118238663901	NA	NA
1	"27.4.aW"	134	1	2	0.00197643790516677	NA	NA
1	"27.4.aW"	135	1	2	-0.00224476841544499	NA	NA
1	"27.4.aW"	136	1	2	0.00405276132005952	NA	NA
1	"27.4.aW"	137	1	2	-0.010149279392243	NA	NA
1	"27.4.aW"	138	1	2	0.0107452506362323	NA	NA
1	"27.4.aW"	139	1	2	0.00330390064228181	NA	NA
1	"27.4.aW"	140	1	2	0.00236223477620724	NA	NA
1	"27.4.aW"	141	1	2	0.00782445775491047	NA	NA
1	"27.4.aW"	142	1	2	0.00505960579249858	NA	NA
1	"27.4.aW"	143	1	2	0.00184270990321232	NA	NA
1	"27.4.aW"	144	1	2	0.00276057938379693	NA	NA
1	"27.4.aW"	145	1	2	0.000369901572966466	NA	NA
1	"27.4.aW"	146	1	2	-0.00688950098783654	NA	NA
1	"27.4.aW"	147	1	2	-0.020820153901928	NA	NA
1	"27.4.aW"	148	1	2	-0.000331800266169647	NA	NA
1	"27.4.aW"	149	1	2	-0.00707141707203092	NA	NA
1	"27.4.aW"	150	1	2	0.00803847593970381	NA	NA
1	"27.4.aW"	151	1	2	-0.0126519212879038	NA	NA
1	"27.4.aW"	152	1	2	-0.00737154653142081	NA	NA
1	"27.4.aW"	153	1	2	-0.00492114780300574	NA	NA
1	"27.4.aW"	154	1	2	0.00593318376576892	NA	NA
1	"27.4.aW"	155	1	2	0.00709227230669711	NA	NA
1	"27.4.aW"	156	1	2	0.00628646109793112	NA	NA
1	"27.4.aW"	157	1	2	-0.00684103941650768	NA	NA
1	"27.4.aW"	158	1	2	0.00403816067999704	NA	NA
1	"27.4.aW"	159	1	2	-0.00137502440243438	NA	NA
1	"27.4.aW"	160	1	2	0.00948390583058647	NA	NA
1	"27.4.aW"	161	1	2	-0.00449539043804282	NA	NA
1	"27.4.aW"	162	1	2	-0.00659527813720648	NA	NA
1	"27.4.aW"	163	1	2	-2.30404783110457e-05	NA	NA
1	"27.4.aW"	164	1	2	-0.00133043267885355	NA	NA
1	"27.4.aW"	165	1	2	0.001131379242069	NA	NA
1	"27.4.aW"	166	1	2	0.000251283257914489	NA	NA
1	"27.4.aW"	167	1	2	0.00435152014179943	NA	NA
1	"27.4.aW"	168	1	2	-0.0139339916215269	NA	NA
1	"27.4.aW"	169	1	2	0.0106985600310548	NA	NA
1	"27.4.aW"	170	1	2	-0.00220418068464104	NA	NA
1	"27.4.aW"	171	1	2	0.013256452908852	NA	NA
1	"27.4.aW"	172	1	2	9.03647845659091e-05	NA	NA
1	"27.4.aW"	173	1	2	-0.00494381406125882	NA	NA
1	"27.4.aW"	174	1	2	0.0111016674016106	NA	NA
1	"27.4.aW"	175	1	2	0.00580168616058562	NA	NA
1	"27.4.aW"	176	1	2	-0.00480495230293638	NA	NA
1	"27.4.aW"	177	1	2	-0.00766611393450329	NA	NA
1	"27.4.aW"	178	1	2	-0.00272959125368067	NA	NA
1	"27.4.aW"	179	1	2	0.000424671690989838	NA	NA
1	"27.4.aW"	180	1	2	-0.000657210705233427	NA	NA
1	"27.4.aW"	181	1	2	0.00259635796830198	NA	NA
1	"27.4.aW"	182	1	2	-0.012941386247962	NA	NA
1	"27.4.aW"	183	1	2	0.0031054696207587	NA	NA
1	"27.4.aW"	184	1	2	-0.00500379479216969	NA	NA
1	"27.4.aW"	185	1	2	0.00555425276958254	NA	NA
1	"27.4.aW"	186	1	2	0.00509368095709334	NA	NA
1	"27.4.aW"	187	1	2	0.0058617372609745	NA	NA
1	"27.4.aW"	188	1	2	-0.00162657957755792	NA	NA
1	"27.4.aW"	189	1	2	-0.0108532475160357	NA	NA
1	"27.4.aW"	190	1	2	-0.00677091096619836	NA	NA
1	"27.4.aW"	191	1	2	0.0165282087742537	NA	NA
1	"27.4.aW"	192	1	2	0.00552503641628978	NA	NA
1	"27.4.aW"	193	1	2	0.0144143276774893	NA	NA
1	"27.4.aW"	194	1	2	-0.0102060048155519	NA	NA
1	"27.4.aW"	195	1	2	-0.000367837132838559	NA	NA
1	"27.4.aW"	196	1	2	0.00229849450968005	NA	NA
1	"27.4.aW"	197	1	2	0.00565082379161148	NA	NA
1	"27.4.aW"	198	1	2	-0.00322712633255374	NA	NA
1	"27.4.aW"	199	1	2	0.00211870632462805	NA	NA
1	"27.4.aW"	200	1	2	-0.0070743898062784	NA	NA
1	"27.4.aW"	201	1	2	0.0104986355196864	NA	NA
1	"27.4.aW"	202	1	2	0.00247014801549524	NA	NA
1	"27.4.aW"	203	1	2	-0.00362837684615671	NA	NA
1	"27.4.aW"	204	1	2	-0.00011140028027868	NA	NA
1	"27.4.aW"	205	1	2	0.000380886709822823	NA	NA
1	"27.4.aW"	206	1	2	-0.010208646492166	NA	NA
1	"27.4.aW"	207	1	2	0.00175228379074359	NA	NA
1	"27.4.aW"	208	1	2	0.00205315159761623	NA	NA
1	"27.4.aW"	209	1	2	-0.00567029586891176	NA	NA
1	"27.4.aW"	210	1	2	-0.00385722722992977	NA	NA
1	"27.4.aW"	211	1	2	4.38817013050936e-05	NA	NA
1	"27.4.aW"	212	1	2	0.0139688781743306	NA	NA
1	"27.4.aW"	213	1	2	-0.00788672587555521	NA	NA
1	"27.4.aW"	214	1	2	-0.0040779769597507	NA	NA
1	"27.4.aW"	215	1	2	0.0053656406086112	NA	NA
1	"27.4.aW"	216	1	2	0.00636557977203953	NA	NA
1	"27.4.aW"	217	1	2	-0.000586001403137618	NA	NA
1	"27.4.aW"	218	1	2	-0.00369320265492353	NA	NA
1	"27.4.aW"	219	1	2	-0.0119200197054877	NA	NA
1	"27.4.aW"	220	1	2	0.00309491837222247	NA	NA
1	"27.4.aW"	221	1	2	0.0018000812063932	NA	NA
1	"27.4.aW"	222	1	2	-0.00477742106784696	NA	NA
1	"27.4.aW"	223	1	2	0.000708007967756214	NA	NA
1	"27.4.aW"	224	1	2	0.00351456409725653	NA	NA
1	"27.4.aW"	225	1	2	-0.00508748561643792	NA	NA
1	"27.4.aW"	226	1	2	-0.00279389309096916	NA	NA
1	"27.4.aW"	227	1	2	0.00384240396006443	NA	NA
1	"27.4.aW"	228	1	2	-0.00540352645111889	NA	NA
1	"27.4.aW"	229	1	2	-0.00574882778346201	NA	NA
1	"27.4.aW"	230	1	2	-0.00441377659530368	NA	NA
1	"27.4.aW"	231	1	2	0.00912254856182351	NA	NA
1	"27.4.aW"	232	1	2	0.00444247902588944	NA	NA
1	"27.4.aW"	233	1	2	-0.00645134907927094	NA	NA
1	"27.4.aW"	234	1	2	-0.00657688455203542	NA	NA
1	"27.4.aW"	235	1	2	-0.0030085457179195	NA	NA
1	"27.4.aW"	236	1	2	-0.00951724438310367	NA	NA
1	"27.4.aW"	237	1	2	-0.00200319704974724	NA	NA
1	"27.4.aW"	238	1	2	-0.00643356103563811	NA	NA
1	"27.4.aW"	239	1	2	0.00176020372261084	NA	NA
1	"27.4.aW"	240	1	2	-0.00370975573266435	NA	NA
1	"27.4.aW"	241	1	2	0.00490755974030621	NA	NA
1	"27.4.aW"	242	1	2	0.0015919842414896	NA	NA
1	"27.4.aW"	243	1	2	0.00165642104459538	NA	NA
1	"27.4.aW"	244	1	2	-0.00293141773033018	NA	NA
1	"27.4.aW"	245	1	2	-0.00161242987679235	NA	NA
1	"27.4.aW"	246	1	2	0.00239913052975716	NA	NA
1	"27.4.aW"	247	1	2	-0.00554479965962871	NA	NA
1	"27.4.aW"	248	1	2	-0.00399836371127328	NA	NA
1	"27.4.aW"	249	1	2	-0.00107809129334893	NA	NA
1	"27.4.aW"	250	1	2	-0.00956875773776431	NA	NA
1	"27.4.aW"	251	1	2	-0.00475225051528339	NA	NA
1	"27.4.aW"	252	1	2	0.000671102161996806	NA	NA
1	"27.4.aW"	253	1	2	0.00400495119978891	NA	NA
1	"27.4.aW"	254	1	2	0.00470163312425919	NA	NA
1	"27.4.aW"	255	1	2	0.0164367642926009	NA	NA
1	"27.4.aW"	256	1	2	0.0134418482970529	NA	NA
1	"27.4.aW"	257	1	2	-0.00606276215172517	NA	NA
1	"27.4.aW"	258	1	2	0.00108678870486282	NA	NA
1	"27.4.aW"	259	1	2	0.00286497573713304	NA	NA
1	"27.4.aW"	260	1	2	0.0105614807230369	NA	NA
1	"27.4.aW"	261	1	2	-0.00568485273196048	NA	NA
1	"27.4.aW"	262	1	2	0.0191753395877505	NA	NA
1	"27.4.aW"	263	1	2	-0.00661824930741718	NA	NA
1	"27.4.aW"	264	1	2	0.0126598114432477	NA	NA
1	"27.4.aW"	265	1	2	0.000390289872906974	NA	NA
1	"27.4.aW"	266	1	2	0.00313669373586451	NA	NA
1	"27.4.aW"	267	1	2	0.00608412161272491	NA	NA
1	"27.4.aW"	268	1	2	0.00136283589250605	NA	NA
1	"27.4.aW"	269	1	2	-0.0117871467949165	NA	NA
1	"27.4.aW"	270	1	2	0.0056786021108977	NA	NA
1	"27.4.aW"	271	1	2	0.0078180068706585	NA	NA
1	"27.4.aW"	272	1	2	-0.011342798065366	NA	NA
1	"27.4.aW"	273	1	2	-0.0108918702402349	NA	NA
1	"27.4.aW"	274	1	2	0.00318714479101819	NA	NA
1	"27.4.aW"	275	1	2	0.00316097345994841	NA	NA
1	"27.4.aW"	276	1	2	-0.00603999016458806	NA	NA
1	"27.4.aW"	277	1	2	-0.00841273847748935	NA	NA
1	"27.4.aW"	278	1	2	-0.00753426062170642	NA	NA
1	"27.4.aW"	279	1	2	0.00971380062772463	NA	NA
1	"27.4.aW"	280	1	2	-0.00675697351382699	NA	NA
1	"27.4.aW"	281	1	2	-0.00329218842261324	NA	NA
1	"27.4.aW"	282	1	2	0.00237454504281519	NA	NA
1	"27.4.aW"	283	1	2	-0.00622573409289509	NA	NA
1	"27.4.aW"	284	1	2	0.00601779755156451	NA	NA
1	"27.4.aW"	285	1	2	-0.00695851951600683	NA	NA
1	"27.4.aW"	286	1	2	0.0107299750365153	NA	NA
1	"27.4.aW"	287	1	2	-0.00706986051672056	NA	NA
1	"27.4.aW"	288	1	2	-0.0059762316923284	NA	NA
1	"27.4.aW"	289	1	2	-0.00174093891198437	NA	NA
1	"27.4.aW"	290	1	2	0.00876866046359202	NA	NA
1	"27.4.aW"	291	1	2	-0.00373598445701987	NA	NA
1	"27.4.aW"	292	1	2	-0.0177556385817937	NA	NA
1	"27.4.aW"	293	1	2	-0.00340351002676568	NA	NA
1	"27.4.aW"	294	1	2	-0.00272798685416371	NA	NA
1	"27.4.aW"	295	1	2	0.0102580178968514	NA	NA
1	"27.4.aW"	296	1	2	0.0181297102873523	NA	NA
1	"27.4.aW"	297	1	2	-0.00424301252900858	NA	NA
1	"27.4.aW"	298	1	2	0.00572283449793672	NA	NA
1	"27.4.aW"	299	1	2	0.00279161244318034	NA	NA
1	"27.4.aW"	300	1	2	-0.00110531136676599	NA	NA
1	"27.4.aW"	301	1	2	0.00187400032822273	NA	NA
1	"27.4.aW"	302	1	2	0.00384963620223377	NA	NA
1	"27.4.aW"	303	1	2	0.000103078423785523	NA	NA
1	"27.4.aW"	304	1	2	-0.00876546020509286	NA	NA
1	"27.4.aW"	305	1	2	-0.0130590052111585	NA	NA
1	"27.4.aW"	306	1	2	-0.00717424566702974	NA	NA
1	"27.4.aW"	307	1	2	0.00097038872279148	NA	NA
1	"27.4.aW"	308	1	2	-0.00167625589467531	NA	NA
1	"27.4.aW"	309	1	2	0.00139470304189999	NA	NA
1	"27.4.aW"	310	1	2	0.00243767968034544	NA	NA
1	"27.4.aW"	311	1	2	0.0057673889082208	NA	NA
1	"27.4.aW"	312	1	2	0.00546457099023734	NA	NA
1	"27.4.aW"	313	1	2	0.00167809295777631	NA	NA
1	"27.4.aW"	314	1	2	-0.00264163893010915	NA	NA
1	"27.4.aW"	315	1	2	0.00173570762375101	NA	NA
1	"27.4.aW"	316	1	2	0.00435327291564587	NA	NA
1	"27.4.aW"	317	1	2	0.000565788399264368	NA	NA
1	"27.4.aW"	318	1	2	-0.00287966417375266	NA	NA
1	"27.4.aW"	319	1	2	0.00150089381698782	NA	NA
1	"27.4.aW"	320	1	2	-0.0105807987156796	NA	NA
1	"27.4.aW"	321	1	2	-0.0107278555289428	NA	NA
1	"27.4.aW"	322	1	2	-0.00630995842226798	NA	NA
1	"27.4.aW"	323	1	2	-0.00579226035021074	NA	NA
1	"27.4.aW"	324	1	2	0.000608544033380425	NA	NA
1	"27.4.aW"	325	1	2	-0.011710886668257	NA	NA
1	"27.4.aW"	326	1	2	-0.0038062252073247	NA	NA
1	"27.4.aW"	327	1	2	0.00721116366011157	NA	NA
1	"27.4.aW"	328	1	2	0.00901000411198292	NA	NA
1	"27.4.aW"	329	1	2	-0.00699210387587799	NA	NA
1	"27.4.aW"	330	1	2	0.00522954936493244	NA	NA
1	"27.4.aW"	331	1	2	-0.00149476659049265	NA	NA
1	"27.4.aW"	332	1	2	-0.000466484228102772	NA	NA
1	"27.4.aW"	333	1	2	0.0139547748459291	NA	NA
1	"27.4.aW"	334	1	2	-0.00775529591175195	NA	NA
1	"27.4.aW"	335	1	2	-0.0114157099072757	NA	NA
1	"27.4.aW"	336	1	2	-0.0031415232201388	NA	NA
1	"27.4.aW"	337	1	2	0.00362200136900088	NA	NA
1	"27.4.aW"	338	1	2	0.00970240074643841	NA	NA
1	"27.4.aW"	339	1	2	-0.000186652075840668	NA	NA
1	"27.4.aW"	340	1	2	0.0115128857314277	NA	NA
1	"27.4.aW"	341	1	2	0.00588478961478453	NA	NA
1	"27.4.aW"	342	1	2	-0.00031325046873425	NA	NA
1	"27.4.aW"	343	1	2	0.00494011888869148	NA	NA
1	"27.4.aW"	344	1	2	-0.0143860202491923	NA	NA
1	"27.4.aW"	345	1	2	-0.00675922468254941	NA	NA
1	"27.4.aW"	346	1	2	-0.00748875271778402	NA	NA
1	"27.4.aW"	347	1	2	0.00516291816457716	NA	NA
1	"27.4.aW"	348	1	2	0.00914322646823819	NA	NA
1	"27.4.aW"	349	1	2	0.00150205000092855	NA	NA
1	"27.4.aW"	350	1	2	9.46049781753912e-06	NA	NA
1	"27.4.aW"	351	1	2	0.00519429395822737	NA	NA
1	"27.4.aW"	352	1	2	0.00830941786534143	NA	NA
1	"27.4.aW"	353	1	2	0.0148257735424338	NA	NA
1	"27.4.aW"	354	1	2	-0.00770083026043924	NA	NA
1	"27.4.aW"	355	1	2	0.0019651142904931	NA	NA
1	"27.4.aW"	356	1	2	0.00241607243005005	NA	NA
1	"27.4.aW"	357	1	2	0.00218087804417136	NA	NA
1	"27.4.aW"	358	1	2	0.0140988952954153	NA	NA
1	"27.4.aW"	359	1	2	0.00626120255559228	NA	NA
1	"27.4.aW"	360	1	2	-0.00841469362816808	NA	NA
1	"27.4.aW"	361	1	2	-0.0105231921149426	NA	NA
1	"27.4.aW"	362	1	2	0.00373457816193907	NA	NA
1	"27.4.aW"	363	1	2	-0.00186200520910112	NA	NA
1	"27.4.aW"	364	1	2	0.00333978465862892	NA	NA
1	"27.4.aW"	365	1	2	0.00163161617997832	NA	NA
1	"27.4.aW"	366	1	2	-0.00632410823434339	NA	NA
1	"27.4.aW"	367	1	2	-0.00635353760128551	NA	NA
1	"27.4.aW"	368	1	2	0.0032141634401279	NA	NA
1	"27.4.aW"	369	1	2	-0.00989856465666559	NA	NA
1	"27.4.aW"	370	1	2	-0.00222496896551137	NA	NA
1	"27.4.aW"	371	1	2	0.00118734570092748	NA	NA
1	"27.4.aW"	372	1	2	0.00684173341242301	NA	NA
1	"27.4.aW"	373	1	2	0.0127693547094006	NA	NA
1	"27.4.aW"	374	1	2	0.00066121363501496	NA	NA
1	"27.4.aW"	375	1	2	-0.0128778796509522	NA	NA
1	"27.4.aW"	376	1	2	0.00650556798843049	NA	NA
1	"27.4.aW"	377	1	2	-0.00356447512191532	NA	NA
1	"27.4.aW"	378	1	2	0.0133737299800921	NA	NA
1	"27.4.aW"	379	1	2	0.00442215024074007	NA	NA
1	"27.4.aW"	380	1	2	-0.00262865818335253	NA	NA
1	"27.4.aW"	381	1	2	-0.00103399480411373	NA	NA
1	"27.4.aW"	382	1	2	-0.00455251795431571	NA	NA
1	"27.4.aW"	383	1	2	0.00088713689123107	NA	NA
1	"27.4.aW"	384	1	2	-0.0114416454372508	NA	NA
1	"27.4.aW"	385	1	2	-0.00395295979074193	NA	NA
1	"27.4.aW"	386	1	2	-0.00234712162933079	NA	NA
1	"27.4.aW"	387	1	2	-0.00387899420546683	NA	NA
1	"27.4.aW"	388	1	2	-0.00191356593890661	NA	NA
1	"27.4.aW"	389	1	2	-0.0102323303296784	NA	NA
1	"27.4.aW"	390	1	2	0.000135656704766115	NA	NA
1	"27.4.aW"	391	1	2	0.00163227550831213	NA	NA
1	"27.4.aW"	392	1	2	0.000958705571619163	NA	NA
1	"27.4.aW"	393	1	2	0.00138962874134147	NA	NA
1	"27.4.aW"	394	1	2	-0.0128265999131404	NA	NA
1	"27.4.aW"	395	1	2	-0.0153925072528103	NA	NA
1	"27.4.aW"	396	1	2	0.00411726134811153	NA	NA
1	"27.4.aW"	397	1	2	0.00372098766373111	NA	NA
1	"27.4.aW"	398	1	2	-0.00108120550402856	NA	NA
1	"27.4.aW"	399	1	2	-0.00222047338250616	NA	NA
1	"27.4.aW"	400	1	2	0.0136887393801329	NA	NA
