"Iteration"	"tau_Intercept"
1	179.149666078835
2	174.698619924752
3	174.507107006927
4	177.517060141354
5	182.333607417775
6	182.692063524657
7	178.062233319552
8	183.479911457834
9	180.269398096126
10	178.937294005384
11	179.651619914675
12	183.90524745635
13	183.483076225942
14	181.008876005657
15	181.995239692173
16	183.735797008805
17	179.838010557086
18	177.76596888639
19	178.645961413216
20	184.655441182113
21	184.02234378749
22	179.893276944833
23	180.369458922366
24	184.074227196456
25	182.555451540067
26	178.062463803767
27	187.559743592997
28	176.717316827009
29	185.062918355125
30	183.870920212522
31	178.444676642786
32	184.549846015639
33	182.475001319815
34	177.084740641784
35	180.226060405143
36	184.783972441604
37	183.017410241709
38	185.439892682377
39	185.194510900165
40	180.278358112567
41	184.120776111574
42	189.064581912444
43	179.852061451913
44	180.823354156352
45	180.177006611595
46	179.569283936312
47	183.356607063532
48	184.054240705825
49	187.962441262814
50	183.487150429509
51	178.717399406177
52	180.909879914207
53	178.379028797247
54	182.278892550765
55	181.277287579532
56	177.185589098218
57	184.232162619072
58	187.110507727122
59	178.387889148499
60	180.519895092376
61	179.755004738261
62	187.450884552546
63	184.014493532652
64	178.91178112945
65	185.94461260686
66	183.716041850476
67	178.955714844482
68	183.44081617475
69	183.32254540551
70	183.017692330129
71	184.09380429705
72	175.685192691343
73	178.761971142681
74	181.804701263977
75	190.054884502725
76	182.911621672879
77	179.888167245148
78	179.809090049869
79	180.819561796565
80	182.370172471052
81	181.405753648642
82	183.691102850697
83	179.140285790688
84	170.294025155255
85	175.106737013745
86	184.402920994584
87	178.86528433228
88	180.360908464211
89	175.589599974359
90	173.806038888505
91	182.45439666456
92	183.510340405581
93	182.101397630657
94	178.210288425188
95	182.716764734787
96	179.536925985539
97	183.068041345714
98	179.904922856599
99	184.049343732811
100	180.25592324262
101	184.434181167234
102	181.560970827518
103	185.09777683654
104	175.033604626976
105	177.542538043746
106	183.66101908153
107	179.885825455104
108	178.071288741555
109	186.286237694618
110	181.630156290931
111	183.374708273856
112	181.798507607296
113	180.783472121876
114	181.026202829116
115	189.047138177394
116	185.851798828364
117	178.802935594793
118	178.292310898731
119	179.298907580553
120	185.494964286016
121	180.407035521563
122	186.535463072229
123	183.81456855847
124	179.953593840988
125	178.684655339168
126	178.843288394565
127	183.368174885486
128	186.004374464408
129	186.009199874977
130	185.274443095608
131	177.519725730578
132	185.704405204905
133	178.212998650024
134	185.149985534028
135	182.647492822452
136	185.133750282522
137	181.451659946476
138	187.875681071588
139	178.812392803125
140	180.34907357103
141	181.696238608013
142	183.371483984771
143	183.010433313949
144	187.146054780234
145	184.002993747066
146	183.610063610405
147	179.91803041736
148	178.590851861901
149	179.390301440259
150	175.348639207857
151	179.885098162988
152	185.277449523659
153	186.090794812238
154	187.187074734781
155	180.065989467427
156	179.840963032597
157	184.321717825435
158	182.812268813995
159	181.30034727231
160	180.150848961143
161	183.319560562608
162	175.749143612967
163	183.254434494408
164	179.309086193139
165	185.09827343194
166	179.92992429687
167	180.048758513431
168	183.776619752145
169	181.637373975921
170	181.959755954325
171	179.443362243567
172	184.976412726191
173	181.664895847894
174	181.976721567676
175	190.587228684834
176	179.487262851324
177	185.717556776604
178	177.863478454852
179	183.119522074813
180	179.70016875268
181	188.13420638424
182	186.547860690905
183	186.107091702805
184	182.510886556346
185	184.247740864984
186	185.659530003736
187	185.376578895587
188	181.330534347134
189	175.746605030767
190	186.955235914323
191	180.74729664325
192	180.375232461021
193	185.804638394658
194	171.432121156109
195	187.481089384082
196	173.835098822688
197	183.287199828486
198	181.420262691769
199	175.096807944701
200	173.118595831104
201	180.663299111466
202	181.919616032056
203	186.141218725196
204	185.979778364407
205	181.924435055186
206	180.432901504591
207	177.996042618811
208	179.997867889309
209	181.894511135576
210	181.979009634654
211	185.404459907389
212	179.014221724627
213	179.241132233514
214	187.3486561495
215	180.63376397299
216	174.936056488194
217	186.428287594808
218	183.010544512154
219	184.673898639959
220	174.433530673918
221	180.641074948757
222	183.240069839187
223	183.782559005647
224	184.150300923981
225	186.206427288011
226	180.772612434692
227	177.593113626366
228	184.880880682478
229	177.984182224559
230	183.710618996378
231	181.066520485741
232	175.718879066126
233	182.947040476514
234	186.637064930448
235	182.161491962606
236	183.938737251786
237	182.879972483019
238	180.160469016791
239	180.168934797681
240	186.666241139991
241	181.084425861158
242	181.483192604189
243	181.36977509761
244	180.371776654825
245	188.710863107598
246	180.46640947066
247	173.686350113134
248	187.114533310539
249	177.615466681067
250	181.798562754251
251	175.422793782938
252	179.854128589858
253	179.578727352655
254	176.870497623784
255	183.162827916627
256	185.937112896042
257	179.499138344266
258	186.504212854322
259	181.774955783935
260	178.988139336736
261	179.504701352614
262	180.9256894997
263	183.375761599119
264	189.569817192184
265	181.30355413644
266	189.818757322572
267	184.665470972874
268	185.071587217289
269	179.88250813054
270	179.080299494251
271	185.737932989578
272	185.457048671679
273	183.573373146548
274	174.156054558087
275	183.308513474066
276	175.718936524188
277	187.415020516572
278	178.231787164476
279	182.023199039613
280	175.861273571868
281	188.764931701851
282	192.225180063807
283	184.845628091459
284	183.518078901821
285	185.231691985497
286	182.828039902814
287	180.785862048951
288	179.93014863072
289	181.370059236739
290	178.528375829523
291	188.001464180645
292	184.343854949721
293	178.168249423581
294	183.804785038934
295	177.270464822987
296	186.385625347906
297	179.465546730979
298	182.198876597569
299	183.316262478395
300	187.947804084611
301	180.882814287471
302	180.224505890614
303	176.568820617221
304	184.668107602697
305	177.456155435448
306	180.070149367892
307	181.352899022917
308	179.574629415053
309	182.3130633895
310	180.26451041008
311	183.8086669412
312	180.867845298621
313	180.360913323931
314	181.294664777059
315	185.025599016735
316	181.468973654714
317	184.172205544684
318	191.263005496815
319	188.165128293256
320	180.188704243822
321	186.065349636573
322	178.838846348483
323	181.171089889547
324	178.410513289275
325	175.603317688261
326	176.867924068733
327	182.537262149388
328	183.287302533547
329	185.575628794003
330	180.863324336485
331	184.112979949058
332	181.806389626022
333	180.107351365687
334	179.757214608364
335	182.501569721116
336	177.758009002502
337	181.623281272053
338	180.133318397994
339	180.509101300045
340	180.592649598806
341	181.750388728163
342	186.311879142891
343	180.362910346781
344	188.378567264994
345	184.000739301358
346	175.662381668472
347	172.520119213599
348	177.684442951381
349	181.029708049614
350	179.932860608772
351	190.384452032901
352	176.315370573813
353	191.02531475364
354	175.166411230097
355	182.153455000186
356	182.242616360236
357	180.238149941848
358	180.060599183705
359	186.251444835973
360	187.970312222835
361	182.485139583907
362	178.584512322593
363	175.125236924733
364	182.013657356295
365	183.439822604984
366	177.971522074402
367	187.438622904561
368	172.654791698844
369	175.354530448082
370	188.177564850903
371	183.678165070297
372	178.959584780631
373	182.501239704994
374	184.224803362735
375	179.726350786617
376	178.170449214945
377	183.921803452828
378	189.196133510271
379	185.6674034627
380	184.695020694162
381	183.741332485393
382	177.68119567415
383	185.498835944492
384	184.692010655
385	184.346857400581
386	183.56615858543
387	182.574184437975
388	184.585855845523
389	186.329875494635
390	181.053776525562
391	183.966428491672
392	178.811078849175
393	183.422242714011
394	177.890884365095
395	177.094902672743
396	177.048264478582
397	185.14302601923
398	184.136575689809
399	181.052614042611
400	178.709182687688
