"Age"	"Level"	"Iteration"	"AgeIndex"	"LevelIndex"	"Intercept"	"tau_Intercept"	"ar_Intercept"
1	"Q2"	1	1	1	0.0409489310881294	NA	NA
1	"Q2"	2	1	1	0.0555301127716721	NA	NA
1	"Q2"	3	1	1	0.0242997501707843	NA	NA
1	"Q2"	4	1	1	0.0566869662578562	NA	NA
1	"Q2"	5	1	1	0.0322520455766048	NA	NA
1	"Q2"	6	1	1	0.0306314844929354	NA	NA
1	"Q2"	7	1	1	0.0249208733298874	NA	NA
1	"Q2"	8	1	1	0.0472426444306196	NA	NA
1	"Q2"	9	1	1	0.0254570599417964	NA	NA
1	"Q2"	10	1	1	0.0384308965690591	NA	NA
1	"Q2"	11	1	1	0.0257498519240494	NA	NA
1	"Q2"	12	1	1	0.0393632920298393	NA	NA
1	"Q2"	13	1	1	0.0380902761507788	NA	NA
1	"Q2"	14	1	1	0.0229066512104658	NA	NA
1	"Q2"	15	1	1	0.0191609762284944	NA	NA
1	"Q2"	16	1	1	0.0298940266419955	NA	NA
1	"Q2"	17	1	1	0.0353295171404221	NA	NA
1	"Q2"	18	1	1	0.0359622296870633	NA	NA
1	"Q2"	19	1	1	0.039015191068621	NA	NA
1	"Q2"	20	1	1	0.0199982052400207	NA	NA
1	"Q2"	21	1	1	0.0400294940356675	NA	NA
1	"Q2"	22	1	1	0.0468368263036867	NA	NA
1	"Q2"	23	1	1	0.0228028624879359	NA	NA
1	"Q2"	24	1	1	0.0257309715853096	NA	NA
1	"Q2"	25	1	1	0.0222634844931334	NA	NA
1	"Q2"	26	1	1	0.036037373924755	NA	NA
1	"Q2"	27	1	1	0.032196104422308	NA	NA
1	"Q2"	28	1	1	0.0450412294495741	NA	NA
1	"Q2"	29	1	1	0.0182859229761784	NA	NA
1	"Q2"	30	1	1	0.0236778002371826	NA	NA
1	"Q2"	31	1	1	0.038818760774472	NA	NA
1	"Q2"	32	1	1	0.0435374885390493	NA	NA
1	"Q2"	33	1	1	0.0125674063713301	NA	NA
1	"Q2"	34	1	1	0.0156972583890695	NA	NA
1	"Q2"	35	1	1	0.03901362520351	NA	NA
1	"Q2"	36	1	1	0.0249729589796027	NA	NA
1	"Q2"	37	1	1	0.0139448474089085	NA	NA
1	"Q2"	38	1	1	0.029660335533615	NA	NA
1	"Q2"	39	1	1	0.0306323061750757	NA	NA
1	"Q2"	40	1	1	0.0247957120092709	NA	NA
1	"Q2"	41	1	1	0.0439722931177228	NA	NA
1	"Q2"	42	1	1	0.019151434219772	NA	NA
1	"Q2"	43	1	1	0.041973259697746	NA	NA
1	"Q2"	44	1	1	0.0363990769589117	NA	NA
1	"Q2"	45	1	1	0.0219717885312492	NA	NA
1	"Q2"	46	1	1	0.0293813302466198	NA	NA
1	"Q2"	47	1	1	0.0487717586400644	NA	NA
1	"Q2"	48	1	1	0.0291930000071917	NA	NA
1	"Q2"	49	1	1	0.0410759164070468	NA	NA
1	"Q2"	50	1	1	0.0297718947231581	NA	NA
1	"Q2"	51	1	1	0.0389956598872397	NA	NA
1	"Q2"	52	1	1	0.0210732687539227	NA	NA
1	"Q2"	53	1	1	0.0318376245383451	NA	NA
1	"Q2"	54	1	1	0.035800561544813	NA	NA
1	"Q2"	55	1	1	0.0164368631866979	NA	NA
1	"Q2"	56	1	1	0.0277554833736275	NA	NA
1	"Q2"	57	1	1	0.0487399609510813	NA	NA
1	"Q2"	58	1	1	0.0313167217592728	NA	NA
1	"Q2"	59	1	1	0.0203576590012682	NA	NA
1	"Q2"	60	1	1	0.0356384792213045	NA	NA
1	"Q2"	61	1	1	0.0269901319955975	NA	NA
1	"Q2"	62	1	1	0.0387614952255096	NA	NA
1	"Q2"	63	1	1	0.019902693001716	NA	NA
1	"Q2"	64	1	1	0.0296506892952772	NA	NA
1	"Q2"	65	1	1	0.02617829827831	NA	NA
1	"Q2"	66	1	1	0.0521151560528731	NA	NA
1	"Q2"	67	1	1	0.0148128323738049	NA	NA
1	"Q2"	68	1	1	0.0389710464742248	NA	NA
1	"Q2"	69	1	1	0.0442880128959241	NA	NA
1	"Q2"	70	1	1	0.0436947349900767	NA	NA
1	"Q2"	71	1	1	0.0255562751602026	NA	NA
1	"Q2"	72	1	1	0.0182925984070152	NA	NA
1	"Q2"	73	1	1	0.0407955842252031	NA	NA
1	"Q2"	74	1	1	0.012323902489804	NA	NA
1	"Q2"	75	1	1	0.0436397837630594	NA	NA
1	"Q2"	76	1	1	0.0195164334808144	NA	NA
1	"Q2"	77	1	1	0.0286858209138053	NA	NA
1	"Q2"	78	1	1	0.043504468902027	NA	NA
1	"Q2"	79	1	1	0.0229113420596239	NA	NA
1	"Q2"	80	1	1	0.0186374419422858	NA	NA
1	"Q2"	81	1	1	0.0277885826108385	NA	NA
1	"Q2"	82	1	1	0.0352327612423999	NA	NA
1	"Q2"	83	1	1	0.0346619873277111	NA	NA
1	"Q2"	84	1	1	0.0236208548691629	NA	NA
1	"Q2"	85	1	1	0.017519740966062	NA	NA
1	"Q2"	86	1	1	0.0274702118373787	NA	NA
1	"Q2"	87	1	1	0.0301446811807024	NA	NA
1	"Q2"	88	1	1	0.0268330999553732	NA	NA
1	"Q2"	89	1	1	0.0377169370200203	NA	NA
1	"Q2"	90	1	1	0.0267876370848916	NA	NA
1	"Q2"	91	1	1	0.0196006800224585	NA	NA
1	"Q2"	92	1	1	0.0327783992209285	NA	NA
1	"Q2"	93	1	1	0.0163706880181562	NA	NA
1	"Q2"	94	1	1	0.0201520589671875	NA	NA
1	"Q2"	95	1	1	0.03126720124138	NA	NA
1	"Q2"	96	1	1	0.0326611428568277	NA	NA
1	"Q2"	97	1	1	0.0415709681572898	NA	NA
1	"Q2"	98	1	1	0.0244257153283772	NA	NA
1	"Q2"	99	1	1	0.0172797571895384	NA	NA
1	"Q2"	100	1	1	0.0252856105077738	NA	NA
1	"Q2"	101	1	1	0.0195623165182137	NA	NA
1	"Q2"	102	1	1	0.0288836764465897	NA	NA
1	"Q2"	103	1	1	0.0273556291555938	NA	NA
1	"Q2"	104	1	1	0.0455718714684874	NA	NA
1	"Q2"	105	1	1	0.033474375747327	NA	NA
1	"Q2"	106	1	1	0.0265458036300972	NA	NA
1	"Q2"	107	1	1	0.0353635403743392	NA	NA
1	"Q2"	108	1	1	0.0451798039913316	NA	NA
1	"Q2"	109	1	1	0.0419684220967774	NA	NA
1	"Q2"	110	1	1	0.0193982054912183	NA	NA
1	"Q2"	111	1	1	0.0461812242859388	NA	NA
1	"Q2"	112	1	1	0.0484170537414531	NA	NA
1	"Q2"	113	1	1	0.0413312404644072	NA	NA
1	"Q2"	114	1	1	0.0283806284917907	NA	NA
1	"Q2"	115	1	1	0.0280109207410365	NA	NA
1	"Q2"	116	1	1	0.0392507995135698	NA	NA
1	"Q2"	117	1	1	0.0309253907064673	NA	NA
1	"Q2"	118	1	1	0.0261839325559264	NA	NA
1	"Q2"	119	1	1	0.0361565907354991	NA	NA
1	"Q2"	120	1	1	0.0253711544126138	NA	NA
1	"Q2"	121	1	1	0.0270174256241574	NA	NA
1	"Q2"	122	1	1	0.0321737146066046	NA	NA
1	"Q2"	123	1	1	0.0462388956559937	NA	NA
1	"Q2"	124	1	1	0.0339142356032661	NA	NA
1	"Q2"	125	1	1	0.0451893555019819	NA	NA
1	"Q2"	126	1	1	0.0253085836663436	NA	NA
1	"Q2"	127	1	1	0.0495766625130254	NA	NA
1	"Q2"	128	1	1	0.0381569658318575	NA	NA
1	"Q2"	129	1	1	0.0374901797952606	NA	NA
1	"Q2"	130	1	1	0.0393824834911213	NA	NA
1	"Q2"	131	1	1	0.0663987368286925	NA	NA
1	"Q2"	132	1	1	0.022971528428374	NA	NA
1	"Q2"	133	1	1	0.0388125076352932	NA	NA
1	"Q2"	134	1	1	0.0328462450618037	NA	NA
1	"Q2"	135	1	1	0.0422720746435804	NA	NA
1	"Q2"	136	1	1	0.0238916827543798	NA	NA
1	"Q2"	137	1	1	0.0281130412416031	NA	NA
1	"Q2"	138	1	1	0.030620796270246	NA	NA
1	"Q2"	139	1	1	0.0374192934151552	NA	NA
1	"Q2"	140	1	1	0.0255826145434816	NA	NA
1	"Q2"	141	1	1	0.023281904386403	NA	NA
1	"Q2"	142	1	1	0.0410461293105741	NA	NA
1	"Q2"	143	1	1	0.0225637711903367	NA	NA
1	"Q2"	144	1	1	0.0250715227549385	NA	NA
1	"Q2"	145	1	1	0.0426388412261198	NA	NA
1	"Q2"	146	1	1	0.0341770721044745	NA	NA
1	"Q2"	147	1	1	0.0361578250052418	NA	NA
1	"Q2"	148	1	1	0.0572353952702916	NA	NA
1	"Q2"	149	1	1	0.0335343196468074	NA	NA
1	"Q2"	150	1	1	0.0411825706515727	NA	NA
1	"Q2"	151	1	1	0.0495773693151347	NA	NA
1	"Q2"	152	1	1	0.0270415288074499	NA	NA
1	"Q2"	153	1	1	0.0390779727165193	NA	NA
1	"Q2"	154	1	1	0.0184112993707186	NA	NA
1	"Q2"	155	1	1	0.0454182099676031	NA	NA
1	"Q2"	156	1	1	0.0363527578896803	NA	NA
1	"Q2"	157	1	1	0.034124219424537	NA	NA
1	"Q2"	158	1	1	0.0239317947740554	NA	NA
1	"Q2"	159	1	1	0.0235906067284093	NA	NA
1	"Q2"	160	1	1	0.0342969994176767	NA	NA
1	"Q2"	161	1	1	0.0343113075196183	NA	NA
1	"Q2"	162	1	1	0.0388534792667101	NA	NA
1	"Q2"	163	1	1	0.0288737538577487	NA	NA
1	"Q2"	164	1	1	0.0471946811606277	NA	NA
1	"Q2"	165	1	1	0.0378079345734239	NA	NA
1	"Q2"	166	1	1	0.0328222086963453	NA	NA
1	"Q2"	167	1	1	0.0246071294709259	NA	NA
1	"Q2"	168	1	1	0.0258400538956757	NA	NA
1	"Q2"	169	1	1	0.0255290698027387	NA	NA
1	"Q2"	170	1	1	0.031542345703463	NA	NA
1	"Q2"	171	1	1	0.0282246012578676	NA	NA
1	"Q2"	172	1	1	0.0246210716171983	NA	NA
1	"Q2"	173	1	1	0.0313484630474087	NA	NA
1	"Q2"	174	1	1	0.0445444211812944	NA	NA
1	"Q2"	175	1	1	0.0517194145904593	NA	NA
1	"Q2"	176	1	1	0.0406101624970624	NA	NA
1	"Q2"	177	1	1	0.0304791489515217	NA	NA
1	"Q2"	178	1	1	0.0238169470903948	NA	NA
1	"Q2"	179	1	1	0.0402869281145524	NA	NA
1	"Q2"	180	1	1	0.0262824525068372	NA	NA
1	"Q2"	181	1	1	0.0310075551627647	NA	NA
1	"Q2"	182	1	1	0.00559531061076336	NA	NA
1	"Q2"	183	1	1	0.0243298211371579	NA	NA
1	"Q2"	184	1	1	0.0414816089512863	NA	NA
1	"Q2"	185	1	1	0.0557733212988324	NA	NA
1	"Q2"	186	1	1	0.0270508566702837	NA	NA
1	"Q2"	187	1	1	0.0315112861888764	NA	NA
1	"Q2"	188	1	1	0.0320279603618322	NA	NA
1	"Q2"	189	1	1	0.0144769831731733	NA	NA
1	"Q2"	190	1	1	0.00517454454751472	NA	NA
1	"Q2"	191	1	1	0.0413168867943924	NA	NA
1	"Q2"	192	1	1	0.0275351054372815	NA	NA
1	"Q2"	193	1	1	0.0228476415217846	NA	NA
1	"Q2"	194	1	1	0.0296530111281733	NA	NA
1	"Q2"	195	1	1	0.00661239613063713	NA	NA
1	"Q2"	196	1	1	0.0154865167311159	NA	NA
1	"Q2"	197	1	1	0.0275397694524806	NA	NA
1	"Q2"	198	1	1	0.017150898725319	NA	NA
1	"Q2"	199	1	1	0.0335096959933756	NA	NA
1	"Q2"	200	1	1	0.0396934968243434	NA	NA
1	"Q2"	201	1	1	0.0260949094443439	NA	NA
1	"Q2"	202	1	1	0.0337282045675247	NA	NA
1	"Q2"	203	1	1	0.0373324323823385	NA	NA
1	"Q2"	204	1	1	0.0374232493189884	NA	NA
1	"Q2"	205	1	1	0.0428138792232029	NA	NA
1	"Q2"	206	1	1	0.0391810410036276	NA	NA
1	"Q2"	207	1	1	0.0353960907792581	NA	NA
1	"Q2"	208	1	1	0.03997810652472	NA	NA
1	"Q2"	209	1	1	0.0473235763564869	NA	NA
1	"Q2"	210	1	1	0.0326299308951495	NA	NA
1	"Q2"	211	1	1	0.0449685180499943	NA	NA
1	"Q2"	212	1	1	0.0347710093005297	NA	NA
1	"Q2"	213	1	1	0.0384192859599917	NA	NA
1	"Q2"	214	1	1	0.0255589615256515	NA	NA
1	"Q2"	215	1	1	0.0334437776646537	NA	NA
1	"Q2"	216	1	1	0.0524570692194027	NA	NA
1	"Q2"	217	1	1	0.0372281367355901	NA	NA
1	"Q2"	218	1	1	0.0312233869631532	NA	NA
1	"Q2"	219	1	1	0.039750722405266	NA	NA
1	"Q2"	220	1	1	0.0257816427932327	NA	NA
1	"Q2"	221	1	1	0.0541534555106451	NA	NA
1	"Q2"	222	1	1	0.0241973275375442	NA	NA
1	"Q2"	223	1	1	0.0415967141827843	NA	NA
1	"Q2"	224	1	1	0.0443208315979851	NA	NA
1	"Q2"	225	1	1	0.0289220105287428	NA	NA
1	"Q2"	226	1	1	0.0401716236402223	NA	NA
1	"Q2"	227	1	1	-0.00236480284504503	NA	NA
1	"Q2"	228	1	1	0.0244281847855878	NA	NA
1	"Q2"	229	1	1	0.0368654536955561	NA	NA
1	"Q2"	230	1	1	0.0164790990423507	NA	NA
1	"Q2"	231	1	1	0.0279274321718916	NA	NA
1	"Q2"	232	1	1	0.0255726894750671	NA	NA
1	"Q2"	233	1	1	0.0390533035946765	NA	NA
1	"Q2"	234	1	1	0.0139873860297485	NA	NA
1	"Q2"	235	1	1	0.0162248777702672	NA	NA
1	"Q2"	236	1	1	0.0353743712469514	NA	NA
1	"Q2"	237	1	1	0.0263581333838811	NA	NA
1	"Q2"	238	1	1	0.0332028471020081	NA	NA
1	"Q2"	239	1	1	0.0149656167652478	NA	NA
1	"Q2"	240	1	1	0.033067826685061	NA	NA
1	"Q2"	241	1	1	0.0481425683873906	NA	NA
1	"Q2"	242	1	1	0.0364651560459738	NA	NA
1	"Q2"	243	1	1	0.0468230855464933	NA	NA
1	"Q2"	244	1	1	0.0346309521247345	NA	NA
1	"Q2"	245	1	1	0.0328304602492451	NA	NA
1	"Q2"	246	1	1	0.0256801492722475	NA	NA
1	"Q2"	247	1	1	0.0423219489279444	NA	NA
1	"Q2"	248	1	1	0.0313791505811614	NA	NA
1	"Q2"	249	1	1	0.0228967308691702	NA	NA
1	"Q2"	250	1	1	0.0232146495452137	NA	NA
1	"Q2"	251	1	1	0.043881417168241	NA	NA
1	"Q2"	252	1	1	0.0331828457896541	NA	NA
1	"Q2"	253	1	1	0.00863895943564559	NA	NA
1	"Q2"	254	1	1	0.0377130422829718	NA	NA
1	"Q2"	255	1	1	0.0452606114313437	NA	NA
1	"Q2"	256	1	1	0.0248891576047843	NA	NA
1	"Q2"	257	1	1	0.0360148413090063	NA	NA
1	"Q2"	258	1	1	0.0300465024812779	NA	NA
1	"Q2"	259	1	1	0.0241851177325626	NA	NA
1	"Q2"	260	1	1	0.0265003661714007	NA	NA
1	"Q2"	261	1	1	0.0227229853683144	NA	NA
1	"Q2"	262	1	1	0.0217298260122866	NA	NA
1	"Q2"	263	1	1	0.0316494776399459	NA	NA
1	"Q2"	264	1	1	0.0333992308915134	NA	NA
1	"Q2"	265	1	1	0.0275862760323111	NA	NA
1	"Q2"	266	1	1	0.0189515311387429	NA	NA
1	"Q2"	267	1	1	0.0185830369864086	NA	NA
1	"Q2"	268	1	1	0.0119180418103709	NA	NA
1	"Q2"	269	1	1	0.036615908484304	NA	NA
1	"Q2"	270	1	1	0.0428426182523359	NA	NA
1	"Q2"	271	1	1	0.0369642794460995	NA	NA
1	"Q2"	272	1	1	0.0367142480625822	NA	NA
1	"Q2"	273	1	1	0.0198637002610101	NA	NA
1	"Q2"	274	1	1	0.0315088751113227	NA	NA
1	"Q2"	275	1	1	0.038571819276373	NA	NA
1	"Q2"	276	1	1	0.0313951916422165	NA	NA
1	"Q2"	277	1	1	0.0288534912533322	NA	NA
1	"Q2"	278	1	1	0.0174662860201147	NA	NA
1	"Q2"	279	1	1	0.0253603289281463	NA	NA
1	"Q2"	280	1	1	0.0270477727999298	NA	NA
1	"Q2"	281	1	1	0.0297285924241572	NA	NA
1	"Q2"	282	1	1	0.033520009409679	NA	NA
1	"Q2"	283	1	1	0.0386213304346603	NA	NA
1	"Q2"	284	1	1	0.0314904864601441	NA	NA
1	"Q2"	285	1	1	0.0339553863645297	NA	NA
1	"Q2"	286	1	1	0.0299750051900377	NA	NA
1	"Q2"	287	1	1	0.0101131192088113	NA	NA
1	"Q2"	288	1	1	0.0366626587669284	NA	NA
1	"Q2"	289	1	1	0.0224708105585669	NA	NA
1	"Q2"	290	1	1	0.0283630991210819	NA	NA
1	"Q2"	291	1	1	0.0344443886164497	NA	NA
1	"Q2"	292	1	1	0.0268071955647636	NA	NA
1	"Q2"	293	1	1	0.028025851902787	NA	NA
1	"Q2"	294	1	1	0.0350890970877575	NA	NA
1	"Q2"	295	1	1	0.0384075963514023	NA	NA
1	"Q2"	296	1	1	0.0262249521368603	NA	NA
1	"Q2"	297	1	1	0.0285471071969885	NA	NA
1	"Q2"	298	1	1	0.0492981591977021	NA	NA
1	"Q2"	299	1	1	0.0308055487530661	NA	NA
1	"Q2"	300	1	1	0.0296385713072257	NA	NA
1	"Q2"	301	1	1	0.0504776763984944	NA	NA
1	"Q2"	302	1	1	0.0438228265083055	NA	NA
1	"Q2"	303	1	1	0.0449399684911375	NA	NA
1	"Q2"	304	1	1	0.0467736151249665	NA	NA
1	"Q2"	305	1	1	0.0385862079449279	NA	NA
1	"Q2"	306	1	1	0.0353494249065157	NA	NA
1	"Q2"	307	1	1	0.0325273542167512	NA	NA
1	"Q2"	308	1	1	0.0313840676173338	NA	NA
1	"Q2"	309	1	1	0.0252660454963952	NA	NA
1	"Q2"	310	1	1	0.0402470961685312	NA	NA
1	"Q2"	311	1	1	0.0379972050579949	NA	NA
1	"Q2"	312	1	1	0.0322818746368005	NA	NA
1	"Q2"	313	1	1	0.0213851765961102	NA	NA
1	"Q2"	314	1	1	0.0209509587982866	NA	NA
1	"Q2"	315	1	1	0.0350767956074741	NA	NA
1	"Q2"	316	1	1	0.0353786979703656	NA	NA
1	"Q2"	317	1	1	0.027062556940388	NA	NA
1	"Q2"	318	1	1	0.0210939244576239	NA	NA
1	"Q2"	319	1	1	0.0280324995684527	NA	NA
1	"Q2"	320	1	1	0.0225213071555429	NA	NA
1	"Q2"	321	1	1	0.0586699777552855	NA	NA
1	"Q2"	322	1	1	0.0180045838436215	NA	NA
1	"Q2"	323	1	1	0.0335797300659037	NA	NA
1	"Q2"	324	1	1	0.0403444311483942	NA	NA
1	"Q2"	325	1	1	0.0379280129309798	NA	NA
1	"Q2"	326	1	1	0.0417868589032799	NA	NA
1	"Q2"	327	1	1	0.0400819231906398	NA	NA
1	"Q2"	328	1	1	0.0340110720524294	NA	NA
1	"Q2"	329	1	1	0.0538821371710717	NA	NA
1	"Q2"	330	1	1	0.0321849844180098	NA	NA
1	"Q2"	331	1	1	0.0522272905388485	NA	NA
1	"Q2"	332	1	1	0.0396092511382034	NA	NA
1	"Q2"	333	1	1	0.0335422697070626	NA	NA
1	"Q2"	334	1	1	0.023576669009289	NA	NA
1	"Q2"	335	1	1	0.0314915391288681	NA	NA
1	"Q2"	336	1	1	0.0327808051730482	NA	NA
1	"Q2"	337	1	1	0.0323141018033907	NA	NA
1	"Q2"	338	1	1	0.02718588438905	NA	NA
1	"Q2"	339	1	1	0.00997304287730353	NA	NA
1	"Q2"	340	1	1	0.0299901021670218	NA	NA
1	"Q2"	341	1	1	0.0445447885897452	NA	NA
1	"Q2"	342	1	1	0.0386655224743929	NA	NA
1	"Q2"	343	1	1	0.0102075922268818	NA	NA
1	"Q2"	344	1	1	0.0372151579177068	NA	NA
1	"Q2"	345	1	1	0.0510546474288219	NA	NA
1	"Q2"	346	1	1	0.0423818070405157	NA	NA
1	"Q2"	347	1	1	0.037722675405095	NA	NA
1	"Q2"	348	1	1	0.0261601590980146	NA	NA
1	"Q2"	349	1	1	0.0478960136766176	NA	NA
1	"Q2"	350	1	1	0.0420104930653626	NA	NA
1	"Q2"	351	1	1	0.0405086761029742	NA	NA
1	"Q2"	352	1	1	0.0232181748280559	NA	NA
1	"Q2"	353	1	1	0.0394223585455612	NA	NA
1	"Q2"	354	1	1	0.0252681103130529	NA	NA
1	"Q2"	355	1	1	0.0246693200795108	NA	NA
1	"Q2"	356	1	1	0.0475692696342397	NA	NA
1	"Q2"	357	1	1	0.0375974512684018	NA	NA
1	"Q2"	358	1	1	0.0338193504836881	NA	NA
1	"Q2"	359	1	1	0.040414012526608	NA	NA
1	"Q2"	360	1	1	0.0261188631875088	NA	NA
1	"Q2"	361	1	1	0.0435341354718695	NA	NA
1	"Q2"	362	1	1	0.0482771671428207	NA	NA
1	"Q2"	363	1	1	0.0335169466749023	NA	NA
1	"Q2"	364	1	1	0.0324000802333266	NA	NA
1	"Q2"	365	1	1	0.0438909803064373	NA	NA
1	"Q2"	366	1	1	0.0343668832281351	NA	NA
1	"Q2"	367	1	1	0.0309592900054005	NA	NA
1	"Q2"	368	1	1	0.0323124416734828	NA	NA
1	"Q2"	369	1	1	0.0365554204414621	NA	NA
1	"Q2"	370	1	1	0.0368860809796463	NA	NA
1	"Q2"	371	1	1	0.040990954631383	NA	NA
1	"Q2"	372	1	1	0.0324343824576756	NA	NA
1	"Q2"	373	1	1	0.0335666746393625	NA	NA
1	"Q2"	374	1	1	0.0365737958455148	NA	NA
1	"Q2"	375	1	1	0.0511540142318785	NA	NA
1	"Q2"	376	1	1	0.029578942104771	NA	NA
1	"Q2"	377	1	1	0.0325572741093018	NA	NA
1	"Q2"	378	1	1	0.0215273249409374	NA	NA
1	"Q2"	379	1	1	0.0357846390876716	NA	NA
1	"Q2"	380	1	1	0.016979540954314	NA	NA
1	"Q2"	381	1	1	0.0291549511682716	NA	NA
1	"Q2"	382	1	1	0.0348861938804678	NA	NA
1	"Q2"	383	1	1	0.0383976624334376	NA	NA
1	"Q2"	384	1	1	0.0289172750785711	NA	NA
1	"Q2"	385	1	1	0.0424344570430275	NA	NA
1	"Q2"	386	1	1	0.0519935109445011	NA	NA
1	"Q2"	387	1	1	0.0302911103618719	NA	NA
1	"Q2"	388	1	1	0.0247122012816695	NA	NA
1	"Q2"	389	1	1	0.0286431255166645	NA	NA
1	"Q2"	390	1	1	0.0402582856759512	NA	NA
1	"Q2"	391	1	1	0.0254854704510725	NA	NA
1	"Q2"	392	1	1	0.0272513216230857	NA	NA
1	"Q2"	393	1	1	0.0204961524291834	NA	NA
1	"Q2"	394	1	1	0.0416864907447605	NA	NA
1	"Q2"	395	1	1	0.0448470351086453	NA	NA
1	"Q2"	396	1	1	0.0204709688347833	NA	NA
1	"Q2"	397	1	1	0.0351488125026095	NA	NA
1	"Q2"	398	1	1	0.0308517530693959	NA	NA
1	"Q2"	399	1	1	0.0430136095286869	NA	NA
1	"Q2"	400	1	1	0.0238658162153929	NA	NA
1	"Q3"	1	1	2	0.0883793661772565	NA	NA
1	"Q3"	2	1	2	0.0725249405754728	NA	NA
1	"Q3"	3	1	2	0.0723035643151196	NA	NA
1	"Q3"	4	1	2	0.0610409266299234	NA	NA
1	"Q3"	5	1	2	0.0793248284383049	NA	NA
1	"Q3"	6	1	2	0.080492748934917	NA	NA
1	"Q3"	7	1	2	0.0847066843895575	NA	NA
1	"Q3"	8	1	2	0.0761317482065878	NA	NA
1	"Q3"	9	1	2	0.0831277269981297	NA	NA
1	"Q3"	10	1	2	0.0761910451534024	NA	NA
1	"Q3"	11	1	2	0.0807622040996023	NA	NA
1	"Q3"	12	1	2	0.0710817109874406	NA	NA
1	"Q3"	13	1	2	0.0831758343115007	NA	NA
1	"Q3"	14	1	2	0.0791268117544179	NA	NA
1	"Q3"	15	1	2	0.0835734013184679	NA	NA
1	"Q3"	16	1	2	0.085700128446514	NA	NA
1	"Q3"	17	1	2	0.0690161357643885	NA	NA
1	"Q3"	18	1	2	0.0882266849433465	NA	NA
1	"Q3"	19	1	2	0.0765917297666228	NA	NA
1	"Q3"	20	1	2	0.0862182900830758	NA	NA
1	"Q3"	21	1	2	0.0857959821191108	NA	NA
1	"Q3"	22	1	2	0.0615097153509043	NA	NA
1	"Q3"	23	1	2	0.0800421808152807	NA	NA
1	"Q3"	24	1	2	0.0705232230044287	NA	NA
1	"Q3"	25	1	2	0.0796666242780768	NA	NA
1	"Q3"	26	1	2	0.0668138927451989	NA	NA
1	"Q3"	27	1	2	0.0787146798737098	NA	NA
1	"Q3"	28	1	2	0.0943665770023374	NA	NA
1	"Q3"	29	1	2	0.0807458046774182	NA	NA
1	"Q3"	30	1	2	0.0800022693364108	NA	NA
1	"Q3"	31	1	2	0.0763968567184257	NA	NA
1	"Q3"	32	1	2	0.0737501046057973	NA	NA
1	"Q3"	33	1	2	0.0774892272462669	NA	NA
1	"Q3"	34	1	2	0.0829389083927818	NA	NA
1	"Q3"	35	1	2	0.0895604207432869	NA	NA
1	"Q3"	36	1	2	0.0779593803992871	NA	NA
1	"Q3"	37	1	2	0.0864462666924031	NA	NA
1	"Q3"	38	1	2	0.0802333138786527	NA	NA
1	"Q3"	39	1	2	0.0652145196376814	NA	NA
1	"Q3"	40	1	2	0.0885133705827841	NA	NA
1	"Q3"	41	1	2	0.0913143066751806	NA	NA
1	"Q3"	42	1	2	0.0791367612615767	NA	NA
1	"Q3"	43	1	2	0.0839931594032569	NA	NA
1	"Q3"	44	1	2	0.0819549850381448	NA	NA
1	"Q3"	45	1	2	0.088817973828809	NA	NA
1	"Q3"	46	1	2	0.064998528982783	NA	NA
1	"Q3"	47	1	2	0.0691139029290553	NA	NA
1	"Q3"	48	1	2	0.0628166106311192	NA	NA
1	"Q3"	49	1	2	0.0678915168973632	NA	NA
1	"Q3"	50	1	2	0.0792024618099116	NA	NA
1	"Q3"	51	1	2	0.0709245141579824	NA	NA
1	"Q3"	52	1	2	0.066253894042078	NA	NA
1	"Q3"	53	1	2	0.0736453235328999	NA	NA
1	"Q3"	54	1	2	0.0789386472873421	NA	NA
1	"Q3"	55	1	2	0.0865534016167855	NA	NA
1	"Q3"	56	1	2	0.065213317479884	NA	NA
1	"Q3"	57	1	2	0.066349801024111	NA	NA
1	"Q3"	58	1	2	0.0737143351833418	NA	NA
1	"Q3"	59	1	2	0.0745555052310121	NA	NA
1	"Q3"	60	1	2	0.0787482889472592	NA	NA
1	"Q3"	61	1	2	0.0773074620149393	NA	NA
1	"Q3"	62	1	2	0.0912155310434852	NA	NA
1	"Q3"	63	1	2	0.0812417370323861	NA	NA
1	"Q3"	64	1	2	0.0661327499292291	NA	NA
1	"Q3"	65	1	2	0.0822002339767639	NA	NA
1	"Q3"	66	1	2	0.0778168758614006	NA	NA
1	"Q3"	67	1	2	0.0539061700584595	NA	NA
1	"Q3"	68	1	2	0.0882030020458149	NA	NA
1	"Q3"	69	1	2	0.0942049743650561	NA	NA
1	"Q3"	70	1	2	0.0710163983010566	NA	NA
1	"Q3"	71	1	2	0.0745540107777827	NA	NA
1	"Q3"	72	1	2	0.0544607388667874	NA	NA
1	"Q3"	73	1	2	0.0765146619571201	NA	NA
1	"Q3"	74	1	2	0.0787634353286633	NA	NA
1	"Q3"	75	1	2	0.0933472323904567	NA	NA
1	"Q3"	76	1	2	0.0771728068683541	NA	NA
1	"Q3"	77	1	2	0.0734970579374418	NA	NA
1	"Q3"	78	1	2	0.0613348921223274	NA	NA
1	"Q3"	79	1	2	0.0853119514965361	NA	NA
1	"Q3"	80	1	2	0.0814024495330438	NA	NA
1	"Q3"	81	1	2	0.0833081448431141	NA	NA
1	"Q3"	82	1	2	0.0955102282489135	NA	NA
1	"Q3"	83	1	2	0.0815578896567408	NA	NA
1	"Q3"	84	1	2	0.071631645227094	NA	NA
1	"Q3"	85	1	2	0.086494288977284	NA	NA
1	"Q3"	86	1	2	0.0769434524037036	NA	NA
1	"Q3"	87	1	2	0.0844161793815386	NA	NA
1	"Q3"	88	1	2	0.0899764387790722	NA	NA
1	"Q3"	89	1	2	0.0772894982057449	NA	NA
1	"Q3"	90	1	2	0.0792643672858284	NA	NA
1	"Q3"	91	1	2	0.0944155935629656	NA	NA
1	"Q3"	92	1	2	0.0770697672558488	NA	NA
1	"Q3"	93	1	2	0.0867711051647842	NA	NA
1	"Q3"	94	1	2	0.0730316764532512	NA	NA
1	"Q3"	95	1	2	0.0889760488615104	NA	NA
1	"Q3"	96	1	2	0.076337044672777	NA	NA
1	"Q3"	97	1	2	0.0812304928626189	NA	NA
1	"Q3"	98	1	2	0.078233665048042	NA	NA
1	"Q3"	99	1	2	0.081424120565499	NA	NA
1	"Q3"	100	1	2	0.0818377691669094	NA	NA
1	"Q3"	101	1	2	0.0873767979024149	NA	NA
1	"Q3"	102	1	2	0.0835920288910841	NA	NA
1	"Q3"	103	1	2	0.0712657257405189	NA	NA
1	"Q3"	104	1	2	0.0758506631855282	NA	NA
1	"Q3"	105	1	2	0.0729677833441211	NA	NA
1	"Q3"	106	1	2	0.0888387849612276	NA	NA
1	"Q3"	107	1	2	0.0935928051886599	NA	NA
1	"Q3"	108	1	2	0.0876379448816106	NA	NA
1	"Q3"	109	1	2	0.0655952970904907	NA	NA
1	"Q3"	110	1	2	0.0778469611777564	NA	NA
1	"Q3"	111	1	2	0.0602672907516036	NA	NA
1	"Q3"	112	1	2	0.0866732735707038	NA	NA
1	"Q3"	113	1	2	0.0768131633646354	NA	NA
1	"Q3"	114	1	2	0.0851620103670385	NA	NA
1	"Q3"	115	1	2	0.0836574976949353	NA	NA
1	"Q3"	116	1	2	0.0830730748274481	NA	NA
1	"Q3"	117	1	2	0.0678570793223634	NA	NA
1	"Q3"	118	1	2	0.0841321465752403	NA	NA
1	"Q3"	119	1	2	0.0831477589854738	NA	NA
1	"Q3"	120	1	2	0.0805698235528229	NA	NA
1	"Q3"	121	1	2	0.0781538952155627	NA	NA
1	"Q3"	122	1	2	0.0969325936754558	NA	NA
1	"Q3"	123	1	2	0.0829839043648944	NA	NA
1	"Q3"	124	1	2	0.0934198726956217	NA	NA
1	"Q3"	125	1	2	0.0897047389178319	NA	NA
1	"Q3"	126	1	2	0.0846634875313001	NA	NA
1	"Q3"	127	1	2	0.0947301463047885	NA	NA
1	"Q3"	128	1	2	0.0517863873526399	NA	NA
1	"Q3"	129	1	2	0.0671819206535032	NA	NA
1	"Q3"	130	1	2	0.0872177093685785	NA	NA
1	"Q3"	131	1	2	0.0651220705848792	NA	NA
1	"Q3"	132	1	2	0.0642118527995965	NA	NA
1	"Q3"	133	1	2	0.0728825158962044	NA	NA
1	"Q3"	134	1	2	0.0935250453226223	NA	NA
1	"Q3"	135	1	2	0.0856458312369654	NA	NA
1	"Q3"	136	1	2	0.0810363905930701	NA	NA
1	"Q3"	137	1	2	0.0893783515197026	NA	NA
1	"Q3"	138	1	2	0.087414830414495	NA	NA
1	"Q3"	139	1	2	0.0737367051351421	NA	NA
1	"Q3"	140	1	2	0.0883896268935399	NA	NA
1	"Q3"	141	1	2	0.0988930312130198	NA	NA
1	"Q3"	142	1	2	0.0775458468713139	NA	NA
1	"Q3"	143	1	2	0.0753893830406152	NA	NA
1	"Q3"	144	1	2	0.0758380113507022	NA	NA
1	"Q3"	145	1	2	0.0709906491967401	NA	NA
1	"Q3"	146	1	2	0.0691950675508318	NA	NA
1	"Q3"	147	1	2	0.0660523960488972	NA	NA
1	"Q3"	148	1	2	0.0706800283382019	NA	NA
1	"Q3"	149	1	2	0.0862807342410986	NA	NA
1	"Q3"	150	1	2	0.0898827601246646	NA	NA
1	"Q3"	151	1	2	0.102712935522838	NA	NA
1	"Q3"	152	1	2	0.092634181941101	NA	NA
1	"Q3"	153	1	2	0.0688819203888101	NA	NA
1	"Q3"	154	1	2	0.0835431431276997	NA	NA
1	"Q3"	155	1	2	0.0823408887999286	NA	NA
1	"Q3"	156	1	2	0.0684363508727424	NA	NA
1	"Q3"	157	1	2	0.0630705055601632	NA	NA
1	"Q3"	158	1	2	0.087328053971454	NA	NA
1	"Q3"	159	1	2	0.0690858447072422	NA	NA
1	"Q3"	160	1	2	0.0869033766017053	NA	NA
1	"Q3"	161	1	2	0.0732264928316141	NA	NA
1	"Q3"	162	1	2	0.0805110079495515	NA	NA
1	"Q3"	163	1	2	0.0728495548309239	NA	NA
1	"Q3"	164	1	2	0.0790043431359145	NA	NA
1	"Q3"	165	1	2	0.0887718405196946	NA	NA
1	"Q3"	166	1	2	0.0910990371653901	NA	NA
1	"Q3"	167	1	2	0.0739844158987668	NA	NA
1	"Q3"	168	1	2	0.0821730369581968	NA	NA
1	"Q3"	169	1	2	0.101285070035821	NA	NA
1	"Q3"	170	1	2	0.0727498470100033	NA	NA
1	"Q3"	171	1	2	0.0969536973408126	NA	NA
1	"Q3"	172	1	2	0.0793783547458814	NA	NA
1	"Q3"	173	1	2	0.0737525746846608	NA	NA
1	"Q3"	174	1	2	0.0813787513100071	NA	NA
1	"Q3"	175	1	2	0.0891456463932595	NA	NA
1	"Q3"	176	1	2	0.0800319189303147	NA	NA
1	"Q3"	177	1	2	0.0764083380685955	NA	NA
1	"Q3"	178	1	2	0.0907073744216761	NA	NA
1	"Q3"	179	1	2	0.0852124643108518	NA	NA
1	"Q3"	180	1	2	0.0978050598092604	NA	NA
1	"Q3"	181	1	2	0.0638482310499533	NA	NA
1	"Q3"	182	1	2	0.0771101651867353	NA	NA
1	"Q3"	183	1	2	0.0665942290833188	NA	NA
1	"Q3"	184	1	2	0.0817456825860297	NA	NA
1	"Q3"	185	1	2	0.0830378558982412	NA	NA
1	"Q3"	186	1	2	0.0896196724299171	NA	NA
1	"Q3"	187	1	2	0.0649946009963877	NA	NA
1	"Q3"	188	1	2	0.0994607103852531	NA	NA
1	"Q3"	189	1	2	0.0914370370774413	NA	NA
1	"Q3"	190	1	2	0.0667399398943952	NA	NA
1	"Q3"	191	1	2	0.0955049672890692	NA	NA
1	"Q3"	192	1	2	0.0802382906082032	NA	NA
1	"Q3"	193	1	2	0.0614097412096807	NA	NA
1	"Q3"	194	1	2	0.0939123250506738	NA	NA
1	"Q3"	195	1	2	0.0929568838805643	NA	NA
1	"Q3"	196	1	2	0.0826074592304807	NA	NA
1	"Q3"	197	1	2	0.0703205554083707	NA	NA
1	"Q3"	198	1	2	0.0868655097109238	NA	NA
1	"Q3"	199	1	2	0.0817689943998455	NA	NA
1	"Q3"	200	1	2	0.0964987137261492	NA	NA
1	"Q3"	201	1	2	0.0788727144358318	NA	NA
1	"Q3"	202	1	2	0.0757424538361402	NA	NA
1	"Q3"	203	1	2	0.0773591058175946	NA	NA
1	"Q3"	204	1	2	0.0971592527777971	NA	NA
1	"Q3"	205	1	2	0.0779262592547008	NA	NA
1	"Q3"	206	1	2	0.0775834355610126	NA	NA
1	"Q3"	207	1	2	0.0846476427225065	NA	NA
1	"Q3"	208	1	2	0.0797522659635746	NA	NA
1	"Q3"	209	1	2	0.0883962361260663	NA	NA
1	"Q3"	210	1	2	0.0880767604884134	NA	NA
1	"Q3"	211	1	2	0.0886047981382243	NA	NA
1	"Q3"	212	1	2	0.0827981537956538	NA	NA
1	"Q3"	213	1	2	0.0832169219415917	NA	NA
1	"Q3"	214	1	2	0.0716608013406385	NA	NA
1	"Q3"	215	1	2	0.0780639487803593	NA	NA
1	"Q3"	216	1	2	0.0872760970096885	NA	NA
1	"Q3"	217	1	2	0.0765837964994931	NA	NA
1	"Q3"	218	1	2	0.0869052368838146	NA	NA
1	"Q3"	219	1	2	0.0687228683981535	NA	NA
1	"Q3"	220	1	2	0.0638203913928865	NA	NA
1	"Q3"	221	1	2	0.0776861824203709	NA	NA
1	"Q3"	222	1	2	0.0847622056571646	NA	NA
1	"Q3"	223	1	2	0.0737152632283172	NA	NA
1	"Q3"	224	1	2	0.0667908943007401	NA	NA
1	"Q3"	225	1	2	0.0878577682903348	NA	NA
1	"Q3"	226	1	2	0.074667457428174	NA	NA
1	"Q3"	227	1	2	0.0802794581788941	NA	NA
1	"Q3"	228	1	2	0.102114883614178	NA	NA
1	"Q3"	229	1	2	0.0702385752905381	NA	NA
1	"Q3"	230	1	2	0.0832846805404609	NA	NA
1	"Q3"	231	1	2	0.0688224628291399	NA	NA
1	"Q3"	232	1	2	0.0879945775294284	NA	NA
1	"Q3"	233	1	2	0.0826485962970142	NA	NA
1	"Q3"	234	1	2	0.0625712685870887	NA	NA
1	"Q3"	235	1	2	0.0814205478534668	NA	NA
1	"Q3"	236	1	2	0.0809820095744148	NA	NA
1	"Q3"	237	1	2	0.090688925889168	NA	NA
1	"Q3"	238	1	2	0.070101483753117	NA	NA
1	"Q3"	239	1	2	0.0769377896419528	NA	NA
1	"Q3"	240	1	2	0.0615050268625802	NA	NA
1	"Q3"	241	1	2	0.0623809485978012	NA	NA
1	"Q3"	242	1	2	0.0786586706475606	NA	NA
1	"Q3"	243	1	2	0.0740821624436405	NA	NA
1	"Q3"	244	1	2	0.0831192494112742	NA	NA
1	"Q3"	245	1	2	0.0842417636014458	NA	NA
1	"Q3"	246	1	2	0.073721463212133	NA	NA
1	"Q3"	247	1	2	0.0743436396604048	NA	NA
1	"Q3"	248	1	2	0.0784035854586824	NA	NA
1	"Q3"	249	1	2	0.0883178939020744	NA	NA
1	"Q3"	250	1	2	0.0807653041921678	NA	NA
1	"Q3"	251	1	2	0.0853255075352199	NA	NA
1	"Q3"	252	1	2	0.0756252511252884	NA	NA
1	"Q3"	253	1	2	0.0968439520794467	NA	NA
1	"Q3"	254	1	2	0.0866483013118481	NA	NA
1	"Q3"	255	1	2	0.0844080453713061	NA	NA
1	"Q3"	256	1	2	0.0813337073290122	NA	NA
1	"Q3"	257	1	2	0.0822930889040992	NA	NA
1	"Q3"	258	1	2	0.0908674823063543	NA	NA
1	"Q3"	259	1	2	0.074876586033445	NA	NA
1	"Q3"	260	1	2	0.0661370239439428	NA	NA
1	"Q3"	261	1	2	0.06983619522611	NA	NA
1	"Q3"	262	1	2	0.0826911464229591	NA	NA
1	"Q3"	263	1	2	0.0666530257543689	NA	NA
1	"Q3"	264	1	2	0.0878086452661496	NA	NA
1	"Q3"	265	1	2	0.0830721241829639	NA	NA
1	"Q3"	266	1	2	0.0763387591632966	NA	NA
1	"Q3"	267	1	2	0.0733095194285508	NA	NA
1	"Q3"	268	1	2	0.078861961353315	NA	NA
1	"Q3"	269	1	2	0.0707816893798992	NA	NA
1	"Q3"	270	1	2	0.078768651042788	NA	NA
1	"Q3"	271	1	2	0.0714338971061319	NA	NA
1	"Q3"	272	1	2	0.0837269863128053	NA	NA
1	"Q3"	273	1	2	0.0790502989941957	NA	NA
1	"Q3"	274	1	2	0.0714809313060784	NA	NA
1	"Q3"	275	1	2	0.0649706059502036	NA	NA
1	"Q3"	276	1	2	0.0817864521672306	NA	NA
1	"Q3"	277	1	2	0.0776252026331034	NA	NA
1	"Q3"	278	1	2	0.0938721117647723	NA	NA
1	"Q3"	279	1	2	0.0749358365890908	NA	NA
1	"Q3"	280	1	2	0.0914416958716903	NA	NA
1	"Q3"	281	1	2	0.0603082369544815	NA	NA
1	"Q3"	282	1	2	0.0757575399167777	NA	NA
1	"Q3"	283	1	2	0.0633936391509401	NA	NA
1	"Q3"	284	1	2	0.0670440603219514	NA	NA
1	"Q3"	285	1	2	0.0835693274325819	NA	NA
1	"Q3"	286	1	2	0.0683574945647135	NA	NA
1	"Q3"	287	1	2	0.0677099985541228	NA	NA
1	"Q3"	288	1	2	0.0874201975038013	NA	NA
1	"Q3"	289	1	2	0.0879208094713622	NA	NA
1	"Q3"	290	1	2	0.0901739908022111	NA	NA
1	"Q3"	291	1	2	0.0750162865814079	NA	NA
1	"Q3"	292	1	2	0.0864277867403797	NA	NA
1	"Q3"	293	1	2	0.0792421753431291	NA	NA
1	"Q3"	294	1	2	0.070053839351537	NA	NA
1	"Q3"	295	1	2	0.0832608708166232	NA	NA
1	"Q3"	296	1	2	0.0711219864430091	NA	NA
1	"Q3"	297	1	2	0.0769010875736217	NA	NA
1	"Q3"	298	1	2	0.0724726515226388	NA	NA
1	"Q3"	299	1	2	0.0729952478336326	NA	NA
1	"Q3"	300	1	2	0.087945075750275	NA	NA
1	"Q3"	301	1	2	0.0869449603585871	NA	NA
1	"Q3"	302	1	2	0.0891922641744666	NA	NA
1	"Q3"	303	1	2	0.0922910514321714	NA	NA
1	"Q3"	304	1	2	0.0764420203304985	NA	NA
1	"Q3"	305	1	2	0.0915524929893319	NA	NA
1	"Q3"	306	1	2	0.0839870452435797	NA	NA
1	"Q3"	307	1	2	0.0737213497596634	NA	NA
1	"Q3"	308	1	2	0.0788164116292748	NA	NA
1	"Q3"	309	1	2	0.0739173228259715	NA	NA
1	"Q3"	310	1	2	0.0712017374063219	NA	NA
1	"Q3"	311	1	2	0.0733449491071414	NA	NA
1	"Q3"	312	1	2	0.0856818487661115	NA	NA
1	"Q3"	313	1	2	0.0763919281256787	NA	NA
1	"Q3"	314	1	2	0.0672163503736916	NA	NA
1	"Q3"	315	1	2	0.0846346767922766	NA	NA
1	"Q3"	316	1	2	0.087419742082567	NA	NA
1	"Q3"	317	1	2	0.0823108798151212	NA	NA
1	"Q3"	318	1	2	0.0671600338029623	NA	NA
1	"Q3"	319	1	2	0.074588425279007	NA	NA
1	"Q3"	320	1	2	0.0704045645633306	NA	NA
1	"Q3"	321	1	2	0.0970004650898765	NA	NA
1	"Q3"	322	1	2	0.0981122117678214	NA	NA
1	"Q3"	323	1	2	0.0734332039191133	NA	NA
1	"Q3"	324	1	2	0.0869577298827928	NA	NA
1	"Q3"	325	1	2	0.0828294723995266	NA	NA
1	"Q3"	326	1	2	0.104588015697929	NA	NA
1	"Q3"	327	1	2	0.0663154710153564	NA	NA
1	"Q3"	328	1	2	0.0842643751663681	NA	NA
1	"Q3"	329	1	2	0.0765956091839938	NA	NA
1	"Q3"	330	1	2	0.0812824108586154	NA	NA
1	"Q3"	331	1	2	0.0826099070597165	NA	NA
1	"Q3"	332	1	2	0.0634578862620372	NA	NA
1	"Q3"	333	1	2	0.0909136663741437	NA	NA
1	"Q3"	334	1	2	0.095964316752049	NA	NA
1	"Q3"	335	1	2	0.0881918607463094	NA	NA
1	"Q3"	336	1	2	0.0574898338994636	NA	NA
1	"Q3"	337	1	2	0.0833559569151482	NA	NA
1	"Q3"	338	1	2	0.075029521342168	NA	NA
1	"Q3"	339	1	2	0.0752721794956029	NA	NA
1	"Q3"	340	1	2	0.0935464921527162	NA	NA
1	"Q3"	341	1	2	0.0762928440337986	NA	NA
1	"Q3"	342	1	2	0.0855965551537221	NA	NA
1	"Q3"	343	1	2	0.0663189652879689	NA	NA
1	"Q3"	344	1	2	0.070467905409619	NA	NA
1	"Q3"	345	1	2	0.0501380176579205	NA	NA
1	"Q3"	346	1	2	0.0709743146397517	NA	NA
1	"Q3"	347	1	2	0.0824645618950732	NA	NA
1	"Q3"	348	1	2	0.0667850274294244	NA	NA
1	"Q3"	349	1	2	0.0897584439357572	NA	NA
1	"Q3"	350	1	2	0.0882028315955916	NA	NA
1	"Q3"	351	1	2	0.0774013105752032	NA	NA
1	"Q3"	352	1	2	0.0790291229301783	NA	NA
1	"Q3"	353	1	2	0.0878438657479438	NA	NA
1	"Q3"	354	1	2	0.0649795139728918	NA	NA
1	"Q3"	355	1	2	0.084935319570841	NA	NA
1	"Q3"	356	1	2	0.0711021294577457	NA	NA
1	"Q3"	357	1	2	0.110194742040112	NA	NA
1	"Q3"	358	1	2	0.0749864503618647	NA	NA
1	"Q3"	359	1	2	0.0607181299004179	NA	NA
1	"Q3"	360	1	2	0.0683711687203699	NA	NA
1	"Q3"	361	1	2	0.0808977517584641	NA	NA
1	"Q3"	362	1	2	0.0642891530990584	NA	NA
1	"Q3"	363	1	2	0.0935495564746386	NA	NA
1	"Q3"	364	1	2	0.10011959339157	NA	NA
1	"Q3"	365	1	2	0.0912093080344569	NA	NA
1	"Q3"	366	1	2	0.0902480303369985	NA	NA
1	"Q3"	367	1	2	0.102701442735247	NA	NA
1	"Q3"	368	1	2	0.0729418558303703	NA	NA
1	"Q3"	369	1	2	0.0895408766010394	NA	NA
1	"Q3"	370	1	2	0.0819495307129518	NA	NA
1	"Q3"	371	1	2	0.0726689262721941	NA	NA
1	"Q3"	372	1	2	0.0821450617689811	NA	NA
1	"Q3"	373	1	2	0.0844575269037249	NA	NA
1	"Q3"	374	1	2	0.0875164289514762	NA	NA
1	"Q3"	375	1	2	0.08063969292435	NA	NA
1	"Q3"	376	1	2	0.071487374853248	NA	NA
1	"Q3"	377	1	2	0.0788653172240702	NA	NA
1	"Q3"	378	1	2	0.0851729718797208	NA	NA
1	"Q3"	379	1	2	0.0818535727947443	NA	NA
1	"Q3"	380	1	2	0.0749434299918568	NA	NA
1	"Q3"	381	1	2	0.0893587387549063	NA	NA
1	"Q3"	382	1	2	0.0797919162933999	NA	NA
1	"Q3"	383	1	2	0.0712039386081642	NA	NA
1	"Q3"	384	1	2	0.0702808337074411	NA	NA
1	"Q3"	385	1	2	0.0689351434450864	NA	NA
1	"Q3"	386	1	2	0.0949066888564038	NA	NA
1	"Q3"	387	1	2	0.0781381541896065	NA	NA
1	"Q3"	388	1	2	0.0904690802352727	NA	NA
1	"Q3"	389	1	2	0.0756850118773629	NA	NA
1	"Q3"	390	1	2	0.0866187874418068	NA	NA
1	"Q3"	391	1	2	0.0751749546873545	NA	NA
1	"Q3"	392	1	2	0.0796648343492609	NA	NA
1	"Q3"	393	1	2	0.0653288848526682	NA	NA
1	"Q3"	394	1	2	0.0758085030419653	NA	NA
1	"Q3"	395	1	2	0.0753338132761534	NA	NA
1	"Q3"	396	1	2	0.0667057670476948	NA	NA
1	"Q3"	397	1	2	0.0740995614418102	NA	NA
1	"Q3"	398	1	2	0.0983420659023703	NA	NA
1	"Q3"	399	1	2	0.0742730327174316	NA	NA
1	"Q3"	400	1	2	0.0674912629809373	NA	NA
1	"Q4"	1	1	3	-0.129328297265386	NA	NA
1	"Q4"	2	1	3	-0.128055053347142	NA	NA
1	"Q4"	3	1	3	-0.0966033144859054	NA	NA
1	"Q4"	4	1	3	-0.117727892887781	NA	NA
1	"Q4"	5	1	3	-0.111576874014906	NA	NA
1	"Q4"	6	1	3	-0.111124233427848	NA	NA
1	"Q4"	7	1	3	-0.109627557719447	NA	NA
1	"Q4"	8	1	3	-0.123374392637207	NA	NA
1	"Q4"	9	1	3	-0.108584786939927	NA	NA
1	"Q4"	10	1	3	-0.114621941722466	NA	NA
1	"Q4"	11	1	3	-0.106512056023652	NA	NA
1	"Q4"	12	1	3	-0.110445003017278	NA	NA
1	"Q4"	13	1	3	-0.12126611046228	NA	NA
1	"Q4"	14	1	3	-0.102033462964884	NA	NA
1	"Q4"	15	1	3	-0.102734377546963	NA	NA
1	"Q4"	16	1	3	-0.11559415508851	NA	NA
1	"Q4"	17	1	3	-0.104345652904809	NA	NA
1	"Q4"	18	1	3	-0.124188914630415	NA	NA
1	"Q4"	19	1	3	-0.115606920835244	NA	NA
1	"Q4"	20	1	3	-0.106216495323098	NA	NA
1	"Q4"	21	1	3	-0.125825476154781	NA	NA
1	"Q4"	22	1	3	-0.108346541654593	NA	NA
1	"Q4"	23	1	3	-0.102845043303218	NA	NA
1	"Q4"	24	1	3	-0.0962541945897362	NA	NA
1	"Q4"	25	1	3	-0.101930108771212	NA	NA
1	"Q4"	26	1	3	-0.102851266669951	NA	NA
1	"Q4"	27	1	3	-0.110910784296017	NA	NA
1	"Q4"	28	1	3	-0.139407806451913	NA	NA
1	"Q4"	29	1	3	-0.0990317276535996	NA	NA
1	"Q4"	30	1	3	-0.103680069573595	NA	NA
1	"Q4"	31	1	3	-0.11521561749289	NA	NA
1	"Q4"	32	1	3	-0.117287593144847	NA	NA
1	"Q4"	33	1	3	-0.0900566336175985	NA	NA
1	"Q4"	34	1	3	-0.0986361667818529	NA	NA
1	"Q4"	35	1	3	-0.128574045946797	NA	NA
1	"Q4"	36	1	3	-0.102932339378892	NA	NA
1	"Q4"	37	1	3	-0.100391114101316	NA	NA
1	"Q4"	38	1	3	-0.109893649412268	NA	NA
1	"Q4"	39	1	3	-0.0958468258127587	NA	NA
1	"Q4"	40	1	3	-0.113309082592059	NA	NA
1	"Q4"	41	1	3	-0.135286599792903	NA	NA
1	"Q4"	42	1	3	-0.0982881954813518	NA	NA
1	"Q4"	43	1	3	-0.125966419101002	NA	NA
1	"Q4"	44	1	3	-0.118354061997058	NA	NA
1	"Q4"	45	1	3	-0.110789762360059	NA	NA
1	"Q4"	46	1	3	-0.094379859229405	NA	NA
1	"Q4"	47	1	3	-0.117885661569117	NA	NA
1	"Q4"	48	1	3	-0.0920096106383095	NA	NA
1	"Q4"	49	1	3	-0.108967433304409	NA	NA
1	"Q4"	50	1	3	-0.108974356533071	NA	NA
1	"Q4"	51	1	3	-0.10992017404522	NA	NA
1	"Q4"	52	1	3	-0.0873271627959979	NA	NA
1	"Q4"	53	1	3	-0.105482948071243	NA	NA
1	"Q4"	54	1	3	-0.114739208832153	NA	NA
1	"Q4"	55	1	3	-0.102990264803486	NA	NA
1	"Q4"	56	1	3	-0.0929688008535167	NA	NA
1	"Q4"	57	1	3	-0.115089761975192	NA	NA
1	"Q4"	58	1	3	-0.105031056942615	NA	NA
1	"Q4"	59	1	3	-0.09491316423228	NA	NA
1	"Q4"	60	1	3	-0.114386768168565	NA	NA
1	"Q4"	61	1	3	-0.104297594010541	NA	NA
1	"Q4"	62	1	3	-0.129977026268998	NA	NA
1	"Q4"	63	1	3	-0.101144430034096	NA	NA
1	"Q4"	64	1	3	-0.0957834392245065	NA	NA
1	"Q4"	65	1	3	-0.108378532255069	NA	NA
1	"Q4"	66	1	3	-0.129932031914271	NA	NA
1	"Q4"	67	1	3	-0.0687190024322623	NA	NA
1	"Q4"	68	1	3	-0.127174048520041	NA	NA
1	"Q4"	69	1	3	-0.138492987260976	NA	NA
1	"Q4"	70	1	3	-0.114711133291133	NA	NA
1	"Q4"	71	1	3	-0.100110285937986	NA	NA
1	"Q4"	72	1	3	-0.0727533372738038	NA	NA
1	"Q4"	73	1	3	-0.11731024618232	NA	NA
1	"Q4"	74	1	3	-0.0910873378184716	NA	NA
1	"Q4"	75	1	3	-0.136987016153513	NA	NA
1	"Q4"	76	1	3	-0.096689240349166	NA	NA
1	"Q4"	77	1	3	-0.102182878851247	NA	NA
1	"Q4"	78	1	3	-0.104839361024357	NA	NA
1	"Q4"	79	1	3	-0.108223293556157	NA	NA
1	"Q4"	80	1	3	-0.10003989147533	NA	NA
1	"Q4"	81	1	3	-0.111096727453949	NA	NA
1	"Q4"	82	1	3	-0.130742989491314	NA	NA
1	"Q4"	83	1	3	-0.116219876984454	NA	NA
1	"Q4"	84	1	3	-0.0952525000962542	NA	NA
1	"Q4"	85	1	3	-0.104014029943347	NA	NA
1	"Q4"	86	1	3	-0.104413664241082	NA	NA
1	"Q4"	87	1	3	-0.114560860562241	NA	NA
1	"Q4"	88	1	3	-0.116809538734442	NA	NA
1	"Q4"	89	1	3	-0.115006435225762	NA	NA
1	"Q4"	90	1	3	-0.106052004370716	NA	NA
1	"Q4"	91	1	3	-0.114016273585423	NA	NA
1	"Q4"	92	1	3	-0.109848166476781	NA	NA
1	"Q4"	93	1	3	-0.103141793182941	NA	NA
1	"Q4"	94	1	3	-0.0931837354204379	NA	NA
1	"Q4"	95	1	3	-0.12024325010289	NA	NA
1	"Q4"	96	1	3	-0.108998187529608	NA	NA
1	"Q4"	97	1	3	-0.122801461019909	NA	NA
1	"Q4"	98	1	3	-0.102659380376419	NA	NA
1	"Q4"	99	1	3	-0.098703877755038	NA	NA
1	"Q4"	100	1	3	-0.107123379674682	NA	NA
1	"Q4"	101	1	3	-0.106939114420629	NA	NA
1	"Q4"	102	1	3	-0.112475705337673	NA	NA
1	"Q4"	103	1	3	-0.0986213548961123	NA	NA
1	"Q4"	104	1	3	-0.121422534654017	NA	NA
1	"Q4"	105	1	3	-0.106442159091449	NA	NA
1	"Q4"	106	1	3	-0.115384588591325	NA	NA
1	"Q4"	107	1	3	-0.128956345562996	NA	NA
1	"Q4"	108	1	3	-0.132817748872941	NA	NA
1	"Q4"	109	1	3	-0.107563719187271	NA	NA
1	"Q4"	110	1	3	-0.0972451666689761	NA	NA
1	"Q4"	111	1	3	-0.10644851503754	NA	NA
1	"Q4"	112	1	3	-0.135090327312149	NA	NA
1	"Q4"	113	1	3	-0.118144403829042	NA	NA
1	"Q4"	114	1	3	-0.113542638858825	NA	NA
1	"Q4"	115	1	3	-0.111668418435972	NA	NA
1	"Q4"	116	1	3	-0.12232387434102	NA	NA
1	"Q4"	117	1	3	-0.0987824700288286	NA	NA
1	"Q4"	118	1	3	-0.110316079131171	NA	NA
1	"Q4"	119	1	3	-0.119304349720968	NA	NA
1	"Q4"	120	1	3	-0.105940977965435	NA	NA
1	"Q4"	121	1	3	-0.105171320839717	NA	NA
1	"Q4"	122	1	3	-0.129106308282058	NA	NA
1	"Q4"	123	1	3	-0.12922280002089	NA	NA
1	"Q4"	124	1	3	-0.12733410829889	NA	NA
1	"Q4"	125	1	3	-0.134894094419813	NA	NA
1	"Q4"	126	1	3	-0.109972071197648	NA	NA
1	"Q4"	127	1	3	-0.144306808817811	NA	NA
1	"Q4"	128	1	3	-0.0899433531844962	NA	NA
1	"Q4"	129	1	3	-0.10467210044876	NA	NA
1	"Q4"	130	1	3	-0.126600192859699	NA	NA
1	"Q4"	131	1	3	-0.13152080741357	NA	NA
1	"Q4"	132	1	3	-0.0871833812279676	NA	NA
1	"Q4"	133	1	3	-0.111695023531498	NA	NA
1	"Q4"	134	1	3	-0.126371290384428	NA	NA
1	"Q4"	135	1	3	-0.127917905880545	NA	NA
1	"Q4"	136	1	3	-0.104928073347446	NA	NA
1	"Q4"	137	1	3	-0.117491392761306	NA	NA
1	"Q4"	138	1	3	-0.11803562668474	NA	NA
1	"Q4"	139	1	3	-0.111155998550298	NA	NA
1	"Q4"	140	1	3	-0.113972241437021	NA	NA
1	"Q4"	141	1	3	-0.122174935599421	NA	NA
1	"Q4"	142	1	3	-0.118591976181893	NA	NA
1	"Q4"	143	1	3	-0.0979531542309546	NA	NA
1	"Q4"	144	1	3	-0.100909534105637	NA	NA
1	"Q4"	145	1	3	-0.113629490422862	NA	NA
1	"Q4"	146	1	3	-0.103372139655308	NA	NA
1	"Q4"	147	1	3	-0.102210221054134	NA	NA
1	"Q4"	148	1	3	-0.127915423608494	NA	NA
1	"Q4"	149	1	3	-0.119815053887909	NA	NA
1	"Q4"	150	1	3	-0.131065330776238	NA	NA
1	"Q4"	151	1	3	-0.152290304837971	NA	NA
1	"Q4"	152	1	3	-0.119675710748555	NA	NA
1	"Q4"	153	1	3	-0.107959893105334	NA	NA
1	"Q4"	154	1	3	-0.101954442498415	NA	NA
1	"Q4"	155	1	3	-0.127759098767532	NA	NA
1	"Q4"	156	1	3	-0.104789108762419	NA	NA
1	"Q4"	157	1	3	-0.0971947249846964	NA	NA
1	"Q4"	158	1	3	-0.111259848745508	NA	NA
1	"Q4"	159	1	3	-0.0926764514356562	NA	NA
1	"Q4"	160	1	3	-0.121200376019381	NA	NA
1	"Q4"	161	1	3	-0.107537800351235	NA	NA
1	"Q4"	162	1	3	-0.119364487216265	NA	NA
1	"Q4"	163	1	3	-0.101723308688674	NA	NA
1	"Q4"	164	1	3	-0.126199024296545	NA	NA
1	"Q4"	165	1	3	-0.126579775093116	NA	NA
1	"Q4"	166	1	3	-0.123921245861734	NA	NA
1	"Q4"	167	1	3	-0.0985915453696923	NA	NA
1	"Q4"	168	1	3	-0.108013090853872	NA	NA
1	"Q4"	169	1	3	-0.126814139838558	NA	NA
1	"Q4"	170	1	3	-0.10429219271346	NA	NA
1	"Q4"	171	1	3	-0.125178298598683	NA	NA
1	"Q4"	172	1	3	-0.103999426363078	NA	NA
1	"Q4"	173	1	3	-0.105101037732071	NA	NA
1	"Q4"	174	1	3	-0.125923172491298	NA	NA
1	"Q4"	175	1	3	-0.140865060983719	NA	NA
1	"Q4"	176	1	3	-0.120642081427376	NA	NA
1	"Q4"	177	1	3	-0.10688748702012	NA	NA
1	"Q4"	178	1	3	-0.11452432151207	NA	NA
1	"Q4"	179	1	3	-0.125499392425406	NA	NA
1	"Q4"	180	1	3	-0.124087512316097	NA	NA
1	"Q4"	181	1	3	-0.0948557862127178	NA	NA
1	"Q4"	182	1	3	-0.0827054757974996	NA	NA
1	"Q4"	183	1	3	-0.0909240502204758	NA	NA
1	"Q4"	184	1	3	-0.123227291537314	NA	NA
1	"Q4"	185	1	3	-0.138811177197067	NA	NA
1	"Q4"	186	1	3	-0.116670529100202	NA	NA
1	"Q4"	187	1	3	-0.0965058871852701	NA	NA
1	"Q4"	188	1	3	-0.131488670747089	NA	NA
1	"Q4"	189	1	3	-0.105914020250617	NA	NA
1	"Q4"	190	1	3	-0.0719144844419144	NA	NA
1	"Q4"	191	1	3	-0.136821854083461	NA	NA
1	"Q4"	192	1	3	-0.107773396045486	NA	NA
1	"Q4"	193	1	3	-0.0842573827314634	NA	NA
1	"Q4"	194	1	3	-0.123565336178848	NA	NA
1	"Q4"	195	1	3	-0.0995692800112034	NA	NA
1	"Q4"	196	1	3	-0.0980939759615956	NA	NA
1	"Q4"	197	1	3	-0.0978603248608465	NA	NA
1	"Q4"	198	1	3	-0.104016408436242	NA	NA
1	"Q4"	199	1	3	-0.115278690393222	NA	NA
1	"Q4"	200	1	3	-0.136192210550497	NA	NA
1	"Q4"	201	1	3	-0.104967623880174	NA	NA
1	"Q4"	202	1	3	-0.109470658403662	NA	NA
1	"Q4"	203	1	3	-0.114691538199931	NA	NA
1	"Q4"	204	1	3	-0.134582502096787	NA	NA
1	"Q4"	205	1	3	-0.12074013847791	NA	NA
1	"Q4"	206	1	3	-0.116764476564644	NA	NA
1	"Q4"	207	1	3	-0.120043733501761	NA	NA
1	"Q4"	208	1	3	-0.119730372488292	NA	NA
1	"Q4"	209	1	3	-0.135719812482553	NA	NA
1	"Q4"	210	1	3	-0.120706691383561	NA	NA
1	"Q4"	211	1	3	-0.133573316188221	NA	NA
1	"Q4"	212	1	3	-0.11756916309618	NA	NA
1	"Q4"	213	1	3	-0.121636207901583	NA	NA
1	"Q4"	214	1	3	-0.0972197628662878	NA	NA
1	"Q4"	215	1	3	-0.11150772644501	NA	NA
1	"Q4"	216	1	3	-0.139733166229094	NA	NA
1	"Q4"	217	1	3	-0.11381193323508	NA	NA
1	"Q4"	218	1	3	-0.118128623846969	NA	NA
1	"Q4"	219	1	3	-0.108473590803418	NA	NA
1	"Q4"	220	1	3	-0.0896020341861158	NA	NA
1	"Q4"	221	1	3	-0.131839637931013	NA	NA
1	"Q4"	222	1	3	-0.108959533194712	NA	NA
1	"Q4"	223	1	3	-0.115311977411099	NA	NA
1	"Q4"	224	1	3	-0.111111725898721	NA	NA
1	"Q4"	225	1	3	-0.116779778819076	NA	NA
1	"Q4"	226	1	3	-0.114839081068393	NA	NA
1	"Q4"	227	1	3	-0.0779146553338537	NA	NA
1	"Q4"	228	1	3	-0.126543068399765	NA	NA
1	"Q4"	229	1	3	-0.107104028986089	NA	NA
1	"Q4"	230	1	3	-0.0997637795828092	NA	NA
1	"Q4"	231	1	3	-0.0967498950010296	NA	NA
1	"Q4"	232	1	3	-0.113567267004495	NA	NA
1	"Q4"	233	1	3	-0.121701899891691	NA	NA
1	"Q4"	234	1	3	-0.0765586546168345	NA	NA
1	"Q4"	235	1	3	-0.0976454256237357	NA	NA
1	"Q4"	236	1	3	-0.116356380821371	NA	NA
1	"Q4"	237	1	3	-0.117047059273041	NA	NA
1	"Q4"	238	1	3	-0.103304330855124	NA	NA
1	"Q4"	239	1	3	-0.0919034064072003	NA	NA
1	"Q4"	240	1	3	-0.0945728535476429	NA	NA
1	"Q4"	241	1	3	-0.110523516985197	NA	NA
1	"Q4"	242	1	3	-0.115123826693533	NA	NA
1	"Q4"	243	1	3	-0.120905247990138	NA	NA
1	"Q4"	244	1	3	-0.117750201536009	NA	NA
1	"Q4"	245	1	3	-0.117072223850687	NA	NA
1	"Q4"	246	1	3	-0.0994016124843808	NA	NA
1	"Q4"	247	1	3	-0.11666558858835	NA	NA
1	"Q4"	248	1	3	-0.10978273603984	NA	NA
1	"Q4"	249	1	3	-0.111214624771245	NA	NA
1	"Q4"	250	1	3	-0.103979953737381	NA	NA
1	"Q4"	251	1	3	-0.129206924703462	NA	NA
1	"Q4"	252	1	3	-0.108808096914937	NA	NA
1	"Q4"	253	1	3	-0.105482911515094	NA	NA
1	"Q4"	254	1	3	-0.124361343594821	NA	NA
1	"Q4"	255	1	3	-0.129668656802649	NA	NA
1	"Q4"	256	1	3	-0.1062228649338	NA	NA
1	"Q4"	257	1	3	-0.118307930213108	NA	NA
1	"Q4"	258	1	3	-0.120913984787631	NA	NA
1	"Q4"	259	1	3	-0.0990617037660062	NA	NA
1	"Q4"	260	1	3	-0.0926373901153415	NA	NA
1	"Q4"	261	1	3	-0.0925591805944212	NA	NA
1	"Q4"	262	1	3	-0.104420972435246	NA	NA
1	"Q4"	263	1	3	-0.0983025033943127	NA	NA
1	"Q4"	264	1	3	-0.121207876157663	NA	NA
1	"Q4"	265	1	3	-0.110658400215276	NA	NA
1	"Q4"	266	1	3	-0.0952902903020387	NA	NA
1	"Q4"	267	1	3	-0.091892556414953	NA	NA
1	"Q4"	268	1	3	-0.0907800031636853	NA	NA
1	"Q4"	269	1	3	-0.10739759786421	NA	NA
1	"Q4"	270	1	3	-0.121611269295119	NA	NA
1	"Q4"	271	1	3	-0.10839817655223	NA	NA
1	"Q4"	272	1	3	-0.120441234375385	NA	NA
1	"Q4"	273	1	3	-0.0989139992552049	NA	NA
1	"Q4"	274	1	3	-0.102989806417399	NA	NA
1	"Q4"	275	1	3	-0.103542425226575	NA	NA
1	"Q4"	276	1	3	-0.113181643809443	NA	NA
1	"Q4"	277	1	3	-0.106478693886436	NA	NA
1	"Q4"	278	1	3	-0.111338397784886	NA	NA
1	"Q4"	279	1	3	-0.100296165517234	NA	NA
1	"Q4"	280	1	3	-0.118489468671625	NA	NA
1	"Q4"	281	1	3	-0.0900368293786383	NA	NA
1	"Q4"	282	1	3	-0.109277549326458	NA	NA
1	"Q4"	283	1	3	-0.102014969585601	NA	NA
1	"Q4"	284	1	3	-0.0985345467820932	NA	NA
1	"Q4"	285	1	3	-0.11752471379711	NA	NA
1	"Q4"	286	1	3	-0.098332499754753	NA	NA
1	"Q4"	287	1	3	-0.0778231177629368	NA	NA
1	"Q4"	288	1	3	-0.124082856270729	NA	NA
1	"Q4"	289	1	3	-0.110391620029925	NA	NA
1	"Q4"	290	1	3	-0.11853708992329	NA	NA
1	"Q4"	291	1	3	-0.109460675197855	NA	NA
1	"Q4"	292	1	3	-0.113234982305143	NA	NA
1	"Q4"	293	1	3	-0.107268027245918	NA	NA
1	"Q4"	294	1	3	-0.105142936439294	NA	NA
1	"Q4"	295	1	3	-0.121668467168024	NA	NA
1	"Q4"	296	1	3	-0.0973469385798733	NA	NA
1	"Q4"	297	1	3	-0.105448194770614	NA	NA
1	"Q4"	298	1	3	-0.121770810720335	NA	NA
1	"Q4"	299	1	3	-0.103800796586695	NA	NA
1	"Q4"	300	1	3	-0.117583647057505	NA	NA
1	"Q4"	301	1	3	-0.137422636757076	NA	NA
1	"Q4"	302	1	3	-0.13301509068277	NA	NA
1	"Q4"	303	1	3	-0.137231019923303	NA	NA
1	"Q4"	304	1	3	-0.123215635455467	NA	NA
1	"Q4"	305	1	3	-0.130138700934259	NA	NA
1	"Q4"	306	1	3	-0.119336470150096	NA	NA
1	"Q4"	307	1	3	-0.106248703976414	NA	NA
1	"Q4"	308	1	3	-0.110200479246608	NA	NA
1	"Q4"	309	1	3	-0.0991833683223675	NA	NA
1	"Q4"	310	1	3	-0.11144883357485	NA	NA
1	"Q4"	311	1	3	-0.111342154165135	NA	NA
1	"Q4"	312	1	3	-0.117963723402913	NA	NA
1	"Q4"	313	1	3	-0.0977771047217878	NA	NA
1	"Q4"	314	1	3	-0.0881673091719775	NA	NA
1	"Q4"	315	1	3	-0.11971147239975	NA	NA
1	"Q4"	316	1	3	-0.12279844005293	NA	NA
1	"Q4"	317	1	3	-0.109373436755508	NA	NA
1	"Q4"	318	1	3	-0.0882539582605823	NA	NA
1	"Q4"	319	1	3	-0.102620924847462	NA	NA
1	"Q4"	320	1	3	-0.0929258717188724	NA	NA
1	"Q4"	321	1	3	-0.155670442845158	NA	NA
1	"Q4"	322	1	3	-0.116116795611444	NA	NA
1	"Q4"	323	1	3	-0.107012933985014	NA	NA
1	"Q4"	324	1	3	-0.127302161031184	NA	NA
1	"Q4"	325	1	3	-0.12075748533051	NA	NA
1	"Q4"	326	1	3	-0.146374874601208	NA	NA
1	"Q4"	327	1	3	-0.106397394205999	NA	NA
1	"Q4"	328	1	3	-0.118275447218799	NA	NA
1	"Q4"	329	1	3	-0.130477746355069	NA	NA
1	"Q4"	330	1	3	-0.113467395276625	NA	NA
1	"Q4"	331	1	3	-0.134837197598565	NA	NA
1	"Q4"	332	1	3	-0.103067137400239	NA	NA
1	"Q4"	333	1	3	-0.124455936081209	NA	NA
1	"Q4"	334	1	3	-0.119540985761338	NA	NA
1	"Q4"	335	1	3	-0.119683399875179	NA	NA
1	"Q4"	336	1	3	-0.09027063907251	NA	NA
1	"Q4"	337	1	3	-0.115670058718537	NA	NA
1	"Q4"	338	1	3	-0.102215405731218	NA	NA
1	"Q4"	339	1	3	-0.0852452223729055	NA	NA
1	"Q4"	340	1	3	-0.123536594319738	NA	NA
1	"Q4"	341	1	3	-0.120837632623544	NA	NA
1	"Q4"	342	1	3	-0.124262077628116	NA	NA
1	"Q4"	343	1	3	-0.0765265575148503	NA	NA
1	"Q4"	344	1	3	-0.107683063327323	NA	NA
1	"Q4"	345	1	3	-0.10119266508674	NA	NA
1	"Q4"	346	1	3	-0.113356121680265	NA	NA
1	"Q4"	347	1	3	-0.120187237300168	NA	NA
1	"Q4"	348	1	3	-0.0929451865274329	NA	NA
1	"Q4"	349	1	3	-0.137654457612375	NA	NA
1	"Q4"	350	1	3	-0.130213324660956	NA	NA
1	"Q4"	351	1	3	-0.117909986678174	NA	NA
1	"Q4"	352	1	3	-0.102247297758237	NA	NA
1	"Q4"	353	1	3	-0.127266224293503	NA	NA
1	"Q4"	354	1	3	-0.0902476242859443	NA	NA
1	"Q4"	355	1	3	-0.109604639650355	NA	NA
1	"Q4"	356	1	3	-0.118671399091991	NA	NA
1	"Q4"	357	1	3	-0.147792193308514	NA	NA
1	"Q4"	358	1	3	-0.108805800845551	NA	NA
1	"Q4"	359	1	3	-0.101132142427026	NA	NA
1	"Q4"	360	1	3	-0.0944900319078835	NA	NA
1	"Q4"	361	1	3	-0.124431887230332	NA	NA
1	"Q4"	362	1	3	-0.11256632024188	NA	NA
1	"Q4"	363	1	3	-0.127066503149541	NA	NA
1	"Q4"	364	1	3	-0.132519673624899	NA	NA
1	"Q4"	365	1	3	-0.135100288340892	NA	NA
1	"Q4"	366	1	3	-0.124614913565127	NA	NA
1	"Q4"	367	1	3	-0.133660732740651	NA	NA
1	"Q4"	368	1	3	-0.105254297503862	NA	NA
1	"Q4"	369	1	3	-0.1260962970425	NA	NA
1	"Q4"	370	1	3	-0.118835611692595	NA	NA
1	"Q4"	371	1	3	-0.113659880903578	NA	NA
1	"Q4"	372	1	3	-0.114579444226656	NA	NA
1	"Q4"	373	1	3	-0.118024201543083	NA	NA
1	"Q4"	374	1	3	-0.124090224796991	NA	NA
1	"Q4"	375	1	3	-0.131793707156234	NA	NA
1	"Q4"	376	1	3	-0.101066316958021	NA	NA
1	"Q4"	377	1	3	-0.111422591333373	NA	NA
1	"Q4"	378	1	3	-0.106700296820661	NA	NA
1	"Q4"	379	1	3	-0.117638211882413	NA	NA
1	"Q4"	380	1	3	-0.0919229709461691	NA	NA
1	"Q4"	381	1	3	-0.118513689923181	NA	NA
1	"Q4"	382	1	3	-0.114678110173868	NA	NA
1	"Q4"	383	1	3	-0.109601601041601	NA	NA
1	"Q4"	384	1	3	-0.0991981087860113	NA	NA
1	"Q4"	385	1	3	-0.111369600488114	NA	NA
1	"Q4"	386	1	3	-0.146900199800905	NA	NA
1	"Q4"	387	1	3	-0.10842926455148	NA	NA
1	"Q4"	388	1	3	-0.115181281516945	NA	NA
1	"Q4"	389	1	3	-0.104328137394026	NA	NA
1	"Q4"	390	1	3	-0.126877073117755	NA	NA
1	"Q4"	391	1	3	-0.100660425138427	NA	NA
1	"Q4"	392	1	3	-0.106916155972342	NA	NA
1	"Q4"	393	1	3	-0.0858250372818526	NA	NA
1	"Q4"	394	1	3	-0.117494993786726	NA	NA
1	"Q4"	395	1	3	-0.120180848384798	NA	NA
1	"Q4"	396	1	3	-0.0871767358824752	NA	NA
1	"Q4"	397	1	3	-0.10924837394442	NA	NA
1	"Q4"	398	1	3	-0.12919381897177	NA	NA
1	"Q4"	399	1	3	-0.117286642246117	NA	NA
1	"Q4"	400	1	3	-0.0913570791963293	NA	NA
