"Age"	"Level"	"Iteration"	"AgeIndex"	"LevelIndex"	"Slope"	"tau_Slope"	"ar_Slope"	"Intercept"	"tau_Intercept"	"ar_Intercept"
1	"LevelIndex_1"	1	1	1	2.81713673695321	NA	NA	-11.0537988477427	NA	NA
1	"LevelIndex_1"	2	1	1	2.80408847109917	NA	NA	-10.9869695756266	NA	NA
1	"LevelIndex_1"	3	1	1	2.86584375973382	NA	NA	-11.2036622663189	NA	NA
1	"LevelIndex_1"	4	1	1	2.82546714404282	NA	NA	-11.069560755914	NA	NA
1	"LevelIndex_1"	5	1	1	2.83951673869222	NA	NA	-11.1105059406947	NA	NA
1	"LevelIndex_1"	6	1	1	2.81801311847878	NA	NA	-11.0508086919853	NA	NA
1	"LevelIndex_1"	7	1	1	2.83150398586421	NA	NA	-11.0935380370848	NA	NA
1	"LevelIndex_1"	8	1	1	2.81813070563483	NA	NA	-11.0497169484094	NA	NA
1	"LevelIndex_1"	9	1	1	2.81208651597443	NA	NA	-11.0237309016314	NA	NA
1	"LevelIndex_1"	10	1	1	2.82931147615756	NA	NA	-11.0919860073322	NA	NA
1	"LevelIndex_1"	11	1	1	2.80908040690221	NA	NA	-11.021000449832	NA	NA
1	"LevelIndex_1"	12	1	1	2.82166677206412	NA	NA	-11.0564093700266	NA	NA
1	"LevelIndex_1"	13	1	1	2.82505021651725	NA	NA	-11.0737427139998	NA	NA
1	"LevelIndex_1"	14	1	1	2.80494193520282	NA	NA	-10.9918617408061	NA	NA
1	"LevelIndex_1"	15	1	1	2.82979403894628	NA	NA	-11.0750844928836	NA	NA
1	"LevelIndex_1"	16	1	1	2.80743609189332	NA	NA	-11.0115500961331	NA	NA
1	"LevelIndex_1"	17	1	1	2.84586257390719	NA	NA	-11.1126334305045	NA	NA
1	"LevelIndex_1"	18	1	1	2.83722030234453	NA	NA	-11.1079926381312	NA	NA
1	"LevelIndex_1"	19	1	1	2.81140912515793	NA	NA	-11.0231125560874	NA	NA
1	"LevelIndex_1"	20	1	1	2.8309592782143	NA	NA	-11.080668649183	NA	NA
1	"LevelIndex_1"	21	1	1	2.80931581843406	NA	NA	-11.0150434471739	NA	NA
1	"LevelIndex_1"	22	1	1	2.83237023883036	NA	NA	-11.0978653883338	NA	NA
1	"LevelIndex_1"	23	1	1	2.82131365256035	NA	NA	-11.0415130752687	NA	NA
1	"LevelIndex_1"	24	1	1	2.83047076585843	NA	NA	-11.0935589977576	NA	NA
1	"LevelIndex_1"	25	1	1	2.83441851388673	NA	NA	-11.0924817743055	NA	NA
1	"LevelIndex_1"	26	1	1	2.82914907314597	NA	NA	-11.0708060635766	NA	NA
1	"LevelIndex_1"	27	1	1	2.82561950598746	NA	NA	-11.0681317716077	NA	NA
1	"LevelIndex_1"	28	1	1	2.80880434286605	NA	NA	-11.0238972347555	NA	NA
1	"LevelIndex_1"	29	1	1	2.8366614393681	NA	NA	-11.1055243107693	NA	NA
1	"LevelIndex_1"	30	1	1	2.81809797314715	NA	NA	-11.0370765221256	NA	NA
1	"LevelIndex_1"	31	1	1	2.83458522040349	NA	NA	-11.1118666494749	NA	NA
1	"LevelIndex_1"	32	1	1	2.81294562097495	NA	NA	-11.030535256497	NA	NA
1	"LevelIndex_1"	33	1	1	2.81890139202539	NA	NA	-11.048411040219	NA	NA
1	"LevelIndex_1"	34	1	1	2.81005678506535	NA	NA	-11.0035279555355	NA	NA
1	"LevelIndex_1"	35	1	1	2.81561606109784	NA	NA	-11.0382835615058	NA	NA
1	"LevelIndex_1"	36	1	1	2.82928651902275	NA	NA	-11.081548239306	NA	NA
1	"LevelIndex_1"	37	1	1	2.79467071678178	NA	NA	-10.9594103071016	NA	NA
1	"LevelIndex_1"	38	1	1	2.83502790337782	NA	NA	-11.0980352950334	NA	NA
1	"LevelIndex_1"	39	1	1	2.83331019901228	NA	NA	-11.0915559006914	NA	NA
1	"LevelIndex_1"	40	1	1	2.83605420884732	NA	NA	-11.0976150227819	NA	NA
1	"LevelIndex_1"	41	1	1	2.80170368516378	NA	NA	-11.0000103459844	NA	NA
1	"LevelIndex_1"	42	1	1	2.82629675197803	NA	NA	-11.0674336910196	NA	NA
1	"LevelIndex_1"	43	1	1	2.82765455848454	NA	NA	-11.0568952846855	NA	NA
1	"LevelIndex_1"	44	1	1	2.82295109153566	NA	NA	-11.0632886819736	NA	NA
1	"LevelIndex_1"	45	1	1	2.83892116092732	NA	NA	-11.1276944978829	NA	NA
1	"LevelIndex_1"	46	1	1	2.80893496780772	NA	NA	-11.0199432018518	NA	NA
1	"LevelIndex_1"	47	1	1	2.82738181002994	NA	NA	-11.0689534374464	NA	NA
1	"LevelIndex_1"	48	1	1	2.84282225411142	NA	NA	-11.123766384699	NA	NA
1	"LevelIndex_1"	49	1	1	2.84596355793132	NA	NA	-11.141921215932	NA	NA
1	"LevelIndex_1"	50	1	1	2.80508525762621	NA	NA	-11.0048696256495	NA	NA
1	"LevelIndex_1"	51	1	1	2.83023369840118	NA	NA	-11.0808196701976	NA	NA
1	"LevelIndex_1"	52	1	1	2.83197923623825	NA	NA	-11.0995746430107	NA	NA
1	"LevelIndex_1"	53	1	1	2.82955576213789	NA	NA	-11.0808367672291	NA	NA
1	"LevelIndex_1"	54	1	1	2.81040330938618	NA	NA	-11.0147170458894	NA	NA
1	"LevelIndex_1"	55	1	1	2.7962056929519	NA	NA	-10.9752621460009	NA	NA
1	"LevelIndex_1"	56	1	1	2.80775185606188	NA	NA	-11.004067971879	NA	NA
1	"LevelIndex_1"	57	1	1	2.84472688366645	NA	NA	-11.1354096053427	NA	NA
1	"LevelIndex_1"	58	1	1	2.82604895571195	NA	NA	-11.0661413941602	NA	NA
1	"LevelIndex_1"	59	1	1	2.838571374605	NA	NA	-11.1113416520073	NA	NA
1	"LevelIndex_1"	60	1	1	2.82871870819979	NA	NA	-11.0801545461955	NA	NA
1	"LevelIndex_1"	61	1	1	2.83134328073912	NA	NA	-11.1034265852802	NA	NA
1	"LevelIndex_1"	62	1	1	2.84884946438086	NA	NA	-11.1494453092006	NA	NA
1	"LevelIndex_1"	63	1	1	2.80708033776273	NA	NA	-10.9914266981348	NA	NA
1	"LevelIndex_1"	64	1	1	2.82438101411488	NA	NA	-11.0634847016317	NA	NA
1	"LevelIndex_1"	65	1	1	2.81965659048672	NA	NA	-11.0654655907347	NA	NA
1	"LevelIndex_1"	66	1	1	2.84951114413714	NA	NA	-11.1541987221039	NA	NA
1	"LevelIndex_1"	67	1	1	2.85316247052447	NA	NA	-11.147914014347	NA	NA
1	"LevelIndex_1"	68	1	1	2.81604032191765	NA	NA	-11.0360180350915	NA	NA
1	"LevelIndex_1"	69	1	1	2.8171441262133	NA	NA	-11.0501689537319	NA	NA
1	"LevelIndex_1"	70	1	1	2.8256560138425	NA	NA	-11.0752678199659	NA	NA
1	"LevelIndex_1"	71	1	1	2.80357232490867	NA	NA	-10.9943300761589	NA	NA
1	"LevelIndex_1"	72	1	1	2.8343118362209	NA	NA	-11.0975153963623	NA	NA
1	"LevelIndex_1"	73	1	1	2.83433334578689	NA	NA	-11.0978628804888	NA	NA
1	"LevelIndex_1"	74	1	1	2.82345995242505	NA	NA	-11.0662449012471	NA	NA
1	"LevelIndex_1"	75	1	1	2.83605711143979	NA	NA	-11.1176429375513	NA	NA
1	"LevelIndex_1"	76	1	1	2.80782972958529	NA	NA	-11.0167698211922	NA	NA
1	"LevelIndex_1"	77	1	1	2.8314753099563	NA	NA	-11.1066768226157	NA	NA
1	"LevelIndex_1"	78	1	1	2.81881056032894	NA	NA	-11.0619282875735	NA	NA
1	"LevelIndex_1"	79	1	1	2.81402138906094	NA	NA	-11.0344003271576	NA	NA
1	"LevelIndex_1"	80	1	1	2.82715286881408	NA	NA	-11.0715819433651	NA	NA
1	"LevelIndex_1"	81	1	1	2.81013140783377	NA	NA	-11.0233455220004	NA	NA
1	"LevelIndex_1"	82	1	1	2.81984967235524	NA	NA	-11.0416727264559	NA	NA
1	"LevelIndex_1"	83	1	1	2.81561966957795	NA	NA	-11.0463679742851	NA	NA
1	"LevelIndex_1"	84	1	1	2.83400854708719	NA	NA	-11.0944667921121	NA	NA
1	"LevelIndex_1"	85	1	1	2.83622864585385	NA	NA	-11.1055605567074	NA	NA
1	"LevelIndex_1"	86	1	1	2.81831537438464	NA	NA	-11.0506038735685	NA	NA
1	"LevelIndex_1"	87	1	1	2.82184153231578	NA	NA	-11.0604257780523	NA	NA
1	"LevelIndex_1"	88	1	1	2.80589855568794	NA	NA	-11.0224752262835	NA	NA
1	"LevelIndex_1"	89	1	1	2.835903307508	NA	NA	-11.0931221588567	NA	NA
1	"LevelIndex_1"	90	1	1	2.84093386277967	NA	NA	-11.1166034355029	NA	NA
1	"LevelIndex_1"	91	1	1	2.82596777560034	NA	NA	-11.0759828574246	NA	NA
1	"LevelIndex_1"	92	1	1	2.85328810874084	NA	NA	-11.1709259347943	NA	NA
1	"LevelIndex_1"	93	1	1	2.81630242957287	NA	NA	-11.0454390681464	NA	NA
1	"LevelIndex_1"	94	1	1	2.80741119420575	NA	NA	-11.0222560510599	NA	NA
1	"LevelIndex_1"	95	1	1	2.81754523343953	NA	NA	-11.0341839490669	NA	NA
1	"LevelIndex_1"	96	1	1	2.80244022522909	NA	NA	-10.9834723678398	NA	NA
1	"LevelIndex_1"	97	1	1	2.82925722864852	NA	NA	-11.0794265067484	NA	NA
1	"LevelIndex_1"	98	1	1	2.80512182732032	NA	NA	-11.0222364058653	NA	NA
1	"LevelIndex_1"	99	1	1	2.82594691450896	NA	NA	-11.0705093426241	NA	NA
1	"LevelIndex_1"	100	1	1	2.80530222505759	NA	NA	-11.0097471993017	NA	NA
1	"LevelIndex_1"	101	1	1	2.82813475592379	NA	NA	-11.0888811769815	NA	NA
1	"LevelIndex_1"	102	1	1	2.83126836971703	NA	NA	-11.0799460089146	NA	NA
1	"LevelIndex_1"	103	1	1	2.82726369820252	NA	NA	-11.0812773309105	NA	NA
1	"LevelIndex_1"	104	1	1	2.82577902388829	NA	NA	-11.0708393022074	NA	NA
1	"LevelIndex_1"	105	1	1	2.8109184087524	NA	NA	-11.0317940620485	NA	NA
1	"LevelIndex_1"	106	1	1	2.81361923406769	NA	NA	-11.0406554571771	NA	NA
1	"LevelIndex_1"	107	1	1	2.81835780093425	NA	NA	-11.0407978506697	NA	NA
1	"LevelIndex_1"	108	1	1	2.8207690818128	NA	NA	-11.0631886219275	NA	NA
1	"LevelIndex_1"	109	1	1	2.83101171023078	NA	NA	-11.0884993005896	NA	NA
1	"LevelIndex_1"	110	1	1	2.83854963490068	NA	NA	-11.11963747274	NA	NA
1	"LevelIndex_1"	111	1	1	2.80956787271351	NA	NA	-11.0127527078971	NA	NA
1	"LevelIndex_1"	112	1	1	2.8326540536776	NA	NA	-11.1036093852081	NA	NA
1	"LevelIndex_1"	113	1	1	2.82979259368187	NA	NA	-11.085001099449	NA	NA
1	"LevelIndex_1"	114	1	1	2.81314363045174	NA	NA	-11.0331436606661	NA	NA
1	"LevelIndex_1"	115	1	1	2.80547303579025	NA	NA	-11.0097816714074	NA	NA
1	"LevelIndex_1"	116	1	1	2.81785945959855	NA	NA	-11.0439762084263	NA	NA
1	"LevelIndex_1"	117	1	1	2.82541059982854	NA	NA	-11.0623291164139	NA	NA
1	"LevelIndex_1"	118	1	1	2.84686964969203	NA	NA	-11.1458253802596	NA	NA
1	"LevelIndex_1"	119	1	1	2.83280701119543	NA	NA	-11.0933173657906	NA	NA
1	"LevelIndex_1"	120	1	1	2.83058246699176	NA	NA	-11.078757540974	NA	NA
1	"LevelIndex_1"	121	1	1	2.83003429619797	NA	NA	-11.0730582586128	NA	NA
1	"LevelIndex_1"	122	1	1	2.82864490256096	NA	NA	-11.0790073354248	NA	NA
1	"LevelIndex_1"	123	1	1	2.8405847443426	NA	NA	-11.1084407810582	NA	NA
1	"LevelIndex_1"	124	1	1	2.83491607890308	NA	NA	-11.1128807682767	NA	NA
1	"LevelIndex_1"	125	1	1	2.81418520387764	NA	NA	-11.033911460098	NA	NA
1	"LevelIndex_1"	126	1	1	2.81624367602743	NA	NA	-11.0388408950068	NA	NA
1	"LevelIndex_1"	127	1	1	2.82117589813658	NA	NA	-11.0569476868672	NA	NA
1	"LevelIndex_1"	128	1	1	2.83260901686716	NA	NA	-11.0985388153566	NA	NA
1	"LevelIndex_1"	129	1	1	2.84188722721766	NA	NA	-11.1171871468663	NA	NA
1	"LevelIndex_1"	130	1	1	2.83160562039229	NA	NA	-11.0861842699674	NA	NA
1	"LevelIndex_1"	131	1	1	2.81523310205131	NA	NA	-11.0373717898277	NA	NA
1	"LevelIndex_1"	132	1	1	2.82292265737089	NA	NA	-11.0705530897402	NA	NA
1	"LevelIndex_1"	133	1	1	2.83239549874868	NA	NA	-11.0892301123865	NA	NA
1	"LevelIndex_1"	134	1	1	2.82649476171844	NA	NA	-11.0863515087716	NA	NA
1	"LevelIndex_1"	135	1	1	2.81522289441693	NA	NA	-11.040607868401	NA	NA
1	"LevelIndex_1"	136	1	1	2.82760490578469	NA	NA	-11.071510668663	NA	NA
1	"LevelIndex_1"	137	1	1	2.81505323241512	NA	NA	-11.0468307359828	NA	NA
1	"LevelIndex_1"	138	1	1	2.82143373833844	NA	NA	-11.0650728711586	NA	NA
1	"LevelIndex_1"	139	1	1	2.77803494696513	NA	NA	-10.9081378752057	NA	NA
1	"LevelIndex_1"	140	1	1	2.80010206998751	NA	NA	-10.982592333786	NA	NA
1	"LevelIndex_1"	141	1	1	2.80568263947875	NA	NA	-10.9981697616238	NA	NA
1	"LevelIndex_1"	142	1	1	2.82480993857809	NA	NA	-11.0558097478975	NA	NA
1	"LevelIndex_1"	143	1	1	2.82422304309965	NA	NA	-11.0617123563647	NA	NA
1	"LevelIndex_1"	144	1	1	2.83267137807713	NA	NA	-11.0921259948965	NA	NA
1	"LevelIndex_1"	145	1	1	2.82416776155122	NA	NA	-11.0726118380534	NA	NA
1	"LevelIndex_1"	146	1	1	2.84429092718281	NA	NA	-11.1187835440864	NA	NA
1	"LevelIndex_1"	147	1	1	2.80567218824866	NA	NA	-10.9921639996311	NA	NA
1	"LevelIndex_1"	148	1	1	2.81761467952458	NA	NA	-11.036170225277	NA	NA
1	"LevelIndex_1"	149	1	1	2.80777497173175	NA	NA	-11.0146864734553	NA	NA
1	"LevelIndex_1"	150	1	1	2.84386972576496	NA	NA	-11.1504098558535	NA	NA
1	"LevelIndex_1"	151	1	1	2.83354424526956	NA	NA	-11.0989827809292	NA	NA
1	"LevelIndex_1"	152	1	1	2.8478903632237	NA	NA	-11.1536952588133	NA	NA
1	"LevelIndex_1"	153	1	1	2.80286483461931	NA	NA	-11.0039235323268	NA	NA
1	"LevelIndex_1"	154	1	1	2.83073719693538	NA	NA	-11.0822098517245	NA	NA
1	"LevelIndex_1"	155	1	1	2.83081305262455	NA	NA	-11.0796533830789	NA	NA
1	"LevelIndex_1"	156	1	1	2.82872479972859	NA	NA	-11.0708984282802	NA	NA
1	"LevelIndex_1"	157	1	1	2.82151939519947	NA	NA	-11.0581647086332	NA	NA
1	"LevelIndex_1"	158	1	1	2.83496669312925	NA	NA	-11.1159059634551	NA	NA
1	"LevelIndex_1"	159	1	1	2.81482234889284	NA	NA	-11.0070349780592	NA	NA
1	"LevelIndex_1"	160	1	1	2.83652181426105	NA	NA	-11.099558620844	NA	NA
1	"LevelIndex_1"	161	1	1	2.83860470139606	NA	NA	-11.1106571774259	NA	NA
1	"LevelIndex_1"	162	1	1	2.84432812607722	NA	NA	-11.1414286615467	NA	NA
1	"LevelIndex_1"	163	1	1	2.80713656648691	NA	NA	-11.0186004310268	NA	NA
1	"LevelIndex_1"	164	1	1	2.81601448877518	NA	NA	-11.0524340742122	NA	NA
1	"LevelIndex_1"	165	1	1	2.81630754450378	NA	NA	-11.0462819331129	NA	NA
1	"LevelIndex_1"	166	1	1	2.81406761691746	NA	NA	-11.0269773947504	NA	NA
1	"LevelIndex_1"	167	1	1	2.81785731918984	NA	NA	-11.0541296155152	NA	NA
1	"LevelIndex_1"	168	1	1	2.82024245331495	NA	NA	-11.0555895963079	NA	NA
1	"LevelIndex_1"	169	1	1	2.82637587686471	NA	NA	-11.0807484023218	NA	NA
1	"LevelIndex_1"	170	1	1	2.83587322290146	NA	NA	-11.1021765757179	NA	NA
1	"LevelIndex_1"	171	1	1	2.84891052658133	NA	NA	-11.1374519661369	NA	NA
1	"LevelIndex_1"	172	1	1	2.8363108496683	NA	NA	-11.0965182665507	NA	NA
1	"LevelIndex_1"	173	1	1	2.8490498436166	NA	NA	-11.1556049169671	NA	NA
1	"LevelIndex_1"	174	1	1	2.81476499352867	NA	NA	-11.0379635907792	NA	NA
1	"LevelIndex_1"	175	1	1	2.82562574385186	NA	NA	-11.0721551558976	NA	NA
1	"LevelIndex_1"	176	1	1	2.8378705129977	NA	NA	-11.1300578586054	NA	NA
1	"LevelIndex_1"	177	1	1	2.80891304377496	NA	NA	-11.0212940377701	NA	NA
1	"LevelIndex_1"	178	1	1	2.81141421204252	NA	NA	-11.0270573866404	NA	NA
1	"LevelIndex_1"	179	1	1	2.8471209070729	NA	NA	-11.1363945291582	NA	NA
1	"LevelIndex_1"	180	1	1	2.83510599617964	NA	NA	-11.1030072275227	NA	NA
1	"LevelIndex_1"	181	1	1	2.84005097511569	NA	NA	-11.0991393465672	NA	NA
1	"LevelIndex_1"	182	1	1	2.81906830436412	NA	NA	-11.0455215471106	NA	NA
1	"LevelIndex_1"	183	1	1	2.84502326033049	NA	NA	-11.1187994518378	NA	NA
1	"LevelIndex_1"	184	1	1	2.84580940128779	NA	NA	-11.1482164979673	NA	NA
1	"LevelIndex_1"	185	1	1	2.81698355765252	NA	NA	-11.0523217162131	NA	NA
1	"LevelIndex_1"	186	1	1	2.83693697187889	NA	NA	-11.1139334465982	NA	NA
1	"LevelIndex_1"	187	1	1	2.80983994715985	NA	NA	-11.0207516059207	NA	NA
1	"LevelIndex_1"	188	1	1	2.80728100381882	NA	NA	-11.003140194583	NA	NA
1	"LevelIndex_1"	189	1	1	2.80593186369598	NA	NA	-11.0054748886909	NA	NA
1	"LevelIndex_1"	190	1	1	2.8240616182031	NA	NA	-11.0748392192845	NA	NA
1	"LevelIndex_1"	191	1	1	2.84968503227944	NA	NA	-11.1479524025943	NA	NA
1	"LevelIndex_1"	192	1	1	2.81182018390417	NA	NA	-11.0245446807005	NA	NA
1	"LevelIndex_1"	193	1	1	2.82322997266194	NA	NA	-11.0591245393411	NA	NA
1	"LevelIndex_1"	194	1	1	2.81456437685941	NA	NA	-11.0549561562527	NA	NA
1	"LevelIndex_1"	195	1	1	2.81895417631085	NA	NA	-11.0642785225205	NA	NA
1	"LevelIndex_1"	196	1	1	2.83694596833378	NA	NA	-11.1075614295244	NA	NA
1	"LevelIndex_1"	197	1	1	2.80696806162867	NA	NA	-11.0012227261541	NA	NA
1	"LevelIndex_1"	198	1	1	2.83740945470312	NA	NA	-11.1136955730325	NA	NA
1	"LevelIndex_1"	199	1	1	2.81063629562997	NA	NA	-11.0140758419556	NA	NA
1	"LevelIndex_1"	200	1	1	2.79866536565241	NA	NA	-10.9902879033503	NA	NA
1	"LevelIndex_1"	201	1	1	2.81316593126815	NA	NA	-11.0264043292815	NA	NA
1	"LevelIndex_1"	202	1	1	2.82709238815206	NA	NA	-11.0810450728068	NA	NA
1	"LevelIndex_1"	203	1	1	2.8177669043183	NA	NA	-11.0610800795805	NA	NA
1	"LevelIndex_1"	204	1	1	2.81812001105145	NA	NA	-11.0426166752365	NA	NA
1	"LevelIndex_1"	205	1	1	2.84125453223319	NA	NA	-11.1145733680408	NA	NA
1	"LevelIndex_1"	206	1	1	2.82931929434561	NA	NA	-11.0792116787455	NA	NA
1	"LevelIndex_1"	207	1	1	2.81872653918802	NA	NA	-11.0468288523323	NA	NA
1	"LevelIndex_1"	208	1	1	2.80832590163608	NA	NA	-11.0237160493505	NA	NA
1	"LevelIndex_1"	209	1	1	2.8328586499217	NA	NA	-11.0912133736235	NA	NA
1	"LevelIndex_1"	210	1	1	2.82456299619023	NA	NA	-11.0758851650932	NA	NA
1	"LevelIndex_1"	211	1	1	2.82508452661754	NA	NA	-11.0837172451089	NA	NA
1	"LevelIndex_1"	212	1	1	2.8148060398733	NA	NA	-11.0526387056274	NA	NA
1	"LevelIndex_1"	213	1	1	2.82988562101715	NA	NA	-11.0923451351225	NA	NA
1	"LevelIndex_1"	214	1	1	2.81251835304998	NA	NA	-11.0316383782537	NA	NA
1	"LevelIndex_1"	215	1	1	2.82298065840873	NA	NA	-11.0657722720591	NA	NA
1	"LevelIndex_1"	216	1	1	2.84807274187115	NA	NA	-11.1297823107406	NA	NA
1	"LevelIndex_1"	217	1	1	2.8595243752628	NA	NA	-11.1725277751739	NA	NA
1	"LevelIndex_1"	218	1	1	2.83528878153794	NA	NA	-11.1240223644613	NA	NA
1	"LevelIndex_1"	219	1	1	2.80363016061194	NA	NA	-10.9985216683508	NA	NA
1	"LevelIndex_1"	220	1	1	2.81894206580978	NA	NA	-11.0495090698392	NA	NA
1	"LevelIndex_1"	221	1	1	2.85677250356113	NA	NA	-11.1730253525405	NA	NA
1	"LevelIndex_1"	222	1	1	2.81191527777368	NA	NA	-11.0146210139022	NA	NA
1	"LevelIndex_1"	223	1	1	2.8369840538165	NA	NA	-11.1029450449386	NA	NA
1	"LevelIndex_1"	224	1	1	2.80786100640155	NA	NA	-11.0040886226357	NA	NA
1	"LevelIndex_1"	225	1	1	2.83664357131408	NA	NA	-11.1119975909863	NA	NA
1	"LevelIndex_1"	226	1	1	2.82107980933612	NA	NA	-11.0674851256675	NA	NA
1	"LevelIndex_1"	227	1	1	2.82932682290677	NA	NA	-11.0905105074576	NA	NA
1	"LevelIndex_1"	228	1	1	2.79642721567404	NA	NA	-10.9769680017991	NA	NA
1	"LevelIndex_1"	229	1	1	2.83575704249383	NA	NA	-11.0926586276222	NA	NA
1	"LevelIndex_1"	230	1	1	2.80982540383797	NA	NA	-11.032348007513	NA	NA
1	"LevelIndex_1"	231	1	1	2.82877304336055	NA	NA	-11.08722480743	NA	NA
1	"LevelIndex_1"	232	1	1	2.83895388781772	NA	NA	-11.1265235882738	NA	NA
1	"LevelIndex_1"	233	1	1	2.82529869125474	NA	NA	-11.0609383742106	NA	NA
1	"LevelIndex_1"	234	1	1	2.83123182952155	NA	NA	-11.0751686137651	NA	NA
1	"LevelIndex_1"	235	1	1	2.82283581857021	NA	NA	-11.0594879817935	NA	NA
1	"LevelIndex_1"	236	1	1	2.80614280780266	NA	NA	-11.0037874043594	NA	NA
1	"LevelIndex_1"	237	1	1	2.80849476996016	NA	NA	-11.0224669633738	NA	NA
1	"LevelIndex_1"	238	1	1	2.82694156266913	NA	NA	-11.0878005571122	NA	NA
1	"LevelIndex_1"	239	1	1	2.85200441761643	NA	NA	-11.1538135105074	NA	NA
1	"LevelIndex_1"	240	1	1	2.82898010692714	NA	NA	-11.0784078477375	NA	NA
1	"LevelIndex_1"	241	1	1	2.81890105186291	NA	NA	-11.0444935077987	NA	NA
1	"LevelIndex_1"	242	1	1	2.81727994069808	NA	NA	-11.0386608236933	NA	NA
1	"LevelIndex_1"	243	1	1	2.82713793296371	NA	NA	-11.0680692392511	NA	NA
1	"LevelIndex_1"	244	1	1	2.82592385869289	NA	NA	-11.0798509620457	NA	NA
1	"LevelIndex_1"	245	1	1	2.83737407580695	NA	NA	-11.1113775052436	NA	NA
1	"LevelIndex_1"	246	1	1	2.83524975790757	NA	NA	-11.1004901914681	NA	NA
1	"LevelIndex_1"	247	1	1	2.82733860837131	NA	NA	-11.0905147437052	NA	NA
1	"LevelIndex_1"	248	1	1	2.82080879570236	NA	NA	-11.0571704245065	NA	NA
1	"LevelIndex_1"	249	1	1	2.81116406536412	NA	NA	-11.0143396133097	NA	NA
1	"LevelIndex_1"	250	1	1	2.83792447429547	NA	NA	-11.1098841091164	NA	NA
1	"LevelIndex_1"	251	1	1	2.82895598894663	NA	NA	-11.0927953460589	NA	NA
1	"LevelIndex_1"	252	1	1	2.84661915785438	NA	NA	-11.1139823427512	NA	NA
1	"LevelIndex_1"	253	1	1	2.81048950822447	NA	NA	-11.0081822700494	NA	NA
1	"LevelIndex_1"	254	1	1	2.81013571473057	NA	NA	-11.0254151925359	NA	NA
1	"LevelIndex_1"	255	1	1	2.82260964195416	NA	NA	-11.0647075487035	NA	NA
1	"LevelIndex_1"	256	1	1	2.82336747294066	NA	NA	-11.0652893770849	NA	NA
1	"LevelIndex_1"	257	1	1	2.80156738500368	NA	NA	-10.9796963542969	NA	NA
1	"LevelIndex_1"	258	1	1	2.83297991302482	NA	NA	-11.0929438636909	NA	NA
1	"LevelIndex_1"	259	1	1	2.81029502306297	NA	NA	-11.0266530700605	NA	NA
1	"LevelIndex_1"	260	1	1	2.83432505856601	NA	NA	-11.0894639971165	NA	NA
1	"LevelIndex_1"	261	1	1	2.82177970507853	NA	NA	-11.0501947811393	NA	NA
1	"LevelIndex_1"	262	1	1	2.80130410571923	NA	NA	-10.9891405751183	NA	NA
1	"LevelIndex_1"	263	1	1	2.8341221483797	NA	NA	-11.0893006013336	NA	NA
1	"LevelIndex_1"	264	1	1	2.83676355727891	NA	NA	-11.1055697456084	NA	NA
1	"LevelIndex_1"	265	1	1	2.83654232223193	NA	NA	-11.1088972074447	NA	NA
1	"LevelIndex_1"	266	1	1	2.80643867238676	NA	NA	-10.9836088679373	NA	NA
1	"LevelIndex_1"	267	1	1	2.81728888130504	NA	NA	-11.0526808831442	NA	NA
1	"LevelIndex_1"	268	1	1	2.82601355402418	NA	NA	-11.0643076497947	NA	NA
1	"LevelIndex_1"	269	1	1	2.82992473450064	NA	NA	-11.0744014314857	NA	NA
1	"LevelIndex_1"	270	1	1	2.83509209136513	NA	NA	-11.1151103085518	NA	NA
1	"LevelIndex_1"	271	1	1	2.8262051107029	NA	NA	-11.0812855730227	NA	NA
1	"LevelIndex_1"	272	1	1	2.80736952931887	NA	NA	-11.0140805018691	NA	NA
1	"LevelIndex_1"	273	1	1	2.81482013141005	NA	NA	-11.0434328698374	NA	NA
1	"LevelIndex_1"	274	1	1	2.81145012804866	NA	NA	-11.0173091720549	NA	NA
1	"LevelIndex_1"	275	1	1	2.81291117840615	NA	NA	-11.04673771635	NA	NA
1	"LevelIndex_1"	276	1	1	2.82447733871908	NA	NA	-11.0617479299023	NA	NA
1	"LevelIndex_1"	277	1	1	2.81207683371856	NA	NA	-11.0278071419777	NA	NA
1	"LevelIndex_1"	278	1	1	2.84357393795113	NA	NA	-11.1179003064566	NA	NA
1	"LevelIndex_1"	279	1	1	2.83258709061295	NA	NA	-11.0982259633285	NA	NA
1	"LevelIndex_1"	280	1	1	2.8259775291427	NA	NA	-11.0652832273757	NA	NA
1	"LevelIndex_1"	281	1	1	2.82840534309135	NA	NA	-11.0804479527575	NA	NA
1	"LevelIndex_1"	282	1	1	2.83187437061401	NA	NA	-11.0997156253284	NA	NA
1	"LevelIndex_1"	283	1	1	2.81872553347833	NA	NA	-11.0383862139702	NA	NA
1	"LevelIndex_1"	284	1	1	2.80304004919471	NA	NA	-11.0021304959616	NA	NA
1	"LevelIndex_1"	285	1	1	2.81322693322675	NA	NA	-11.0474684161909	NA	NA
1	"LevelIndex_1"	286	1	1	2.8144070590104	NA	NA	-11.0344156814399	NA	NA
1	"LevelIndex_1"	287	1	1	2.81356381648862	NA	NA	-11.0428945864701	NA	NA
1	"LevelIndex_1"	288	1	1	2.8239182226548	NA	NA	-11.0768220791529	NA	NA
1	"LevelIndex_1"	289	1	1	2.82130078393049	NA	NA	-11.0556314711873	NA	NA
1	"LevelIndex_1"	290	1	1	2.83763456692329	NA	NA	-11.1178596530753	NA	NA
1	"LevelIndex_1"	291	1	1	2.79981797775278	NA	NA	-10.9825306049087	NA	NA
1	"LevelIndex_1"	292	1	1	2.83469245473608	NA	NA	-11.096754558661	NA	NA
1	"LevelIndex_1"	293	1	1	2.80649686747034	NA	NA	-11.0057406084984	NA	NA
1	"LevelIndex_1"	294	1	1	2.83334056412977	NA	NA	-11.0944445019151	NA	NA
1	"LevelIndex_1"	295	1	1	2.83294288099371	NA	NA	-11.1015700464367	NA	NA
1	"LevelIndex_1"	296	1	1	2.82572491210252	NA	NA	-11.0846825359872	NA	NA
1	"LevelIndex_1"	297	1	1	2.82463767090165	NA	NA	-11.0683873288416	NA	NA
1	"LevelIndex_1"	298	1	1	2.83887809207884	NA	NA	-11.1175741135571	NA	NA
1	"LevelIndex_1"	299	1	1	2.83577587760192	NA	NA	-11.1165128524444	NA	NA
1	"LevelIndex_1"	300	1	1	2.79933450044622	NA	NA	-10.9940790144712	NA	NA
1	"LevelIndex_1"	301	1	1	2.82631478776381	NA	NA	-11.0693947725314	NA	NA
1	"LevelIndex_1"	302	1	1	2.82358211393121	NA	NA	-11.0841132422341	NA	NA
1	"LevelIndex_1"	303	1	1	2.85046553554343	NA	NA	-11.1461338483891	NA	NA
1	"LevelIndex_1"	304	1	1	2.7915194445363	NA	NA	-10.9598197895328	NA	NA
1	"LevelIndex_1"	305	1	1	2.82285618187495	NA	NA	-11.0758857410749	NA	NA
1	"LevelIndex_1"	306	1	1	2.81257777398626	NA	NA	-11.0495036968614	NA	NA
1	"LevelIndex_1"	307	1	1	2.8444728983002	NA	NA	-11.1363132209676	NA	NA
1	"LevelIndex_1"	308	1	1	2.82462869674067	NA	NA	-11.0556929128928	NA	NA
1	"LevelIndex_1"	309	1	1	2.83069261793994	NA	NA	-11.0979534095059	NA	NA
1	"LevelIndex_1"	310	1	1	2.81435817831998	NA	NA	-11.036880264546	NA	NA
1	"LevelIndex_1"	311	1	1	2.8579494507268	NA	NA	-11.1927770488121	NA	NA
1	"LevelIndex_1"	312	1	1	2.81912411494581	NA	NA	-11.0393565821934	NA	NA
1	"LevelIndex_1"	313	1	1	2.84120284320335	NA	NA	-11.121060092948	NA	NA
1	"LevelIndex_1"	314	1	1	2.79150718760144	NA	NA	-10.95127188547	NA	NA
1	"LevelIndex_1"	315	1	1	2.81468881796535	NA	NA	-11.0633906576263	NA	NA
1	"LevelIndex_1"	316	1	1	2.82314308539077	NA	NA	-11.0563921983188	NA	NA
1	"LevelIndex_1"	317	1	1	2.79541303121225	NA	NA	-10.9758351732754	NA	NA
1	"LevelIndex_1"	318	1	1	2.82374141553664	NA	NA	-11.0711652544189	NA	NA
1	"LevelIndex_1"	319	1	1	2.8294726646519	NA	NA	-11.0876993911372	NA	NA
1	"LevelIndex_1"	320	1	1	2.82905057529937	NA	NA	-11.060314907263	NA	NA
1	"LevelIndex_1"	321	1	1	2.8184086011926	NA	NA	-11.0373806981574	NA	NA
1	"LevelIndex_1"	322	1	1	2.81260418503956	NA	NA	-11.0297965836254	NA	NA
1	"LevelIndex_1"	323	1	1	2.84771062146588	NA	NA	-11.1442395766845	NA	NA
1	"LevelIndex_1"	324	1	1	2.80906924779739	NA	NA	-11.0372895573723	NA	NA
1	"LevelIndex_1"	325	1	1	2.82894149528077	NA	NA	-11.0799226843238	NA	NA
1	"LevelIndex_1"	326	1	1	2.82706237773088	NA	NA	-11.0897188659391	NA	NA
1	"LevelIndex_1"	327	1	1	2.82768941922027	NA	NA	-11.08912540685	NA	NA
1	"LevelIndex_1"	328	1	1	2.83867998065008	NA	NA	-11.1208594531066	NA	NA
1	"LevelIndex_1"	329	1	1	2.83917938252839	NA	NA	-11.1236840997188	NA	NA
1	"LevelIndex_1"	330	1	1	2.83398975177012	NA	NA	-11.0905747080272	NA	NA
1	"LevelIndex_1"	331	1	1	2.81981623657742	NA	NA	-11.0573644287748	NA	NA
1	"LevelIndex_1"	332	1	1	2.82637927896381	NA	NA	-11.0749719554861	NA	NA
1	"LevelIndex_1"	333	1	1	2.82855067015824	NA	NA	-11.0810443323915	NA	NA
1	"LevelIndex_1"	334	1	1	2.83127264243443	NA	NA	-11.1121983115141	NA	NA
1	"LevelIndex_1"	335	1	1	2.79643456437527	NA	NA	-10.9776411621992	NA	NA
1	"LevelIndex_1"	336	1	1	2.85335086565138	NA	NA	-11.1651984131262	NA	NA
1	"LevelIndex_1"	337	1	1	2.82290648833716	NA	NA	-11.0604380431239	NA	NA
1	"LevelIndex_1"	338	1	1	2.82513632716783	NA	NA	-11.0677016964752	NA	NA
1	"LevelIndex_1"	339	1	1	2.79829295996184	NA	NA	-10.9754432702005	NA	NA
1	"LevelIndex_1"	340	1	1	2.80419578525585	NA	NA	-11.0008557220125	NA	NA
1	"LevelIndex_1"	341	1	1	2.8168939513692	NA	NA	-11.0437893011724	NA	NA
1	"LevelIndex_1"	342	1	1	2.82155940003065	NA	NA	-11.059073331074	NA	NA
1	"LevelIndex_1"	343	1	1	2.84268521910309	NA	NA	-11.114653228592	NA	NA
1	"LevelIndex_1"	344	1	1	2.81747612823351	NA	NA	-11.0175700720077	NA	NA
1	"LevelIndex_1"	345	1	1	2.80575820805486	NA	NA	-11.0031880886138	NA	NA
1	"LevelIndex_1"	346	1	1	2.81762367565363	NA	NA	-11.0481188844167	NA	NA
1	"LevelIndex_1"	347	1	1	2.81574281457424	NA	NA	-11.0397527086608	NA	NA
1	"LevelIndex_1"	348	1	1	2.82770718537315	NA	NA	-11.0700898347908	NA	NA
1	"LevelIndex_1"	349	1	1	2.78665748891031	NA	NA	-10.9492789806189	NA	NA
1	"LevelIndex_1"	350	1	1	2.82382733525825	NA	NA	-11.0774271715594	NA	NA
1	"LevelIndex_1"	351	1	1	2.81735540829244	NA	NA	-11.0504154683377	NA	NA
1	"LevelIndex_1"	352	1	1	2.83499397947944	NA	NA	-11.0958161504872	NA	NA
1	"LevelIndex_1"	353	1	1	2.81734117035025	NA	NA	-11.0422784632662	NA	NA
1	"LevelIndex_1"	354	1	1	2.80111478766644	NA	NA	-10.9914636730837	NA	NA
1	"LevelIndex_1"	355	1	1	2.80513209854209	NA	NA	-10.9933691317019	NA	NA
1	"LevelIndex_1"	356	1	1	2.82091529402891	NA	NA	-11.0716872480713	NA	NA
1	"LevelIndex_1"	357	1	1	2.80727950627507	NA	NA	-11.0083296834062	NA	NA
1	"LevelIndex_1"	358	1	1	2.83408895819748	NA	NA	-11.1019426613427	NA	NA
1	"LevelIndex_1"	359	1	1	2.81925893395427	NA	NA	-11.062728563399	NA	NA
1	"LevelIndex_1"	360	1	1	2.81670191865015	NA	NA	-11.0510429871241	NA	NA
1	"LevelIndex_1"	361	1	1	2.81520005761694	NA	NA	-11.0397048189548	NA	NA
1	"LevelIndex_1"	362	1	1	2.83407777266236	NA	NA	-11.0913308497579	NA	NA
1	"LevelIndex_1"	363	1	1	2.82478541147878	NA	NA	-11.0830678356457	NA	NA
1	"LevelIndex_1"	364	1	1	2.83264696121165	NA	NA	-11.0882146413778	NA	NA
1	"LevelIndex_1"	365	1	1	2.82097487607479	NA	NA	-11.0694412865034	NA	NA
1	"LevelIndex_1"	366	1	1	2.83012648510681	NA	NA	-11.0850598061965	NA	NA
1	"LevelIndex_1"	367	1	1	2.82299829246318	NA	NA	-11.0763891757119	NA	NA
1	"LevelIndex_1"	368	1	1	2.81783619264377	NA	NA	-11.0313412539881	NA	NA
1	"LevelIndex_1"	369	1	1	2.82194583632331	NA	NA	-11.0673730460211	NA	NA
1	"LevelIndex_1"	370	1	1	2.82865052782116	NA	NA	-11.0855500830331	NA	NA
1	"LevelIndex_1"	371	1	1	2.81411299106484	NA	NA	-11.0538518242329	NA	NA
1	"LevelIndex_1"	372	1	1	2.82072147614498	NA	NA	-11.0538742630903	NA	NA
1	"LevelIndex_1"	373	1	1	2.82186006851104	NA	NA	-11.0691261598717	NA	NA
1	"LevelIndex_1"	374	1	1	2.81873348959342	NA	NA	-11.0534493668521	NA	NA
1	"LevelIndex_1"	375	1	1	2.82572089851332	NA	NA	-11.0779119749342	NA	NA
1	"LevelIndex_1"	376	1	1	2.8119725572358	NA	NA	-11.0315430202999	NA	NA
1	"LevelIndex_1"	377	1	1	2.81271876481361	NA	NA	-11.0403749758781	NA	NA
1	"LevelIndex_1"	378	1	1	2.81547572412392	NA	NA	-11.0445974190251	NA	NA
1	"LevelIndex_1"	379	1	1	2.83165634942712	NA	NA	-11.0944744319909	NA	NA
1	"LevelIndex_1"	380	1	1	2.82093493253345	NA	NA	-11.0513473806343	NA	NA
1	"LevelIndex_1"	381	1	1	2.8051138044654	NA	NA	-11.0049923212725	NA	NA
1	"LevelIndex_1"	382	1	1	2.81049789982075	NA	NA	-11.0119224697121	NA	NA
1	"LevelIndex_1"	383	1	1	2.83107041226536	NA	NA	-11.0940611039688	NA	NA
1	"LevelIndex_1"	384	1	1	2.80537133559299	NA	NA	-11.0116504730051	NA	NA
1	"LevelIndex_1"	385	1	1	2.84214467133448	NA	NA	-11.1384726169176	NA	NA
1	"LevelIndex_1"	386	1	1	2.81609687077967	NA	NA	-11.042006666796	NA	NA
1	"LevelIndex_1"	387	1	1	2.81067187938701	NA	NA	-11.0100454270383	NA	NA
1	"LevelIndex_1"	388	1	1	2.80616970613854	NA	NA	-11.0085398534433	NA	NA
1	"LevelIndex_1"	389	1	1	2.84015177439053	NA	NA	-11.1218204958653	NA	NA
1	"LevelIndex_1"	390	1	1	2.83258661756255	NA	NA	-11.0876721851598	NA	NA
1	"LevelIndex_1"	391	1	1	2.81423474638324	NA	NA	-11.0164344115311	NA	NA
1	"LevelIndex_1"	392	1	1	2.8104072157439	NA	NA	-11.0123816542776	NA	NA
1	"LevelIndex_1"	393	1	1	2.82686521109552	NA	NA	-11.0698480430398	NA	NA
1	"LevelIndex_1"	394	1	1	2.85397320634464	NA	NA	-11.1705329660381	NA	NA
1	"LevelIndex_1"	395	1	1	2.8129934604195	NA	NA	-11.0240165817223	NA	NA
1	"LevelIndex_1"	396	1	1	2.8169602267899	NA	NA	-11.0300626443098	NA	NA
1	"LevelIndex_1"	397	1	1	2.84136202087601	NA	NA	-11.1248595559303	NA	NA
1	"LevelIndex_1"	398	1	1	2.8422398200133	NA	NA	-11.1384334897302	NA	NA
1	"LevelIndex_1"	399	1	1	2.80990506801793	NA	NA	-11.013060084457	NA	NA
1	"LevelIndex_1"	400	1	1	2.82315622998938	NA	NA	-11.0550648645893	NA	NA
