"Age"	"Level"	"Iteration"	"AgeIndex"	"LevelIndex"	"Slope"	"tau_Slope"	"ar_Slope"	"Intercept"	"tau_Intercept"	"ar_Intercept"
1	"LevelIndex_1"	1	1	1	0.116687476458791	NA	NA	3.08389764312089	NA	NA
1	"LevelIndex_1"	2	1	1	0.119440405870392	NA	NA	3.09899003188548	NA	NA
1	"LevelIndex_1"	3	1	1	0.116283420612471	NA	NA	3.11838715472458	NA	NA
1	"LevelIndex_1"	4	1	1	0.118977396608156	NA	NA	3.09844741701692	NA	NA
1	"LevelIndex_1"	5	1	1	0.123516692895265	NA	NA	3.08569451208907	NA	NA
1	"LevelIndex_1"	6	1	1	0.120093674446843	NA	NA	3.08124088110229	NA	NA
1	"LevelIndex_1"	7	1	1	0.114124848815145	NA	NA	3.10857017327646	NA	NA
1	"LevelIndex_1"	8	1	1	0.120766824317138	NA	NA	3.09121751068231	NA	NA
1	"LevelIndex_1"	9	1	1	0.115103141807431	NA	NA	3.0891180869088	NA	NA
1	"LevelIndex_1"	10	1	1	0.117097482808254	NA	NA	3.14503053323131	NA	NA
1	"LevelIndex_1"	11	1	1	0.116868407744026	NA	NA	3.07765209732976	NA	NA
1	"LevelIndex_1"	12	1	1	0.119199371678576	NA	NA	3.10104502296179	NA	NA
1	"LevelIndex_1"	13	1	1	0.118862541491943	NA	NA	3.10692451623744	NA	NA
1	"LevelIndex_1"	14	1	1	0.116007740679008	NA	NA	3.15988553235924	NA	NA
1	"LevelIndex_1"	15	1	1	0.118375462507172	NA	NA	3.1026123916239	NA	NA
1	"LevelIndex_1"	16	1	1	0.120087340984661	NA	NA	3.1039211125774	NA	NA
1	"LevelIndex_1"	17	1	1	0.118420858671013	NA	NA	3.1010786315968	NA	NA
1	"LevelIndex_1"	18	1	1	0.11745742960727	NA	NA	3.11216010280299	NA	NA
1	"LevelIndex_1"	19	1	1	0.119539732630599	NA	NA	3.0902031893261	NA	NA
1	"LevelIndex_1"	20	1	1	0.119507781281655	NA	NA	3.1428204903084	NA	NA
1	"LevelIndex_1"	21	1	1	0.118809997563567	NA	NA	3.12360860703877	NA	NA
1	"LevelIndex_1"	22	1	1	0.117583395935443	NA	NA	3.07916560357021	NA	NA
1	"LevelIndex_1"	23	1	1	0.117287582183702	NA	NA	3.10335676979077	NA	NA
1	"LevelIndex_1"	24	1	1	0.117703158435454	NA	NA	3.10113149398069	NA	NA
1	"LevelIndex_1"	25	1	1	0.115813447470393	NA	NA	3.09173239694248	NA	NA
1	"LevelIndex_1"	26	1	1	0.116880455370021	NA	NA	3.1038895041652	NA	NA
1	"LevelIndex_1"	27	1	1	0.118678333721312	NA	NA	3.10155993686973	NA	NA
1	"LevelIndex_1"	28	1	1	0.118435102048331	NA	NA	3.12119564977587	NA	NA
1	"LevelIndex_1"	29	1	1	0.123953442476664	NA	NA	3.09998573067967	NA	NA
1	"LevelIndex_1"	30	1	1	0.120370114290539	NA	NA	3.07930364665207	NA	NA
1	"LevelIndex_1"	31	1	1	0.114534828200614	NA	NA	3.11385551170959	NA	NA
1	"LevelIndex_1"	32	1	1	0.118593178045332	NA	NA	3.09552059668038	NA	NA
1	"LevelIndex_1"	33	1	1	0.118274875790631	NA	NA	3.13714585401024	NA	NA
1	"LevelIndex_1"	34	1	1	0.121510644504731	NA	NA	3.10213766827101	NA	NA
1	"LevelIndex_1"	35	1	1	0.117605098808898	NA	NA	3.09459005850426	NA	NA
1	"LevelIndex_1"	36	1	1	0.117589475342039	NA	NA	3.11552290400949	NA	NA
1	"LevelIndex_1"	37	1	1	0.12121447112185	NA	NA	3.10021410116095	NA	NA
1	"LevelIndex_1"	38	1	1	0.120171919919138	NA	NA	3.10209131864895	NA	NA
1	"LevelIndex_1"	39	1	1	0.116746011345297	NA	NA	3.06109918839305	NA	NA
1	"LevelIndex_1"	40	1	1	0.117450389789208	NA	NA	3.52997418846047	NA	NA
1	"LevelIndex_1"	41	1	1	0.116364942904862	NA	NA	3.07073423286689	NA	NA
1	"LevelIndex_1"	42	1	1	0.118472258264777	NA	NA	3.10404018346583	NA	NA
1	"LevelIndex_1"	43	1	1	0.121555506870311	NA	NA	3.09752510054506	NA	NA
1	"LevelIndex_1"	44	1	1	0.11618044646707	NA	NA	3.11262611708567	NA	NA
1	"LevelIndex_1"	45	1	1	0.119737538422469	NA	NA	3.09281803842399	NA	NA
1	"LevelIndex_1"	46	1	1	0.119273579894323	NA	NA	3.1128438002922	NA	NA
1	"LevelIndex_1"	47	1	1	0.117189883142986	NA	NA	3.12997962390786	NA	NA
1	"LevelIndex_1"	48	1	1	0.120538429983471	NA	NA	3.09077077477147	NA	NA
1	"LevelIndex_1"	49	1	1	0.119310285321509	NA	NA	3.10513214808604	NA	NA
1	"LevelIndex_1"	50	1	1	0.116180494411981	NA	NA	3.13369946602484	NA	NA
1	"LevelIndex_1"	51	1	1	0.116681404396688	NA	NA	3.0844093042801	NA	NA
1	"LevelIndex_1"	52	1	1	0.117620844672858	NA	NA	3.10242811586459	NA	NA
1	"LevelIndex_1"	53	1	1	0.119817337121347	NA	NA	3.07738750986173	NA	NA
1	"LevelIndex_1"	54	1	1	0.120351710521799	NA	NA	3.10347443663979	NA	NA
1	"LevelIndex_1"	55	1	1	0.115230387347599	NA	NA	3.08730702277482	NA	NA
1	"LevelIndex_1"	56	1	1	0.116038784850021	NA	NA	3.14036634370314	NA	NA
1	"LevelIndex_1"	57	1	1	0.115406731829139	NA	NA	3.14082405884391	NA	NA
1	"LevelIndex_1"	58	1	1	0.114723430058486	NA	NA	3.12521674826222	NA	NA
1	"LevelIndex_1"	59	1	1	0.117202524436463	NA	NA	3.11733941800201	NA	NA
1	"LevelIndex_1"	60	1	1	0.119523798935402	NA	NA	3.13676159025615	NA	NA
1	"LevelIndex_1"	61	1	1	0.119539648392481	NA	NA	3.07990351346732	NA	NA
1	"LevelIndex_1"	62	1	1	0.116241229995565	NA	NA	3.11008206656391	NA	NA
1	"LevelIndex_1"	63	1	1	0.119246805637778	NA	NA	3.05516539463809	NA	NA
1	"LevelIndex_1"	64	1	1	0.116432505616974	NA	NA	3.09366427007458	NA	NA
1	"LevelIndex_1"	65	1	1	0.117269104501921	NA	NA	3.10101451662653	NA	NA
1	"LevelIndex_1"	66	1	1	0.117076887817867	NA	NA	3.09582502476598	NA	NA
1	"LevelIndex_1"	67	1	1	0.115466762632397	NA	NA	3.10853593758382	NA	NA
1	"LevelIndex_1"	68	1	1	0.123126314127798	NA	NA	3.08761596479293	NA	NA
1	"LevelIndex_1"	69	1	1	0.119738351537385	NA	NA	3.07689539030084	NA	NA
1	"LevelIndex_1"	70	1	1	0.119677135718621	NA	NA	3.10111414145662	NA	NA
1	"LevelIndex_1"	71	1	1	0.118153939745094	NA	NA	3.10656887620276	NA	NA
1	"LevelIndex_1"	72	1	1	0.117413420689089	NA	NA	3.10137297310288	NA	NA
1	"LevelIndex_1"	73	1	1	0.117772825149041	NA	NA	3.09517200049046	NA	NA
1	"LevelIndex_1"	74	1	1	0.121882292365101	NA	NA	3.14791061827837	NA	NA
1	"LevelIndex_1"	75	1	1	0.11851525344449	NA	NA	3.08923159567925	NA	NA
1	"LevelIndex_1"	76	1	1	0.116750781961676	NA	NA	3.1216623480773	NA	NA
1	"LevelIndex_1"	77	1	1	0.114970415746574	NA	NA	3.10991415019908	NA	NA
1	"LevelIndex_1"	78	1	1	0.11826471105845	NA	NA	3.10477729364872	NA	NA
1	"LevelIndex_1"	79	1	1	0.119081836265846	NA	NA	3.12238177589475	NA	NA
1	"LevelIndex_1"	80	1	1	0.122030743553155	NA	NA	3.08870757656253	NA	NA
1	"LevelIndex_1"	81	1	1	0.121835086098387	NA	NA	3.08719360030633	NA	NA
1	"LevelIndex_1"	82	1	1	0.115870599411683	NA	NA	3.11903228889691	NA	NA
1	"LevelIndex_1"	83	1	1	0.121727699006848	NA	NA	3.10562585176531	NA	NA
1	"LevelIndex_1"	84	1	1	0.120236979889579	NA	NA	3.05821804968104	NA	NA
1	"LevelIndex_1"	85	1	1	0.115372426479098	NA	NA	3.12697566299133	NA	NA
1	"LevelIndex_1"	86	1	1	0.118067809318226	NA	NA	3.09370834470911	NA	NA
1	"LevelIndex_1"	87	1	1	0.114410778336409	NA	NA	3.08601261800956	NA	NA
1	"LevelIndex_1"	88	1	1	0.118497832432498	NA	NA	3.10806617814662	NA	NA
1	"LevelIndex_1"	89	1	1	0.121875776785211	NA	NA	3.08007281208792	NA	NA
1	"LevelIndex_1"	90	1	1	0.119873684446164	NA	NA	3.11456722425061	NA	NA
1	"LevelIndex_1"	91	1	1	0.115823914705053	NA	NA	3.10123688747963	NA	NA
1	"LevelIndex_1"	92	1	1	0.115193297747371	NA	NA	3.13520733022572	NA	NA
1	"LevelIndex_1"	93	1	1	0.119927453055105	NA	NA	3.08986793199392	NA	NA
1	"LevelIndex_1"	94	1	1	0.119654651902848	NA	NA	3.09725104468364	NA	NA
1	"LevelIndex_1"	95	1	1	0.117884415970439	NA	NA	3.09923577310694	NA	NA
1	"LevelIndex_1"	96	1	1	0.116629569312952	NA	NA	3.11370708105576	NA	NA
1	"LevelIndex_1"	97	1	1	0.115669334846296	NA	NA	3.12690633269856	NA	NA
1	"LevelIndex_1"	98	1	1	0.116560346989743	NA	NA	3.11385893924787	NA	NA
1	"LevelIndex_1"	99	1	1	0.118136925667029	NA	NA	3.08253604696699	NA	NA
1	"LevelIndex_1"	100	1	1	0.116246916674046	NA	NA	3.08291813839837	NA	NA
1	"LevelIndex_1"	101	1	1	0.115327056920936	NA	NA	3.11302631614631	NA	NA
1	"LevelIndex_1"	102	1	1	0.121293537254291	NA	NA	3.08745149712049	NA	NA
1	"LevelIndex_1"	103	1	1	0.117815878168198	NA	NA	3.10473388624625	NA	NA
1	"LevelIndex_1"	104	1	1	0.121352421846708	NA	NA	3.09436423132369	NA	NA
1	"LevelIndex_1"	105	1	1	0.118803103103896	NA	NA	3.08712759711819	NA	NA
1	"LevelIndex_1"	106	1	1	0.120625564905565	NA	NA	3.10622576316387	NA	NA
1	"LevelIndex_1"	107	1	1	0.118846524852969	NA	NA	3.1000234092332	NA	NA
1	"LevelIndex_1"	108	1	1	0.116737849268559	NA	NA	3.12006519298576	NA	NA
1	"LevelIndex_1"	109	1	1	0.122098238511316	NA	NA	3.09395072861967	NA	NA
1	"LevelIndex_1"	110	1	1	0.117953761023598	NA	NA	3.10150671251799	NA	NA
1	"LevelIndex_1"	111	1	1	0.120133301411088	NA	NA	3.09832829381535	NA	NA
1	"LevelIndex_1"	112	1	1	0.117391418369276	NA	NA	3.09615269027994	NA	NA
1	"LevelIndex_1"	113	1	1	0.119428829654381	NA	NA	3.0091911124749	NA	NA
1	"LevelIndex_1"	114	1	1	0.116757514952283	NA	NA	3.04822130671618	NA	NA
1	"LevelIndex_1"	115	1	1	0.121472618843021	NA	NA	3.13602577207789	NA	NA
1	"LevelIndex_1"	116	1	1	0.120356788807409	NA	NA	3.09276339309761	NA	NA
1	"LevelIndex_1"	117	1	1	0.117078684570528	NA	NA	3.09619033161986	NA	NA
1	"LevelIndex_1"	118	1	1	0.118032646277158	NA	NA	3.08076834494728	NA	NA
1	"LevelIndex_1"	119	1	1	0.111903691026696	NA	NA	3.10144985509676	NA	NA
1	"LevelIndex_1"	120	1	1	0.120329848806312	NA	NA	3.08754761254193	NA	NA
1	"LevelIndex_1"	121	1	1	0.119193597202858	NA	NA	3.13054603577943	NA	NA
1	"LevelIndex_1"	122	1	1	0.114343776019945	NA	NA	3.08938074218025	NA	NA
1	"LevelIndex_1"	123	1	1	0.118814152433789	NA	NA	3.10802413276664	NA	NA
1	"LevelIndex_1"	124	1	1	0.117318398021499	NA	NA	3.10650225685543	NA	NA
1	"LevelIndex_1"	125	1	1	0.116577511207194	NA	NA	3.04403238865515	NA	NA
1	"LevelIndex_1"	126	1	1	0.119489148349035	NA	NA	3.17602137073881	NA	NA
1	"LevelIndex_1"	127	1	1	0.11711778981398	NA	NA	3.13765983670852	NA	NA
1	"LevelIndex_1"	128	1	1	0.117605277094987	NA	NA	3.06099758120695	NA	NA
1	"LevelIndex_1"	129	1	1	0.117164474951176	NA	NA	3.00778435446276	NA	NA
1	"LevelIndex_1"	130	1	1	0.122949383953189	NA	NA	3.0730062436803	NA	NA
1	"LevelIndex_1"	131	1	1	0.12207775809654	NA	NA	3.08964171927729	NA	NA
1	"LevelIndex_1"	132	1	1	0.119033210024918	NA	NA	3.08647809124225	NA	NA
1	"LevelIndex_1"	133	1	1	0.122224929000081	NA	NA	3.11732833017138	NA	NA
1	"LevelIndex_1"	134	1	1	0.121242712985244	NA	NA	3.18091134729905	NA	NA
1	"LevelIndex_1"	135	1	1	0.118230266619918	NA	NA	3.09320343275633	NA	NA
1	"LevelIndex_1"	136	1	1	0.11632564363337	NA	NA	3.11413628473375	NA	NA
1	"LevelIndex_1"	137	1	1	0.117591457484535	NA	NA	3.11715714732479	NA	NA
1	"LevelIndex_1"	138	1	1	0.118714386936116	NA	NA	3.08129539666541	NA	NA
1	"LevelIndex_1"	139	1	1	0.120071914233342	NA	NA	3.0999061228681	NA	NA
1	"LevelIndex_1"	140	1	1	0.117264924444385	NA	NA	3.12301115960957	NA	NA
1	"LevelIndex_1"	141	1	1	0.12045695055108	NA	NA	3.10102205398133	NA	NA
1	"LevelIndex_1"	142	1	1	0.117716685020484	NA	NA	3.08910749764228	NA	NA
1	"LevelIndex_1"	143	1	1	0.121838372418181	NA	NA	3.08937004106167	NA	NA
1	"LevelIndex_1"	144	1	1	0.117785597207836	NA	NA	3.06920065737333	NA	NA
1	"LevelIndex_1"	145	1	1	0.119247050310069	NA	NA	3.08849681234208	NA	NA
1	"LevelIndex_1"	146	1	1	0.120369494354492	NA	NA	3.08041016815894	NA	NA
1	"LevelIndex_1"	147	1	1	0.120486060977941	NA	NA	3.09105962550505	NA	NA
1	"LevelIndex_1"	148	1	1	0.118931265304525	NA	NA	3.10127014329547	NA	NA
1	"LevelIndex_1"	149	1	1	0.118158879957057	NA	NA	3.10638300189664	NA	NA
1	"LevelIndex_1"	150	1	1	0.115955749759186	NA	NA	3.15405216236555	NA	NA
1	"LevelIndex_1"	151	1	1	0.11512391410054	NA	NA	3.10109945765101	NA	NA
1	"LevelIndex_1"	152	1	1	0.121532056421227	NA	NA	3.10064324362093	NA	NA
1	"LevelIndex_1"	153	1	1	0.121155743085063	NA	NA	3.1034520986937	NA	NA
1	"LevelIndex_1"	154	1	1	0.116300841767063	NA	NA	3.09510429905005	NA	NA
1	"LevelIndex_1"	155	1	1	0.115271145509733	NA	NA	3.06365959897183	NA	NA
1	"LevelIndex_1"	156	1	1	0.119665485212478	NA	NA	3.10244329286657	NA	NA
1	"LevelIndex_1"	157	1	1	0.121348635943155	NA	NA	3.09459558548922	NA	NA
1	"LevelIndex_1"	158	1	1	0.11890173816229	NA	NA	3.09335828521768	NA	NA
1	"LevelIndex_1"	159	1	1	0.117695994381839	NA	NA	3.10097620312123	NA	NA
1	"LevelIndex_1"	160	1	1	0.116914203581765	NA	NA	3.10959745957806	NA	NA
1	"LevelIndex_1"	161	1	1	0.113739268660333	NA	NA	3.11264368854141	NA	NA
1	"LevelIndex_1"	162	1	1	0.120638352931211	NA	NA	3.08296399319442	NA	NA
1	"LevelIndex_1"	163	1	1	0.117141699879371	NA	NA	3.08962751113727	NA	NA
1	"LevelIndex_1"	164	1	1	0.118553156581075	NA	NA	3.08871495424251	NA	NA
1	"LevelIndex_1"	165	1	1	0.117510865391265	NA	NA	3.09495972617351	NA	NA
1	"LevelIndex_1"	166	1	1	0.119368792219502	NA	NA	3.12929827157609	NA	NA
1	"LevelIndex_1"	167	1	1	0.11662824709617	NA	NA	3.07598071339978	NA	NA
1	"LevelIndex_1"	168	1	1	0.117412744580865	NA	NA	3.05178340086777	NA	NA
1	"LevelIndex_1"	169	1	1	0.115755071148018	NA	NA	3.10869041404817	NA	NA
1	"LevelIndex_1"	170	1	1	0.116849886608754	NA	NA	3.10080031872941	NA	NA
1	"LevelIndex_1"	171	1	1	0.121392440604586	NA	NA	3.10654559384608	NA	NA
1	"LevelIndex_1"	172	1	1	0.118254010722319	NA	NA	3.03980949526582	NA	NA
1	"LevelIndex_1"	173	1	1	0.115830572591737	NA	NA	3.05670504172893	NA	NA
1	"LevelIndex_1"	174	1	1	0.1212011593828	NA	NA	3.10450463159354	NA	NA
1	"LevelIndex_1"	175	1	1	0.117055796878866	NA	NA	3.10423225649243	NA	NA
1	"LevelIndex_1"	176	1	1	0.120456259513098	NA	NA	3.05680477697285	NA	NA
1	"LevelIndex_1"	177	1	1	0.120243105649495	NA	NA	3.06882545791404	NA	NA
1	"LevelIndex_1"	178	1	1	0.118924890684947	NA	NA	3.10357976035444	NA	NA
1	"LevelIndex_1"	179	1	1	0.11689877754301	NA	NA	3.1030774253505	NA	NA
1	"LevelIndex_1"	180	1	1	0.116508821200308	NA	NA	3.08859467306887	NA	NA
1	"LevelIndex_1"	181	1	1	0.116752345290251	NA	NA	3.07878448660158	NA	NA
1	"LevelIndex_1"	182	1	1	0.117933612903299	NA	NA	3.10677551909888	NA	NA
1	"LevelIndex_1"	183	1	1	0.119868832111059	NA	NA	3.12538389099041	NA	NA
1	"LevelIndex_1"	184	1	1	0.116338008923375	NA	NA	3.1014039131876	NA	NA
1	"LevelIndex_1"	185	1	1	0.118204888144358	NA	NA	3.09256597672416	NA	NA
1	"LevelIndex_1"	186	1	1	0.119715609860027	NA	NA	3.09801666118557	NA	NA
1	"LevelIndex_1"	187	1	1	0.117919845545626	NA	NA	3.09642690360517	NA	NA
1	"LevelIndex_1"	188	1	1	0.118373657102562	NA	NA	3.08699237118752	NA	NA
1	"LevelIndex_1"	189	1	1	0.122360429048079	NA	NA	3.50756426685074	NA	NA
1	"LevelIndex_1"	190	1	1	0.120700566110709	NA	NA	3.10912364645762	NA	NA
1	"LevelIndex_1"	191	1	1	0.116458975199386	NA	NA	3.03719544824668	NA	NA
1	"LevelIndex_1"	192	1	1	0.117614761071163	NA	NA	3.09045560839576	NA	NA
1	"LevelIndex_1"	193	1	1	0.124464847933917	NA	NA	3.08093840362635	NA	NA
1	"LevelIndex_1"	194	1	1	0.117593876453324	NA	NA	3.11881872380663	NA	NA
1	"LevelIndex_1"	195	1	1	0.116766619902561	NA	NA	3.1011152098766	NA	NA
1	"LevelIndex_1"	196	1	1	0.121603701435673	NA	NA	3.08449773732162	NA	NA
1	"LevelIndex_1"	197	1	1	0.114923180837132	NA	NA	3.10253292149939	NA	NA
1	"LevelIndex_1"	198	1	1	0.118703651534033	NA	NA	3.09221210663423	NA	NA
1	"LevelIndex_1"	199	1	1	0.119148908282839	NA	NA	3.10661244847418	NA	NA
1	"LevelIndex_1"	200	1	1	0.120955252120161	NA	NA	3.10787979701216	NA	NA
1	"LevelIndex_1"	201	1	1	0.118783013611278	NA	NA	3.08186550126604	NA	NA
1	"LevelIndex_1"	202	1	1	0.122583846115513	NA	NA	3.08731893809944	NA	NA
1	"LevelIndex_1"	203	1	1	0.11893763988436	NA	NA	3.08035332341212	NA	NA
1	"LevelIndex_1"	204	1	1	0.116851844251135	NA	NA	3.10709519218434	NA	NA
1	"LevelIndex_1"	205	1	1	0.121238774809737	NA	NA	3.08856023998082	NA	NA
1	"LevelIndex_1"	206	1	1	0.120311235988485	NA	NA	3.06829134536678	NA	NA
1	"LevelIndex_1"	207	1	1	0.117954408019068	NA	NA	3.03329390483724	NA	NA
1	"LevelIndex_1"	208	1	1	0.121717283856593	NA	NA	3.12376826735577	NA	NA
1	"LevelIndex_1"	209	1	1	0.118566222988288	NA	NA	3.09143924452459	NA	NA
1	"LevelIndex_1"	210	1	1	0.113841255240921	NA	NA	3.12076793978919	NA	NA
1	"LevelIndex_1"	211	1	1	0.11992163861659	NA	NA	3.07494426823369	NA	NA
1	"LevelIndex_1"	212	1	1	0.118636750158957	NA	NA	3.11277982797229	NA	NA
1	"LevelIndex_1"	213	1	1	0.116778369233062	NA	NA	3.08763420600799	NA	NA
1	"LevelIndex_1"	214	1	1	0.11698305499778	NA	NA	3.09363038407315	NA	NA
1	"LevelIndex_1"	215	1	1	0.117533517635585	NA	NA	3.09394618700263	NA	NA
1	"LevelIndex_1"	216	1	1	0.116183930478142	NA	NA	3.10916376303237	NA	NA
1	"LevelIndex_1"	217	1	1	0.117449742399617	NA	NA	3.07926215627751	NA	NA
1	"LevelIndex_1"	218	1	1	0.119795882839173	NA	NA	3.09360487001459	NA	NA
1	"LevelIndex_1"	219	1	1	0.1190287531214	NA	NA	3.08048835545451	NA	NA
1	"LevelIndex_1"	220	1	1	0.116022916497742	NA	NA	3.10939049931436	NA	NA
1	"LevelIndex_1"	221	1	1	0.11649613941744	NA	NA	3.11176194862517	NA	NA
1	"LevelIndex_1"	222	1	1	0.119154702809695	NA	NA	3.11397403211715	NA	NA
1	"LevelIndex_1"	223	1	1	0.115139387369639	NA	NA	3.05687526169914	NA	NA
1	"LevelIndex_1"	224	1	1	0.117796559064413	NA	NA	3.08056138542502	NA	NA
1	"LevelIndex_1"	225	1	1	0.117878883493696	NA	NA	3.13288498965764	NA	NA
1	"LevelIndex_1"	226	1	1	0.119773365421651	NA	NA	3.08234243427222	NA	NA
1	"LevelIndex_1"	227	1	1	0.117954706692777	NA	NA	3.10510026541863	NA	NA
1	"LevelIndex_1"	228	1	1	0.117034390090571	NA	NA	3.07736895947622	NA	NA
1	"LevelIndex_1"	229	1	1	0.116770541813784	NA	NA	3.07201174246096	NA	NA
1	"LevelIndex_1"	230	1	1	0.118014403633244	NA	NA	3.08590202454257	NA	NA
1	"LevelIndex_1"	231	1	1	0.120968779130335	NA	NA	3.09197595750876	NA	NA
1	"LevelIndex_1"	232	1	1	0.122433280575484	NA	NA	3.10800502445176	NA	NA
1	"LevelIndex_1"	233	1	1	0.114776662045746	NA	NA	3.10081251266034	NA	NA
1	"LevelIndex_1"	234	1	1	0.11822251591816	NA	NA	3.09029776443742	NA	NA
1	"LevelIndex_1"	235	1	1	0.124638701752795	NA	NA	3.11069943831802	NA	NA
1	"LevelIndex_1"	236	1	1	0.121420479109305	NA	NA	3.08296854738514	NA	NA
1	"LevelIndex_1"	237	1	1	0.12018446533345	NA	NA	3.10309329529633	NA	NA
1	"LevelIndex_1"	238	1	1	0.11900424934645	NA	NA	3.11650172901972	NA	NA
1	"LevelIndex_1"	239	1	1	0.114198852263125	NA	NA	3.09210651942243	NA	NA
1	"LevelIndex_1"	240	1	1	0.119294603693126	NA	NA	3.074456106762	NA	NA
1	"LevelIndex_1"	241	1	1	0.119040230502092	NA	NA	3.08283328472684	NA	NA
1	"LevelIndex_1"	242	1	1	0.117319726069544	NA	NA	3.10643247873297	NA	NA
1	"LevelIndex_1"	243	1	1	0.116028225395674	NA	NA	3.13762850720178	NA	NA
1	"LevelIndex_1"	244	1	1	0.117357785938041	NA	NA	3.10555858049927	NA	NA
1	"LevelIndex_1"	245	1	1	0.117469148164693	NA	NA	3.09801451587688	NA	NA
1	"LevelIndex_1"	246	1	1	0.119329582187798	NA	NA	3.10587116815865	NA	NA
1	"LevelIndex_1"	247	1	1	0.122669032101551	NA	NA	3.09505600839019	NA	NA
1	"LevelIndex_1"	248	1	1	0.114436891697146	NA	NA	3.09967883397827	NA	NA
1	"LevelIndex_1"	249	1	1	0.119278197890774	NA	NA	3.17597088211456	NA	NA
1	"LevelIndex_1"	250	1	1	0.118564411247573	NA	NA	3.09682680868321	NA	NA
1	"LevelIndex_1"	251	1	1	0.11687546313134	NA	NA	3.11324521634277	NA	NA
1	"LevelIndex_1"	252	1	1	0.122760894014968	NA	NA	3.10432992596368	NA	NA
1	"LevelIndex_1"	253	1	1	0.11787686719265	NA	NA	3.10999999334025	NA	NA
1	"LevelIndex_1"	254	1	1	0.121077563257653	NA	NA	3.09143655610141	NA	NA
1	"LevelIndex_1"	255	1	1	0.115751752977341	NA	NA	3.10746875496863	NA	NA
1	"LevelIndex_1"	256	1	1	0.119748599167044	NA	NA	3.10761514015734	NA	NA
1	"LevelIndex_1"	257	1	1	0.120240322205582	NA	NA	3.13253712820369	NA	NA
1	"LevelIndex_1"	258	1	1	0.119337823452918	NA	NA	3.07949396397365	NA	NA
1	"LevelIndex_1"	259	1	1	0.119725129129497	NA	NA	3.11245670458439	NA	NA
1	"LevelIndex_1"	260	1	1	0.121983250483186	NA	NA	3.107575237457	NA	NA
1	"LevelIndex_1"	261	1	1	0.114368931787763	NA	NA	3.0948789751191	NA	NA
1	"LevelIndex_1"	262	1	1	0.118186369314048	NA	NA	3.09228323909697	NA	NA
1	"LevelIndex_1"	263	1	1	0.117387984475624	NA	NA	3.09121635029147	NA	NA
1	"LevelIndex_1"	264	1	1	0.11858442702414	NA	NA	3.06728740624288	NA	NA
1	"LevelIndex_1"	265	1	1	0.119571349752705	NA	NA	3.12154452790082	NA	NA
1	"LevelIndex_1"	266	1	1	0.11606984774095	NA	NA	3.10446439470404	NA	NA
1	"LevelIndex_1"	267	1	1	0.117746160922295	NA	NA	3.07389831807667	NA	NA
1	"LevelIndex_1"	268	1	1	0.121258893283349	NA	NA	3.07814187788694	NA	NA
1	"LevelIndex_1"	269	1	1	0.117332577632486	NA	NA	3.09224785193853	NA	NA
1	"LevelIndex_1"	270	1	1	0.120944994723856	NA	NA	3.1273117633003	NA	NA
1	"LevelIndex_1"	271	1	1	0.12139074167919	NA	NA	3.05770001257901	NA	NA
1	"LevelIndex_1"	272	1	1	0.119052863946269	NA	NA	3.11209353299239	NA	NA
1	"LevelIndex_1"	273	1	1	0.121408802507425	NA	NA	3.0828106198826	NA	NA
1	"LevelIndex_1"	274	1	1	0.118921313860058	NA	NA	3.10264076580702	NA	NA
1	"LevelIndex_1"	275	1	1	0.115429196614785	NA	NA	3.08133555911747	NA	NA
1	"LevelIndex_1"	276	1	1	0.121228682290536	NA	NA	3.10184550893599	NA	NA
1	"LevelIndex_1"	277	1	1	0.116301409388263	NA	NA	3.13008455154411	NA	NA
1	"LevelIndex_1"	278	1	1	0.117332868996552	NA	NA	3.09986888115752	NA	NA
1	"LevelIndex_1"	279	1	1	0.117433975063878	NA	NA	3.08658947841782	NA	NA
1	"LevelIndex_1"	280	1	1	0.114322370609406	NA	NA	3.09841390499045	NA	NA
1	"LevelIndex_1"	281	1	1	0.115149248349374	NA	NA	3.10458851458145	NA	NA
1	"LevelIndex_1"	282	1	1	0.116695678826444	NA	NA	3.10081897631496	NA	NA
1	"LevelIndex_1"	283	1	1	0.121074848659109	NA	NA	3.09052438935422	NA	NA
1	"LevelIndex_1"	284	1	1	0.120839923541351	NA	NA	3.0830523022026	NA	NA
1	"LevelIndex_1"	285	1	1	0.121769556186872	NA	NA	3.08048411615304	NA	NA
1	"LevelIndex_1"	286	1	1	0.11640107322816	NA	NA	3.09203046335414	NA	NA
1	"LevelIndex_1"	287	1	1	0.12070304970275	NA	NA	3.11873246058053	NA	NA
1	"LevelIndex_1"	288	1	1	0.116430653070403	NA	NA	3.09443337724265	NA	NA
1	"LevelIndex_1"	289	1	1	0.121807508514176	NA	NA	3.13632674502185	NA	NA
1	"LevelIndex_1"	290	1	1	0.121540434644194	NA	NA	3.05873899116189	NA	NA
1	"LevelIndex_1"	291	1	1	0.118666156925003	NA	NA	3.07895688727887	NA	NA
1	"LevelIndex_1"	292	1	1	0.116237049293059	NA	NA	3.10928644923799	NA	NA
1	"LevelIndex_1"	293	1	1	0.121100172184381	NA	NA	3.08494805463916	NA	NA
1	"LevelIndex_1"	294	1	1	0.111652445468247	NA	NA	3.1036479754467	NA	NA
1	"LevelIndex_1"	295	1	1	0.116846709010442	NA	NA	3.12204272691459	NA	NA
1	"LevelIndex_1"	296	1	1	0.117766831325055	NA	NA	3.10450860491345	NA	NA
1	"LevelIndex_1"	297	1	1	0.117409307476981	NA	NA	3.10899604876219	NA	NA
1	"LevelIndex_1"	298	1	1	0.115353583880055	NA	NA	3.08068094376717	NA	NA
1	"LevelIndex_1"	299	1	1	0.119630024514296	NA	NA	3.14766054273693	NA	NA
1	"LevelIndex_1"	300	1	1	0.118527636551962	NA	NA	3.08636124962326	NA	NA
1	"LevelIndex_1"	301	1	1	0.119315554394243	NA	NA	3.08881776505902	NA	NA
1	"LevelIndex_1"	302	1	1	0.119340279046686	NA	NA	3.07491353621212	NA	NA
1	"LevelIndex_1"	303	1	1	0.118014850666436	NA	NA	3.10731148234439	NA	NA
1	"LevelIndex_1"	304	1	1	0.117434562962554	NA	NA	3.11271777163979	NA	NA
1	"LevelIndex_1"	305	1	1	0.115222702028329	NA	NA	3.08882978781754	NA	NA
1	"LevelIndex_1"	306	1	1	0.118334642086579	NA	NA	3.06491631509812	NA	NA
1	"LevelIndex_1"	307	1	1	0.117953483903823	NA	NA	3.09919737895257	NA	NA
1	"LevelIndex_1"	308	1	1	0.120788588701522	NA	NA	3.12885184777893	NA	NA
1	"LevelIndex_1"	309	1	1	0.119111072290901	NA	NA	3.11012703158583	NA	NA
1	"LevelIndex_1"	310	1	1	0.118096409763321	NA	NA	3.11825118529419	NA	NA
1	"LevelIndex_1"	311	1	1	0.12066604920485	NA	NA	3.08771205430802	NA	NA
1	"LevelIndex_1"	312	1	1	0.117751748677235	NA	NA	3.08725053104304	NA	NA
1	"LevelIndex_1"	313	1	1	0.119306175614591	NA	NA	3.09437698619567	NA	NA
1	"LevelIndex_1"	314	1	1	0.118555637363471	NA	NA	3.19968653094338	NA	NA
1	"LevelIndex_1"	315	1	1	0.117686721742515	NA	NA	3.08839050360229	NA	NA
1	"LevelIndex_1"	316	1	1	0.11884410801209	NA	NA	3.11326877214404	NA	NA
1	"LevelIndex_1"	317	1	1	0.121590384272034	NA	NA	3.1537779636225	NA	NA
1	"LevelIndex_1"	318	1	1	0.11734334787465	NA	NA	3.08029215527931	NA	NA
1	"LevelIndex_1"	319	1	1	0.117187478023352	NA	NA	3.09135988416338	NA	NA
1	"LevelIndex_1"	320	1	1	0.117083947425989	NA	NA	3.10086328356797	NA	NA
1	"LevelIndex_1"	321	1	1	0.119217072009284	NA	NA	3.0904315490691	NA	NA
1	"LevelIndex_1"	322	1	1	0.119058673169062	NA	NA	3.20760647519985	NA	NA
1	"LevelIndex_1"	323	1	1	0.121568799318275	NA	NA	3.07905775425051	NA	NA
1	"LevelIndex_1"	324	1	1	0.121132617618452	NA	NA	3.12732848290866	NA	NA
1	"LevelIndex_1"	325	1	1	0.118370403072151	NA	NA	3.10816504533051	NA	NA
1	"LevelIndex_1"	326	1	1	0.117193994030914	NA	NA	3.12562572150518	NA	NA
1	"LevelIndex_1"	327	1	1	0.116703511386327	NA	NA	3.09457873941965	NA	NA
1	"LevelIndex_1"	328	1	1	0.119711123817346	NA	NA	3.03317067745688	NA	NA
1	"LevelIndex_1"	329	1	1	0.118277376352968	NA	NA	3.10433391355932	NA	NA
1	"LevelIndex_1"	330	1	1	0.118845825451719	NA	NA	3.10549954129131	NA	NA
1	"LevelIndex_1"	331	1	1	0.121493042786813	NA	NA	3.11666284167215	NA	NA
1	"LevelIndex_1"	332	1	1	0.116424701971629	NA	NA	3.0989428893475	NA	NA
1	"LevelIndex_1"	333	1	1	0.115866951175018	NA	NA	3.13780790455854	NA	NA
1	"LevelIndex_1"	334	1	1	0.119536631293287	NA	NA	3.09666185426857	NA	NA
1	"LevelIndex_1"	335	1	1	0.119363821190847	NA	NA	3.1100088820291	NA	NA
1	"LevelIndex_1"	336	1	1	0.11669626405844	NA	NA	3.07809470161858	NA	NA
1	"LevelIndex_1"	337	1	1	0.118946571873661	NA	NA	3.10721352767289	NA	NA
1	"LevelIndex_1"	338	1	1	0.118183273000975	NA	NA	3.08891588593489	NA	NA
1	"LevelIndex_1"	339	1	1	0.116845791912184	NA	NA	3.10586126811858	NA	NA
1	"LevelIndex_1"	340	1	1	0.121343902926879	NA	NA	3.11670030595148	NA	NA
1	"LevelIndex_1"	341	1	1	0.118277315689594	NA	NA	3.11164944548495	NA	NA
1	"LevelIndex_1"	342	1	1	0.11596338691973	NA	NA	3.0993260762733	NA	NA
1	"LevelIndex_1"	343	1	1	0.121122869300682	NA	NA	3.10012986214223	NA	NA
1	"LevelIndex_1"	344	1	1	0.120053906511415	NA	NA	3.09563758290188	NA	NA
1	"LevelIndex_1"	345	1	1	0.117905337598226	NA	NA	3.08878115858322	NA	NA
1	"LevelIndex_1"	346	1	1	0.117843136723028	NA	NA	3.10969161189133	NA	NA
1	"LevelIndex_1"	347	1	1	0.119414819167129	NA	NA	3.07015311375744	NA	NA
1	"LevelIndex_1"	348	1	1	0.117915363304219	NA	NA	3.09671025829194	NA	NA
1	"LevelIndex_1"	349	1	1	0.117879781828413	NA	NA	3.07874624639139	NA	NA
1	"LevelIndex_1"	350	1	1	0.119240329517372	NA	NA	3.1325004989509	NA	NA
1	"LevelIndex_1"	351	1	1	0.115083471343987	NA	NA	3.11315202859812	NA	NA
1	"LevelIndex_1"	352	1	1	0.119266837501134	NA	NA	3.09115131555516	NA	NA
1	"LevelIndex_1"	353	1	1	0.116563247313486	NA	NA	3.07819638373288	NA	NA
1	"LevelIndex_1"	354	1	1	0.117382696408164	NA	NA	3.10902115302698	NA	NA
1	"LevelIndex_1"	355	1	1	0.117312500855813	NA	NA	3.06442489364905	NA	NA
1	"LevelIndex_1"	356	1	1	0.118694349956863	NA	NA	3.0844618582758	NA	NA
1	"LevelIndex_1"	357	1	1	0.118952440402394	NA	NA	3.09623377232581	NA	NA
1	"LevelIndex_1"	358	1	1	0.11659431500155	NA	NA	3.09697992330824	NA	NA
1	"LevelIndex_1"	359	1	1	0.122353959747763	NA	NA	3.08598587820083	NA	NA
1	"LevelIndex_1"	360	1	1	0.120717761729308	NA	NA	3.05139647724435	NA	NA
1	"LevelIndex_1"	361	1	1	0.119948239734563	NA	NA	3.08129841833064	NA	NA
1	"LevelIndex_1"	362	1	1	0.121791513832661	NA	NA	3.09902267169844	NA	NA
1	"LevelIndex_1"	363	1	1	0.120849300897343	NA	NA	3.09414656684431	NA	NA
1	"LevelIndex_1"	364	1	1	0.122500563802328	NA	NA	3.11057188046649	NA	NA
1	"LevelIndex_1"	365	1	1	0.119684287595632	NA	NA	3.09796734972107	NA	NA
1	"LevelIndex_1"	366	1	1	0.11884854453986	NA	NA	3.12080531416707	NA	NA
1	"LevelIndex_1"	367	1	1	0.121676630589281	NA	NA	3.08915245799468	NA	NA
1	"LevelIndex_1"	368	1	1	0.12027998075566	NA	NA	3.10102793508836	NA	NA
1	"LevelIndex_1"	369	1	1	0.119040885576089	NA	NA	3.11299535363741	NA	NA
1	"LevelIndex_1"	370	1	1	0.119786312132413	NA	NA	3.13098869473609	NA	NA
1	"LevelIndex_1"	371	1	1	0.118154262894967	NA	NA	3.08384744029743	NA	NA
1	"LevelIndex_1"	372	1	1	0.116318977431423	NA	NA	3.09386816465664	NA	NA
1	"LevelIndex_1"	373	1	1	0.119777762802256	NA	NA	3.08286040857271	NA	NA
1	"LevelIndex_1"	374	1	1	0.118769899560394	NA	NA	3.06804803787411	NA	NA
1	"LevelIndex_1"	375	1	1	0.116408895081856	NA	NA	3.09486438655582	NA	NA
1	"LevelIndex_1"	376	1	1	0.120378581833054	NA	NA	3.10385231185265	NA	NA
1	"LevelIndex_1"	377	1	1	0.114384054826419	NA	NA	3.10419961365738	NA	NA
1	"LevelIndex_1"	378	1	1	0.119900774679907	NA	NA	3.11895748561175	NA	NA
1	"LevelIndex_1"	379	1	1	0.115607130657999	NA	NA	3.09340035832954	NA	NA
1	"LevelIndex_1"	380	1	1	0.114447017251281	NA	NA	2.99200930380093	NA	NA
1	"LevelIndex_1"	381	1	1	0.119291133288511	NA	NA	3.12050759544712	NA	NA
1	"LevelIndex_1"	382	1	1	0.118500355762167	NA	NA	3.05963205533309	NA	NA
1	"LevelIndex_1"	383	1	1	0.12215703486845	NA	NA	3.10604847451816	NA	NA
1	"LevelIndex_1"	384	1	1	0.117417591386645	NA	NA	3.10394262276121	NA	NA
1	"LevelIndex_1"	385	1	1	0.119535449299401	NA	NA	3.08486259889426	NA	NA
1	"LevelIndex_1"	386	1	1	0.118263337987709	NA	NA	3.08571400373484	NA	NA
1	"LevelIndex_1"	387	1	1	0.116599439984233	NA	NA	3.07966434026283	NA	NA
1	"LevelIndex_1"	388	1	1	0.116461038195025	NA	NA	3.08030705048397	NA	NA
1	"LevelIndex_1"	389	1	1	0.12079419622909	NA	NA	3.07880244214326	NA	NA
1	"LevelIndex_1"	390	1	1	0.116118049214929	NA	NA	3.10914549104198	NA	NA
1	"LevelIndex_1"	391	1	1	0.119726529054093	NA	NA	3.08699299137468	NA	NA
1	"LevelIndex_1"	392	1	1	0.117420765323454	NA	NA	3.08990841018289	NA	NA
1	"LevelIndex_1"	393	1	1	0.116832965214796	NA	NA	3.07802320476008	NA	NA
1	"LevelIndex_1"	394	1	1	0.119021674193749	NA	NA	3.09803331669816	NA	NA
1	"LevelIndex_1"	395	1	1	0.119533938574303	NA	NA	3.07701435751862	NA	NA
1	"LevelIndex_1"	396	1	1	0.115604863714862	NA	NA	3.12143404508119	NA	NA
1	"LevelIndex_1"	397	1	1	0.118794050432904	NA	NA	3.0910492996572	NA	NA
1	"LevelIndex_1"	398	1	1	0.120954235627798	NA	NA	3.09609308960308	NA	NA
1	"LevelIndex_1"	399	1	1	0.117398457787955	NA	NA	3.10456457601938	NA	NA
1	"LevelIndex_1"	400	1	1	0.117330856360307	NA	NA	3.05379886470119	NA	NA
