"Age"	"Level"	"Iteration"	"AgeIndex"	"LevelIndex"	"Intercept"	"tau_Intercept"	"ar_Intercept"
1	"27.4.aE"	1	1	1	-0.0101565444010817	NA	NA
1	"27.4.aE"	2	1	1	-0.00861486873592497	NA	NA
1	"27.4.aE"	3	1	1	0.000614303304972123	NA	NA
1	"27.4.aE"	4	1	1	-0.0147949976979078	NA	NA
1	"27.4.aE"	5	1	1	-0.011596059611866	NA	NA
1	"27.4.aE"	6	1	1	0.00233018775108039	NA	NA
1	"27.4.aE"	7	1	1	-0.00419312204422463	NA	NA
1	"27.4.aE"	8	1	1	-0.00935757892787537	NA	NA
1	"27.4.aE"	9	1	1	-0.0168563898071468	NA	NA
1	"27.4.aE"	10	1	1	-0.00693795513602909	NA	NA
1	"27.4.aE"	11	1	1	-0.0151948196112551	NA	NA
1	"27.4.aE"	12	1	1	-0.0151967314791798	NA	NA
1	"27.4.aE"	13	1	1	-0.0200014112150742	NA	NA
1	"27.4.aE"	14	1	1	-0.0431714371607795	NA	NA
1	"27.4.aE"	15	1	1	0.000299764374105116	NA	NA
1	"27.4.aE"	16	1	1	-0.0125715619005358	NA	NA
1	"27.4.aE"	17	1	1	-0.00790828880075998	NA	NA
1	"27.4.aE"	18	1	1	0.000833478013825847	NA	NA
1	"27.4.aE"	19	1	1	-0.00825996068707074	NA	NA
1	"27.4.aE"	20	1	1	-0.00421996969345485	NA	NA
1	"27.4.aE"	21	1	1	-0.00790231647550524	NA	NA
1	"27.4.aE"	22	1	1	-0.00956411333750343	NA	NA
1	"27.4.aE"	23	1	1	-0.0178942851289005	NA	NA
1	"27.4.aE"	24	1	1	0.00269515656822442	NA	NA
1	"27.4.aE"	25	1	1	-0.0084088803269915	NA	NA
1	"27.4.aE"	26	1	1	-0.0122292011630157	NA	NA
1	"27.4.aE"	27	1	1	-0.0253452518710775	NA	NA
1	"27.4.aE"	28	1	1	0.00945977810281584	NA	NA
1	"27.4.aE"	29	1	1	-0.00139811457480917	NA	NA
1	"27.4.aE"	30	1	1	0.00133414777858742	NA	NA
1	"27.4.aE"	31	1	1	-0.00832600599584931	NA	NA
1	"27.4.aE"	32	1	1	-0.00353983376015765	NA	NA
1	"27.4.aE"	33	1	1	-0.00422670938784951	NA	NA
1	"27.4.aE"	34	1	1	-0.0069006222574072	NA	NA
1	"27.4.aE"	35	1	1	-0.00432609485286399	NA	NA
1	"27.4.aE"	36	1	1	-0.0152089125501787	NA	NA
1	"27.4.aE"	37	1	1	0.0196661182906422	NA	NA
1	"27.4.aE"	38	1	1	-0.0225678539465078	NA	NA
1	"27.4.aE"	39	1	1	0.00513550767122273	NA	NA
1	"27.4.aE"	40	1	1	-0.00815388251011206	NA	NA
1	"27.4.aE"	41	1	1	-0.0100942558001035	NA	NA
1	"27.4.aE"	42	1	1	-0.0185488192038034	NA	NA
1	"27.4.aE"	43	1	1	-0.0188538997629676	NA	NA
1	"27.4.aE"	44	1	1	-0.00743489544659592	NA	NA
1	"27.4.aE"	45	1	1	0.00337057894843096	NA	NA
1	"27.4.aE"	46	1	1	-0.0173026410971922	NA	NA
1	"27.4.aE"	47	1	1	-0.0288209620801981	NA	NA
1	"27.4.aE"	48	1	1	-0.00798968626506986	NA	NA
1	"27.4.aE"	49	1	1	0.00173205794661897	NA	NA
1	"27.4.aE"	50	1	1	-0.00231383078502489	NA	NA
1	"27.4.aE"	51	1	1	-0.0136975139648276	NA	NA
1	"27.4.aE"	52	1	1	-0.00229222260764504	NA	NA
1	"27.4.aE"	53	1	1	-0.018199248820337	NA	NA
1	"27.4.aE"	54	1	1	-0.0225402059673859	NA	NA
1	"27.4.aE"	55	1	1	-0.0177784349161773	NA	NA
1	"27.4.aE"	56	1	1	-0.000141593164707919	NA	NA
1	"27.4.aE"	57	1	1	-0.0173914028028536	NA	NA
1	"27.4.aE"	58	1	1	-0.00353179199367617	NA	NA
1	"27.4.aE"	59	1	1	-0.0131925477216464	NA	NA
1	"27.4.aE"	60	1	1	0.00584749470214684	NA	NA
1	"27.4.aE"	61	1	1	-0.000213765274958343	NA	NA
1	"27.4.aE"	62	1	1	-0.0154838424221077	NA	NA
1	"27.4.aE"	63	1	1	-0.0150764368722662	NA	NA
1	"27.4.aE"	64	1	1	0.0110575446836042	NA	NA
1	"27.4.aE"	65	1	1	0.00504289765634068	NA	NA
1	"27.4.aE"	66	1	1	0.004994468407549	NA	NA
1	"27.4.aE"	67	1	1	-0.0198822533398771	NA	NA
1	"27.4.aE"	68	1	1	-0.000819477219388694	NA	NA
1	"27.4.aE"	69	1	1	-0.00862986879022588	NA	NA
1	"27.4.aE"	70	1	1	-0.0127190815353568	NA	NA
1	"27.4.aE"	71	1	1	0.00183296120701433	NA	NA
1	"27.4.aE"	72	1	1	-0.0118603099774257	NA	NA
1	"27.4.aE"	73	1	1	-0.0164345796867091	NA	NA
1	"27.4.aE"	74	1	1	-0.0161848475072941	NA	NA
1	"27.4.aE"	75	1	1	-0.0174996491059013	NA	NA
1	"27.4.aE"	76	1	1	-0.00725322425029191	NA	NA
1	"27.4.aE"	77	1	1	0.0060425111046228	NA	NA
1	"27.4.aE"	78	1	1	-0.0117400155886772	NA	NA
1	"27.4.aE"	79	1	1	-0.00506809564421126	NA	NA
1	"27.4.aE"	80	1	1	-0.0199349536663558	NA	NA
1	"27.4.aE"	81	1	1	-0.00747394962437047	NA	NA
1	"27.4.aE"	82	1	1	0.00291692441220007	NA	NA
1	"27.4.aE"	83	1	1	0.00060299382897801	NA	NA
1	"27.4.aE"	84	1	1	0.0027826916028536	NA	NA
1	"27.4.aE"	85	1	1	0.00730526246817097	NA	NA
1	"27.4.aE"	86	1	1	-0.00229050190401308	NA	NA
1	"27.4.aE"	87	1	1	0.00362641810494672	NA	NA
1	"27.4.aE"	88	1	1	0.00155991685506779	NA	NA
1	"27.4.aE"	89	1	1	-0.00928382490021473	NA	NA
1	"27.4.aE"	90	1	1	-0.0140273673029429	NA	NA
1	"27.4.aE"	91	1	1	-0.00941195601398957	NA	NA
1	"27.4.aE"	92	1	1	-0.0120788798374847	NA	NA
1	"27.4.aE"	93	1	1	-0.00160713874599093	NA	NA
1	"27.4.aE"	94	1	1	-0.0167981311652452	NA	NA
1	"27.4.aE"	95	1	1	-0.00914658427970508	NA	NA
1	"27.4.aE"	96	1	1	0.00385375482493242	NA	NA
1	"27.4.aE"	97	1	1	0.00553444498520542	NA	NA
1	"27.4.aE"	98	1	1	-0.00385006110555251	NA	NA
1	"27.4.aE"	99	1	1	-0.00289868638098117	NA	NA
1	"27.4.aE"	100	1	1	-0.00652018142664287	NA	NA
1	"27.4.aE"	101	1	1	-0.0311581775441249	NA	NA
1	"27.4.aE"	102	1	1	0.0106809112359418	NA	NA
1	"27.4.aE"	103	1	1	-0.0122260257046086	NA	NA
1	"27.4.aE"	104	1	1	-0.0327621072056044	NA	NA
1	"27.4.aE"	105	1	1	-0.00320480868701253	NA	NA
1	"27.4.aE"	106	1	1	-0.0102824629715864	NA	NA
1	"27.4.aE"	107	1	1	-0.00509185396382069	NA	NA
1	"27.4.aE"	108	1	1	0.0102735515146572	NA	NA
1	"27.4.aE"	109	1	1	-0.00811515778590051	NA	NA
1	"27.4.aE"	110	1	1	-0.0107567280709481	NA	NA
1	"27.4.aE"	111	1	1	0.00227612231692006	NA	NA
1	"27.4.aE"	112	1	1	-0.0148366390944088	NA	NA
1	"27.4.aE"	113	1	1	-0.00133789321554466	NA	NA
1	"27.4.aE"	114	1	1	-0.0114107021506043	NA	NA
1	"27.4.aE"	115	1	1	-0.0169831652147121	NA	NA
1	"27.4.aE"	116	1	1	-0.0209640355211888	NA	NA
1	"27.4.aE"	117	1	1	-0.020858873752319	NA	NA
1	"27.4.aE"	118	1	1	-0.00549407327176925	NA	NA
1	"27.4.aE"	119	1	1	-0.00859664508819489	NA	NA
1	"27.4.aE"	120	1	1	-0.00971949957812985	NA	NA
1	"27.4.aE"	121	1	1	-0.0213925939118633	NA	NA
1	"27.4.aE"	122	1	1	-6.2902141752979e-05	NA	NA
1	"27.4.aE"	123	1	1	-0.0154966014305507	NA	NA
1	"27.4.aE"	124	1	1	-0.00960729647045593	NA	NA
1	"27.4.aE"	125	1	1	-0.00630641638582666	NA	NA
1	"27.4.aE"	126	1	1	0.00178997860499836	NA	NA
1	"27.4.aE"	127	1	1	-0.00553198511030757	NA	NA
1	"27.4.aE"	128	1	1	-0.00957471470570122	NA	NA
1	"27.4.aE"	129	1	1	-0.0316981098596381	NA	NA
1	"27.4.aE"	130	1	1	-0.0126661738569247	NA	NA
1	"27.4.aE"	131	1	1	-0.0357828254073267	NA	NA
1	"27.4.aE"	132	1	1	-0.00897436182332003	NA	NA
1	"27.4.aE"	133	1	1	-0.0101205718834781	NA	NA
1	"27.4.aE"	134	1	1	-0.0109494230420458	NA	NA
1	"27.4.aE"	135	1	1	-0.0182784789821989	NA	NA
1	"27.4.aE"	136	1	1	-0.0142718046811623	NA	NA
1	"27.4.aE"	137	1	1	0.00744186910744221	NA	NA
1	"27.4.aE"	138	1	1	-0.00953407721190461	NA	NA
1	"27.4.aE"	139	1	1	0.000449436996999786	NA	NA
1	"27.4.aE"	140	1	1	-0.0134278668169974	NA	NA
1	"27.4.aE"	141	1	1	-0.000615679215864159	NA	NA
1	"27.4.aE"	142	1	1	0.0069977106868749	NA	NA
1	"27.4.aE"	143	1	1	0.00927261110240277	NA	NA
1	"27.4.aE"	144	1	1	0.00172575154881604	NA	NA
1	"27.4.aE"	145	1	1	0.00097079258293273	NA	NA
1	"27.4.aE"	146	1	1	-0.0106046721288904	NA	NA
1	"27.4.aE"	147	1	1	-0.00512207822540299	NA	NA
1	"27.4.aE"	148	1	1	-0.0141470356707772	NA	NA
1	"27.4.aE"	149	1	1	-0.000539013818741589	NA	NA
1	"27.4.aE"	150	1	1	-0.0135779035288467	NA	NA
1	"27.4.aE"	151	1	1	-0.00745691699629547	NA	NA
1	"27.4.aE"	152	1	1	-0.00769162213316194	NA	NA
1	"27.4.aE"	153	1	1	-0.0153294804860836	NA	NA
1	"27.4.aE"	154	1	1	-0.0129293528514862	NA	NA
1	"27.4.aE"	155	1	1	-0.0142624177788839	NA	NA
1	"27.4.aE"	156	1	1	-0.021853611191129	NA	NA
1	"27.4.aE"	157	1	1	-0.00233148626014985	NA	NA
1	"27.4.aE"	158	1	1	-0.0126685265272763	NA	NA
1	"27.4.aE"	159	1	1	-0.00491074290306007	NA	NA
1	"27.4.aE"	160	1	1	-0.0174349028066031	NA	NA
1	"27.4.aE"	161	1	1	-0.00824280031680127	NA	NA
1	"27.4.aE"	162	1	1	0.00211465954531348	NA	NA
1	"27.4.aE"	163	1	1	-0.0126147474429785	NA	NA
1	"27.4.aE"	164	1	1	-0.019301803028666	NA	NA
1	"27.4.aE"	165	1	1	-0.0117880849981261	NA	NA
1	"27.4.aE"	166	1	1	-0.0276616386628322	NA	NA
1	"27.4.aE"	167	1	1	-0.00194725533116557	NA	NA
1	"27.4.aE"	168	1	1	0.00784148620446126	NA	NA
1	"27.4.aE"	169	1	1	-0.014462556645695	NA	NA
1	"27.4.aE"	170	1	1	-0.0101934146619174	NA	NA
1	"27.4.aE"	171	1	1	-0.00298632914639575	NA	NA
1	"27.4.aE"	172	1	1	-0.000710319155473583	NA	NA
1	"27.4.aE"	173	1	1	-0.0211085456916476	NA	NA
1	"27.4.aE"	174	1	1	-0.00570594900308516	NA	NA
1	"27.4.aE"	175	1	1	-0.0210216922684822	NA	NA
1	"27.4.aE"	176	1	1	-0.0195820336724839	NA	NA
1	"27.4.aE"	177	1	1	-0.000423640858310454	NA	NA
1	"27.4.aE"	178	1	1	-0.0249079133717266	NA	NA
1	"27.4.aE"	179	1	1	0.00284121166898555	NA	NA
1	"27.4.aE"	180	1	1	-0.0243225912077476	NA	NA
1	"27.4.aE"	181	1	1	-0.0080560201322004	NA	NA
1	"27.4.aE"	182	1	1	-0.00544673796377844	NA	NA
1	"27.4.aE"	183	1	1	-0.00644106309004051	NA	NA
1	"27.4.aE"	184	1	1	-0.00972720914298779	NA	NA
1	"27.4.aE"	185	1	1	0.00280645585573561	NA	NA
1	"27.4.aE"	186	1	1	0.00798745704435593	NA	NA
1	"27.4.aE"	187	1	1	-0.0049458435415414	NA	NA
1	"27.4.aE"	188	1	1	-0.0105436124046013	NA	NA
1	"27.4.aE"	189	1	1	-0.00523871230153136	NA	NA
1	"27.4.aE"	190	1	1	-0.017807501648182	NA	NA
1	"27.4.aE"	191	1	1	0.014362466255419	NA	NA
1	"27.4.aE"	192	1	1	0.00119541299704204	NA	NA
1	"27.4.aE"	193	1	1	-0.00872883270771714	NA	NA
1	"27.4.aE"	194	1	1	5.09055146173338e-05	NA	NA
1	"27.4.aE"	195	1	1	-0.0191774247175067	NA	NA
1	"27.4.aE"	196	1	1	-0.00914355253908566	NA	NA
1	"27.4.aE"	197	1	1	0.00499964023512286	NA	NA
1	"27.4.aE"	198	1	1	0.000604651194356078	NA	NA
1	"27.4.aE"	199	1	1	-0.0114160199600646	NA	NA
1	"27.4.aE"	200	1	1	-0.00641672301338399	NA	NA
1	"27.4.aE"	201	1	1	-0.0101408080943559	NA	NA
1	"27.4.aE"	202	1	1	-0.00986677706538982	NA	NA
1	"27.4.aE"	203	1	1	-0.0120559956986682	NA	NA
1	"27.4.aE"	204	1	1	0.00208533235939919	NA	NA
1	"27.4.aE"	205	1	1	-0.0017025204218345	NA	NA
1	"27.4.aE"	206	1	1	0.00754530159918766	NA	NA
1	"27.4.aE"	207	1	1	-0.000862997585581538	NA	NA
1	"27.4.aE"	208	1	1	-0.0111884022999046	NA	NA
1	"27.4.aE"	209	1	1	-0.0170365985347826	NA	NA
1	"27.4.aE"	210	1	1	-0.0332716001566491	NA	NA
1	"27.4.aE"	211	1	1	-0.00681036703485199	NA	NA
1	"27.4.aE"	212	1	1	-0.00994162402090387	NA	NA
1	"27.4.aE"	213	1	1	-0.019713735859851	NA	NA
1	"27.4.aE"	214	1	1	-0.00643701117044406	NA	NA
1	"27.4.aE"	215	1	1	0.012433405733439	NA	NA
1	"27.4.aE"	216	1	1	-0.00838506718646513	NA	NA
1	"27.4.aE"	217	1	1	-0.0083322746562463	NA	NA
1	"27.4.aE"	218	1	1	-0.0105570912865437	NA	NA
1	"27.4.aE"	219	1	1	-0.0134093301006005	NA	NA
1	"27.4.aE"	220	1	1	0.00665718514497223	NA	NA
1	"27.4.aE"	221	1	1	-0.00954947146771012	NA	NA
1	"27.4.aE"	222	1	1	-0.00246030866097674	NA	NA
1	"27.4.aE"	223	1	1	-0.0175418352364835	NA	NA
1	"27.4.aE"	224	1	1	-0.015156418678843	NA	NA
1	"27.4.aE"	225	1	1	-0.00715801179582365	NA	NA
1	"27.4.aE"	226	1	1	-0.00632334032125684	NA	NA
1	"27.4.aE"	227	1	1	0.0021344637349867	NA	NA
1	"27.4.aE"	228	1	1	-0.0133150875703255	NA	NA
1	"27.4.aE"	229	1	1	0.00309838392490311	NA	NA
1	"27.4.aE"	230	1	1	-0.00454503348574165	NA	NA
1	"27.4.aE"	231	1	1	-0.0115522676692708	NA	NA
1	"27.4.aE"	232	1	1	-0.0171886221906748	NA	NA
1	"27.4.aE"	233	1	1	-0.0100741334861528	NA	NA
1	"27.4.aE"	234	1	1	-0.00308990615910415	NA	NA
1	"27.4.aE"	235	1	1	-0.0144508811450933	NA	NA
1	"27.4.aE"	236	1	1	-0.012493993465243	NA	NA
1	"27.4.aE"	237	1	1	-0.016376640901873	NA	NA
1	"27.4.aE"	238	1	1	-0.01563865668161	NA	NA
1	"27.4.aE"	239	1	1	-0.0186585747863505	NA	NA
1	"27.4.aE"	240	1	1	-0.00606428041655467	NA	NA
1	"27.4.aE"	241	1	1	-0.0024041191424636	NA	NA
1	"27.4.aE"	242	1	1	0.00991181863810937	NA	NA
1	"27.4.aE"	243	1	1	-0.0280912484168046	NA	NA
1	"27.4.aE"	244	1	1	0.00201282836205091	NA	NA
1	"27.4.aE"	245	1	1	-0.0215409086498272	NA	NA
1	"27.4.aE"	246	1	1	-0.0141189203545704	NA	NA
1	"27.4.aE"	247	1	1	-0.000458959977072307	NA	NA
1	"27.4.aE"	248	1	1	0.00191548594545182	NA	NA
1	"27.4.aE"	249	1	1	-0.0109532625107442	NA	NA
1	"27.4.aE"	250	1	1	-0.0126867406679511	NA	NA
1	"27.4.aE"	251	1	1	-0.00880435291299152	NA	NA
1	"27.4.aE"	252	1	1	0.00106617182969968	NA	NA
1	"27.4.aE"	253	1	1	-0.00694715617586714	NA	NA
1	"27.4.aE"	254	1	1	-0.00821628472691015	NA	NA
1	"27.4.aE"	255	1	1	-0.00517175806083523	NA	NA
1	"27.4.aE"	256	1	1	0.00223782295080266	NA	NA
1	"27.4.aE"	257	1	1	-0.0261671988859493	NA	NA
1	"27.4.aE"	258	1	1	-0.0110030320623874	NA	NA
1	"27.4.aE"	259	1	1	-0.00275957031358274	NA	NA
1	"27.4.aE"	260	1	1	-0.0224071750135631	NA	NA
1	"27.4.aE"	261	1	1	-0.00142504723657821	NA	NA
1	"27.4.aE"	262	1	1	-0.00560505237265863	NA	NA
1	"27.4.aE"	263	1	1	0.00182251579038973	NA	NA
1	"27.4.aE"	264	1	1	-0.0181172531249089	NA	NA
1	"27.4.aE"	265	1	1	-0.00929085028018735	NA	NA
1	"27.4.aE"	266	1	1	-0.0364808077310927	NA	NA
1	"27.4.aE"	267	1	1	-0.00137497066830957	NA	NA
1	"27.4.aE"	268	1	1	-0.00728924131058982	NA	NA
1	"27.4.aE"	269	1	1	-0.0230005612135693	NA	NA
1	"27.4.aE"	270	1	1	0.0026816082560118	NA	NA
1	"27.4.aE"	271	1	1	-0.00404404538449749	NA	NA
1	"27.4.aE"	272	1	1	0.00354916031046103	NA	NA
1	"27.4.aE"	273	1	1	0.0219442181903555	NA	NA
1	"27.4.aE"	274	1	1	-0.00415027949795601	NA	NA
1	"27.4.aE"	275	1	1	-0.00971959454363502	NA	NA
1	"27.4.aE"	276	1	1	-0.00868378125668868	NA	NA
1	"27.4.aE"	277	1	1	-0.00704684943357681	NA	NA
1	"27.4.aE"	278	1	1	-0.0191661279651101	NA	NA
1	"27.4.aE"	279	1	1	-0.00776462836261905	NA	NA
1	"27.4.aE"	280	1	1	-0.00537529980199772	NA	NA
1	"27.4.aE"	281	1	1	-0.0189971360018938	NA	NA
1	"27.4.aE"	282	1	1	-0.0252721804288202	NA	NA
1	"27.4.aE"	283	1	1	-0.00144964771842561	NA	NA
1	"27.4.aE"	284	1	1	0.00557017538071168	NA	NA
1	"27.4.aE"	285	1	1	-0.00579762557050748	NA	NA
1	"27.4.aE"	286	1	1	-0.0162868685226227	NA	NA
1	"27.4.aE"	287	1	1	-0.000687630797295809	NA	NA
1	"27.4.aE"	288	1	1	-0.00250864132547685	NA	NA
1	"27.4.aE"	289	1	1	-0.0120641834538865	NA	NA
1	"27.4.aE"	290	1	1	-0.0192609795867342	NA	NA
1	"27.4.aE"	291	1	1	-0.011921812264115	NA	NA
1	"27.4.aE"	292	1	1	-0.0285083011764835	NA	NA
1	"27.4.aE"	293	1	1	0.00606196854936288	NA	NA
1	"27.4.aE"	294	1	1	-0.0119460409278292	NA	NA
1	"27.4.aE"	295	1	1	-0.0125879975465055	NA	NA
1	"27.4.aE"	296	1	1	-0.0172464867390675	NA	NA
1	"27.4.aE"	297	1	1	-0.0139305652150897	NA	NA
1	"27.4.aE"	298	1	1	0.000999744549119804	NA	NA
1	"27.4.aE"	299	1	1	0.00258019643321812	NA	NA
1	"27.4.aE"	300	1	1	-0.0139180178185601	NA	NA
1	"27.4.aE"	301	1	1	-0.00278893109385909	NA	NA
1	"27.4.aE"	302	1	1	-0.0217295038125319	NA	NA
1	"27.4.aE"	303	1	1	0.00123662442378207	NA	NA
1	"27.4.aE"	304	1	1	-0.00845216265214274	NA	NA
1	"27.4.aE"	305	1	1	-0.000870914533022071	NA	NA
1	"27.4.aE"	306	1	1	-0.00943829808574188	NA	NA
1	"27.4.aE"	307	1	1	-0.0072817951373899	NA	NA
1	"27.4.aE"	308	1	1	-0.00546330830131664	NA	NA
1	"27.4.aE"	309	1	1	0.00795168919016868	NA	NA
1	"27.4.aE"	310	1	1	-0.017937448080561	NA	NA
1	"27.4.aE"	311	1	1	-0.0037738326338631	NA	NA
1	"27.4.aE"	312	1	1	-0.00992260851148756	NA	NA
1	"27.4.aE"	313	1	1	-0.000421794145101023	NA	NA
1	"27.4.aE"	314	1	1	-0.000340176691041449	NA	NA
1	"27.4.aE"	315	1	1	-0.00512035854683579	NA	NA
1	"27.4.aE"	316	1	1	-0.0120700102265669	NA	NA
1	"27.4.aE"	317	1	1	0.00317993407797904	NA	NA
1	"27.4.aE"	318	1	1	0.00730047062394545	NA	NA
1	"27.4.aE"	319	1	1	-0.0119341523293429	NA	NA
1	"27.4.aE"	320	1	1	-0.0124990225929515	NA	NA
1	"27.4.aE"	321	1	1	0.00671089494037724	NA	NA
1	"27.4.aE"	322	1	1	-0.0028334233331761	NA	NA
1	"27.4.aE"	323	1	1	-0.00278403843522756	NA	NA
1	"27.4.aE"	324	1	1	0.00802927269101331	NA	NA
1	"27.4.aE"	325	1	1	-0.0103197077206824	NA	NA
1	"27.4.aE"	326	1	1	-0.00155372345636949	NA	NA
1	"27.4.aE"	327	1	1	-0.0108652140907977	NA	NA
1	"27.4.aE"	328	1	1	-0.0133105494285481	NA	NA
1	"27.4.aE"	329	1	1	-0.00324358319474683	NA	NA
1	"27.4.aE"	330	1	1	0.012390242315706	NA	NA
1	"27.4.aE"	331	1	1	-0.00312478061778452	NA	NA
1	"27.4.aE"	332	1	1	-0.00197536448054228	NA	NA
1	"27.4.aE"	333	1	1	-0.0114989397191633	NA	NA
1	"27.4.aE"	334	1	1	-0.00869916228117505	NA	NA
1	"27.4.aE"	335	1	1	-0.00280779253903746	NA	NA
1	"27.4.aE"	336	1	1	-0.0105589238529381	NA	NA
1	"27.4.aE"	337	1	1	-0.00436174184768997	NA	NA
1	"27.4.aE"	338	1	1	-0.0140512671329614	NA	NA
1	"27.4.aE"	339	1	1	0.00167725897925853	NA	NA
1	"27.4.aE"	340	1	1	0.00142712073367304	NA	NA
1	"27.4.aE"	341	1	1	0.00344659770881232	NA	NA
1	"27.4.aE"	342	1	1	-0.0100940240811349	NA	NA
1	"27.4.aE"	343	1	1	-0.00115895013239099	NA	NA
1	"27.4.aE"	344	1	1	0.00658800273279146	NA	NA
1	"27.4.aE"	345	1	1	-0.00576217185005705	NA	NA
1	"27.4.aE"	346	1	1	-0.00817457847963563	NA	NA
1	"27.4.aE"	347	1	1	-0.00157524245500921	NA	NA
1	"27.4.aE"	348	1	1	-0.0073875736318175	NA	NA
1	"27.4.aE"	349	1	1	-0.0130898098129461	NA	NA
1	"27.4.aE"	350	1	1	0.00640397740101973	NA	NA
1	"27.4.aE"	351	1	1	-0.0102706149814792	NA	NA
1	"27.4.aE"	352	1	1	0.00651044801680681	NA	NA
1	"27.4.aE"	353	1	1	-0.0155197708920933	NA	NA
1	"27.4.aE"	354	1	1	-0.00422946396595613	NA	NA
1	"27.4.aE"	355	1	1	0.000420603390257728	NA	NA
1	"27.4.aE"	356	1	1	-0.0150207397430592	NA	NA
1	"27.4.aE"	357	1	1	0.00178644218002499	NA	NA
1	"27.4.aE"	358	1	1	-0.0208401331482998	NA	NA
1	"27.4.aE"	359	1	1	-0.0196407279886041	NA	NA
1	"27.4.aE"	360	1	1	-0.00424188522824614	NA	NA
1	"27.4.aE"	361	1	1	-0.00892761101070295	NA	NA
1	"27.4.aE"	362	1	1	-0.0103207541221892	NA	NA
1	"27.4.aE"	363	1	1	-0.0179708782427611	NA	NA
1	"27.4.aE"	364	1	1	-0.00104763277261738	NA	NA
1	"27.4.aE"	365	1	1	-0.0190756666392009	NA	NA
1	"27.4.aE"	366	1	1	-0.00762433243701343	NA	NA
1	"27.4.aE"	367	1	1	0.000263485405788537	NA	NA
1	"27.4.aE"	368	1	1	-0.0183702974931596	NA	NA
1	"27.4.aE"	369	1	1	-0.0168587782298814	NA	NA
1	"27.4.aE"	370	1	1	-0.0076143208215043	NA	NA
1	"27.4.aE"	371	1	1	0.0113615870323583	NA	NA
1	"27.4.aE"	372	1	1	-0.011088739172225	NA	NA
1	"27.4.aE"	373	1	1	-0.0100752962310112	NA	NA
1	"27.4.aE"	374	1	1	-0.0138185921961945	NA	NA
1	"27.4.aE"	375	1	1	-0.0053733992632652	NA	NA
1	"27.4.aE"	376	1	1	0.0166719557860423	NA	NA
1	"27.4.aE"	377	1	1	0.000974236882738344	NA	NA
1	"27.4.aE"	378	1	1	-0.0150158481807059	NA	NA
1	"27.4.aE"	379	1	1	0.0110128527347623	NA	NA
1	"27.4.aE"	380	1	1	-0.0181586801602848	NA	NA
1	"27.4.aE"	381	1	1	-0.0345449132035338	NA	NA
1	"27.4.aE"	382	1	1	-0.0169566622033078	NA	NA
1	"27.4.aE"	383	1	1	-0.00873614554022722	NA	NA
1	"27.4.aE"	384	1	1	-0.00941140759949703	NA	NA
1	"27.4.aE"	385	1	1	-0.00967756390797092	NA	NA
1	"27.4.aE"	386	1	1	-0.0131300035675051	NA	NA
1	"27.4.aE"	387	1	1	-0.00556225709619952	NA	NA
1	"27.4.aE"	388	1	1	0.00900071379086455	NA	NA
1	"27.4.aE"	389	1	1	-0.00849887721199086	NA	NA
1	"27.4.aE"	390	1	1	-0.017976969740245	NA	NA
1	"27.4.aE"	391	1	1	-0.00128944756310323	NA	NA
1	"27.4.aE"	392	1	1	-0.0107507301791264	NA	NA
1	"27.4.aE"	393	1	1	-0.0097340850389519	NA	NA
1	"27.4.aE"	394	1	1	-0.0158201898766288	NA	NA
1	"27.4.aE"	395	1	1	-0.00162668909842975	NA	NA
1	"27.4.aE"	396	1	1	-0.0110442514720815	NA	NA
1	"27.4.aE"	397	1	1	-0.0102864682177039	NA	NA
1	"27.4.aE"	398	1	1	-0.0054389380576895	NA	NA
1	"27.4.aE"	399	1	1	-0.0207893093611221	NA	NA
1	"27.4.aE"	400	1	1	-0.00895099565672324	NA	NA
1	"27.4.aW"	1	1	2	0.0101565444010805	NA	NA
1	"27.4.aW"	2	1	2	0.0086148687359241	NA	NA
1	"27.4.aW"	3	1	2	-0.000614303304972885	NA	NA
1	"27.4.aW"	4	1	2	0.0147949976979075	NA	NA
1	"27.4.aW"	5	1	2	0.011596059611866	NA	NA
1	"27.4.aW"	6	1	2	-0.00233018775108035	NA	NA
1	"27.4.aW"	7	1	2	0.00419312204422507	NA	NA
1	"27.4.aW"	8	1	2	0.0093575789278755	NA	NA
1	"27.4.aW"	9	1	2	0.0168563898071441	NA	NA
1	"27.4.aW"	10	1	2	0.00693795513602847	NA	NA
1	"27.4.aW"	11	1	2	0.0151948196112544	NA	NA
1	"27.4.aW"	12	1	2	0.0151967314791815	NA	NA
1	"27.4.aW"	13	1	2	0.0200014112150744	NA	NA
1	"27.4.aW"	14	1	2	0.043171437160779	NA	NA
1	"27.4.aW"	15	1	2	-0.000299764374108067	NA	NA
1	"27.4.aW"	16	1	2	0.0125715619005367	NA	NA
1	"27.4.aW"	17	1	2	0.00790828880075651	NA	NA
1	"27.4.aW"	18	1	2	-0.000833478013826389	NA	NA
1	"27.4.aW"	19	1	2	0.00825996068707072	NA	NA
1	"27.4.aW"	20	1	2	0.00421996969345487	NA	NA
1	"27.4.aW"	21	1	2	0.00790231647550452	NA	NA
1	"27.4.aW"	22	1	2	0.00956411333750354	NA	NA
1	"27.4.aW"	23	1	2	0.0178942851288977	NA	NA
1	"27.4.aW"	24	1	2	-0.0026951565682242	NA	NA
1	"27.4.aW"	25	1	2	0.00840888032699164	NA	NA
1	"27.4.aW"	26	1	2	0.0122292011630143	NA	NA
1	"27.4.aW"	27	1	2	0.0253452518710774	NA	NA
1	"27.4.aW"	28	1	2	-0.00945977810281593	NA	NA
1	"27.4.aW"	29	1	2	0.00139811457480637	NA	NA
1	"27.4.aW"	30	1	2	-0.00133414777858895	NA	NA
1	"27.4.aW"	31	1	2	0.00832600599585085	NA	NA
1	"27.4.aW"	32	1	2	0.00353983376015803	NA	NA
1	"27.4.aW"	33	1	2	0.00422670938784877	NA	NA
1	"27.4.aW"	34	1	2	0.00690062225740417	NA	NA
1	"27.4.aW"	35	1	2	0.00432609485286377	NA	NA
1	"27.4.aW"	36	1	2	0.0152089125501787	NA	NA
1	"27.4.aW"	37	1	2	-0.0196661182906424	NA	NA
1	"27.4.aW"	38	1	2	0.0225678539465074	NA	NA
1	"27.4.aW"	39	1	2	-0.00513550767122262	NA	NA
1	"27.4.aW"	40	1	2	0.0081538825101135	NA	NA
1	"27.4.aW"	41	1	2	0.0100942558001037	NA	NA
1	"27.4.aW"	42	1	2	0.0185488192038038	NA	NA
1	"27.4.aW"	43	1	2	0.0188538997629704	NA	NA
1	"27.4.aW"	44	1	2	0.00743489544659521	NA	NA
1	"27.4.aW"	45	1	2	-0.00337057894843079	NA	NA
1	"27.4.aW"	46	1	2	0.0173026410971922	NA	NA
1	"27.4.aW"	47	1	2	0.0288209620801994	NA	NA
1	"27.4.aW"	48	1	2	0.0079896862650703	NA	NA
1	"27.4.aW"	49	1	2	-0.00173205794662178	NA	NA
1	"27.4.aW"	50	1	2	0.00231383078502547	NA	NA
1	"27.4.aW"	51	1	2	0.0136975139648277	NA	NA
1	"27.4.aW"	52	1	2	0.00229222260764508	NA	NA
1	"27.4.aW"	53	1	2	0.0181992488203365	NA	NA
1	"27.4.aW"	54	1	2	0.0225402059673864	NA	NA
1	"27.4.aW"	55	1	2	0.017778434916178	NA	NA
1	"27.4.aW"	56	1	2	0.000141593164707997	NA	NA
1	"27.4.aW"	57	1	2	0.0173914028028563	NA	NA
1	"27.4.aW"	58	1	2	0.00353179199367758	NA	NA
1	"27.4.aW"	59	1	2	0.0131925477216477	NA	NA
1	"27.4.aW"	60	1	2	-0.00584749470214966	NA	NA
1	"27.4.aW"	61	1	2	0.000213765274957534	NA	NA
1	"27.4.aW"	62	1	2	0.015483842422107	NA	NA
1	"27.4.aW"	63	1	2	0.0150764368722663	NA	NA
1	"27.4.aW"	64	1	2	-0.0110575446836042	NA	NA
1	"27.4.aW"	65	1	2	-0.00504289765634067	NA	NA
1	"27.4.aW"	66	1	2	-0.00499446840754955	NA	NA
1	"27.4.aW"	67	1	2	0.0198822533398769	NA	NA
1	"27.4.aW"	68	1	2	0.000819477219389446	NA	NA
1	"27.4.aW"	69	1	2	0.00862986879022558	NA	NA
1	"27.4.aW"	70	1	2	0.0127190815353571	NA	NA
1	"27.4.aW"	71	1	2	-0.00183296120701422	NA	NA
1	"27.4.aW"	72	1	2	0.0118603099774258	NA	NA
1	"27.4.aW"	73	1	2	0.0164345796867082	NA	NA
1	"27.4.aW"	74	1	2	0.016184847507294	NA	NA
1	"27.4.aW"	75	1	2	0.0174996491059013	NA	NA
1	"27.4.aW"	76	1	2	0.00725322425029204	NA	NA
1	"27.4.aW"	77	1	2	-0.00604251110462304	NA	NA
1	"27.4.aW"	78	1	2	0.0117400155886778	NA	NA
1	"27.4.aW"	79	1	2	0.00506809564421142	NA	NA
1	"27.4.aW"	80	1	2	0.0199349536663553	NA	NA
1	"27.4.aW"	81	1	2	0.00747394962437123	NA	NA
1	"27.4.aW"	82	1	2	-0.00291692441219985	NA	NA
1	"27.4.aW"	83	1	2	-0.000602993828976705	NA	NA
1	"27.4.aW"	84	1	2	-0.00278269160285344	NA	NA
1	"27.4.aW"	85	1	2	-0.00730526246817413	NA	NA
1	"27.4.aW"	86	1	2	0.00229050190401026	NA	NA
1	"27.4.aW"	87	1	2	-0.00362641810494682	NA	NA
1	"27.4.aW"	88	1	2	-0.00155991685506507	NA	NA
1	"27.4.aW"	89	1	2	0.00928382490021432	NA	NA
1	"27.4.aW"	90	1	2	0.0140273673029412	NA	NA
1	"27.4.aW"	91	1	2	0.0094119560139893	NA	NA
1	"27.4.aW"	92	1	2	0.0120788798374851	NA	NA
1	"27.4.aW"	93	1	2	0.00160713874599101	NA	NA
1	"27.4.aW"	94	1	2	0.0167981311652487	NA	NA
1	"27.4.aW"	95	1	2	0.00914658427970585	NA	NA
1	"27.4.aW"	96	1	2	-0.00385375482493175	NA	NA
1	"27.4.aW"	97	1	2	-0.00553444498520202	NA	NA
1	"27.4.aW"	98	1	2	0.00385006110555092	NA	NA
1	"27.4.aW"	99	1	2	0.00289868638098159	NA	NA
1	"27.4.aW"	100	1	2	0.00652018142664289	NA	NA
1	"27.4.aW"	101	1	2	0.0311581775441255	NA	NA
1	"27.4.aW"	102	1	2	-0.0106809112359425	NA	NA
1	"27.4.aW"	103	1	2	0.0122260257046089	NA	NA
1	"27.4.aW"	104	1	2	0.0327621072056042	NA	NA
1	"27.4.aW"	105	1	2	0.00320480868701322	NA	NA
1	"27.4.aW"	106	1	2	0.0102824629715857	NA	NA
1	"27.4.aW"	107	1	2	0.00509185396382079	NA	NA
1	"27.4.aW"	108	1	2	-0.0102735515146544	NA	NA
1	"27.4.aW"	109	1	2	0.00811515778590245	NA	NA
1	"27.4.aW"	110	1	2	0.0107567280709499	NA	NA
1	"27.4.aW"	111	1	2	-0.00227612231692044	NA	NA
1	"27.4.aW"	112	1	2	0.0148366390944085	NA	NA
1	"27.4.aW"	113	1	2	0.00133789321554543	NA	NA
1	"27.4.aW"	114	1	2	0.0114107021506045	NA	NA
1	"27.4.aW"	115	1	2	0.016983165214713	NA	NA
1	"27.4.aW"	116	1	2	0.0209640355211883	NA	NA
1	"27.4.aW"	117	1	2	0.0208588737523189	NA	NA
1	"27.4.aW"	118	1	2	0.00549407327176883	NA	NA
1	"27.4.aW"	119	1	2	0.00859664508819571	NA	NA
1	"27.4.aW"	120	1	2	0.00971949957813134	NA	NA
1	"27.4.aW"	121	1	2	0.0213925939118641	NA	NA
1	"27.4.aW"	122	1	2	6.29021417538267e-05	NA	NA
1	"27.4.aW"	123	1	2	0.0154966014305511	NA	NA
1	"27.4.aW"	124	1	2	0.00960729647045318	NA	NA
1	"27.4.aW"	125	1	2	0.00630641638582658	NA	NA
1	"27.4.aW"	126	1	2	-0.00178997860499845	NA	NA
1	"27.4.aW"	127	1	2	0.00553198511030815	NA	NA
1	"27.4.aW"	128	1	2	0.00957471470570123	NA	NA
1	"27.4.aW"	129	1	2	0.0316981098596374	NA	NA
1	"27.4.aW"	130	1	2	0.0126661738569253	NA	NA
1	"27.4.aW"	131	1	2	0.0357828254073278	NA	NA
1	"27.4.aW"	132	1	2	0.00897436182332013	NA	NA
1	"27.4.aW"	133	1	2	0.0101205718834775	NA	NA
1	"27.4.aW"	134	1	2	0.0109494230420464	NA	NA
1	"27.4.aW"	135	1	2	0.0182784789821996	NA	NA
1	"27.4.aW"	136	1	2	0.0142718046811615	NA	NA
1	"27.4.aW"	137	1	2	-0.00744186910744216	NA	NA
1	"27.4.aW"	138	1	2	0.0095340772119057	NA	NA
1	"27.4.aW"	139	1	2	-0.000449436996999612	NA	NA
1	"27.4.aW"	140	1	2	0.013427866816999	NA	NA
1	"27.4.aW"	141	1	2	0.000615679215864483	NA	NA
1	"27.4.aW"	142	1	2	-0.006997710686876	NA	NA
1	"27.4.aW"	143	1	2	-0.0092726111024029	NA	NA
1	"27.4.aW"	144	1	2	-0.00172575154881748	NA	NA
1	"27.4.aW"	145	1	2	-0.000970792582934244	NA	NA
1	"27.4.aW"	146	1	2	0.0106046721288912	NA	NA
1	"27.4.aW"	147	1	2	0.00512207822540464	NA	NA
1	"27.4.aW"	148	1	2	0.0141470356707789	NA	NA
1	"27.4.aW"	149	1	2	0.00053901381874152	NA	NA
1	"27.4.aW"	150	1	2	0.0135779035288463	NA	NA
1	"27.4.aW"	151	1	2	0.00745691699629502	NA	NA
1	"27.4.aW"	152	1	2	0.00769162213316054	NA	NA
1	"27.4.aW"	153	1	2	0.0153294804860832	NA	NA
1	"27.4.aW"	154	1	2	0.0129293528514861	NA	NA
1	"27.4.aW"	155	1	2	0.014262417778884	NA	NA
1	"27.4.aW"	156	1	2	0.02185361119113	NA	NA
1	"27.4.aW"	157	1	2	0.00233148626015161	NA	NA
1	"27.4.aW"	158	1	2	0.0126685265272767	NA	NA
1	"27.4.aW"	159	1	2	0.00491074290306007	NA	NA
1	"27.4.aW"	160	1	2	0.017434902806603	NA	NA
1	"27.4.aW"	161	1	2	0.00824280031680066	NA	NA
1	"27.4.aW"	162	1	2	-0.00211465954531297	NA	NA
1	"27.4.aW"	163	1	2	0.0126147474429786	NA	NA
1	"27.4.aW"	164	1	2	0.0193018030286656	NA	NA
1	"27.4.aW"	165	1	2	0.0117880849981259	NA	NA
1	"27.4.aW"	166	1	2	0.0276616386628315	NA	NA
1	"27.4.aW"	167	1	2	0.00194725533116498	NA	NA
1	"27.4.aW"	168	1	2	-0.00784148620446084	NA	NA
1	"27.4.aW"	169	1	2	0.0144625566456941	NA	NA
1	"27.4.aW"	170	1	2	0.0101934146619167	NA	NA
1	"27.4.aW"	171	1	2	0.00298632914639661	NA	NA
1	"27.4.aW"	172	1	2	0.000710319155474384	NA	NA
1	"27.4.aW"	173	1	2	0.0211085456916482	NA	NA
1	"27.4.aW"	174	1	2	0.00570594900308479	NA	NA
1	"27.4.aW"	175	1	2	0.021021692268484	NA	NA
1	"27.4.aW"	176	1	2	0.0195820336724835	NA	NA
1	"27.4.aW"	177	1	2	0.000423640858311526	NA	NA
1	"27.4.aW"	178	1	2	0.02490791337173	NA	NA
1	"27.4.aW"	179	1	2	-0.00284121166898468	NA	NA
1	"27.4.aW"	180	1	2	0.0243225912077472	NA	NA
1	"27.4.aW"	181	1	2	0.00805602013219897	NA	NA
1	"27.4.aW"	182	1	2	0.0054467379637773	NA	NA
1	"27.4.aW"	183	1	2	0.0064410630900404	NA	NA
1	"27.4.aW"	184	1	2	0.00972720914298924	NA	NA
1	"27.4.aW"	185	1	2	-0.00280645585573572	NA	NA
1	"27.4.aW"	186	1	2	-0.00798745704435453	NA	NA
1	"27.4.aW"	187	1	2	0.00494584354154074	NA	NA
1	"27.4.aW"	188	1	2	0.0105436124046013	NA	NA
1	"27.4.aW"	189	1	2	0.00523871230153153	NA	NA
1	"27.4.aW"	190	1	2	0.0178075016481828	NA	NA
1	"27.4.aW"	191	1	2	-0.01436246625542	NA	NA
1	"27.4.aW"	192	1	2	-0.00119541299704271	NA	NA
1	"27.4.aW"	193	1	2	0.00872883270771795	NA	NA
1	"27.4.aW"	194	1	2	-5.09055146171788e-05	NA	NA
1	"27.4.aW"	195	1	2	0.0191774247175062	NA	NA
1	"27.4.aW"	196	1	2	0.00914355253908689	NA	NA
1	"27.4.aW"	197	1	2	-0.00499964023512267	NA	NA
1	"27.4.aW"	198	1	2	-0.000604651194357175	NA	NA
1	"27.4.aW"	199	1	2	0.011416019960068	NA	NA
1	"27.4.aW"	200	1	2	0.00641672301338569	NA	NA
1	"27.4.aW"	201	1	2	0.0101408080943561	NA	NA
1	"27.4.aW"	202	1	2	0.00986677706538886	NA	NA
1	"27.4.aW"	203	1	2	0.0120559956986678	NA	NA
1	"27.4.aW"	204	1	2	-0.0020853323594008	NA	NA
1	"27.4.aW"	205	1	2	0.00170252042183535	NA	NA
1	"27.4.aW"	206	1	2	-0.0075453015991869	NA	NA
1	"27.4.aW"	207	1	2	0.000862997585581705	NA	NA
1	"27.4.aW"	208	1	2	0.0111884022999043	NA	NA
1	"27.4.aW"	209	1	2	0.0170365985347822	NA	NA
1	"27.4.aW"	210	1	2	0.0332716001566491	NA	NA
1	"27.4.aW"	211	1	2	0.00681036703485041	NA	NA
1	"27.4.aW"	212	1	2	0.00994162402090407	NA	NA
1	"27.4.aW"	213	1	2	0.0197137358598502	NA	NA
1	"27.4.aW"	214	1	2	0.00643701117044411	NA	NA
1	"27.4.aW"	215	1	2	-0.0124334057334392	NA	NA
1	"27.4.aW"	216	1	2	0.00838506718646497	NA	NA
1	"27.4.aW"	217	1	2	0.00833227465624627	NA	NA
1	"27.4.aW"	218	1	2	0.0105570912865402	NA	NA
1	"27.4.aW"	219	1	2	0.013409330100601	NA	NA
1	"27.4.aW"	220	1	2	-0.00665718514497393	NA	NA
1	"27.4.aW"	221	1	2	0.00954947146770963	NA	NA
1	"27.4.aW"	222	1	2	0.00246030866097748	NA	NA
1	"27.4.aW"	223	1	2	0.0175418352364829	NA	NA
1	"27.4.aW"	224	1	2	0.0151564186788415	NA	NA
1	"27.4.aW"	225	1	2	0.0071580117958207	NA	NA
1	"27.4.aW"	226	1	2	0.00632334032125627	NA	NA
1	"27.4.aW"	227	1	2	-0.00213446373498593	NA	NA
1	"27.4.aW"	228	1	2	0.0133150875703261	NA	NA
1	"27.4.aW"	229	1	2	-0.00309838392490018	NA	NA
1	"27.4.aW"	230	1	2	0.00454503348574081	NA	NA
1	"27.4.aW"	231	1	2	0.0115522676692718	NA	NA
1	"27.4.aW"	232	1	2	0.0171886221906745	NA	NA
1	"27.4.aW"	233	1	2	0.0100741334861533	NA	NA
1	"27.4.aW"	234	1	2	0.00308990615910491	NA	NA
1	"27.4.aW"	235	1	2	0.0144508811450933	NA	NA
1	"27.4.aW"	236	1	2	0.0124939934652444	NA	NA
1	"27.4.aW"	237	1	2	0.0163766409018723	NA	NA
1	"27.4.aW"	238	1	2	0.0156386566816131	NA	NA
1	"27.4.aW"	239	1	2	0.0186585747863512	NA	NA
1	"27.4.aW"	240	1	2	0.00606428041655508	NA	NA
1	"27.4.aW"	241	1	2	0.00240411914246399	NA	NA
1	"27.4.aW"	242	1	2	-0.00991181863810802	NA	NA
1	"27.4.aW"	243	1	2	0.0280912484168029	NA	NA
1	"27.4.aW"	244	1	2	-0.00201282836205077	NA	NA
1	"27.4.aW"	245	1	2	0.0215409086498278	NA	NA
1	"27.4.aW"	246	1	2	0.0141189203545706	NA	NA
1	"27.4.aW"	247	1	2	0.000458959977072132	NA	NA
1	"27.4.aW"	248	1	2	-0.00191548594544831	NA	NA
1	"27.4.aW"	249	1	2	0.0109532625107445	NA	NA
1	"27.4.aW"	250	1	2	0.0126867406679497	NA	NA
1	"27.4.aW"	251	1	2	0.00880435291299211	NA	NA
1	"27.4.aW"	252	1	2	-0.0010661718296993	NA	NA
1	"27.4.aW"	253	1	2	0.00694715617586717	NA	NA
1	"27.4.aW"	254	1	2	0.0082162847269101	NA	NA
1	"27.4.aW"	255	1	2	0.00517175806083493	NA	NA
1	"27.4.aW"	256	1	2	-0.00223782295080254	NA	NA
1	"27.4.aW"	257	1	2	0.0261671988859465	NA	NA
1	"27.4.aW"	258	1	2	0.0110030320623874	NA	NA
1	"27.4.aW"	259	1	2	0.0027595703135828	NA	NA
1	"27.4.aW"	260	1	2	0.0224071750135637	NA	NA
1	"27.4.aW"	261	1	2	0.00142504723657926	NA	NA
1	"27.4.aW"	262	1	2	0.00560505237265711	NA	NA
1	"27.4.aW"	263	1	2	-0.0018225157903864	NA	NA
1	"27.4.aW"	264	1	2	0.0181172531249084	NA	NA
1	"27.4.aW"	265	1	2	0.00929085028018832	NA	NA
1	"27.4.aW"	266	1	2	0.0364808077310927	NA	NA
1	"27.4.aW"	267	1	2	0.00137497066831093	NA	NA
1	"27.4.aW"	268	1	2	0.00728924131058719	NA	NA
1	"27.4.aW"	269	1	2	0.0230005612135688	NA	NA
1	"27.4.aW"	270	1	2	-0.00268160825601204	NA	NA
1	"27.4.aW"	271	1	2	0.0040440453844976	NA	NA
1	"27.4.aW"	272	1	2	-0.00354916031046125	NA	NA
1	"27.4.aW"	273	1	2	-0.0219442181903549	NA	NA
1	"27.4.aW"	274	1	2	0.00415027949795618	NA	NA
1	"27.4.aW"	275	1	2	0.00971959454363461	NA	NA
1	"27.4.aW"	276	1	2	0.0086837812566887	NA	NA
1	"27.4.aW"	277	1	2	0.0070468494335771	NA	NA
1	"27.4.aW"	278	1	2	0.0191661279651107	NA	NA
1	"27.4.aW"	279	1	2	0.00776462836261929	NA	NA
1	"27.4.aW"	280	1	2	0.00537529980199814	NA	NA
1	"27.4.aW"	281	1	2	0.0189971360018943	NA	NA
1	"27.4.aW"	282	1	2	0.0252721804288193	NA	NA
1	"27.4.aW"	283	1	2	0.00144964771842482	NA	NA
1	"27.4.aW"	284	1	2	-0.00557017538071231	NA	NA
1	"27.4.aW"	285	1	2	0.00579762557050633	NA	NA
1	"27.4.aW"	286	1	2	0.0162868685226238	NA	NA
1	"27.4.aW"	287	1	2	0.000687630797296183	NA	NA
1	"27.4.aW"	288	1	2	0.0025086413254775	NA	NA
1	"27.4.aW"	289	1	2	0.0120641834538863	NA	NA
1	"27.4.aW"	290	1	2	0.0192609795867346	NA	NA
1	"27.4.aW"	291	1	2	0.0119218122641143	NA	NA
1	"27.4.aW"	292	1	2	0.0285083011764839	NA	NA
1	"27.4.aW"	293	1	2	-0.00606196854936325	NA	NA
1	"27.4.aW"	294	1	2	0.0119460409278257	NA	NA
1	"27.4.aW"	295	1	2	0.0125879975465051	NA	NA
1	"27.4.aW"	296	1	2	0.0172464867390703	NA	NA
1	"27.4.aW"	297	1	2	0.013930565215087	NA	NA
1	"27.4.aW"	298	1	2	-0.000999744549118399	NA	NA
1	"27.4.aW"	299	1	2	-0.00258019643321807	NA	NA
1	"27.4.aW"	300	1	2	0.0139180178185604	NA	NA
1	"27.4.aW"	301	1	2	0.00278893109385941	NA	NA
1	"27.4.aW"	302	1	2	0.0217295038125317	NA	NA
1	"27.4.aW"	303	1	2	-0.00123662442378199	NA	NA
1	"27.4.aW"	304	1	2	0.00845216265214364	NA	NA
1	"27.4.aW"	305	1	2	0.000870914533021567	NA	NA
1	"27.4.aW"	306	1	2	0.00943829808574182	NA	NA
1	"27.4.aW"	307	1	2	0.00728179513739131	NA	NA
1	"27.4.aW"	308	1	2	0.0054633083013173	NA	NA
1	"27.4.aW"	309	1	2	-0.00795168919016902	NA	NA
1	"27.4.aW"	310	1	2	0.0179374480805624	NA	NA
1	"27.4.aW"	311	1	2	0.00377383263386461	NA	NA
1	"27.4.aW"	312	1	2	0.00992260851148674	NA	NA
1	"27.4.aW"	313	1	2	0.00042179414510112	NA	NA
1	"27.4.aW"	314	1	2	0.000340176691041957	NA	NA
1	"27.4.aW"	315	1	2	0.00512035854683646	NA	NA
1	"27.4.aW"	316	1	2	0.012070010226567	NA	NA
1	"27.4.aW"	317	1	2	-0.0031799340779791	NA	NA
1	"27.4.aW"	318	1	2	-0.00730047062394594	NA	NA
1	"27.4.aW"	319	1	2	0.0119341523293434	NA	NA
1	"27.4.aW"	320	1	2	0.0124990225929511	NA	NA
1	"27.4.aW"	321	1	2	-0.00671089494037552	NA	NA
1	"27.4.aW"	322	1	2	0.00283342333317708	NA	NA
1	"27.4.aW"	323	1	2	0.00278403843522783	NA	NA
1	"27.4.aW"	324	1	2	-0.00802927269101173	NA	NA
1	"27.4.aW"	325	1	2	0.0103197077206822	NA	NA
1	"27.4.aW"	326	1	2	0.00155372345636982	NA	NA
1	"27.4.aW"	327	1	2	0.0108652140907973	NA	NA
1	"27.4.aW"	328	1	2	0.0133105494285473	NA	NA
1	"27.4.aW"	329	1	2	0.00324358319474701	NA	NA
1	"27.4.aW"	330	1	2	-0.0123902423157065	NA	NA
1	"27.4.aW"	331	1	2	0.00312478061778435	NA	NA
1	"27.4.aW"	332	1	2	0.00197536448054131	NA	NA
1	"27.4.aW"	333	1	2	0.0114989397191632	NA	NA
1	"27.4.aW"	334	1	2	0.00869916228117397	NA	NA
1	"27.4.aW"	335	1	2	0.00280779253903436	NA	NA
1	"27.4.aW"	336	1	2	0.0105589238529378	NA	NA
1	"27.4.aW"	337	1	2	0.00436174184768844	NA	NA
1	"27.4.aW"	338	1	2	0.0140512671329609	NA	NA
1	"27.4.aW"	339	1	2	-0.00167725897925765	NA	NA
1	"27.4.aW"	340	1	2	-0.00142712073367292	NA	NA
1	"27.4.aW"	341	1	2	-0.00344659770881122	NA	NA
1	"27.4.aW"	342	1	2	0.0100940240811346	NA	NA
1	"27.4.aW"	343	1	2	0.00115895013239127	NA	NA
1	"27.4.aW"	344	1	2	-0.00658800273279073	NA	NA
1	"27.4.aW"	345	1	2	0.00576217185005689	NA	NA
1	"27.4.aW"	346	1	2	0.00817457847963608	NA	NA
1	"27.4.aW"	347	1	2	0.00157524245501096	NA	NA
1	"27.4.aW"	348	1	2	0.00738757363181668	NA	NA
1	"27.4.aW"	349	1	2	0.013089809812946	NA	NA
1	"27.4.aW"	350	1	2	-0.00640397740101904	NA	NA
1	"27.4.aW"	351	1	2	0.0102706149814781	NA	NA
1	"27.4.aW"	352	1	2	-0.00651044801680744	NA	NA
1	"27.4.aW"	353	1	2	0.015519770892094	NA	NA
1	"27.4.aW"	354	1	2	0.00422946396595775	NA	NA
1	"27.4.aW"	355	1	2	-0.00042060339025426	NA	NA
1	"27.4.aW"	356	1	2	0.0150207397430585	NA	NA
1	"27.4.aW"	357	1	2	-0.00178644218002221	NA	NA
1	"27.4.aW"	358	1	2	0.0208401331483013	NA	NA
1	"27.4.aW"	359	1	2	0.0196407279886041	NA	NA
1	"27.4.aW"	360	1	2	0.00424188522824636	NA	NA
1	"27.4.aW"	361	1	2	0.0089276110107034	NA	NA
1	"27.4.aW"	362	1	2	0.0103207541221892	NA	NA
1	"27.4.aW"	363	1	2	0.0179708782427616	NA	NA
1	"27.4.aW"	364	1	2	0.00104763277261574	NA	NA
1	"27.4.aW"	365	1	2	0.0190756666392	NA	NA
1	"27.4.aW"	366	1	2	0.0076243324370127	NA	NA
1	"27.4.aW"	367	1	2	-0.000263485405788905	NA	NA
1	"27.4.aW"	368	1	2	0.0183702974931596	NA	NA
1	"27.4.aW"	369	1	2	0.0168587782298816	NA	NA
1	"27.4.aW"	370	1	2	0.00761432082150401	NA	NA
1	"27.4.aW"	371	1	2	-0.0113615870323585	NA	NA
1	"27.4.aW"	372	1	2	0.0110887391722241	NA	NA
1	"27.4.aW"	373	1	2	0.0100752962310084	NA	NA
1	"27.4.aW"	374	1	2	0.0138185921961955	NA	NA
1	"27.4.aW"	375	1	2	0.00537339926326485	NA	NA
1	"27.4.aW"	376	1	2	-0.0166719557860412	NA	NA
1	"27.4.aW"	377	1	2	-0.00097423688273792	NA	NA
1	"27.4.aW"	378	1	2	0.0150158481807045	NA	NA
1	"27.4.aW"	379	1	2	-0.011012852734764	NA	NA
1	"27.4.aW"	380	1	2	0.0181586801602846	NA	NA
1	"27.4.aW"	381	1	2	0.0345449132035343	NA	NA
1	"27.4.aW"	382	1	2	0.0169566622033078	NA	NA
1	"27.4.aW"	383	1	2	0.00873614554022592	NA	NA
1	"27.4.aW"	384	1	2	0.00941140759949578	NA	NA
1	"27.4.aW"	385	1	2	0.00967756390797136	NA	NA
1	"27.4.aW"	386	1	2	0.0131300035675044	NA	NA
1	"27.4.aW"	387	1	2	0.00556225709619948	NA	NA
1	"27.4.aW"	388	1	2	-0.00900071379086479	NA	NA
1	"27.4.aW"	389	1	2	0.00849887721199182	NA	NA
1	"27.4.aW"	390	1	2	0.0179769697402417	NA	NA
1	"27.4.aW"	391	1	2	0.00128944756310322	NA	NA
1	"27.4.aW"	392	1	2	0.010750730179127	NA	NA
1	"27.4.aW"	393	1	2	0.00973408503895483	NA	NA
1	"27.4.aW"	394	1	2	0.0158201898766296	NA	NA
1	"27.4.aW"	395	1	2	0.00162668909842813	NA	NA
1	"27.4.aW"	396	1	2	0.0110442514720813	NA	NA
1	"27.4.aW"	397	1	2	0.0102864682177036	NA	NA
1	"27.4.aW"	398	1	2	0.00543893805768931	NA	NA
1	"27.4.aW"	399	1	2	0.0207893093611225	NA	NA
1	"27.4.aW"	400	1	2	0.00895099565672328	NA	NA
