"LogLikelihood"	"Iteration"
3056.42342813087	1
3064.58453171543	2
3054.23141206413	3
3075.2641304192	4
3063.86825388475	5
3050.16828526802	6
3073.94576132758	7
3082.35704445374	8
3045.93580888467	9
3065.48129330227	10
3067.41096375294	11
3066.86076878239	12
3033.65957608613	13
3056.40025743179	14
3086.77955538048	15
3072.21581199308	16
3104.24759767078	17
3083.81629615713	18
3067.55777445595	19
3055.96863221784	20
3068.80306994676	21
3081.16926174835	22
3084.78898188364	23
3093.47567203874	24
3072.16161022815	25
3077.92507878625	26
3083.11621669998	27
3058.04275210911	28
3085.02269947757	29
3080.67825014635	30
3076.33829135862	31
3068.19199513637	32
3068.12482941503	33
3066.10906808557	34
3080.39538705757	35
3060.23070717638	36
3072.24186814857	37
3068.17323191896	38
3053.52071360524	39
3054.6727654312	40
3069.70561865924	41
3041.59116409924	42
3063.30686691436	43
3059.19433920019	44
3072.84761830439	45
3077.96629275859	46
3088.7451185706	47
3063.92501828858	48
3081.54302241951	49
3075.00026795855	50
3056.82719636125	51
3056.02160680215	52
3055.21793601095	53
3054.80864492061	54
3049.80352937342	55
3066.25472334926	56
3054.795744786	57
3077.04973654661	58
3075.27063106195	59
3077.35126050944	60
3034.8279066351	61
3065.06399399548	62
3057.38582173962	63
3093.39394170008	64
3059.4433007734	65
3051.79621022316	66
3047.0746441156	67
3074.70675430834	68
3071.46971069151	69
3058.01728931253	70
3047.12449058334	71
3046.86570217124	72
3038.97631086953	73
3027.29058038965	74
3074.76503165988	75
3079.64546079298	76
3040.28200254188	77
3082.786505109	78
3073.64704138222	79
3045.13263744287	80
3057.79758533317	81
3065.5478746211	82
3037.37820890986	83
3043.31166253527	84
3084.78682961674	85
3077.98221874265	86
3063.90471956929	87
3054.85345165727	88
3054.26027509862	89
3046.69048653059	90
3085.02757585489	91
3037.64798428294	92
3067.8054577779	93
3049.57808911573	94
3075.74770450576	95
3073.65925995655	96
3051.0363075992	97
3039.51748685909	98
3044.94240199918	99
3035.2783902969	100
3081.21149633069	101
3068.16878916514	102
3057.68624613627	103
3051.06261509408	104
3053.88951603288	105
3063.42212383354	106
3049.6388354777	107
3095.42177291492	108
3050.91335837403	109
3060.98949296409	110
3071.22861700067	111
3059.80261034662	112
3063.54849529295	113
3071.44300920137	114
3075.52871154883	115
3049.05519119299	116
3089.98695061668	117
3059.63842545132	118
3061.40294513781	119
3065.75242348905	120
3077.50447049917	121
3074.13744517227	122
3083.03781060247	123
3057.40113497618	124
3096.16710940932	125
3088.4165863249	126
3055.63969797696	127
3046.3623720972	128
3072.60202138509	129
3065.45948579809	130
3075.91653226786	131
3046.71198965459	132
3042.80688102257	133
3040.39015749213	134
3073.76400447166	135
3065.30614558975	136
3041.70127528082	137
3057.21712746619	138
3074.36862181007	139
3081.75042808602	140
3069.19679684393	141
3075.25124244934	142
3061.05288294475	143
3077.52573042616	144
3041.20258788509	145
3084.0656177066	146
3036.50481411963	147
3061.03204434144	148
3075.43703566071	149
3088.19808903356	150
3035.24269248486	151
3069.13615528575	152
3068.38334290317	153
3074.14246005584	154
3064.16275439004	155
3039.75514288543	156
3061.07786079556	157
3076.48588087096	158
3062.05301434633	159
3063.70668896728	160
3073.49628849969	161
3060.38042993897	162
3078.62702943619	163
3053.08527516954	164
3065.31451243587	165
3071.16083836108	166
3063.60464788812	167
3067.20880820086	168
3106.75227510021	169
3047.76987802091	170
3083.13854095999	171
3045.21604987653	172
3066.61632751633	173
3065.90701113018	174
3098.79710604157	175
3059.00558802264	176
3040.55022660309	177
3046.53681771703	178
3045.69152624222	179
3049.78091855805	180
3060.48823614913	181
3054.36725937648	182
3063.90286659808	183
3068.15835522091	184
3028.65407862955	185
3059.42653294122	186
3059.02773302905	187
3063.9434199821	188
3076.64938836474	189
3059.68836037189	190
3047.67704397396	191
3045.86077966939	192
3041.66401014173	193
3072.42638238309	194
3065.33175009075	195
3073.99425027187	196
3077.04973608369	197
3077.39042278901	198
3089.12406836187	199
3088.12309604877	200
3052.17319502441	201
3036.52097882923	202
3055.46774593267	203
3039.811724725	204
3070.51453403708	205
3036.6324320837	206
3026.22223881565	207
3059.9793178754	208
3044.82362051288	209
3067.92188128988	210
3065.14105532717	211
3065.52690554015	212
3086.38420926656	213
3061.57524577571	214
3082.69386386004	215
3085.65919306725	216
3064.33487470324	217
3052.98368024476	218
3055.97069213607	219
3049.70591586706	220
3069.9609627612	221
3068.3326540179	222
3055.24744382129	223
3066.44155625328	224
3075.32886117592	225
3050.45527106931	226
3072.2208968	227
3024.03949171724	228
3091.77851248047	229
3089.09787034284	230
3072.60577266128	231
3070.64679127938	232
3031.89279297299	233
3070.38763044433	234
3042.69911248488	235
3094.944381875	236
3048.45116086824	237
3068.09693679486	238
3081.67482211981	239
3060.64848676142	240
3068.23966329892	241
3065.6813518843	242
3062.98701421959	243
3061.85950302614	244
3088.68108944069	245
3076.58491218848	246
3062.51157783016	247
3052.71714891527	248
3049.71771286715	249
3081.13638059075	250
3081.25599982837	251
3076.30368913746	252
3034.549215049	253
3101.2146462086	254
3045.54796363973	255
3069.86091789917	256
3054.36010209046	257
3067.41027936668	258
3066.98113830117	259
3035.07385695984	260
3062.19088709931	261
3049.08464934311	262
3062.36406492127	263
3061.74052779505	264
3057.96531972346	265
3090.39221934776	266
3080.35059420404	267
3071.35281158384	268
3044.60372223078	269
3061.87415485326	270
3050.03740234124	271
3025.5311834443	272
3070.90903515858	273
3064.07926843869	274
3080.04733154634	275
3062.38615315817	276
3057.77693030337	277
3078.9616975159	278
3061.11266590608	279
3032.1723267887	280
3054.36727938713	281
3059.22906447416	282
3071.22952162538	283
3041.33898272057	284
3076.80162388226	285
3074.95239299289	286
3047.32438793872	287
3091.01475360206	288
3065.85800481124	289
3068.37295117268	290
3082.26885623623	291
3056.1585040692	292
3066.75577910457	293
3033.69830959441	294
3032.7565047689	295
3095.12707659323	296
3084.62695447784	297
3084.26667553122	298
3064.94459703064	299
3054.8039668918	300
3081.07119161251	301
3039.90200938293	302
3091.1492798071	303
3096.81054183173	304
3074.06498236518	305
3067.42699651819	306
3063.36656255791	307
3048.48119161957	308
3053.63121723709	309
3065.03227606836	310
3049.10360708939	311
3054.77506601832	312
3066.11216711546	313
3089.18536410686	314
3067.83712886565	315
3065.71078642786	316
3069.96183268374	317
3076.1254587238	318
3079.77724088483	319
3084.64109547235	320
3058.9315682389	321
3058.46935642311	322
3094.40757551055	323
3044.60964087744	324
3022.53866650452	325
3055.54994237424	326
3068.51178804783	327
3060.95704367597	328
3049.01244749943	329
3057.09702344252	330
3071.2473009697	331
3049.40943771688	332
3057.38642577183	333
3070.17224144851	334
3100.38201450846	335
3050.14777142178	336
3056.5321187606	337
3053.50690058915	338
3069.60908959136	339
3096.88000065897	340
3076.55436972152	341
3045.42780642027	342
3068.67498020435	343
3088.50822242578	344
3069.5812425375	345
3084.9764583481	346
3029.51027401285	347
3052.97361896645	348
3055.76160706876	349
3050.61569157286	350
3069.46647420871	351
3049.81419651707	352
3064.93121429354	353
3063.85035255275	354
3043.53608293155	355
3061.83340756973	356
3063.20637351896	357
3050.51087855057	358
3060.3691190037	359
3071.54398075877	360
3029.32416033767	361
3029.88562191627	362
3072.57175069374	363
3055.24532765658	364
3061.6109021317	365
3023.65736039901	366
3041.02133625474	367
3056.16250159158	368
3055.18047032935	369
3061.4036894816	370
3076.0085997102	371
3068.26971848031	372
3079.79322100832	373
3051.52086562819	374
3061.97499555025	375
3058.3834636924	376
3080.15938893085	377
3036.01448500497	378
3046.16189663708	379
3035.2762843152	380
3082.35374781179	381
3047.06570277335	382
3058.81393335785	383
3044.43618747001	384
3084.40463743085	385
3038.56511153003	386
3033.22205397867	387
3071.48676931374	388
3061.51786670555	389
3061.29825356212	390
3067.19101095302	391
3082.73862991096	392
3055.43348151614	393
3067.26870505675	394
3075.16091966116	395
3081.19176642618	396
3057.6734885418	397
3083.0488804573	398
3059.61864007681	399
3057.59967251474	400
3048.1763732143	401
3096.73079355001	402
3091.65523325214	403
3060.21839321372	404
3053.47182164676	405
3056.68356340913	406
3056.51995034698	407
3060.30459314263	408
3078.2500194633	409
3075.13903201209	410
3067.33228042848	411
3041.21117291985	412
3091.81550063856	413
3067.23119438563	414
3076.70089199842	415
3056.16830372711	416
3098.1717976245	417
3055.8683341226	418
3059.37895593443	419
3042.77238968833	420
3057.06630426467	421
3055.51596929153	422
3068.72418814618	423
3052.12738945605	424
3065.750812353	425
3050.5229574031	426
3059.80788113787	427
3066.77133062574	428
3091.42133111874	429
3058.00558556685	430
3052.91552815726	431
3061.08851365716	432
3065.0201507833	433
3085.58116925057	434
3040.22826248156	435
3061.62791453273	436
3053.22739263923	437
3053.47802211221	438
3077.0852309209	439
3070.45080918053	440
3079.51674233384	441
3067.50896812105	442
3070.19844124959	443
3059.65127841422	444
3052.62633903317	445
3058.45386576506	446
3057.40359047887	447
3076.31401364582	448
3080.98586733013	449
3101.34055079247	450
3070.83162110455	451
3064.76107810609	452
3050.29782770128	453
3050.13055167518	454
3081.37230012014	455
3052.94355580248	456
3047.52443030139	457
3047.57353337452	458
3070.15800587327	459
3042.85094943831	460
3054.1806538729	461
3064.25983630047	462
3057.40360499663	463
3077.93833182303	464
3086.8720138125	465
3084.95716574551	466
3043.32606897109	467
3075.68687948902	468
3057.18129990193	469
3093.3097844029	470
3050.45132639679	471
3056.01632421503	472
3055.78791110086	473
3054.21961206942	474
3068.29756317779	475
3079.77962565852	476
3063.75986965934	477
3068.59625350677	478
3034.24887950481	479
3072.05005356147	480
3051.08730234202	481
3048.03175557598	482
3080.56654250615	483
3065.02391708072	484
3075.83961081623	485
3076.6001609949	486
3052.85191358425	487
3088.3602575288	488
3051.59888802694	489
3055.59345281257	490
3088.18951574921	491
3068.93798641064	492
3078.05099268005	493
3034.00116807652	494
3066.21069745629	495
3089.06204900228	496
3081.57956128156	497
3071.73245712945	498
3060.36829355173	499
3082.41992143184	500
3074.33643646415	501
3091.93542794824	502
3041.08036722244	503
3054.8758640855	504
3074.93215601485	505
3066.21688844186	506
3028.53487022377	507
3032.81562404397	508
3066.86342977424	509
3056.66269038918	510
3085.22066203082	511
3071.26717988799	512
3057.18750561952	513
3078.63176897115	514
3062.75313760333	515
3088.79761944695	516
3057.95291788794	517
3060.65471842453	518
3034.58225294362	519
3073.5252839238	520
3086.30215712221	521
3045.2358711743	522
3084.17377179007	523
3052.34761325386	524
3034.21498311029	525
3090.2637037483	526
3069.41959838249	527
3095.86753558828	528
3066.4256872974	529
3061.11263505658	530
3061.66582332239	531
3086.68268925422	532
3047.26968642802	533
3068.29922162096	534
3089.86396432197	535
3082.02050902378	536
3050.31110173882	537
3063.08438107892	538
3070.03829366325	539
3079.83478659299	540
3072.774898083	541
3057.78962436351	542
3095.0997256776	543
3044.39233689569	544
3067.24918193356	545
3072.93372542071	546
3087.23947286879	547
3042.79082485246	548
3082.23203157573	549
3071.32684540036	550
3059.01538658504	551
3033.70186627907	552
3080.47904909961	553
3060.84344277512	554
3055.30255379316	555
3074.27427153087	556
3085.931446859	557
3035.93366290233	558
3043.21870813036	559
3054.21784195194	560
3036.51694058201	561
3052.27154265159	562
3057.62955798873	563
3048.92733239668	564
3066.7686347225	565
3062.87236188047	566
3074.94085067533	567
3058.36760666448	568
3071.84111734471	569
3067.80727189103	570
3092.62675533893	571
3077.50878785032	572
3115.98375772835	573
3078.39070700941	574
3060.76331600179	575
3061.10449105504	576
3055.60575358305	577
3098.83856855569	578
3066.65582914335	579
3059.06583083283	580
3066.47844566075	581
3031.51118941021	582
3101.96000823928	583
3063.64877190777	584
3045.90172267128	585
3059.09923887902	586
3067.34175731257	587
3066.13735191375	588
3031.69366284735	589
3065.57744095735	590
3090.04696051285	591
3062.29371257522	592
3040.8918722329	593
3054.30695275463	594
3072.45492847409	595
3051.25564200285	596
3082.15154487379	597
3031.48637747985	598
3089.23160684023	599
3074.7767804843	600
3054.64712211885	601
3074.65864525448	602
3086.83599860087	603
3073.79642171129	604
3053.25189315461	605
3047.75852815992	606
3064.63750510485	607
3073.02635073345	608
3050.71564901712	609
3082.66541494073	610
3073.92535339332	611
3056.41278718118	612
3102.01277692539	613
3065.27692355279	614
3061.77988133452	615
3073.85904298992	616
3075.57530608654	617
3047.76996789903	618
3064.10808292631	619
3022.84428140487	620
3075.46837351992	621
3053.43067397555	622
3094.95333442038	623
3084.22037897113	624
3072.3376344011	625
3078.42575542257	626
3062.97156808173	627
3066.11010251099	628
3063.36025472727	629
3063.50947857283	630
3097.25710028161	631
3066.38481735635	632
3066.15214503264	633
3040.96137228063	634
3048.66584419301	635
3062.15152335023	636
3083.44311951572	637
3050.45928807487	638
3042.50766899322	639
3054.49865805825	640
3098.42869796425	641
3047.1290481229	642
3066.15072830038	643
3057.81961754162	644
3056.29360161595	645
3052.57327799288	646
3048.7773866552	647
3054.6073483438	648
3035.64285268073	649
3059.19982881662	650
3072.87746792148	651
3053.53493819517	652
3076.38755622201	653
3019.1678895783	654
3066.06564883007	655
3024.01000030667	656
3055.87797081011	657
3042.19545147052	658
3076.93705735451	659
3058.97201773248	660
3091.25565360389	661
3065.17710520363	662
3051.83882396535	663
3038.77546738243	664
3045.84355203315	665
3076.56058752081	666
3062.96265953117	667
3059.88572307427	668
3048.4347817968	669
3057.03087574902	670
3071.01039774122	671
3041.48016357044	672
3072.98790607163	673
3058.20124428092	674
3059.08728619001	675
3039.26022725053	676
3051.78696598446	677
3062.67566934661	678
3062.03134791771	679
3084.22327745857	680
3078.10051415916	681
3070.70528891146	682
3041.22527607534	683
3082.13138349919	684
3056.87179925741	685
3055.4278082488	686
3053.07579227691	687
3066.80689141424	688
3060.88183452612	689
3084.82023772894	690
3060.6649981756	691
3075.79811588879	692
3037.56479529488	693
3052.84107275307	694
3078.61717012242	695
3056.66741614699	696
3066.50695912988	697
3051.8585144852	698
3074.54651454683	699
3103.78426429024	700
3046.24052428584	701
3058.62966116983	702
3054.60257057135	703
3068.75176853451	704
3060.85437166606	705
3058.87755595726	706
3064.93761978962	707
3033.81447077718	708
3054.18056697878	709
3069.78412022128	710
3063.72715352277	711
3054.98884190154	712
3078.31197787822	713
3059.36319961852	714
3050.17693698215	715
3058.70034608058	716
3085.72630945023	717
3050.34940052521	718
3054.85756039015	719
3073.58884784024	720
3064.28190681559	721
3038.28347943438	722
3040.50701318637	723
3051.88606827658	724
3047.3536557432	725
3064.45692072029	726
3062.09039337191	727
3070.04646086178	728
3046.70495434208	729
3070.70663749855	730
3071.72993266411	731
3042.52348635936	732
3077.72492015935	733
3046.920659426	734
3069.78758140846	735
3072.66286055988	736
3064.18475714755	737
3068.34956662979	738
3057.8030668269	739
3050.65737325331	740
3051.74695709994	741
3086.99601685648	742
3096.72653074546	743
3049.60667755922	744
3081.65562593839	745
3038.4070363772	746
3061.84520493156	747
3081.99190699453	748
3050.4832755237	749
3064.70692574994	750
3055.41360770253	751
3073.37403691575	752
3065.77952944864	753
3058.74149609165	754
3059.33385739242	755
3063.44395153425	756
3061.6351599832	757
3056.47801676922	758
3094.62662263016	759
3039.38208513705	760
3058.53117017525	761
3072.84283348325	762
3070.63954178831	763
3058.74936054726	764
3064.21754967396	765
3057.58800996895	766
3048.4732335422	767
3050.5803540889	768
3057.32264209022	769
3054.67900725864	770
3069.64952485502	771
3058.87596180574	772
3073.12398798196	773
3040.55385430294	774
3066.58234437787	775
3066.32097627723	776
3064.09689389118	777
3076.56160115943	778
3060.16377703604	779
3086.87213430368	780
3057.12428239456	781
3060.37497167417	782
3062.37389281287	783
3062.44479744303	784
3067.53304201135	785
3017.14265441896	786
3074.31185252206	787
3065.94079231512	788
3073.87378465712	789
3038.30144722211	790
3062.44604365955	791
3058.7533715576	792
3036.11531816115	793
3054.0269055558	794
3029.1354655359	795
3057.14652965078	796
3072.80138268357	797
3062.10625502843	798
3072.12998579649	799
3088.67726767696	800
3092.60825839875	801
3046.08011057441	802
3076.04430100571	803
3034.94059428561	804
3054.49400111779	805
3059.06256040195	806
3059.20314942789	807
3069.89971664726	808
3054.54653213092	809
3059.09668372838	810
3078.90327034496	811
3052.66236434492	812
3040.12040660448	813
3072.6770826728	814
3066.91298934149	815
3055.52367279157	816
3072.28746448505	817
3064.89054272857	818
3050.27536562672	819
3059.57297804298	820
3051.7688626192	821
3048.46122043028	822
3031.82378385525	823
3034.21824158161	824
3047.12246463894	825
3070.10895320155	826
3075.51294826939	827
3053.10933786098	828
3056.96689065021	829
3058.78236950876	830
3065.57106692714	831
3068.21542549434	832
3063.87138854954	833
3079.35098924759	834
3062.18953985062	835
3084.64653329428	836
3076.00849770655	837
3077.12872649088	838
3065.60736984184	839
3075.04379584657	840
3057.75743703551	841
3039.4554891682	842
3044.47240966482	843
3052.37774973905	844
3063.39022398259	845
3061.87432725116	846
3080.33730385293	847
3083.03035006595	848
3073.21056201505	849
3061.89657692252	850
3064.36403154143	851
3087.91277208821	852
3097.20111134545	853
3047.96562441945	854
3055.32074018457	855
3051.31298846825	856
3082.22408047511	857
3055.67693334537	858
3093.24478379496	859
3078.54805727218	860
3070.47604092729	861
3074.05751593463	862
3085.65520524107	863
3059.7931146871	864
3050.63398645453	865
3048.05488773508	866
3039.33293306032	867
3032.10200864491	868
3028.90553449356	869
3082.41880609105	870
3045.40648036205	871
3071.8797776066	872
3089.73393088399	873
3064.05462001891	874
3039.8073197522	875
3069.02949291533	876
3050.31223425558	877
3035.22580583393	878
3086.94501843186	879
3085.81675484155	880
3085.39533544922	881
3102.73324744857	882
3093.46920246403	883
3074.31761574114	884
3058.52984010038	885
3059.24538825316	886
3074.97639884308	887
3061.54779742909	888
3053.17553510452	889
3068.69532868392	890
3066.76532059178	891
3046.64806599102	892
3075.99810358363	893
3060.70303072494	894
3041.07706836474	895
3061.58773902572	896
3072.45168309888	897
3044.53429057273	898
3098.11734552753	899
3048.15958117061	900
3076.10810574563	901
3057.75698696841	902
3058.58548404541	903
3047.28557468671	904
3052.75529923122	905
3066.85195458298	906
3056.78177043598	907
3072.49932076399	908
3054.91427369345	909
3065.97722804901	910
3054.52037770618	911
3075.71592737131	912
3069.55520499094	913
3065.42098426008	914
3069.21018829423	915
3071.73736547907	916
3077.5725117489	917
3058.7752395686	918
3057.9647376253	919
3054.51102033239	920
3075.08762575421	921
3051.29381914354	922
3104.63089212006	923
3072.41121790386	924
3030.03861461557	925
3059.94001711058	926
3043.80627790872	927
3059.67275895966	928
3076.41222739994	929
3068.81854267303	930
3078.96971801916	931
3072.38426544726	932
3079.49470105891	933
3065.64366180919	934
3045.68152368446	935
3044.75249225773	936
3039.45741260872	937
3046.79662702882	938
3068.1310302882	939
3055.49362486469	940
3080.77062812945	941
3061.9052734789	942
3051.96358897116	943
3058.82572433663	944
3041.38759596497	945
3073.10329580265	946
3054.54744623746	947
3073.63791214658	948
3070.29502053742	949
3060.53048874612	950
3070.56784539892	951
3041.74125833384	952
3051.10318142485	953
3066.3232740629	954
3049.71569706904	955
3075.32409527659	956
3065.97519029498	957
3054.37761620341	958
3042.6565313753	959
3065.30638646723	960
3089.11109232714	961
3069.54234440675	962
3050.17090632546	963
3107.95309814902	964
3073.95996236036	965
3056.52774204389	966
3054.67602823315	967
3082.60972871068	968
3048.82855702896	969
3094.44357485881	970
3044.51458408952	971
3068.3689941781	972
3065.42695743594	973
3097.83875940942	974
3038.68978388995	975
3086.51803799016	976
3079.77589973411	977
3077.57183346423	978
3054.04128236021	979
3051.87636377317	980
3040.94020163938	981
3018.83529913862	982
3047.24286883877	983
3046.88984218361	984
3071.77896417408	985
3065.15863505167	986
3070.83872365436	987
3106.03939994541	988
3084.43708545322	989
3064.15217107108	990
3085.73389793717	991
3032.36882710809	992
3051.22594871821	993
3072.15340160668	994
3087.38327749171	995
3044.27693390278	996
3068.30828175886	997
3053.21983989214	998
3077.7057606205	999
3045.53035027191	1000
3055.20675626043	1001
3080.58605782932	1002
3078.98714308827	1003
3072.35433987111	1004
3040.16976458428	1005
3059.15864430133	1006
3079.86097406161	1007
3061.74914108781	1008
3055.52419737675	1009
3059.084737042	1010
3088.50663400366	1011
3068.69092108603	1012
3062.25205530462	1013
3048.33160755892	1014
3052.51776204082	1015
3075.6303531956	1016
3056.01466656913	1017
3049.14741038784	1018
3073.78476667558	1019
3063.43558458679	1020
3052.23062704042	1021
3089.08029147282	1022
3067.88075225511	1023
3102.11390218074	1024
3035.48216744233	1025
3053.15591441566	1026
3085.70097109349	1027
3072.27364640919	1028
3078.2795790877	1029
3084.03990190999	1030
3033.47848439398	1031
3040.23887952562	1032
3072.99457474787	1033
3041.43742368363	1034
3051.43724280134	1035
3049.93759097424	1036
3042.85823263444	1037
3071.47940254282	1038
3054.29813104248	1039
3051.88411065621	1040
3073.71319354996	1041
3037.77836337225	1042
3072.21562082783	1043
3061.87601072234	1044
3084.1156277544	1045
3053.17462365513	1046
3065.72618994124	1047
3068.2695944919	1048
3053.44642361833	1049
3057.47588784604	1050
3100.64697847457	1051
3036.26830887964	1052
3062.8513489017	1053
3051.64547969203	1054
3055.58086440665	1055
3078.24868789521	1056
3055.05660561134	1057
3059.82042570858	1058
3084.71201353252	1059
3047.97355306045	1060
3098.4305349595	1061
3050.68007699719	1062
3061.88210679374	1063
3068.83373606532	1064
3057.08878660992	1065
3066.63304337068	1066
3106.96992697723	1067
3082.50929470033	1068
3049.45824500806	1069
3038.42269614167	1070
3062.59407976802	1071
3064.43186171239	1072
3029.18114675414	1073
3058.90770986016	1074
3023.74793075044	1075
3090.94828764976	1076
3059.37639046372	1077
3022.44916196114	1078
3072.15797773524	1079
3063.40109031018	1080
3072.52479680958	1081
3063.53931775284	1082
3047.43245119499	1083
3073.20951610068	1084
3025.15090569139	1085
3062.72630191889	1086
3071.35666768059	1087
3082.88341634486	1088
3080.1619873847	1089
3052.71468917785	1090
3071.60283160631	1091
3066.02109381316	1092
3065.18106322152	1093
3050.82099495103	1094
3050.89875375782	1095
3050.76689040463	1096
3048.99838873928	1097
3076.70105228134	1098
3061.17753752014	1099
3075.53314856661	1100
3080.43259705639	1101
3073.50971460307	1102
3030.54250259655	1103
3064.74285937462	1104
3079.09241872392	1105
3050.3367551875	1106
3051.28138139621	1107
3076.34654698534	1108
3059.4247228332	1109
3096.32488617897	1110
3027.00873181714	1111
3064.40481067665	1112
3055.80746026848	1113
3066.00439971007	1114
3052.96493256466	1115
3075.93322919491	1116
3076.80953217699	1117
3087.41430413577	1118
3057.72733538947	1119
3089.812055174	1120
3074.45965908301	1121
3057.99023440462	1122
3045.32770089132	1123
3091.55104935368	1124
3069.2121934415	1125
3098.60179991151	1126
3041.68640979092	1127
3041.62067209496	1128
3084.97479522082	1129
3052.47296089387	1130
3081.43417354782	1131
3074.96156835172	1132
3070.87927646937	1133
3061.44126616065	1134
3085.63221915333	1135
3044.31204100042	1136
3051.08048437216	1137
3052.64624600859	1138
3064.04509874938	1139
3073.11008523647	1140
3065.56723042179	1141
3050.47256300885	1142
3073.53598341372	1143
3067.87339941395	1144
3059.75939190504	1145
3067.80539067212	1146
3053.46462972678	1147
3096.33701305391	1148
3094.93785198713	1149
3079.71820947094	1150
3054.54893587257	1151
3073.40963775094	1152
3075.67892058654	1153
3059.77293023857	1154
3078.9064498436	1155
3090.89092035292	1156
3053.10853812264	1157
3063.75077336958	1158
3059.41803808842	1159
3067.53287636274	1160
3077.9227619355	1161
3055.09605050118	1162
3055.61975092561	1163
3082.63292795202	1164
3064.75108401374	1165
3075.02831340544	1166
3076.45383652717	1167
3061.95690509299	1168
3062.43391446588	1169
3059.16382104481	1170
3045.3279664259	1171
3077.17809015302	1172
3057.00973730858	1173
3068.36208118651	1174
3036.68966571505	1175
3077.68950799127	1176
3056.61729003979	1177
3080.94426595999	1178
3052.08717413529	1179
3076.34803243126	1180
3054.71364040722	1181
3066.35521074969	1182
3092.38238065569	1183
3061.04591370935	1184
3066.13384743898	1185
3080.94390704013	1186
3049.05214232529	1187
3062.14843773375	1188
3041.05365867591	1189
3073.00035527409	1190
3052.97232703891	1191
3068.88651376376	1192
3042.01411303021	1193
3062.43036538208	1194
3049.23847791822	1195
3070.64952250939	1196
3056.70972708816	1197
3041.1286705911	1198
3056.30366810121	1199
3051.84948301662	1200
3068.13183606836	1201
3058.28752977766	1202
3085.62639579197	1203
3046.62654484458	1204
3067.6710809279	1205
3066.58155837568	1206
3090.5133905379	1207
3073.27971545122	1208
3059.21954137861	1209
3036.24916297413	1210
3053.19138361849	1211
3044.8319116252	1212
3055.88804028668	1213
3045.23515225329	1214
3062.77083962696	1215
3048.81109055977	1216
3075.13143691822	1217
3054.21241098774	1218
3056.35642520316	1219
3050.46941461326	1220
3045.95846618651	1221
3075.76887013243	1222
3074.85418947244	1223
3060.53767423533	1224
3075.02348385602	1225
3082.78318626398	1226
3064.51589279624	1227
3046.84679194739	1228
3050.25630624701	1229
3064.61250905528	1230
3063.50135747086	1231
3097.40852814003	1232
3079.51340245755	1233
3066.49684692545	1234
3073.48995030888	1235
3070.39934450189	1236
3047.41666909548	1237
3071.56058065247	1238
3073.21606091029	1239
3088.3518606009	1240
3040.62817650903	1241
3075.73462670299	1242
3066.83885333399	1243
3067.50674732368	1244
3081.22254594468	1245
3044.34244549942	1246
3061.23025674661	1247
3081.87987044809	1248
3046.67009608007	1249
3068.65259924467	1250
3058.45397635399	1251
3065.78350623548	1252
3085.54572159963	1253
3079.4416377134	1254
3075.19563081983	1255
3083.08620251213	1256
3057.09789417325	1257
3084.40494173038	1258
3071.66955817261	1259
3046.8228063633	1260
3052.53550071957	1261
3057.00732076668	1262
3094.79721254518	1263
3066.75130930258	1264
3057.932856909	1265
3068.13323398856	1266
3084.09111841771	1267
3066.56889121196	1268
3069.460543518	1269
3059.4902445905	1270
3076.33510729233	1271
3066.07791991893	1272
3072.75194797144	1273
3037.36085327436	1274
3069.31023015795	1275
3071.68111207299	1276
3049.19460708813	1277
3101.04258720638	1278
3066.72508295749	1279
3074.9779558995	1280
3066.97410017385	1281
3062.96746414647	1282
3058.17247440624	1283
3063.74391316997	1284
3053.87365059576	1285
3047.8863173874	1286
3045.55054385134	1287
3082.05611457116	1288
3062.3693929483	1289
3042.48179170911	1290
3082.6823769087	1291
3062.49617049995	1292
3100.38051987091	1293
3051.89360600972	1294
3057.31301221057	1295
3069.46838438037	1296
3033.66237004094	1297
3079.14030223737	1298
3051.38798586766	1299
3055.6990014936	1300
3061.99943638344	1301
3087.07114459097	1302
3071.43904276234	1303
3049.12449438085	1304
3060.27507357124	1305
3034.49333420187	1306
3032.81345996274	1307
3067.42584826751	1308
3064.28491200549	1309
3086.23776685612	1310
3055.8502103711	1311
3067.69481910245	1312
3066.44117834706	1313
3039.01738840401	1314
3066.68893758964	1315
3060.62450523998	1316
3080.75556968027	1317
3088.79329889683	1318
3042.44003152226	1319
3060.86553806552	1320
3060.26230490061	1321
3074.84192166425	1322
3089.5725619836	1323
3064.47122142327	1324
3057.42619081003	1325
3042.36696716382	1326
3048.066876442	1327
3092.65362691958	1328
3103.08077837635	1329
3066.31082905906	1330
3052.35301609219	1331
3053.96661967909	1332
3054.66404449889	1333
3050.20702252604	1334
3051.71905327738	1335
3066.37005758569	1336
3046.54702372787	1337
3072.98953664787	1338
3080.65540348163	1339
3047.74745447103	1340
3077.32960175588	1341
3079.86035642953	1342
3069.20217417857	1343
3059.50841884957	1344
3056.93762356943	1345
3061.98180440553	1346
3059.96852155765	1347
3051.87370604983	1348
3063.67327859345	1349
3068.11720689234	1350
3069.59149523787	1351
3066.32747790043	1352
3097.29117150834	1353
3076.63334275207	1354
3058.56392882124	1355
3066.40028764668	1356
3061.9519740879	1357
3045.65338095961	1358
3080.04729847049	1359
3041.7935080884	1360
3046.64165183772	1361
3077.81524158169	1362
3074.06761029557	1363
3068.75561261699	1364
3088.6037675338	1365
3104.36819887578	1366
3052.62249287755	1367
3080.29950137099	1368
3064.33850006411	1369
3078.37083647561	1370
3064.15504364999	1371
3063.13008314906	1372
3084.10671774813	1373
3046.56764529924	1374
3069.40751469579	1375
3065.84384250858	1376
3063.12355787174	1377
3059.19162039132	1378
3071.06518789809	1379
3071.77049827474	1380
3076.04332000181	1381
3057.60769384831	1382
3049.4708209024	1383
3035.12817115178	1384
3068.62747313151	1385
3048.69016972148	1386
3052.17917992886	1387
3044.30805105704	1388
3062.93344901289	1389
3046.04657221922	1390
3066.39699875869	1391
3064.70450823648	1392
3082.28602350689	1393
3069.78287799442	1394
3101.54692096469	1395
3060.37929727099	1396
3070.43880741195	1397
3060.9263953865	1398
3076.43645931419	1399
3049.77564359486	1400
3090.67130655584	1401
3070.08593361788	1402
3062.7492407438	1403
3051.29180562497	1404
3071.420770404	1405
3052.97950847984	1406
3038.12026718855	1407
3062.58461407068	1408
3060.81726828509	1409
3034.00282084737	1410
3076.25126957377	1411
3075.34551197803	1412
3058.71213049512	1413
3030.03171918085	1414
3074.36090681937	1415
3074.16512300488	1416
3071.92509743328	1417
3065.18826087111	1418
3061.53212672596	1419
3075.09290818697	1420
3048.66513941359	1421
3055.30242277367	1422
3086.26814803513	1423
3064.45787993172	1424
3070.98276019625	1425
3081.15837007967	1426
3057.8406913722	1427
3071.73940177514	1428
3057.74184952727	1429
3051.41379875521	1430
3035.96651841487	1431
3083.54382357648	1432
3061.56644822861	1433
3056.19864280659	1434
3014.95342661885	1435
3041.48684423192	1436
3049.96697794082	1437
3051.18685967001	1438
3056.78207293341	1439
3090.37178194517	1440
3071.21500778131	1441
3069.34101610354	1442
3055.03370341495	1443
3068.26497621577	1444
3026.13913700596	1445
3044.26682763713	1446
3053.79306375344	1447
3053.3277959675	1448
3064.26107442607	1449
3075.57099495777	1450
3071.8042945427	1451
3070.3539494318	1452
3075.90903699786	1453
3075.65756331179	1454
3068.4717918401	1455
3034.67864570418	1456
3076.03707586138	1457
3065.49454739595	1458
3070.03997816398	1459
3049.32183640649	1460
3050.45691213746	1461
3030.82656341734	1462
3039.6009427776	1463
3064.06515028224	1464
3055.24163573214	1465
3058.11060841088	1466
3066.4086341629	1467
3068.88731495114	1468
3083.14767581841	1469
3042.62228926717	1470
3067.14606070311	1471
3059.22206425591	1472
3063.6331906277	1473
3063.17505452479	1474
3091.17994841156	1475
3067.26135589127	1476
3047.9052414815	1477
3051.19941877665	1478
3045.11843414571	1479
3069.05321827386	1480
3070.90538935537	1481
3087.79998788592	1482
3049.67188279201	1483
3066.0371735094	1484
3082.11832009137	1485
3050.6250990596	1486
3064.92934851218	1487
3065.94065897074	1488
3059.96850533108	1489
3042.2826209363	1490
3063.72457080052	1491
3061.97148078655	1492
3052.63977338319	1493
3063.75768886238	1494
3030.19747721944	1495
3047.46756214882	1496
3059.17290708112	1497
3063.74561824945	1498
3111.51519585033	1499
3074.65490702938	1500
3035.91985835103	1501
3053.88723200665	1502
3092.84153494703	1503
3013.76249542701	1504
3052.09172720027	1505
3067.55944391037	1506
3072.83318890513	1507
3079.66263021256	1508
3053.18167885336	1509
3047.92606806495	1510
3054.54126137796	1511
3064.65660839419	1512
3045.72932841905	1513
3078.39981838574	1514
3060.80783545063	1515
3069.03878337766	1516
3061.89899822763	1517
3027.91479241718	1518
3069.65103351206	1519
3055.52317617866	1520
3046.53212698381	1521
3034.15313322432	1522
3067.67143169098	1523
3053.48597678181	1524
3066.64283694054	1525
3075.31100891795	1526
3057.55482473293	1527
3062.63710649474	1528
3067.28846777415	1529
3070.71214152938	1530
3051.66111844678	1531
3068.64598141596	1532
3058.53120545297	1533
3061.26606682402	1534
3052.26562711366	1535
3065.30383596866	1536
3101.31272758481	1537
3058.20330258454	1538
3089.989106561	1539
3076.32832138324	1540
3073.91741590725	1541
3035.23666707844	1542
3064.32298722978	1543
3053.06585728031	1544
3062.18449837959	1545
3065.28947250288	1546
3055.91767056863	1547
3043.24121137449	1548
3105.12807292858	1549
3071.32934714006	1550
3063.13887272473	1551
3062.27693501542	1552
3065.09383362249	1553
3044.33171832974	1554
3027.3347867804	1555
3065.08261753706	1556
3073.17857699897	1557
3076.85263571682	1558
3076.42568984652	1559
3087.23035924062	1560
3062.26777993809	1561
3052.70575461922	1562
3042.83238153498	1563
3043.70827077525	1564
3055.63556983164	1565
3053.86317768714	1566
3056.73912187076	1567
3054.80072605189	1568
3074.5956398401	1569
3079.96908134697	1570
3064.6337500826	1571
3069.38880556168	1572
3068.87904335044	1573
3059.36520846087	1574
3048.88529508193	1575
3043.5550197856	1576
3045.39475111898	1577
3071.44312813784	1578
3045.91648510782	1579
3084.99251389161	1580
3068.16908746492	1581
3071.05796318347	1582
3039.19384684171	1583
3084.63712917649	1584
3085.66915833763	1585
3076.7874933169	1586
3045.90171172083	1587
3057.86681671845	1588
3053.42229253928	1589
3046.08803391777	1590
3040.89170310095	1591
3066.96861084422	1592
3064.33943635887	1593
3059.73514255388	1594
3047.25824794036	1595
3073.48405911804	1596
3076.98592596729	1597
3062.47200918522	1598
3048.78493002018	1599
3048.189117963	1600
3042.30294043418	1601
3047.66704709094	1602
3055.56270149681	1603
3065.70715888617	1604
3055.45823086096	1605
3074.51053133537	1606
3053.57917038484	1607
3058.4881732596	1608
3065.64389868761	1609
3067.03914365022	1610
3066.45635398522	1611
3059.24331755263	1612
3047.54047955966	1613
3057.49392778627	1614
3091.21846533779	1615
3075.62787495323	1616
3058.36592836264	1617
3048.48294503661	1618
3072.02051444197	1619
3052.27989795389	1620
3042.65740384608	1621
3068.6221181126	1622
3074.11998948112	1623
3067.38182364333	1624
3058.51776299348	1625
3071.57605346864	1626
3033.57564000592	1627
3093.52910870819	1628
3059.24966495188	1629
3049.56484212937	1630
3078.3044929722	1631
3036.53400735033	1632
3082.31065610652	1633
3061.42937585862	1634
3037.97144035541	1635
3046.64452252618	1636
3072.07667549081	1637
3085.7539502132	1638
3075.80253576143	1639
3059.75790510597	1640
3060.19425988398	1641
3079.01103999701	1642
3064.03024242754	1643
3077.71744017234	1644
3039.89271876472	1645
3101.79461113481	1646
3080.12135838258	1647
3060.19745424845	1648
3089.9274798027	1649
3058.72323000759	1650
3057.74300231108	1651
3061.24984456275	1652
3068.56084948341	1653
3059.8524464215	1654
3058.75891356415	1655
3059.29852598442	1656
3069.99710628918	1657
3063.15739420601	1658
3073.29728705884	1659
3038.78127030193	1660
3024.40611835583	1661
3076.48873456558	1662
3051.25648894275	1663
3042.11276730277	1664
3071.44596355485	1665
3047.0414512586	1666
3074.61698478106	1667
3060.17528130909	1668
3051.45728395975	1669
3040.45520947681	1670
3065.81999660358	1671
3062.45051660187	1672
3071.63987368831	1673
3066.64523620713	1674
3056.43577340142	1675
3071.30990727733	1676
3074.02739443799	1677
3044.26701055351	1678
3086.14504523955	1679
3073.21966749915	1680
3069.76798292718	1681
3053.75012268116	1682
3075.89127318882	1683
3084.38018274797	1684
3069.85994852366	1685
3072.65890710935	1686
3070.80961827074	1687
3063.75143688073	1688
3048.35271719683	1689
3050.42026229508	1690
3053.03762286681	1691
3080.16532017396	1692
3051.84818325719	1693
3063.68516079997	1694
3107.15412377392	1695
3088.64033662573	1696
3079.73755734516	1697
3071.92449905938	1698
3067.4787599536	1699
3056.90978845149	1700
3060.07839885171	1701
3076.62432276582	1702
3051.63062146376	1703
3048.66838836419	1704
3090.04784843336	1705
3070.03911601599	1706
3058.41133147825	1707
3034.84112930807	1708
3044.61137697909	1709
3087.93776823251	1710
3074.21441109632	1711
3051.65995244842	1712
3061.91615967428	1713
3077.52592292391	1714
3070.78099861586	1715
3068.39410256597	1716
3066.23730058486	1717
3059.53153775149	1718
3038.80618517057	1719
3069.24541335904	1720
3053.01781162561	1721
3062.02497597398	1722
3062.19935389773	1723
3059.81450399894	1724
3035.33111046052	1725
3076.03287348654	1726
3064.53221121816	1727
3057.97395320168	1728
3032.00766967808	1729
3074.70629940506	1730
3044.76421071587	1731
3071.58403209634	1732
3047.8501063609	1733
3067.16712068581	1734
3048.10472643648	1735
3067.58447697738	1736
3056.11312162494	1737
3053.16720297818	1738
3048.79353792709	1739
3057.86467602553	1740
3074.95290057657	1741
3057.12555833165	1742
3081.25185146215	1743
3060.16994500286	1744
3076.85181717336	1745
3052.91469983674	1746
3069.33025792711	1747
3093.75575192977	1748
3063.71761811105	1749
3074.29935968003	1750
3059.4023094463	1751
3069.10447930593	1752
3096.13663110536	1753
3096.26336842236	1754
3059.84120895125	1755
3046.33266138495	1756
3085.73452180298	1757
3061.19392361321	1758
3062.07055372029	1759
3062.31543124844	1760
3039.56635382898	1761
3054.71766732586	1762
3021.49722962698	1763
3063.7039368331	1764
3063.63979184254	1765
3038.35107849397	1766
3067.59277651389	1767
3054.13098197325	1768
3066.11663715123	1769
3053.58882894929	1770
3071.44499275347	1771
3042.77691519296	1772
3039.80342872107	1773
3058.3632968465	1774
3059.4056646436	1775
3065.72148364035	1776
3085.46833826449	1777
3085.36361813916	1778
3078.84490437811	1779
3069.03788594264	1780
3043.93864669154	1781
3048.11729201153	1782
3078.48240191998	1783
3068.4902004548	1784
3025.12156086094	1785
3056.24947828554	1786
3072.8665302541	1787
3053.079002015	1788
3039.78508765254	1789
3072.33107931932	1790
3058.65416654799	1791
3086.54224214524	1792
3064.40397362618	1793
3045.56775253263	1794
3063.63186857843	1795
3046.46362288194	1796
3051.0184671847	1797
3082.591698316	1798
3059.19899520472	1799
3063.16320864282	1800
3047.04393010148	1801
3082.60184660631	1802
3059.91709474214	1803
3057.41134976593	1804
3024.51310529138	1805
3040.9427258938	1806
3089.30867243749	1807
3064.7568106957	1808
3061.72756155479	1809
3055.90352709593	1810
3085.82874384219	1811
3065.11766355805	1812
3081.15134471227	1813
3062.47030944744	1814
3054.01636557645	1815
3058.61172060567	1816
3063.37688189987	1817
3069.14666699322	1818
3071.2241297181	1819
3065.07621475471	1820
3076.26012399631	1821
3051.86530623485	1822
3058.53454390738	1823
3115.77778622645	1824
3071.04104248336	1825
3057.36676635389	1826
3068.08169092886	1827
3020.57900864956	1828
3043.08604225403	1829
3098.83049630568	1830
3063.54829461064	1831
3077.86744475719	1832
3075.50251635538	1833
3074.84024088115	1834
3089.00229207113	1835
3072.45074475729	1836
3065.43386730779	1837
3057.79727386983	1838
3080.47842694487	1839
3077.14303751336	1840
3081.96279131355	1841
3082.6330157319	1842
3054.60410316531	1843
3049.98210151434	1844
3064.74961757573	1845
3052.67471958002	1846
3049.52713382416	1847
3078.5759456244	1848
3050.58033522312	1849
3059.49112991838	1850
3085.79968913548	1851
3063.64455095397	1852
3074.4544999739	1853
3052.78954754772	1854
3038.33076373108	1855
3050.39315727241	1856
3059.03992528737	1857
3090.94949582714	1858
3039.31054508414	1859
3038.01037730109	1860
3082.95368359092	1861
3055.83792382545	1862
3049.44790065638	1863
3052.91515842836	1864
3037.10371123925	1865
3063.2887537923	1866
3071.22475223383	1867
3039.94460601446	1868
3053.31656408122	1869
3056.6194928947	1870
3069.28887992983	1871
3076.35394852222	1872
3083.72558082119	1873
3053.1582928285	1874
3083.01062719165	1875
3061.45167276728	1876
3065.45264415081	1877
3052.35706709565	1878
3050.17864954363	1879
3056.04112615188	1880
3072.41388918177	1881
3064.26196550794	1882
3069.33666092705	1883
3067.7415519319	1884
3055.92100222815	1885
3066.84339712917	1886
3045.73321475742	1887
3085.44899175352	1888
3063.74427537867	1889
3049.84251195145	1890
3046.73476047314	1891
3064.70499859062	1892
3079.80400964674	1893
3065.1735768322	1894
3087.36812406487	1895
3091.2898320297	1896
3058.32468796218	1897
3082.20620979456	1898
3064.46981443103	1899
3052.18480423827	1900
3038.89548249908	1901
3085.34917742428	1902
3059.84920803432	1903
3106.4120307515	1904
3050.21730026333	1905
3029.88144720799	1906
3093.60349590626	1907
3065.28375903103	1908
3036.70950387074	1909
3033.9420431762	1910
3079.1898351663	1911
3051.40909717908	1912
3070.2733822514	1913
3092.89475527136	1914
3086.92529997721	1915
3076.94743231043	1916
3063.97380912962	1917
3043.4511376207	1918
3040.04661911626	1919
3032.55505763901	1920
3070.70258968431	1921
3071.4128275327	1922
3041.28190058656	1923
3041.76973485395	1924
3055.76009065438	1925
3076.38796501766	1926
3058.87156331221	1927
3045.38150640286	1928
3063.10558801003	1929
3060.96745170247	1930
3054.45333875181	1931
3002.53556681799	1932
3054.39081037206	1933
3055.6714618298	1934
3060.11149533953	1935
3075.06116518096	1936
3067.83734733045	1937
3062.97704211019	1938
3103.88288680921	1939
3061.27021971866	1940
3076.87169855899	1941
3082.12853759932	1942
3060.65272334718	1943
3076.61035644024	1944
3090.0923519828	1945
3078.99225470781	1946
3057.59166173704	1947
3088.16052111196	1948
3056.80005589357	1949
3043.83050221096	1950
3056.04181633318	1951
3067.26150722878	1952
3043.58245184239	1953
3069.20311846389	1954
3053.01250216811	1955
3089.89507028514	1956
3077.96002744508	1957
3054.02092665656	1958
3048.66154781628	1959
3043.69409053029	1960
3055.01951203265	1961
3076.34206805996	1962
3061.85513366364	1963
3066.39256338183	1964
3059.97611115364	1965
3072.91585794103	1966
3034.95704028469	1967
3051.99023751998	1968
3052.18322375395	1969
3072.81156153937	1970
3066.43007423506	1971
3071.18421985413	1972
3059.74311375084	1973
3045.73301759775	1974
3095.64198680729	1975
3061.96585893627	1976
3058.97474732092	1977
3044.94929654846	1978
3055.11221807728	1979
3057.97585117176	1980
3090.81621285366	1981
3077.04942569066	1982
3044.68435487923	1983
3048.638485165	1984
3079.58851468971	1985
3056.31025558241	1986
3068.80731631537	1987
3060.11082633429	1988
3080.57732671261	1989
3064.02640434008	1990
3030.52394471414	1991
3060.00945753344	1992
3066.45901517241	1993
3050.69037565847	1994
3049.48078708679	1995
3052.04708004249	1996
3035.89570927702	1997
3063.98203646653	1998
3072.83424534351	1999
3062.63695751499	2000
3071.12824068245	2001
3049.97616329838	2002
3054.60873926351	2003
3062.18895431504	2004
3053.76538636121	2005
3042.9526026733	2006
3084.33026074255	2007
3091.7028764255	2008
3077.17876494137	2009
3065.86157033177	2010
3075.65643253661	2011
3044.86132883281	2012
3071.79564815435	2013
3069.71600987582	2014
3039.80906506233	2015
3061.41646849568	2016
3066.20264370665	2017
3047.69145031632	2018
3064.19166656877	2019
3042.6522066088	2020
3062.71495583188	2021
3092.87986068709	2022
3055.92264140871	2023
3020.25818869582	2024
3030.60761758878	2025
3052.98425444921	2026
3070.06793724786	2027
3098.71287099189	2028
3052.30576096494	2029
3063.4037201438	2030
3039.93749429975	2031
3076.34098483477	2032
3049.97365045425	2033
3083.49246383029	2034
3062.68518259157	2035
3101.4804671706	2036
3086.69809265565	2037
3043.91039410974	2038
3068.55563842886	2039
3080.13803707859	2040
3055.66452228489	2041
3058.16636780307	2042
3053.51299015805	2043
3086.48729808921	2044
3042.56857760792	2045
3077.81817725937	2046
3036.15421881334	2047
3052.21777023947	2048
3062.27812243118	2049
3054.01224010232	2050
3060.53001701976	2051
3062.63058473928	2052
3040.31388376219	2053
3050.94681389425	2054
3053.47250253866	2055
3067.10918164776	2056
3083.40391176525	2057
3075.16712660911	2058
3070.0010358286	2059
3066.71629140394	2060
3066.91361348753	2061
3075.43346678729	2062
3050.17567204634	2063
3069.86074031019	2064
3063.62588061156	2065
3058.89948163867	2066
3086.88324116803	2067
3078.93097182737	2068
3078.95799756248	2069
3041.44630735127	2070
3054.61430990897	2071
3042.42112897351	2072
3075.20459268792	2073
3058.18004062328	2074
3031.48750475181	2075
3055.63870078583	2076
3041.45267764457	2077
3064.84251234642	2078
3087.0688740257	2079
3082.84725321253	2080
3088.9405485074	2081
3057.49883554839	2082
3070.40608469535	2083
3082.4583527213	2084
3054.22679508866	2085
3058.99993561237	2086
3060.36191199829	2087
3080.51808385289	2088
3074.72133278256	2089
3076.04714091447	2090
3061.3154407996	2091
3040.23265568321	2092
3062.35902362474	2093
3068.98364439601	2094
3076.23734390651	2095
3062.91709294099	2096
3057.12671323263	2097
3053.17364591971	2098
3054.61579498497	2099
3068.51411415133	2100
3064.82124292332	2101
3058.57042296369	2102
3056.70848864089	2103
3072.89401755403	2104
3052.2828504396	2105
3078.59957418611	2106
3040.9320139138	2107
3037.97742443193	2108
3071.55603858549	2109
3051.11527598252	2110
3072.81729128729	2111
3072.6084654324	2112
3073.55638779783	2113
3049.59202339926	2114
3059.06013713198	2115
3070.8170572036	2116
3061.95137356322	2117
3041.44794463356	2118
3049.74468286281	2119
3052.53520145523	2120
3055.10379417632	2121
3055.33970367062	2122
3039.32661657391	2123
3076.2061526194	2124
3093.65515701754	2125
3087.39894209892	2126
3051.34198011471	2127
3050.1994975396	2128
3039.62744428072	2129
3093.32936830096	2130
3038.74157787986	2131
3084.69767408886	2132
3089.16995701187	2133
3059.71482312599	2134
3044.29780796832	2135
3048.69523634993	2136
3068.77936981623	2137
3039.96525755224	2138
3065.95333307824	2139
3051.153232595	2140
3038.30790799431	2141
3070.14858195248	2142
3055.25584037988	2143
3059.02045605881	2144
3050.61648620287	2145
3052.96422603562	2146
3054.63403119898	2147
3050.15061513119	2148
3067.56902578438	2149
3049.84308124454	2150
3060.8625663304	2151
3074.01787681658	2152
3083.27699972466	2153
3063.42510021146	2154
3060.93604201722	2155
3094.98003259782	2156
3060.98010630794	2157
3066.11822973328	2158
3091.59977886858	2159
3077.04342812108	2160
3061.64771638077	2161
3035.15191504999	2162
3053.4427817743	2163
3054.63830618055	2164
3070.73275493002	2165
3082.53463677882	2166
3050.77336766815	2167
3072.78391301479	2168
3039.99604594679	2169
3072.32791377336	2170
3063.15992920278	2171
3042.95497702748	2172
3069.07101048024	2173
3057.8263998121	2174
3066.28027254187	2175
3086.72295283867	2176
3054.40010605534	2177
3076.76825592147	2178
3037.54188782328	2179
3070.5167790827	2180
3076.8990757782	2181
3070.48536618368	2182
3081.12043354424	2183
3061.89807600163	2184
3077.39303080385	2185
3078.32698622759	2186
3053.84413816513	2187
3079.13652147253	2188
3076.01048542866	2189
3050.41724773749	2190
3086.90280247352	2191
3038.48005979316	2192
3056.33227623341	2193
3047.00471594423	2194
3066.6619539356	2195
3049.16197670573	2196
3070.58759691612	2197
3034.93160485778	2198
3046.00718052653	2199
3076.33396079882	2200
3076.48477369716	2201
3068.14280621067	2202
3023.73823672402	2203
3069.24175507926	2204
3091.66277935957	2205
3075.93141733079	2206
3072.88956725114	2207
3086.98890124516	2208
3064.48968281271	2209
3059.40963398543	2210
3062.0153534778	2211
3060.1226433727	2212
3032.14805104027	2213
3091.02133357539	2214
3061.77135449457	2215
3053.42438823087	2216
3071.45386634953	2217
3049.30031383989	2218
3045.48469532109	2219
3061.8804754461	2220
3072.63512453624	2221
3050.81593789608	2222
3072.45448342162	2223
3067.76725925792	2224
3025.41991854344	2225
3066.05898446455	2226
3056.53926556028	2227
3073.33354800959	2228
3069.25805346364	2229
3083.68403040288	2230
3069.86651677613	2231
3055.92053375397	2232
3061.83502957454	2233
3085.86348340227	2234
3026.9607373471	2235
3077.71262879467	2236
3067.05213534836	2237
3087.00516762861	2238
3067.00897263597	2239
3050.04438803271	2240
3076.14536279513	2241
3082.92757994915	2242
3075.59680737307	2243
3071.68914844032	2244
3079.02367807153	2245
3068.64607971561	2246
3082.26022181934	2247
3043.49692621334	2248
3053.46042087323	2249
3060.26644884668	2250
3076.15513142561	2251
3089.97385129637	2252
3069.97823367719	2253
3050.41256389615	2254
3066.68319816807	2255
3047.20853265762	2256
3061.01985104215	2257
3075.2688894906	2258
3071.75967647211	2259
3068.45924702366	2260
3081.77855071904	2261
3042.11582421906	2262
3048.04513777965	2263
3047.05853343389	2264
3048.59633651813	2265
3063.19770699695	2266
3081.61378476654	2267
3046.93432550039	2268
3073.36639738009	2269
3101.2251877006	2270
3045.94994389869	2271
3052.68024752204	2272
3068.27743126315	2273
3069.51069425048	2274
3082.39447977719	2275
3054.86549658644	2276
3039.84364837572	2277
3052.53068758177	2278
3033.5091252375	2279
3075.68758160175	2280
3072.96784376124	2281
3061.18250809331	2282
3064.025464141	2283
3065.61732314139	2284
3071.42881936825	2285
3073.78221012914	2286
3033.88601275327	2287
3087.97567683992	2288
3074.72013070004	2289
3049.2321425283	2290
3063.54396749466	2291
3057.50536557641	2292
3077.99096424108	2293
3070.25663257885	2294
3074.07802161969	2295
3064.32194823419	2296
3067.93804468984	2297
3064.84081774798	2298
3045.67737507455	2299
3076.17880436238	2300
3058.87575305845	2301
3068.07959239673	2302
3057.45518352222	2303
3039.5824211031	2304
3079.21592518557	2305
3043.21700664937	2306
3072.7733354418	2307
3049.3697014108	2308
3062.8242078936	2309
3070.09807841186	2310
3056.95013171639	2311
3056.1604640375	2312
3077.80489495844	2313
3093.72581259521	2314
3056.90584190313	2315
3057.44757832182	2316
3044.26535176477	2317
3084.73229116703	2318
3051.29958873034	2319
3062.40051386809	2320
3037.78853186223	2321
3064.97244256864	2322
3072.27916208553	2323
3054.30613541408	2324
3078.07647036998	2325
3081.30481820543	2326
3057.46310399171	2327
3063.01704268735	2328
3077.2811720753	2329
3046.36951016687	2330
3061.74209092839	2331
3040.58515980403	2332
3051.09537689797	2333
3049.43722110218	2334
3060.42271983999	2335
3074.03110485691	2336
3074.1752225575	2337
3069.74961622444	2338
3044.08688849993	2339
3073.29323840448	2340
3063.77730103459	2341
3077.2520014766	2342
3050.4914444095	2343
3050.27906445503	2344
3037.51766352743	2345
3089.15112583354	2346
3098.6217330437	2347
3034.72119656181	2348
3048.36012785039	2349
3032.62033593142	2350
3069.33957814687	2351
3029.68788520327	2352
3074.91832581367	2353
3037.43642056737	2354
3041.51212443703	2355
3068.60073838204	2356
3025.59151869512	2357
3084.7301976215	2358
3077.40913473804	2359
3035.30814201948	2360
3078.17906566957	2361
3081.21326543479	2362
3057.50647457964	2363
3071.28187515754	2364
3068.77288892449	2365
3062.34453224938	2366
3085.36830796307	2367
3042.2963977533	2368
3048.83138932327	2369
3057.10701311147	2370
3050.4406156543	2371
3055.42323153588	2372
3047.64221455178	2373
3068.74066873543	2374
3059.83798928985	2375
3076.9299576965	2376
3032.88958543363	2377
3069.73813134538	2378
3084.36599918837	2379
3068.41875184336	2380
3052.57098898489	2381
3064.54588563114	2382
3045.13559169836	2383
3051.33571470056	2384
3089.06307710897	2385
3082.51608610714	2386
3072.97293567849	2387
3072.686002003	2388
3076.41146205728	2389
3081.6861286059	2390
3075.96112626195	2391
3074.14068277083	2392
3059.62456505603	2393
3051.77440066967	2394
3023.79155906318	2395
3088.05437167038	2396
3060.95670799332	2397
3055.56864811133	2398
3044.51741782134	2399
3064.67645772745	2400
3081.23957957155	2401
3055.62492070127	2402
3042.97714066475	2403
3050.45974528519	2404
3068.29587695074	2405
3029.46810357084	2406
3050.76920775931	2407
3069.23079500251	2408
3073.08010470151	2409
3059.28371284931	2410
3053.539109328	2411
3056.06666525324	2412
3058.66353009975	2413
3036.35206005341	2414
3085.68900232081	2415
3058.68735641183	2416
3085.51768382556	2417
3089.33227647938	2418
3050.91216979146	2419
3032.79205126118	2420
3052.53559386439	2421
3065.46828185291	2422
3061.35112305837	2423
3060.52020293611	2424
3078.51339563334	2425
3045.33558598067	2426
3070.96382942782	2427
3050.10860234065	2428
3056.50560162713	2429
3037.08033050714	2430
3050.41273937986	2431
3048.81956878702	2432
3043.12829479856	2433
3040.88739710049	2434
3071.90512136633	2435
3086.7017989072	2436
3053.80013398164	2437
3081.862553893	2438
3089.77409121383	2439
3067.87163285741	2440
3056.1149685823	2441
3044.95042487614	2442
3085.0536802226	2443
3056.2341436201	2444
3072.65888595964	2445
3039.52141735924	2446
3077.51642832781	2447
3075.47209893374	2448
3038.43037923404	2449
3085.93291824081	2450
3069.34995686303	2451
3082.49741297074	2452
3043.32220164174	2453
3070.16478658549	2454
3056.24566038601	2455
3083.64783249019	2456
3077.41578157463	2457
3046.50186458531	2458
3062.8303756926	2459
3071.73510247621	2460
3058.77644675774	2461
3045.20746485383	2462
3040.31730933618	2463
3044.61509276404	2464
3064.49742789495	2465
3071.80139956711	2466
3042.2716121448	2467
3071.6345714615	2468
3072.46019510958	2469
3058.8449756748	2470
3072.42167161504	2471
3052.82500157936	2472
3059.32988058904	2473
3051.57977288557	2474
3048.18973967647	2475
3084.22598267288	2476
3084.36578775691	2477
3047.71940587603	2478
3062.39583458139	2479
3082.279245391	2480
3066.59036703562	2481
3056.78422923271	2482
3070.9273834922	2483
3068.66710173637	2484
3038.27311954588	2485
3073.24813628083	2486
3063.77646709982	2487
3037.2041072512	2488
3078.43069115677	2489
3066.33869767558	2490
3062.10634220167	2491
3057.67485631961	2492
3060.48218362381	2493
3066.2957829744	2494
3076.81415835871	2495
3041.20899027208	2496
3033.16296525925	2497
3057.73172272907	2498
3041.97259493785	2499
3051.14673533088	2500
3050.68191657472	2501
3064.0030456293	2502
3072.22700133567	2503
3048.14058304084	2504
3046.72493250693	2505
3040.99475630126	2506
3074.79726148113	2507
3077.86506200111	2508
3057.73673647052	2509
3056.47201147695	2510
3061.49990036169	2511
3045.79074827503	2512
3047.05950863744	2513
3053.9730200489	2514
3079.01588999555	2515
3056.45679021989	2516
3052.25657852998	2517
3061.99199044424	2518
3051.71620816161	2519
3061.47833935412	2520
3074.5222627814	2521
3036.32954220956	2522
3042.79881563111	2523
3068.01304642191	2524
3044.12243092797	2525
3046.21204122277	2526
3070.95940128322	2527
3084.29776880327	2528
3040.62768487717	2529
3047.88474694582	2530
3031.58220124784	2531
3058.91105331634	2532
3055.43304444699	2533
3095.38660681784	2534
3059.62001022116	2535
3066.3197846877	2536
3055.0702490072	2537
3065.64119147467	2538
3054.8937767299	2539
3043.36707503555	2540
3071.39727423758	2541
3083.24727371191	2542
3047.51915048418	2543
3076.12224628323	2544
3053.85279252142	2545
3069.07181061043	2546
3080.13218648933	2547
3049.27078217903	2548
3075.06370865044	2549
3109.30543513769	2550
3030.93456995935	2551
3060.79389735266	2552
3052.11797406143	2553
3088.60331734506	2554
3054.06771953644	2555
3052.87153771156	2556
3053.62301484731	2557
3038.78783700215	2558
3058.6992370032	2559
3056.34212627058	2560
3070.43717661282	2561
3071.24373491963	2562
3091.59791165833	2563
3069.00105365303	2564
3078.03681095926	2565
3067.69923154981	2566
3055.92091855463	2567
3081.0200723587	2568
3065.94929585057	2569
3085.37390404605	2570
3049.10566962681	2571
3040.91203500515	2572
3041.35384325892	2573
3075.72829837326	2574
3052.36150333676	2575
3071.56810650362	2576
3038.61697852491	2577
3048.95104238	2578
3059.27088410426	2579
3062.42414034832	2580
3037.31813208089	2581
3082.80474286562	2582
3065.15746355173	2583
3086.37754266592	2584
3044.70476873452	2585
3066.40865313718	2586
3100.02117711886	2587
3063.80824788751	2588
3058.07909729458	2589
3061.41735871989	2590
3098.95351004975	2591
3050.61204076321	2592
3039.54611816096	2593
3062.2250587981	2594
3081.84556440263	2595
3053.04003100888	2596
3082.33910885731	2597
3066.51835010497	2598
3066.4385778932	2599
3082.36013925819	2600
3074.03724287212	2601
3042.08128410261	2602
3048.01993746948	2603
3078.20633143444	2604
3099.65994276623	2605
3049.25102878576	2606
3066.86097348893	2607
3076.38788979933	2608
3061.91863633032	2609
3076.20850419752	2610
3076.56281160098	2611
3075.02098919443	2612
3067.74749301723	2613
3061.14234925822	2614
3077.76136729952	2615
3069.98696539523	2616
3067.48620519545	2617
3062.1880129667	2618
3075.77319517692	2619
3039.09509432903	2620
3054.018218104	2621
3064.28992222425	2622
3058.49429757226	2623
3032.30396476138	2624
3046.43798390777	2625
3066.685194916	2626
3027.40260165571	2627
3045.13009873855	2628
3043.85450488255	2629
3088.49759649178	2630
3051.66393091569	2631
3065.78965203559	2632
3044.66873166268	2633
3060.77218883591	2634
3057.59346301968	2635
3060.08393916367	2636
3031.61513421634	2637
3075.86349852787	2638
3069.30071809588	2639
3053.53203010968	2640
3062.11233737653	2641
3060.81856190752	2642
3051.32737458232	2643
3058.10829452012	2644
3059.92929207088	2645
3043.17200264676	2646
3052.47877789709	2647
3082.09571602318	2648
3080.92972595532	2649
3068.6409052086	2650
3081.30122339788	2651
3062.12382343876	2652
3075.34919799601	2653
3065.65289036194	2654
3080.99285580088	2655
3035.28118351803	2656
3087.10388962736	2657
3049.35074644262	2658
3076.71668565249	2659
3057.99354938989	2660
3049.50633158375	2661
3062.66585216158	2662
3050.98250452605	2663
3064.65421728851	2664
3060.97420015042	2665
3054.35050051481	2666
3074.20018652294	2667
3070.68591437586	2668
3063.72287231874	2669
3093.75752794652	2670
3072.40260028921	2671
3071.04357431424	2672
3073.34017607199	2673
3055.83148253784	2674
3085.77337567484	2675
3076.55653964482	2676
3088.46570687687	2677
3086.60646748277	2678
3042.42599169107	2679
3095.26737652515	2680
3051.936536116	2681
3070.45533545814	2682
3044.65936425327	2683
3041.41908958724	2684
3047.8250124518	2685
3036.35032219793	2686
3060.06790787159	2687
3069.05855619279	2688
3037.33797035137	2689
3113.49311680952	2690
3069.08233545364	2691
3077.09743085552	2692
3081.86360791777	2693
3068.34784615126	2694
3087.81691793299	2695
3092.55430409245	2696
3096.80258462998	2697
3037.5099830054	2698
3060.77725181486	2699
3043.77598443922	2700
3056.16938774778	2701
3067.41393376196	2702
3081.41014604216	2703
3071.31792777027	2704
3075.36565002009	2705
3081.37529113863	2706
3042.15241844011	2707
3072.4889590117	2708
3090.5491403343	2709
3062.27665324802	2710
3050.51751797801	2711
3076.90753901962	2712
3061.10630564339	2713
3064.46318829526	2714
3067.91898268691	2715
3088.27672469128	2716
3056.50799959275	2717
3039.9493312011	2718
3032.7661709917	2719
3058.18750055695	2720
3077.79089440013	2721
3082.25019482764	2722
3064.11295433884	2723
3032.89874932299	2724
3060.47627277018	2725
3086.8095796202	2726
3068.44711266455	2727
3069.70295330924	2728
3071.26594307811	2729
3090.81622360218	2730
3085.07611466116	2731
3053.26930991463	2732
3059.27696702116	2733
3068.27341050818	2734
3027.21972546439	2735
3062.99023392175	2736
3061.50350959185	2737
3036.69756352927	2738
3070.75914716091	2739
3056.49377182428	2740
3070.57901380533	2741
3043.35466406742	2742
3046.18951287782	2743
3087.62735635433	2744
3051.51733502849	2745
3074.59548002225	2746
3039.44631936764	2747
3063.63069785046	2748
3057.78991030743	2749
3042.88114244087	2750
3053.5786246628	2751
3063.0452601515	2752
3055.60112335648	2753
3070.35246623378	2754
3053.05868705901	2755
3065.36783419806	2756
3073.85918141722	2757
3063.7554412343	2758
3055.7736451925	2759
3068.47808155175	2760
3073.68037495033	2761
3049.71554341684	2762
3060.64063617784	2763
3021.3036415857	2764
3060.88462771921	2765
3074.35721175179	2766
3057.00970768443	2767
3074.37962150694	2768
3060.76606037518	2769
3043.47777033719	2770
3052.06627563761	2771
3063.18588375784	2772
3066.73225294349	2773
3056.53116541969	2774
3079.57600921917	2775
3055.97625049713	2776
3062.7995870965	2777
3066.56144399182	2778
3046.67967211915	2779
3049.00692863832	2780
3070.26275006402	2781
3055.76452946582	2782
3067.49304911477	2783
3065.95066056466	2784
3064.11416465896	2785
3070.01123815875	2786
3064.217185819	2787
3062.10468181524	2788
3067.53535801925	2789
3032.65798129924	2790
3077.50326560989	2791
3063.88245418711	2792
3090.16446562832	2793
3081.70946505443	2794
3068.51622528956	2795
3085.06945256354	2796
3065.83881685917	2797
3078.30106980469	2798
3039.58164111341	2799
3080.61256097044	2800
3039.50731096148	2801
3061.10092223247	2802
3043.63900552786	2803
3079.97323490568	2804
3059.55464053307	2805
3045.96400194598	2806
3061.22542799053	2807
3040.12332158988	2808
3074.143507584	2809
3081.81825739549	2810
3046.13825962933	2811
3063.87487303923	2812
3057.75470571029	2813
3065.06494874418	2814
3071.01330411889	2815
3065.05664133007	2816
3077.8796316833	2817
3059.17491747225	2818
3068.1104899225	2819
3053.75950113907	2820
3087.89322358367	2821
3051.69387765667	2822
3046.5030110375	2823
3102.63742884218	2824
3063.07101966922	2825
3052.74804418861	2826
3068.93384215136	2827
3052.53385685513	2828
3049.12485381612	2829
3070.71732663983	2830
3076.21074902544	2831
3065.02273823445	2832
3067.32254970109	2833
3044.77334553439	2834
3066.57742335312	2835
3048.63351459152	2836
3063.67980013738	2837
3057.80569433699	2838
3073.04721816385	2839
3083.84816069298	2840
3086.3812488264	2841
3055.1097292481	2842
3072.46450094287	2843
3041.20047706301	2844
3047.63467708385	2845
3061.69115200217	2846
3062.77425729171	2847
3054.55881676054	2848
3054.71699539223	2849
3061.33281828701	2850
3053.68491954198	2851
3043.28963972633	2852
3066.01408029323	2853
3070.38684553645	2854
3046.68193647141	2855
3056.414018995	2856
3056.64964015176	2857
3069.1591900829	2858
3078.24228320859	2859
3059.1377826435	2860
3047.50736057398	2861
3081.67070249945	2862
3031.51078728626	2863
3072.36167300116	2864
3053.53730866222	2865
3041.39272588427	2866
3077.56133059512	2867
3046.64451920154	2868
3063.41065042412	2869
3096.55465408433	2870
3075.05805085081	2871
3068.707185073	2872
3046.35317512253	2873
3054.08024160071	2874
3057.69895745026	2875
3038.66686746311	2876
3064.06401758123	2877
3058.63440158702	2878
3058.9139449409	2879
3053.18383998717	2880
3070.78769998315	2881
3084.75012107099	2882
3065.09500596001	2883
3075.79368273129	2884
3082.36244252356	2885
3036.84095945905	2886
3065.36661811961	2887
3074.46249200772	2888
3091.59811565771	2889
3065.17054764552	2890
3057.19260903415	2891
3061.98386731076	2892
3096.1349822966	2893
3058.88397163728	2894
3055.26628978807	2895
3082.14076138869	2896
3068.18295618018	2897
3060.18485144432	2898
3058.79512305167	2899
3051.70883834691	2900
3046.39890944232	2901
3076.12258111565	2902
3052.7510127207	2903
3049.5026278381	2904
3064.2138359225	2905
3071.52890702972	2906
3074.28921147461	2907
3064.08916744688	2908
3093.90015663886	2909
3060.67010444225	2910
3068.26411053939	2911
3069.63521079124	2912
3085.10191857877	2913
3080.42751439224	2914
3078.34542067936	2915
3073.34667230679	2916
3046.53233035275	2917
3058.3957396574	2918
3063.85018836393	2919
3050.46478727871	2920
3070.55710417155	2921
3083.39219432112	2922
3024.60726012262	2923
3049.87648427238	2924
3059.29371321599	2925
3082.16034106433	2926
3060.89567130724	2927
3063.6044491385	2928
3033.39126504377	2929
3084.32792878091	2930
3087.18417174158	2931
3078.12923333247	2932
3057.17657627438	2933
3063.12842669117	2934
3061.53990195469	2935
3075.75840593951	2936
3054.87195352943	2937
3065.43886654452	2938
3058.22356257846	2939
3065.48750809388	2940
3046.12024250989	2941
3025.01688554096	2942
3078.43366165138	2943
3064.06037034382	2944
3064.48363603192	2945
3058.88518165216	2946
3048.59644941962	2947
3070.4312441546	2948
3066.84148088176	2949
3079.29313365926	2950
3058.67932352529	2951
3064.4415660287	2952
3074.84564354498	2953
3036.34139266417	2954
3074.87209382883	2955
3049.3020373079	2956
3081.05734722652	2957
3033.87544369011	2958
3056.56768558233	2959
3042.13324338391	2960
3063.44101067714	2961
3079.29544818389	2962
3049.83897182385	2963
3050.51807246991	2964
3048.08640407454	2965
3118.51106810208	2966
3045.72281240887	2967
3080.12841818039	2968
3037.61854060993	2969
3111.26539316009	2970
3075.10329673314	2971
3053.88497890339	2972
3040.07525176985	2973
3042.52401402156	2974
3064.2257037113	2975
3071.87402319614	2976
3045.39510429766	2977
3051.84002393535	2978
3035.9400153823	2979
3043.62920355727	2980
3064.29269297495	2981
3079.03058904088	2982
3090.73328871119	2983
3099.56142185333	2984
3052.09892906784	2985
3058.54431421736	2986
3065.17405411851	2987
3069.2453976225	2988
3078.95124833698	2989
3073.17046612124	2990
3063.36758069565	2991
3061.34294377097	2992
3046.22595509951	2993
3049.77164504605	2994
3044.75957230626	2995
3044.03272626542	2996
3025.11001640952	2997
3070.38370059458	2998
3028.18471384703	2999
3062.90156326567	3000
3073.58361358915	3001
3050.9728645353	3002
3057.60507536498	3003
3063.79882976694	3004
3064.07562163702	3005
3045.55272290065	3006
3039.78230185651	3007
3051.18550810462	3008
3071.33894571906	3009
3056.07089948737	3010
3092.82038981612	3011
3039.85790679009	3012
3073.10666885073	3013
3057.81581115006	3014
3071.39189364561	3015
3067.9182230394	3016
3083.48443486683	3017
3075.53148924566	3018
3085.33145905809	3019
3063.08654906946	3020
3076.36307164859	3021
3038.63660340215	3022
3044.42805810142	3023
3054.0900269932	3024
3053.41250094634	3025
3067.15534390069	3026
3070.45012880766	3027
3065.33445556745	3028
3071.29531206174	3029
3053.65362455101	3030
3084.76984352982	3031
3097.71132300101	3032
3079.68939587669	3033
3080.1508449161	3034
3079.84919196497	3035
3066.22159230534	3036
3038.96664823983	3037
3078.06491253772	3038
3090.2179739619	3039
3064.84366091823	3040
3068.3216247558	3041
3060.07568650043	3042
3072.31490775084	3043
3045.10256730478	3044
3042.22883301116	3045
3046.18127806255	3046
3070.32006955552	3047
3054.08808249821	3048
3068.59613032291	3049
3038.00913047628	3050
3058.68181387717	3051
3081.21358456032	3052
3072.24652622986	3053
3064.18079048581	3054
3063.0468896533	3055
3058.36508126032	3056
3080.78499782697	3057
3060.51278763688	3058
3058.72239496193	3059
3072.65931820977	3060
3065.79124658756	3061
3045.95461464711	3062
3070.4505446411	3063
3072.81159737123	3064
3084.19994056373	3065
3083.24119747336	3066
3049.59112410199	3067
3078.94875154207	3068
3068.07713062547	3069
3061.58944702505	3070
3060.36915097493	3071
3066.942050379	3072
3042.47154150908	3073
3045.22122741107	3074
3068.41151587287	3075
3074.00295094194	3076
3074.90333985038	3077
3082.41458960654	3078
3029.34498187029	3079
3040.63500009228	3080
3038.45297627413	3081
3031.4588490326	3082
3056.04620440824	3083
3076.17110947399	3084
3053.61955733709	3085
3068.77270948704	3086
3058.33945308595	3087
3014.41372008714	3088
3091.08585099419	3089
3046.47118295603	3090
3051.04461203729	3091
3076.69243648954	3092
3085.70773393994	3093
3069.35308010514	3094
3061.65161061008	3095
3063.40846770646	3096
3061.7969105387	3097
3069.9866309409	3098
3032.2979906635	3099
3066.8603233926	3100
3066.46102103401	3101
3025.77322180513	3102
3069.020345277	3103
3058.46038480248	3104
3074.45257564991	3105
3058.33056313857	3106
3052.51406008871	3107
3060.32315455991	3108
3075.18570159107	3109
3073.86254337204	3110
3036.85935865959	3111
3058.83774245005	3112
3086.41971212636	3113
3051.79521822841	3114
3033.55680568205	3115
3059.61600748003	3116
3051.98129302859	3117
3055.68142209381	3118
3063.71961447748	3119
3087.22736020121	3120
3042.56626727535	3121
3062.70712428675	3122
3057.99240235262	3123
3045.8458232198	3124
3073.94757573563	3125
3049.90925877699	3126
3033.40703533367	3127
3098.49588939757	3128
3062.40322015718	3129
3058.18963566236	3130
3067.72068268337	3131
3065.79700766496	3132
3054.29414198695	3133
3059.20078330911	3134
3031.12769845678	3135
3071.80786779296	3136
3060.88074122721	3137
3089.73240382353	3138
3061.82568965728	3139
3080.24415043004	3140
3065.46060577892	3141
3074.79325741122	3142
3066.96032973126	3143
3037.51320911473	3144
3069.20000545983	3145
3081.1717544139	3146
3080.87173786179	3147
3091.30336992383	3148
3076.63912381192	3149
3072.13151612426	3150
3035.09133128302	3151
3072.94632327903	3152
3059.07618169512	3153
3061.4821623979	3154
3034.85484960612	3155
3073.10988468232	3156
3062.05226241708	3157
3071.25320111829	3158
3071.19674420304	3159
3061.82315777583	3160
3108.99031913023	3161
3073.77884117368	3162
3069.69213585947	3163
3024.75353664467	3164
3063.05576699259	3165
3096.53249998999	3166
3013.18014596133	3167
3064.94265284565	3168
3070.88105914471	3169
3065.55207210228	3170
3066.87244365167	3171
3095.6989001443	3172
3042.9209051793	3173
3105.09574161154	3174
3052.65689691794	3175
3064.73346289526	3176
3049.65999087938	3177
3053.74884781453	3178
3045.69029662067	3179
3076.70703921805	3180
3060.48278314585	3181
3060.35340299131	3182
3075.40689217665	3183
3042.23185888598	3184
3080.86139195242	3185
3056.22219121361	3186
3048.66654221714	3187
3089.58766163792	3188
3067.49486491756	3189
3054.39360716934	3190
3050.42742342986	3191
3056.32363264494	3192
3046.56603788876	3193
3083.95901890888	3194
3084.00249010222	3195
3057.16276488181	3196
3061.72010942808	3197
3038.21072643647	3198
3085.35610341868	3199
3055.96646150312	3200
3066.27026874762	3201
3050.32373765495	3202
3032.0265065256	3203
3036.76386635115	3204
3065.704188749	3205
3082.77362339429	3206
3060.04681257996	3207
3068.65862384319	3208
3041.0974691831	3209
3067.54989158073	3210
3054.07327855433	3211
3053.66556641354	3212
3089.44330696808	3213
3071.63740699099	3214
3081.51769582656	3215
3058.76580240034	3216
3080.54082549207	3217
3056.96523298841	3218
3050.71012112651	3219
3080.45855304978	3220
3040.34468790777	3221
3051.10252431453	3222
3045.22908226944	3223
3073.82049765271	3224
3075.02042519683	3225
3071.59758410449	3226
3054.28958785952	3227
3053.45468434582	3228
3047.53934192788	3229
3060.94790777862	3230
3080.85256194361	3231
3036.09781307076	3232
3057.42564975048	3233
3081.53149606729	3234
3072.82178069227	3235
3083.91045187141	3236
3070.87735061736	3237
3086.29449130298	3238
3073.26265007199	3239
3070.79591589173	3240
3048.93776529459	3241
3035.89729888374	3242
3044.07644883361	3243
3074.67350671418	3244
3068.17349665021	3245
3050.31720002107	3246
3062.88600921182	3247
3082.97711614044	3248
3055.46297191951	3249
3069.15592672934	3250
3086.12985125833	3251
3065.45711553619	3252
3065.29123396351	3253
3074.8216432436	3254
3054.39388524163	3255
3079.39667712939	3256
3051.29387815822	3257
3072.59082376861	3258
3067.16057367856	3259
3089.15676897827	3260
3078.49823933675	3261
3067.01888734172	3262
3045.16781491058	3263
3067.96408788483	3264
3069.80156857795	3265
3073.97621323995	3266
3076.37075074353	3267
3051.35635885005	3268
3044.26429396919	3269
3066.46788778081	3270
3066.94487678493	3271
3085.63077704767	3272
3076.0513960347	3273
3043.69714450363	3274
3070.90867889403	3275
3078.79916427058	3276
3068.79598723159	3277
3084.48977683686	3278
3092.20285310925	3279
3044.10896081364	3280
3070.5841244375	3281
3086.97555272864	3282
3050.37028671652	3283
3055.32871570208	3284
3060.67918895037	3285
3054.22257531143	3286
3071.38623720528	3287
3068.96511654827	3288
3056.40555592893	3289
3043.1898414166	3290
3073.68470481878	3291
3093.64219965694	3292
3061.47763925944	3293
3088.43962045881	3294
3093.37507614237	3295
3071.45406629776	3296
3067.44432612867	3297
3049.63057947643	3298
3066.76286247185	3299
3022.14091244987	3300
3101.79935230701	3301
3038.32906992876	3302
3070.45128663198	3303
3075.03149968719	3304
3078.60218728367	3305
3056.49602761783	3306
3098.63864360387	3307
3050.84114998871	3308
3064.51000003686	3309
3060.64667689479	3310
3050.61470954793	3311
3072.88713776557	3312
3061.88274029171	3313
3055.21112519475	3314
3059.25694155566	3315
3079.45390721861	3316
3067.06378999451	3317
3055.99715777035	3318
3050.78186291232	3319
3042.89417297178	3320
3037.19292292074	3321
3049.85649975892	3322
3070.53331331016	3323
3056.70465410762	3324
3049.50753947855	3325
3082.34531381569	3326
3098.04842076484	3327
3044.70357639465	3328
3054.95582545125	3329
3074.35347925579	3330
3058.68226944584	3331
3077.28480399467	3332
3037.50686334416	3333
3054.32137160677	3334
3077.54643344496	3335
3059.79762352723	3336
3053.09875752955	3337
3059.4653551367	3338
3057.22619069417	3339
3055.09342338112	3340
3070.80323696853	3341
3066.03904464625	3342
3082.83364912648	3343
3073.32519379954	3344
3079.80467171535	3345
3053.45691968583	3346
3054.33816767706	3347
3048.73494478917	3348
3039.74823927463	3349
3076.51355243015	3350
3073.27201055824	3351
3052.24567203019	3352
3071.49472305029	3353
3059.10163967336	3354
3074.18693236744	3355
3042.03735481412	3356
3094.39702861172	3357
3048.51929287974	3358
3067.28936601179	3359
3048.25632804188	3360
3057.03122217408	3361
3066.84398088349	3362
3060.07355024817	3363
3073.59484313269	3364
3037.79324790074	3365
3086.47560824365	3366
3068.65888431815	3367
3061.11097659641	3368
3067.37521916408	3369
3072.05084420352	3370
3058.92808099855	3371
3068.28142425517	3372
3069.94616314107	3373
3062.60308293927	3374
3049.89676458192	3375
3057.88978483663	3376
3069.92375258432	3377
3056.72090746736	3378
3051.45185717028	3379
3053.76308797292	3380
3072.19330283795	3381
3052.06783513631	3382
3056.65102667609	3383
3047.7680370874	3384
3039.05268986332	3385
3090.53719584361	3386
3067.97948184053	3387
3057.19245596327	3388
3050.28036485968	3389
3060.00666081031	3390
3057.6194652591	3391
3038.96706082082	3392
3064.55913787043	3393
3061.70303725511	3394
3065.9296198217	3395
3057.6934275716	3396
3066.24095486212	3397
3062.73683030924	3398
3050.12040538657	3399
3052.51461919954	3400
3082.47139866617	3401
3066.47849972308	3402
3058.9006446251	3403
3036.99935732815	3404
3072.73838526607	3405
3063.49249382858	3406
3054.56270612085	3407
3056.56921437245	3408
3069.52707094961	3409
3073.09769286411	3410
3075.87262884505	3411
3071.0339717901	3412
3051.82360819153	3413
3063.36764781813	3414
3056.43697886633	3415
3034.57407725224	3416
3074.82237936457	3417
3067.53702626621	3418
3065.28483904859	3419
3079.63603335527	3420
3054.58753275216	3421
3058.80046288224	3422
3064.5839670981	3423
3048.83585699944	3424
3057.62687204374	3425
3080.21891894946	3426
3058.45978772792	3427
3081.93501924691	3428
3082.86695976484	3429
3078.40374369152	3430
3019.62301500345	3431
3087.37670735531	3432
3088.85142191354	3433
3067.48926143363	3434
3064.82240885854	3435
3047.0066992217	3436
3093.31746399008	3437
3046.88119927482	3438
3053.49218176605	3439
3084.6205405719	3440
3079.8522084349	3441
3053.82545904875	3442
3070.6811161463	3443
3076.74191083665	3444
3051.00340572855	3445
3077.02684638497	3446
3038.25662654031	3447
3062.69081739658	3448
3066.06003347672	3449
3066.85038111816	3450
3077.98204875993	3451
3081.5767633721	3452
3046.98259188225	3453
3056.47102203993	3454
3054.43445156504	3455
3057.54089143637	3456
3076.66537128175	3457
3073.5967226558	3458
3067.67834870244	3459
3069.32595214258	3460
3068.93010166392	3461
3049.29596184645	3462
3042.14520130662	3463
3069.76660504443	3464
3064.93118398736	3465
3035.97561144378	3466
3064.94595901213	3467
3044.72673000521	3468
3045.47897035168	3469
3055.44446821987	3470
3063.33370853551	3471
3058.03215697448	3472
3048.65117914117	3473
3098.48153269106	3474
3066.60213488515	3475
3059.87728379499	3476
3064.02911091416	3477
3094.07760215434	3478
3055.42288787625	3479
3052.13985612259	3480
3070.33913434214	3481
3074.31187898365	3482
3057.95801544448	3483
3058.76080435544	3484
3064.10074221745	3485
3044.4521072509	3486
3042.78286426582	3487
3078.28098630029	3488
3058.48930139801	3489
3063.04408904889	3490
3061.63020294514	3491
3050.18011963791	3492
3068.66524650488	3493
3039.13875926517	3494
3048.79573370372	3495
3062.92062157574	3496
3062.97074785128	3497
3059.39239249595	3498
3060.31653451098	3499
3076.99415292372	3500
3052.97367690231	3501
3078.61088306139	3502
3072.14116164374	3503
3043.83232175094	3504
3052.09655707538	3505
3037.61851469446	3506
3059.87162940843	3507
3083.37540343155	3508
3081.94268171883	3509
3062.05119830457	3510
3076.99038377721	3511
3073.15988530526	3512
3060.48484812086	3513
3066.99549886224	3514
3073.01632973967	3515
3064.11254874039	3516
3054.9755824263	3517
3058.70071078777	3518
3079.62981049462	3519
3066.34991867975	3520
3059.97724107582	3521
3072.05921106258	3522
3062.02480744439	3523
3086.06208906718	3524
3073.4713603571	3525
3085.5771243334	3526
3064.96550066717	3527
3089.80970467693	3528
3080.20135178116	3529
3074.91133732295	3530
3055.77501071005	3531
3045.58986751495	3532
3076.40472207423	3533
3081.78263830453	3534
3059.76440817602	3535
3067.87130005198	3536
3079.35812026631	3537
3076.46375977869	3538
3057.59078849743	3539
3079.12282070825	3540
3042.74400196201	3541
3071.46802301898	3542
3041.70502032379	3543
3039.60809645554	3544
3052.40945756999	3545
3081.02116644293	3546
3057.23388727294	3547
3066.01035209058	3548
3053.62742590704	3549
3036.95792113891	3550
3065.57549406925	3551
3064.98022927288	3552
3055.88532887416	3553
3044.51834635722	3554
3073.85380068417	3555
3054.24303366689	3556
3061.37474645599	3557
3081.22041672765	3558
3052.15961610731	3559
3061.54571797401	3560
3045.98592593551	3561
3085.1774860623	3562
3054.27428315371	3563
3079.27484975504	3564
3057.8952443461	3565
3092.35248649351	3566
3086.85588560563	3567
3103.8525713214	3568
3076.96687997384	3569
3048.30589430841	3570
3041.67099565606	3571
3059.92885086931	3572
3074.7029558302	3573
3035.76680103381	3574
3055.61812676572	3575
3059.40870179197	3576
3078.72796211977	3577
3058.67836732426	3578
3070.04111678263	3579
3054.07708662428	3580
3052.48999868532	3581
3059.01637332026	3582
3079.7170884004	3583
3065.80243343703	3584
3059.98589941873	3585
3053.28772852144	3586
3046.13352499554	3587
3069.689709089	3588
3035.98503767165	3589
3061.11429149033	3590
3060.07770357776	3591
3038.74977321478	3592
3084.70045251639	3593
3045.25326466944	3594
3106.72671238144	3595
3048.42727463389	3596
3032.68685592482	3597
3076.93818713155	3598
3045.96806100969	3599
3049.32909923624	3600
3087.51820984251	3601
3083.42204484412	3602
3058.03381499695	3603
3054.706322101	3604
3067.74786289065	3605
3042.99971521836	3606
3065.40540921947	3607
3079.20435707308	3608
3036.28889299487	3609
3045.98630253998	3610
3046.57076573592	3611
3072.11497490135	3612
3097.66943025208	3613
3044.74345588502	3614
3052.12304629105	3615
3092.63348562358	3616
3071.58170669124	3617
3039.25693214259	3618
3063.62729818582	3619
3044.58822216807	3620
3059.13450162597	3621
3079.74819961029	3622
3073.47475491123	3623
3060.23925404654	3624
3057.9989581621	3625
3063.34176694152	3626
3048.36988151777	3627
3054.903386476	3628
3078.69794862628	3629
3061.21919085021	3630
3056.68348784101	3631
3094.07272499585	3632
3054.19831183212	3633
3038.69316530915	3634
3064.17007006046	3635
3047.83425278024	3636
3041.21421835814	3637
3062.52442576864	3638
3051.02334292393	3639
3094.5983847938	3640
3056.8240548246	3641
3083.19411343713	3642
3090.54518670289	3643
3058.99252358183	3644
3062.00228067851	3645
3089.42065522998	3646
3056.96844018939	3647
3036.69173472344	3648
3097.81881165039	3649
3066.71777668559	3650
3056.98447595992	3651
3061.3829596257	3652
3038.24682972827	3653
3087.14714847994	3654
3043.43748220869	3655
3086.23423507174	3656
3062.42091509717	3657
3065.50488810398	3658
3064.67333033487	3659
3055.95639546767	3660
3052.249823337	3661
3058.75967460182	3662
3074.97548956983	3663
3057.09680316523	3664
3079.39855281581	3665
3055.14147058982	3666
3090.30159820735	3667
3038.53246946833	3668
3094.65753499959	3669
3071.63038161987	3670
3066.41192329433	3671
3052.01463620089	3672
3043.86268862507	3673
3056.44593743264	3674
3051.12227847892	3675
3091.36093179812	3676
3050.63162944464	3677
3066.20321756867	3678
3079.32409611462	3679
3064.91050496846	3680
3039.39868405454	3681
3061.63056533988	3682
3069.52386074606	3683
3041.03996724875	3684
3080.23867478358	3685
3056.63056934927	3686
3069.06092369907	3687
3049.29063427682	3688
3079.43650787031	3689
3046.8504592059	3690
3042.41539638735	3691
3042.20576083131	3692
3074.1687114848	3693
3057.51028175588	3694
3042.40521119247	3695
3088.97228142599	3696
3046.96700957041	3697
3093.62095930543	3698
3050.28172408727	3699
3067.40910732928	3700
3086.0143114938	3701
3056.29080666181	3702
3077.57659684055	3703
3065.38596572072	3704
3064.87185762344	3705
3049.79721521575	3706
3107.4837215063	3707
3084.47346623539	3708
3053.07839143252	3709
3069.4825816953	3710
3056.46960835975	3711
3055.4883270086	3712
3059.64890871763	3713
3070.1141622278	3714
3062.66063108391	3715
3073.26797547709	3716
3047.17657618153	3717
3079.11645346419	3718
3086.97529982406	3719
3095.70013527182	3720
3027.95704663312	3721
3055.74473058111	3722
3066.54862931685	3723
3053.49590033319	3724
3047.04171089369	3725
3064.95320959154	3726
3046.79629785328	3727
3064.92296636063	3728
3036.24408222113	3729
3048.01711072463	3730
3077.88829444983	3731
3058.0829354254	3732
3072.52126945915	3733
3036.50599951471	3734
3075.47248641531	3735
3048.29211611187	3736
3041.43536533529	3737
3078.55875496895	3738
3057.22895540793	3739
3071.60834215496	3740
3070.71012405035	3741
3067.93254176856	3742
3080.54409134431	3743
3061.39386114282	3744
3057.0724258823	3745
3078.03450290856	3746
3078.05504473187	3747
3083.07709758904	3748
3074.17182843682	3749
3054.43296028904	3750
3056.09985230669	3751
3050.1526492283	3752
3077.31295634527	3753
3036.14859613632	3754
3054.2230289273	3755
3054.61585154266	3756
3069.20593226789	3757
3042.09446160365	3758
3082.07827562278	3759
3055.5368581773	3760
3087.0707684913	3761
3081.23151672725	3762
3062.05479843872	3763
3063.93986274734	3764
3083.05655931264	3765
3048.11517456779	3766
3076.82565945088	3767
3053.0228468514	3768
3092.40239618959	3769
3072.94150834561	3770
3104.80119613068	3771
3059.70256158096	3772
3087.07655259471	3773
3053.87127958535	3774
3076.32555737381	3775
3100.25547957657	3776
3072.94703435306	3777
3065.47700202631	3778
3067.17923397206	3779
3061.13738899478	3780
3052.40581955479	3781
3070.1625522217	3782
3065.38954718919	3783
3033.83578028189	3784
3045.47215019221	3785
3053.28606480929	3786
3077.55128482135	3787
3046.83289527756	3788
3087.83398640846	3789
3087.32368400093	3790
3080.50923041323	3791
3076.88205645495	3792
3062.36624110489	3793
3057.3419076589	3794
3086.13835817074	3795
3084.52074834635	3796
3055.80118131463	3797
3063.75678332798	3798
3020.08209615763	3799
3045.87878861166	3800
3064.13789967081	3801
3056.3894283083	3802
3042.45522354782	3803
3040.1049794963	3804
3044.58311916457	3805
3056.5895567316	3806
3036.05764473118	3807
3047.00801358216	3808
3042.99928696695	3809
3044.96829986066	3810
3053.94529133574	3811
3051.9062858324	3812
3032.73329051529	3813
3054.13598800085	3814
3076.74948228908	3815
3081.36699004619	3816
3084.99119145898	3817
3059.65442418377	3818
3080.44712528308	3819
3073.1736216486	3820
3053.29348889025	3821
3046.93776825108	3822
3057.63604304376	3823
3063.72363111086	3824
3100.05164483539	3825
3076.78730083457	3826
3051.20863186465	3827
3054.01111817223	3828
3068.38937725277	3829
3076.41417927736	3830
3053.85831459365	3831
3086.82360702578	3832
3082.79976191119	3833
3056.50358590827	3834
3046.47786098739	3835
3065.09956107541	3836
3065.46521383597	3837
3060.19014828338	3838
3063.03024995876	3839
3068.74176593642	3840
3053.55802106235	3841
3057.91157829732	3842
3042.35573668934	3843
3049.06540414673	3844
3045.97687455509	3845
3055.30390825946	3846
3074.50314560419	3847
3066.3761149745	3848
3075.59377351629	3849
3038.50711143793	3850
3047.93216178684	3851
3029.55397473589	3852
3066.50475850584	3853
3025.01443115305	3854
3047.5833942447	3855
3057.98263949898	3856
3081.48479040602	3857
3039.53646097938	3858
3084.88645244614	3859
3060.36649218761	3860
3073.85490781219	3861
3066.24316721827	3862
3082.30482819204	3863
3041.75427299204	3864
3065.78729332547	3865
3067.62823896311	3866
3081.51605058581	3867
3064.99435361483	3868
3096.00097342144	3869
3064.00176655924	3870
3062.21495839113	3871
3043.84297276236	3872
3035.28978194109	3873
3069.91402844949	3874
3038.26731725377	3875
3070.07890106835	3876
3073.3243343688	3877
3046.43860504105	3878
3068.69642427178	3879
3092.92349872408	3880
3075.47156825698	3881
3061.33677979055	3882
3089.10545447812	3883
3083.59339073782	3884
3098.21392105083	3885
3072.63083984345	3886
3063.22605837957	3887
3059.50292679732	3888
3048.54025115479	3889
3067.88686685311	3890
3080.79086964453	3891
3076.38435075613	3892
3031.559264441	3893
3057.06362858654	3894
3049.90875686739	3895
3064.68104051702	3896
3050.12194567141	3897
3052.30480154098	3898
3055.29484325572	3899
3045.37687382661	3900
3061.82476553706	3901
3074.61570655547	3902
3056.27761790592	3903
3084.78568183205	3904
3077.99110934744	3905
3062.1180061117	3906
3071.33712292593	3907
3093.19764179925	3908
3065.93309784843	3909
3040.26229833892	3910
3087.26747367621	3911
3092.57078160593	3912
3068.63133382907	3913
3082.63498454186	3914
3045.52611314657	3915
3065.26248721037	3916
3058.66805642358	3917
3028.57228065514	3918
3051.42677105027	3919
3057.55675620257	3920
3040.38152283316	3921
3029.19222790736	3922
3063.64488098813	3923
3041.94559105737	3924
3045.362430652	3925
3090.04008159304	3926
3053.67186888015	3927
3061.38478427262	3928
3059.31901967012	3929
3054.70740087956	3930
3010.49733413963	3931
3040.40767274553	3932
3074.19361007687	3933
3068.21406865392	3934
3049.35214279164	3935
3069.20692564816	3936
3067.40620998049	3937
3068.10213599998	3938
3081.93272821369	3939
3080.31732393043	3940
3074.01899792703	3941
3062.41376255142	3942
3061.99700344128	3943
3070.96678363405	3944
3085.66561669348	3945
3056.59714995985	3946
3063.30776567008	3947
3067.03975234208	3948
3081.0549519789	3949
3068.35056988873	3950
3057.25140311622	3951
3069.07649639644	3952
3062.34554730706	3953
3084.77424347257	3954
3057.40665055382	3955
3007.88450904546	3956
3082.29450886737	3957
3085.57793791877	3958
3058.07406600015	3959
3064.25257287257	3960
3054.81251562505	3961
3085.08173310238	3962
3035.38584946697	3963
3040.11995897833	3964
3074.97480790979	3965
3063.23638426991	3966
3098.82019969258	3967
3055.68630388931	3968
3060.94282488978	3969
3083.8869730247	3970
3062.46263081423	3971
3066.48877064518	3972
3077.39151727136	3973
3035.77975465051	3974
3045.23743088633	3975
3047.7296114558	3976
3062.24525165722	3977
3084.23724936708	3978
3053.65458354732	3979
3068.14586846073	3980
3040.79738446862	3981
3088.39292389232	3982
3033.996278701	3983
3056.5751838582	3984
3083.46545126594	3985
3045.38235593446	3986
3063.71790291857	3987
3063.75666665732	3988
3063.94578239972	3989
3027.36135929236	3990
3042.14793131037	3991
3049.0004997979	3992
3035.5744892227	3993
3049.09569801746	3994
3058.23684756035	3995
3044.93810857659	3996
3054.68637223721	3997
3058.41669891178	3998
3065.54035756017	3999
3067.6405672657	4000
