"Iteration"	"tau_Intercept"
1	1248.143175286
2	1317.65113614741
3	1383.54765052984
4	1414.30607399093
5	1420.11679580346
6	1248.73134712941
7	1281.74216165279
8	1349.76329160797
9	1349.55871717899
10	1387.18765182749
11	1412.19321310865
12	1297.03772604421
13	1306.89695329107
14	1316.94805540828
15	1361.53161458405
16	1293.73211499137
17	1379.33731072544
18	1401.5383761599
19	1303.74298660512
20	1236.79843875075
21	1347.87015490151
22	1411.15143405603
23	1388.51459134885
24	1372.83271990773
25	1372.89947083845
26	1381.92984808806
27	1346.18253453612
28	1399.07207087963
29	1356.55622369054
30	1315.61387509745
31	1330.21234609776
32	1365.51933086428
33	1350.9070230831
34	1264.56349409716
35	1369.83594537802
36	1388.37740951601
37	1330.68143351449
38	1347.67463808563
39	1314.00429046593
40	1296.02534656583
41	1399.60137082542
42	1294.63453140015
43	1281.43385573854
44	1368.06241617801
45	1335.77023222568
46	1303.38032484282
47	1388.94860119812
48	1444.28911053253
49	1404.17923894915
50	1356.56816934197
51	1292.2594704435
52	1352.54389681349
53	1285.30870416811
54	1346.23470250034
55	1360.80104386669
56	1410.5602321629
57	1423.66068984538
58	1282.68535025482
59	1495.44204833346
60	1356.0417408123
61	1347.97401505982
62	1360.39557166886
63	1406.84176144265
64	1430.24823870548
65	1332.21578829539
66	1301.71857817704
67	1312.42378434801
68	1423.60289363536
69	1287.19424383069
70	1309.55793743599
71	1225.51583366438
72	1355.72607111446
73	1286.30172031333
74	1247.65743402326
75	1350.21985868123
76	1333.6461309774
77	1224.90744366176
78	1337.94675803548
79	1292.55099580009
80	1364.36370840381
81	1339.35305228182
82	1294.80162800412
83	1243.73441185652
84	1215.04682912436
85	1326.17669158149
86	1442.0037076718
87	1359.85826349622
88	1376.67846767634
89	1327.75229230041
90	1329.48388976658
91	1348.13053447779
92	1283.16424859926
93	1368.25212723323
94	1315.76076452404
95	1402.90055943145
96	1427.48072102313
97	1365.01589480358
98	1243.56444169358
99	1274.95135666123
100	1301.06270215058
101	1408.00421353712
102	1361.74144542445
103	1342.42447797856
104	1289.019835847
105	1304.60710771726
106	1309.49330766018
107	1224.36881115001
108	1333.96173603902
109	1311.82981699018
110	1318.28667870638
111	1315.94444548691
112	1279.53584472624
113	1305.48967221638
114	1322.65788026584
115	1300.45074645828
116	1420.48598963787
117	1405.44882606396
118	1297.2700252833
119	1360.16125024772
120	1359.3666707434
121	1387.73263918387
122	1300.65829829319
123	1350.33159350477
124	1346.08092550164
125	1340.15608888996
126	1309.12560387507
127	1315.98176629821
128	1341.57821101591
129	1345.16435656937
130	1351.25505359355
131	1390.81698148268
132	1308.91671519752
133	1259.96109367308
134	1194.14782750538
135	1325.97748085029
136	1298.94227803086
137	1346.83438984909
138	1366.79409084274
139	1400.87340673153
140	1356.92251433359
141	1325.53997705799
142	1374.33398576711
143	1330.22203187126
144	1327.18746362652
145	1282.03834329967
146	1393.56739973405
147	1301.74136507532
148	1322.44406602577
149	1303.3492251364
150	1389.92211852004
151	1348.06478823679
152	1566.61488015694
153	1357.78263976303
154	1368.34022616494
155	1302.41083057899
156	1299.90724222502
157	1368.52030288192
158	1369.15180047202
159	1270.17506866424
160	1351.65601813301
161	1411.98184368513
162	1321.19448624706
163	1418.02200097892
164	1307.19497736958
165	1351.39968770177
166	1308.99593970451
167	1275.23011726031
168	1378.40919906441
169	1372.09527801217
170	1235.51406726611
171	1402.41499814729
172	1245.73992759416
173	1318.70475521929
174	1287.88620366386
175	1466.40788294192
176	1231.50467659461
177	1289.03952525141
178	1407.58163940031
179	1310.48613049956
180	1366.67238593177
181	1341.76215963717
182	1330.62288827007
183	1388.66320239486
184	1315.05718813913
185	1289.00434738022
186	1336.57049877081
187	1369.19923039489
188	1280.51721066202
189	1295.06015331678
190	1356.27643988972
191	1358.66854092146
192	1243.72772443456
193	1263.92951331581
194	1406.36508570733
195	1364.28079685504
196	1412.75653851212
197	1374.53919149778
198	1438.21090327832
199	1414.76282393732
200	1289.10714671886
201	1286.09883464918
202	1338.8279369242
203	1434.37222630059
204	1291.89046295808
205	1386.80493879053
206	1282.04070596504
207	1248.68871442721
208	1353.32846327465
209	1206.90108222288
210	1326.93091482009
211	1362.78559158021
212	1296.01222022476
213	1408.08053925038
214	1338.37331650341
215	1363.2961462528
216	1320.90402200175
217	1303.51871555579
218	1239.80776226787
219	1305.09410740783
220	1378.5804244351
221	1362.18573982191
222	1313.86697750523
223	1305.09336838191
224	1360.54387698407
225	1405.97222711575
226	1273.69239286971
227	1419.5170902542
228	1297.88674053689
229	1396.93140319135
230	1376.36347291115
231	1456.09124942839
232	1300.77238610582
233	1250.838186933
234	1271.46752747864
235	1298.90044800611
236	1487.13696658674
237	1310.85743240242
238	1361.03846085979
239	1345.94469191102
240	1280.39245746981
241	1350.06185389881
242	1341.27503499467
243	1359.0963058073
244	1281.23477326452
245	1341.73027506766
246	1290.91109530298
247	1366.97791737228
248	1339.44760172735
249	1345.66370260459
250	1431.36363493118
251	1258.767057426
252	1560.41972621473
253	1268.83425883697
254	1454.05752923696
255	1287.72802197367
256	1388.5174268045
257	1356.59596758796
258	1356.75935015623
259	1258.85638427255
260	1274.44072893545
261	1372.24933399234
262	1321.36643818654
263	1339.82931743565
264	1376.36037227116
265	1379.6068782914
266	1414.23605021354
267	1347.32460763387
268	1440.86646538455
269	1279.77054748843
270	1330.37114508016
271	1348.34125382809
272	1254.77670048954
273	1364.25958661034
274	1339.21976247575
275	1358.81447768621
276	1418.4171899227
277	1308.30806443279
278	1439.90248472659
279	1290.3095773976
280	1268.17954935606
281	1348.81384016237
282	1385.72916634621
283	1312.46151921066
284	1302.7919664869
285	1380.37426624298
286	1340.04126484948
287	1320.44230919084
288	1324.94778166045
289	1363.48571213795
290	1417.27058945282
291	1362.70166887348
292	1328.98730774302
293	1382.24417530477
294	1275.27400461196
295	1229.57048753912
296	1470.18003948507
297	1416.6069715217
298	1454.48412464304
299	1286.07789372486
300	1270.97944998775
301	1317.78763985867
302	1308.28939346141
303	1373.56683671108
304	1327.49196748614
305	1351.26611198417
306	1300.54919489075
307	1386.67655039359
308	1308.16785095089
309	1378.39145608728
310	1365.25336767509
311	1303.32335155325
312	1335.90203148516
313	1385.78832201138
314	1375.52264940971
315	1329.4741520446
316	1439.5656095691
317	1304.26961248303
318	1360.32520477077
319	1426.24063341987
320	1417.99530316273
321	1358.72508455542
322	1298.36345230193
323	1430.78132457178
324	1277.03502384361
325	1141.48256620253
326	1293.15760315352
327	1295.79808913322
328	1271.20978820052
329	1284.77508528253
330	1317.42617231126
331	1254.82826390857
332	1305.98878678448
333	1219.27942288685
334	1356.75135353446
335	1461.9929339364
336	1214.93296579487
337	1338.27111004068
338	1356.18251735064
339	1304.67729674095
340	1377.38375811626
341	1447.71031860754
342	1348.06192241905
343	1367.12874015458
344	1370.27745857206
345	1335.86769280818
346	1456.60725921989
347	1250.17999989239
348	1307.62762843631
349	1333.78777823409
350	1234.0326633742
351	1317.22511960307
352	1320.92409039067
353	1301.52023998092
354	1371.74685067261
355	1290.03787658649
356	1268.70628997897
357	1442.62057218506
358	1237.44722496957
359	1377.74986506171
360	1373.38446506135
361	1269.95807453516
362	1275.1585359777
363	1445.54754961924
364	1331.96898874328
365	1280.81926806219
366	1247.5453754721
367	1303.82866371915
368	1423.23068119128
369	1271.82074731673
370	1318.84503677532
371	1385.01502509267
372	1447.25237927369
373	1399.97488694969
374	1288.619670276
375	1351.58589038226
376	1305.10935218891
377	1362.66209455485
378	1257.77135636619
379	1384.2412078275
380	1351.33476661102
381	1476.18303645987
382	1231.85171001627
383	1278.68083455092
384	1333.10974395128
385	1407.67398505351
386	1371.72715927529
387	1348.96532882749
388	1275.85443401633
389	1303.50866914083
390	1269.34858776748
391	1329.73285415675
392	1432.27871533974
393	1353.65061040367
394	1324.96171089877
395	1486.59721049045
396	1417.29308941423
397	1337.19823222369
398	1361.40224323608
399	1348.73268955439
400	1328.52085395232
401	1311.70102601935
402	1383.83309675561
403	1378.2889307078
404	1358.51656921691
405	1276.99037185318
406	1348.69951696253
407	1360.46093145446
408	1219.63408307045
409	1384.88927928036
410	1257.68275265385
411	1258.10038977597
412	1344.95426251891
413	1481.79951673174
414	1338.39618156981
415	1358.73823037191
416	1241.01426361614
417	1372.41206593446
418	1243.48050626784
419	1387.45204192293
420	1323.83323558258
421	1380.1073764397
422	1365.68258811213
423	1367.12479144339
424	1316.60208100632
425	1391.4382517877
426	1247.60042955997
427	1281.595671113
428	1458.61917017245
429	1374.08272731367
430	1407.34757293602
431	1258.31103796271
432	1260.91170159879
433	1419.47964621953
434	1343.10198418319
435	1296.28353449054
436	1400.42717565121
437	1308.53958526288
438	1284.48229694289
439	1405.29466585347
440	1347.25216251951
441	1366.55258589795
442	1316.68491925629
443	1343.52231026183
444	1398.31517038755
445	1364.10678499794
446	1403.2249054243
447	1294.17392964398
448	1394.11794478885
449	1481.39979712855
450	1443.91305781621
451	1383.60388146552
452	1371.5633311868
453	1361.78245252535
454	1237.14257530323
455	1338.66334404333
456	1345.60224141549
457	1377.41190083479
458	1387.34460215399
459	1366.15153565592
460	1221.37590767102
461	1314.8249543636
462	1360.93311908522
463	1254.704033781
464	1461.50740329243
465	1482.50890536695
466	1382.2621846427
467	1273.25298910128
468	1397.96943999176
469	1396.17207344979
470	1413.81166595391
471	1339.63088506664
472	1217.05872039863
473	1286.5772906927
474	1365.07295389307
475	1282.77198569747
476	1420.77960182315
477	1449.72645257392
478	1367.47362044011
479	1411.87700615866
480	1400.01699548187
481	1255.85409994274
482	1355.39868115845
483	1373.98642460053
484	1328.22298627306
485	1389.16956180474
486	1269.33077923635
487	1259.5863360718
488	1365.6795696097
489	1355.21462549997
490	1279.99164075034
491	1384.79358820967
492	1373.78429240668
493	1354.324682697
494	1239.07301182691
495	1325.68251817617
496	1439.69433197811
497	1309.63884613896
498	1418.24473116727
499	1412.62147930821
500	1331.82296013245
501	1384.20261427575
502	1394.21095777768
503	1342.54123875774
504	1351.68348303177
505	1345.08635760926
506	1382.10939706269
507	1261.30189336466
508	1251.25225228484
509	1418.68675673487
510	1282.60324828342
511	1307.17621815006
512	1474.94520136047
513	1400.08177142663
514	1271.88786120403
515	1353.48319506858
516	1334.14294921831
517	1320.97188046321
518	1317.62286544653
519	1228.53539661298
520	1406.98908903016
521	1425.44420147747
522	1330.69147144657
523	1431.44130658828
524	1483.23330372249
525	1286.00989817598
526	1450.16387175098
527	1352.22913297818
528	1461.86484231726
529	1354.71912967832
530	1306.3377054993
531	1328.16731767756
532	1392.06318955899
533	1345.40510989871
534	1369.52673019745
535	1425.71328704461
536	1430.6486917057
537	1360.63891574121
538	1349.50273272258
539	1341.89319928785
540	1459.64431143271
541	1392.35135453048
542	1266.74665892473
543	1412.51826622785
544	1333.57009356464
545	1355.03560368266
546	1347.64942988628
547	1384.0007478071
548	1265.7145377915
549	1397.59706034878
550	1314.20874863166
551	1373.71036914299
552	1219.65112070959
553	1366.06390082874
554	1334.56324432081
555	1397.63775186321
556	1308.11585747961
557	1396.11204650441
558	1207.07627151181
559	1297.65975030013
560	1345.33463936272
561	1287.49017663996
562	1361.07561262647
563	1380.43331599986
564	1250.48972452161
565	1392.06066557179
566	1341.39986481038
567	1245.5668902495
568	1222.37782291585
569	1283.18088989091
570	1302.78160999181
571	1412.27422262075
572	1434.9117564676
573	1385.78200621666
574	1297.97722163537
575	1383.45277597706
576	1362.53340358905
577	1362.27154638186
578	1454.60798256859
579	1361.67579546963
580	1289.34455862897
581	1363.69150543855
582	1216.50267631918
583	1440.07136315409
584	1361.92818134858
585	1290.78977594531
586	1420.41076078712
587	1345.08356570789
588	1261.58770006757
589	1344.3179340973
590	1331.20169952211
591	1358.40600781517
592	1385.85026408775
593	1421.83978239986
594	1334.45490074788
595	1367.87370566094
596	1310.81341100679
597	1363.75283769892
598	1289.82334094895
599	1300.14712361716
600	1346.51300157218
601	1370.00386334614
602	1299.02112667926
603	1359.71266624203
604	1375.10212280824
605	1388.42830981016
606	1222.78598875328
607	1298.8255209081
608	1324.09218758712
609	1375.883618544
610	1356.60045086488
611	1367.56019818321
612	1407.24875064814
613	1343.32381006482
614	1295.75386216329
615	1349.6047239876
616	1279.87689551564
617	1518.94860815322
618	1309.86676003707
619	1342.23552606545
620	1211.69328569789
621	1319.41667167207
622	1333.82871127161
623	1318.5798407972
624	1424.05416284431
625	1299.77827919515
626	1343.10061374605
627	1392.16017124946
628	1300.05908239905
629	1283.13222312572
630	1348.60040455264
631	1411.27818659507
632	1320.12894789141
633	1359.84958009888
634	1304.3419152781
635	1328.64170562221
636	1385.68877749221
637	1298.41791486616
638	1247.81563466788
639	1225.78414015404
640	1352.35261635606
641	1394.77697662898
642	1252.61257208325
643	1407.96174853785
644	1278.09456195341
645	1403.1733996129
646	1330.00160690245
647	1257.0122679593
648	1225.77416562424
649	1217.01279657057
650	1289.5268427976
651	1412.94089361787
652	1455.20661639408
653	1334.34468289502
654	1178.85859883808
655	1310.47533054291
656	1392.16554275638
657	1368.9702312939
658	1302.03281997959
659	1383.67305016206
660	1293.00005317507
661	1421.75205506931
662	1310.89715716745
663	1354.96913974366
664	1280.0997744018
665	1314.77576390254
666	1384.99034214263
667	1312.09295449835
668	1398.00412758574
669	1290.97098801705
670	1384.20646374885
671	1345.73906033584
672	1340.10833374443
673	1365.82933796694
674	1336.3125896875
675	1240.69815420132
676	1246.31284964739
677	1191.36222657365
678	1293.05690047283
679	1423.25745736135
680	1374.54723825759
681	1396.72182663758
682	1350.58723453261
683	1265.79879695178
684	1335.87811661399
685	1277.50985922908
686	1360.84019246686
687	1240.72738243495
688	1423.23643184761
689	1405.76482518511
690	1410.67600992124
691	1374.46593528777
692	1320.47936463532
693	1325.32329112579
694	1377.51969849183
695	1427.871228157
696	1269.44065618918
697	1312.55944020673
698	1226.78913467283
699	1335.17524052303
700	1341.29688260709
701	1314.16811919099
702	1328.28189011674
703	1314.1051716892
704	1349.00142331769
705	1318.05674675928
706	1311.92847873907
707	1265.15750242528
708	1233.90077209663
709	1302.5521115759
710	1319.55516981458
711	1377.211442766
712	1305.69596035769
713	1329.08260591711
714	1358.82507457872
715	1339.62850085423
716	1422.38479889151
717	1367.06942513268
718	1276.29359616159
719	1282.67357218969
720	1339.67169691214
721	1359.14067651861
722	1324.51212552637
723	1295.09331350832
724	1423.18460830754
725	1314.16851752702
726	1343.71517619682
727	1368.81313347929
728	1343.35900710994
729	1353.53305062298
730	1321.36571715089
731	1297.50302844655
732	1427.61950268947
733	1385.33478573198
734	1332.18151384723
735	1284.81979751323
736	1248.09784909912
737	1359.2063986586
738	1271.88629177566
739	1361.98467173275
740	1352.30421253139
741	1316.83069423375
742	1382.20396128078
743	1376.27500478951
744	1289.84407449427
745	1446.59887405552
746	1296.55128585951
747	1242.02768908798
748	1409.43111717338
749	1293.02937613856
750	1404.1760731829
751	1314.44881159624
752	1339.30389187655
753	1353.37711371508
754	1296.68443266885
755	1296.74406447465
756	1344.08041923111
757	1356.50399043124
758	1296.34499056873
759	1405.22713299579
760	1298.38310235706
761	1356.42730765734
762	1310.37535694478
763	1343.85989534558
764	1219.33803061974
765	1310.70806080031
766	1364.31097196423
767	1280.16711835566
768	1285.4885499628
769	1365.97496442133
770	1318.75421038994
771	1341.31974259069
772	1286.03508181036
773	1347.24170015835
774	1318.55533066452
775	1323.11353611042
776	1273.07795707036
777	1323.43938547258
778	1357.58341641012
779	1303.12729664396
780	1387.23159348486
781	1377.90149675749
782	1376.46832377312
783	1304.51167674744
784	1288.65565357701
785	1324.61705121976
786	1290.60102510505
787	1313.05025846446
788	1351.29944168399
789	1384.89573605179
790	1349.3582071952
791	1381.55123526019
792	1324.97103605074
793	1227.93352601938
794	1309.77175157622
795	1253.61398494089
796	1443.97850215492
797	1414.8376582123
798	1392.00762620601
799	1352.6244273933
800	1386.32011135692
801	1321.74416241864
802	1329.84918067405
803	1377.46140314202
804	1272.87133949484
805	1398.60699923303
806	1355.14888570502
807	1335.20274678959
808	1284.40792549473
809	1312.24035890721
810	1318.18889737594
811	1317.28050856479
812	1261.41162620479
813	1246.14942077864
814	1344.1961549384
815	1380.50791812709
816	1357.57754381855
817	1492.46379967171
818	1404.14743494135
819	1463.86049408772
820	1265.62429014626
821	1324.23778839779
822	1316.15478966988
823	1300.2573703449
824	1300.72661094834
825	1328.57788269866
826	1411.95674458911
827	1330.70038460984
828	1248.74686734936
829	1328.20521164547
830	1365.4937624409
831	1283.75017547713
832	1381.50025582351
833	1252.57053018637
834	1405.53312361226
835	1372.25340632396
836	1374.67522666549
837	1317.13740204082
838	1347.28842513407
839	1330.80572083529
840	1302.31456945119
841	1296.75387525886
842	1290.31353374742
843	1301.36473181534
844	1258.50164793146
845	1321.98552489439
846	1230.19246495393
847	1404.38045260664
848	1332.05686131595
849	1355.15437148191
850	1405.28721685509
851	1354.92406158355
852	1403.52359362033
853	1336.12516525622
854	1308.31218296685
855	1325.02297099873
856	1279.72545655911
857	1389.22989387362
858	1296.78914440943
859	1317.87121158412
860	1361.19957620271
861	1364.09999559917
862	1500.79225979855
863	1422.33731309908
864	1408.31569864751
865	1302.52107172194
866	1306.14734669093
867	1321.8251333245
868	1288.66258278359
869	1223.49788635269
870	1382.64231614716
871	1269.02807694429
872	1297.94043943383
873	1392.22547650489
874	1350.77493641227
875	1342.15217206465
876	1316.89867894653
877	1309.20541498957
878	1250.57178372655
879	1367.96143119384
880	1382.11077769835
881	1403.91562069181
882	1391.99841311265
883	1410.16978460417
884	1408.50312962582
885	1321.12963626833
886	1299.0039044988
887	1401.18086966496
888	1427.86636138495
889	1332.58935627192
890	1389.37355746621
891	1301.52732402226
892	1198.78595371214
893	1333.47558746187
894	1329.96931034111
895	1382.81432604642
896	1306.35255445603
897	1405.26916796464
898	1362.56184915496
899	1455.26684423566
900	1339.00110775509
901	1286.19464936075
902	1265.44032903282
903	1332.40879730241
904	1343.56575849803
905	1325.74770263749
906	1300.53654478721
907	1260.95932351344
908	1300.98726867942
909	1335.71789726828
910	1319.0264509111
911	1288.50945938319
912	1380.52676463895
913	1352.90990564448
914	1384.01673458555
915	1391.99462659758
916	1302.22575241148
917	1376.55311185687
918	1283.34425060847
919	1346.41692081403
920	1327.83741678773
921	1394.81838848759
922	1335.16451052521
923	1455.95313059046
924	1298.1850013869
925	1243.51060968075
926	1336.98079635458
927	1266.01059508122
928	1338.66066532275
929	1413.35762449394
930	1522.60343100314
931	1383.01175011265
932	1371.22065687277
933	1447.528370504
934	1304.24552107605
935	1289.04347317797
936	1221.4958384467
937	1210.29223778949
938	1302.90937446309
939	1319.52145948368
940	1323.12072498918
941	1398.22878593556
942	1385.50022235867
943	1275.4757399017
944	1338.84187059878
945	1284.7345851038
946	1402.92338824868
947	1336.15681474783
948	1393.94342072282
949	1366.29208667178
950	1346.65151234317
951	1301.21330282247
952	1245.41577123767
953	1303.55722977825
954	1316.71913092379
955	1381.13007831281
956	1339.36609486072
957	1360.32576050123
958	1252.50617325982
959	1254.20092275539
960	1298.42662158555
961	1422.0373557914
962	1303.51257874744
963	1285.23538733739
964	1462.5747363493
965	1390.30015602856
966	1388.1589976332
967	1263.37605229998
968	1323.67825195883
969	1351.08505471499
970	1418.57184377272
971	1248.97136530837
972	1339.6593066238
973	1257.72062856382
974	1567.91465231823
975	1329.62807424144
976	1424.37752690272
977	1278.40983481761
978	1306.40375324332
979	1289.99201083887
980	1225.3259555943
981	1302.8099479017
982	1175.62072648975
983	1275.17452777735
984	1344.63060741045
985	1360.4744929829
986	1392.14069620877
987	1411.93894710832
988	1339.41714666457
989	1330.72273227374
990	1360.90611013524
991	1447.83217009951
992	1412.1201163356
993	1273.84210144305
994	1372.88421711433
995	1451.19770664553
996	1289.93812232264
997	1356.60924603179
998	1301.09668960163
999	1320.88679122878
1000	1273.85152915767
1001	1306.9025915088
1002	1269.22702242132
1003	1389.83925481187
1004	1368.70996328954
1005	1292.42497871874
1006	1391.91113049402
1007	1421.57175372114
1008	1316.05602376173
1009	1296.2088897134
1010	1328.440532331
1011	1458.4246550263
1012	1319.60056247577
1013	1343.09607230893
1014	1273.93367546582
1015	1291.66677695978
1016	1349.91345921599
1017	1298.80669291318
1018	1326.39141300129
1019	1446.17195467716
1020	1296.22471256579
1021	1345.63963793014
1022	1424.99834676131
1023	1399.95368208677
1024	1445.36524431465
1025	1344.10967997599
1026	1339.54452438658
1027	1347.49016317009
1028	1327.89395343239
1029	1303.39985161522
1030	1348.83829393209
1031	1324.27695485016
1032	1263.99643088565
1033	1320.27358950323
1034	1323.78472020403
1035	1309.0742217726
1036	1272.13777007425
1037	1284.19620364723
1038	1451.9787016637
1039	1241.45421736369
1040	1279.35906087123
1041	1425.9168843794
1042	1211.94044324468
1043	1370.27479616351
1044	1341.76155781124
1045	1453.15961579215
1046	1384.05734376546
1047	1397.64887688011
1048	1354.69069265395
1049	1270.27684717016
1050	1303.53363586023
1051	1391.78613425588
1052	1292.72715214646
1053	1289.71413672329
1054	1300.36643891229
1055	1432.65936307597
1056	1345.4018786297
1057	1361.71314731889
1058	1286.88160634119
1059	1443.9118307181
1060	1266.27081768265
1061	1492.29177277082
1062	1335.71578910658
1063	1263.79279312757
1064	1412.46275825115
1065	1284.11970532925
1066	1346.74509062461
1067	1479.98991028065
1068	1376.02150047107
1069	1282.94761421223
1070	1301.49136788258
1071	1334.23133597237
1072	1305.97554102042
1073	1278.80489584868
1074	1323.07419870362
1075	1300.33093501879
1076	1439.35869439749
1077	1256.07610613338
1078	1260.06873151465
1079	1406.3579496143
1080	1337.87486293875
1081	1409.05533936049
1082	1306.9609946495
1083	1317.67801373716
1084	1427.29295216323
1085	1220.98075704615
1086	1340.00277583181
1087	1275.99103623104
1088	1411.29508074861
1089	1359.35014661283
1090	1297.90476265075
1091	1271.79000053097
1092	1310.90426000338
1093	1365.81214125303
1094	1277.94016166211
1095	1348.82591982577
1096	1247.8618840198
1097	1337.69596488357
1098	1310.86273312739
1099	1311.92889855934
1100	1327.27491749101
1101	1416.64748108617
1102	1310.57667091458
1103	1171.25902818269
1104	1373.71517923831
1105	1358.87590630079
1106	1350.3755551914
1107	1337.98351414496
1108	1261.68786216072
1109	1291.55632054048
1110	1356.34779552079
1111	1278.84729209473
1112	1337.30889998909
1113	1388.56513837154
1114	1254.53589025666
1115	1263.46953203152
1116	1342.22430263246
1117	1372.91761341251
1118	1347.01494866013
1119	1316.90790897661
1120	1397.7967842767
1121	1336.41633887665
1122	1283.42893138702
1123	1354.13720137054
1124	1453.97860071952
1125	1342.05340546062
1126	1421.33789187536
1127	1325.53924442288
1128	1224.78315733857
1129	1462.55315097818
1130	1366.33867972579
1131	1397.23269990578
1132	1313.7430665404
1133	1374.82098032142
1134	1302.36976372429
1135	1322.68846884347
1136	1260.27861904854
1137	1370.34066897541
1138	1386.30216576928
1139	1371.33479433356
1140	1396.80528755809
1141	1232.90921161291
1142	1338.96244639542
1143	1344.45216015022
1144	1410.59491681113
1145	1368.33191276354
1146	1392.4553448718
1147	1374.11174830903
1148	1480.51420480855
1149	1407.89406830748
1150	1311.9123672657
1151	1266.23667783281
1152	1390.86658537551
1153	1344.62155269232
1154	1361.28433426906
1155	1363.10707170813
1156	1428.85670883823
1157	1225.12201397675
1158	1350.10955035311
1159	1279.08703167857
1160	1351.48820354557
1161	1343.04296843523
1162	1317.14244641352
1163	1255.96759084711
1164	1437.70784485812
1165	1353.90311445677
1166	1366.91734918049
1167	1369.39070920867
1168	1338.94071599197
1169	1376.37586324147
1170	1248.98230391537
1171	1309.03351934349
1172	1274.32297122746
1173	1394.26186449409
1174	1372.31630489016
1175	1347.77189456399
1176	1420.15520767097
1177	1319.77859182298
1178	1357.38655647504
1179	1297.25097198117
1180	1353.40153064173
1181	1314.6239072968
1182	1364.07654992672
1183	1366.74623782352
1184	1370.5634390647
1185	1379.63168569299
1186	1461.41020995601
1187	1293.62665368145
1188	1346.55495328712
1189	1277.17864350574
1190	1346.38073311692
1191	1232.62322797176
1192	1336.86728856691
1193	1301.69867157828
1194	1319.42668097928
1195	1259.60513287198
1196	1324.73965740622
1197	1307.25798371127
1198	1308.93329277441
1199	1430.21373724666
1200	1263.78368098411
1201	1424.24703384898
1202	1319.48988891678
1203	1406.73727766435
1204	1356.46910050968
1205	1408.42512299779
1206	1363.07019571015
1207	1479.90906541884
1208	1354.73484627135
1209	1284.18978931093
1210	1246.55975851155
1211	1317.42708161753
1212	1292.61608555728
1213	1420.3126608497
1214	1339.70925559971
1215	1252.91077504682
1216	1378.0451634291
1217	1295.71099427125
1218	1314.12739998664
1219	1319.20296861636
1220	1212.47020054278
1221	1306.97939693146
1222	1366.90376580506
1223	1289.60499454559
1224	1314.3782402533
1225	1358.66346715044
1226	1318.56586766124
1227	1322.93377931716
1228	1228.29930674777
1229	1283.32240632784
1230	1307.67912603124
1231	1300.23786824533
1232	1496.18721361267
1233	1336.95312106476
1234	1373.1760506553
1235	1350.56979435601
1236	1352.38498605447
1237	1241.14823610243
1238	1364.00500987572
1239	1317.83958825301
1240	1366.96767111245
1241	1348.99309860948
1242	1325.50688713094
1243	1323.9565602729
1244	1401.0198946439
1245	1317.09757078842
1246	1238.79624935063
1247	1327.76724131298
1248	1410.653458926
1249	1251.29464961162
1250	1369.43801793833
1251	1371.99771568941
1252	1317.55879462525
1253	1355.470967489
1254	1396.69132645215
1255	1448.56266196351
1256	1392.6832626676
1257	1238.42791869063
1258	1427.09621613908
1259	1290.46567558652
1260	1356.97941418254
1261	1299.70791960264
1262	1359.67428298388
1263	1440.29654305102
1264	1344.73617113202
1265	1333.80655868718
1266	1320.72391476453
1267	1371.79206599823
1268	1392.26963417047
1269	1399.71032873428
1270	1257.81138060275
1271	1324.58542949472
1272	1309.88524292362
1273	1354.24494920081
1274	1227.8460035731
1275	1405.17025485788
1276	1329.84868145922
1277	1285.71169551266
1278	1485.08669137075
1279	1264.57084836951
1280	1314.25763257129
1281	1338.77046815981
1282	1346.06261888705
1283	1331.76438791539
1284	1340.21264852653
1285	1417.83167579434
1286	1365.41252912391
1287	1367.08673532064
1288	1405.72460079926
1289	1402.11677052238
1290	1365.10053757202
1291	1411.62518627534
1292	1338.62099300838
1293	1416.15358210979
1294	1396.00485398337
1295	1330.26860317002
1296	1257.78171305016
1297	1309.97801536793
1298	1406.21418783155
1299	1337.62650728167
1300	1308.99052957323
1301	1322.86909271433
1302	1303.91119894637
1303	1335.32858270365
1304	1280.24046000814
1305	1333.84956995896
1306	1272.32930620902
1307	1287.29443039857
1308	1322.54429214922
1309	1325.80102480957
1310	1398.78741951774
1311	1297.29970700702
1312	1330.60752536962
1313	1270.23330576722
1314	1329.46078170932
1315	1316.82675195561
1316	1334.2300322192
1317	1391.23527107041
1318	1315.61620765251
1319	1339.77554636819
1320	1369.30293477476
1321	1297.09626093081
1322	1361.56507991557
1323	1354.03004078137
1324	1358.6020716318
1325	1419.35968862535
1326	1277.63953338675
1327	1338.4035849876
1328	1431.6664355055
1329	1523.43696812152
1330	1344.29499679914
1331	1333.35629236198
1332	1280.01692925488
1333	1242.61897865239
1334	1252.19878569785
1335	1280.31195945002
1336	1341.94053263112
1337	1297.31295938032
1338	1296.02545760058
1339	1393.9773677025
1340	1338.55089320003
1341	1291.05078747382
1342	1411.31696277966
1343	1268.0470670982
1344	1310.72178542128
1345	1280.2441352337
1346	1406.64465658104
1347	1311.0715296478
1348	1342.96272023811
1349	1365.44892820865
1350	1357.4726500003
1351	1332.79189943604
1352	1253.17517355618
1353	1474.83210567867
1354	1339.75063740811
1355	1387.19672500564
1356	1319.88659408467
1357	1334.83897825792
1358	1181.73811360544
1359	1353.23263311424
1360	1313.05679193597
1361	1325.40597425795
1362	1348.54059019103
1363	1320.58269858299
1364	1402.99015655692
1365	1464.76911276709
1366	1400.73612630523
1367	1359.23367871276
1368	1355.14265003495
1369	1286.92763683553
1370	1405.08803722228
1371	1325.44236373984
1372	1388.43537640439
1373	1358.64069257618
1374	1339.0610481137
1375	1272.29539656487
1376	1320.74192567853
1377	1287.47431591916
1378	1450.11559187238
1379	1357.51612117387
1380	1388.17106299631
1381	1342.28797969249
1382	1284.66450376001
1383	1342.84200708279
1384	1213.12740015433
1385	1398.97641725847
1386	1321.47060732697
1387	1317.31748129538
1388	1246.94983195096
1389	1442.53683536755
1390	1217.33044684144
1391	1344.29392392552
1392	1335.31224395094
1393	1410.06387547422
1394	1321.14870982009
1395	1359.07740466657
1396	1370.89323192904
1397	1351.86347593424
1398	1235.16683777549
1399	1379.15627037427
1400	1323.25105893151
1401	1358.8951642755
1402	1287.4827263136
1403	1387.3397103141
1404	1292.23299132517
1405	1380.10721935171
1406	1323.04945825343
1407	1304.05004549169
1408	1302.04411924513
1409	1357.27749461952
1410	1221.82242772724
1411	1330.89925037376
1412	1320.61431136524
1413	1383.4149224285
1414	1347.5140687231
1415	1356.75037978234
1416	1475.87290579876
1417	1418.14502853644
1418	1316.82728737957
1419	1330.17201959653
1420	1344.29854511083
1421	1308.94741824024
1422	1342.93655033197
1423	1439.45617135469
1424	1430.86925356346
1425	1373.90824981932
1426	1385.44467412835
1427	1251.17081971612
1428	1345.32584236447
1429	1278.03728648159
1430	1302.50846321369
1431	1372.44517228006
1432	1423.4190943908
1433	1241.54794808605
1434	1278.34749509269
1435	1292.149874386
1436	1315.9691990461
1437	1230.66566625649
1438	1349.21840250022
1439	1302.08104101115
1440	1387.25351477952
1441	1407.29111321957
1442	1335.24951360293
1443	1266.15908983753
1444	1307.97946764682
1445	1214.7222379435
1446	1307.95702298996
1447	1302.69802775549
1448	1352.51009474426
1449	1389.30768846877
1450	1302.80905981529
1451	1347.51357774546
1452	1288.00859470429
1453	1400.98533533493
1454	1366.6276334547
1455	1359.16510115005
1456	1373.44926637542
1457	1420.25370763003
1458	1369.05626312244
1459	1393.18557480363
1460	1221.55816621112
1461	1319.94606457092
1462	1339.30545049462
1463	1350.28855042118
1464	1412.61896407444
1465	1292.73365192245
1466	1310.20262348217
1467	1339.71227478517
1468	1320.24905696405
1469	1354.407429213
1470	1361.60264734191
1471	1329.74413321298
1472	1273.8204830725
1473	1337.99526203567
1474	1361.79911204386
1475	1377.07188053235
1476	1344.35506174998
1477	1342.07764956966
1478	1391.7130737315
1479	1319.71644078201
1480	1348.26802469116
1481	1427.14252689207
1482	1441.29644859429
1483	1295.80723179804
1484	1366.43545985685
1485	1436.74051737203
1486	1292.03041437755
1487	1291.85630902197
1488	1344.27407948276
1489	1277.86522675776
1490	1291.29059185469
1491	1317.15955689041
1492	1372.44547468149
1493	1359.23606984776
1494	1274.31505901588
1495	1353.34119491796
1496	1291.88036419647
1497	1283.41351539727
1498	1311.29763541259
1499	1450.58612550292
1500	1343.98825921607
1501	1147.0079272155
1502	1357.48928677205
1503	1490.22054574097
1504	1261.04201619972
1505	1304.06859473331
1506	1397.69768065092
1507	1356.00092327993
1508	1360.15443213884
1509	1334.12699356627
1510	1279.14772254535
1511	1372.11685206899
1512	1474.01534699607
1513	1316.84085845881
1514	1396.26374044137
1515	1387.62512768857
1516	1344.55400132854
1517	1420.29346850164
1518	1358.52128303959
1519	1400.39410450558
1520	1321.1618644542
1521	1297.4693702401
1522	1283.8488503238
1523	1374.99517756786
1524	1329.4902369041
1525	1359.38826122084
1526	1375.52532603364
1527	1347.96640931351
1528	1364.70225391343
1529	1364.58099809883
1530	1361.840757037
1531	1293.06002729224
1532	1401.54065388417
1533	1229.30475937584
1534	1373.50354264386
1535	1299.60515987829
1536	1304.44172449612
1537	1416.28307426606
1538	1344.90704290853
1539	1411.00736094212
1540	1370.01778734266
1541	1362.29898498539
1542	1238.79642703479
1543	1242.48094386019
1544	1410.53300636342
1545	1329.75794874804
1546	1368.19394347796
1547	1311.56860306895
1548	1258.50909083749
1549	1390.77802898693
1550	1434.6577855576
1551	1381.91426710931
1552	1284.36794798935
1553	1283.74772415411
1554	1253.39325420248
1555	1327.84828458912
1556	1312.32912979906
1557	1445.81585033382
1558	1337.24828140597
1559	1433.80477677754
1560	1386.51175236095
1561	1323.69749002383
1562	1272.8212520379
1563	1313.08227786612
1564	1343.52310591568
1565	1336.61029394887
1566	1297.21314115275
1567	1340.31816799531
1568	1284.97248290339
1569	1299.54002855763
1570	1401.99115261442
1571	1339.99525516502
1572	1409.50441251094
1573	1404.3538102758
1574	1320.50960995451
1575	1270.14792889931
1576	1254.41968247507
1577	1326.38255931467
1578	1285.8186602433
1579	1279.90190109421
1580	1392.61490746915
1581	1335.15999370094
1582	1364.98541445431
1583	1216.76931930536
1584	1380.85949141706
1585	1374.46739043756
1586	1272.74629468391
1587	1338.22427663937
1588	1337.51741675035
1589	1348.23077144775
1590	1176.40659333879
1591	1233.18916410336
1592	1441.07124657869
1593	1275.64703510651
1594	1382.64111057479
1595	1243.51000014295
1596	1310.38858047874
1597	1465.62753138041
1598	1342.85390430397
1599	1312.0323652235
1600	1314.04791256673
1601	1335.90794321772
1602	1314.96129844768
1603	1294.08223416382
1604	1334.83606866686
1605	1315.50002983573
1606	1390.53181933117
1607	1291.3509368072
1608	1440.65238275656
1609	1364.29579420667
1610	1357.62865473213
1611	1274.95471267485
1612	1294.5941164325
1613	1359.94891833742
1614	1449.52305105309
1615	1345.43325810071
1616	1466.10714292808
1617	1300.1447424997
1618	1382.7498506132
1619	1432.9608648552
1620	1334.07290769421
1621	1291.92428345217
1622	1339.7935886915
1623	1360.02066544577
1624	1356.51000975369
1625	1333.76101273452
1626	1371.68833721262
1627	1302.28979134716
1628	1463.18314207131
1629	1385.43424326033
1630	1282.51106375634
1631	1347.16616914461
1632	1285.65991399433
1633	1332.82971113027
1634	1290.93367077643
1635	1233.97235617323
1636	1233.58611019894
1637	1318.02923270809
1638	1371.83702878635
1639	1362.37351679166
1640	1327.11527212195
1641	1364.34456724139
1642	1366.24362759856
1643	1395.90730049095
1644	1406.54872884849
1645	1238.05803660468
1646	1418.2176714694
1647	1367.62054057419
1648	1291.47745849965
1649	1360.91867679184
1650	1292.1004733896
1651	1310.5395975208
1652	1282.42242772576
1653	1389.50174257253
1654	1235.08561190448
1655	1361.44833638091
1656	1330.72312682322
1657	1405.50173930536
1658	1369.32055581486
1659	1359.38316819829
1660	1287.55703710113
1661	1279.09570861147
1662	1319.46360596101
1663	1319.55095902141
1664	1260.07813482274
1665	1338.16150710384
1666	1313.72829438148
1667	1406.935350113
1668	1293.06871504513
1669	1373.50893734151
1670	1270.62614006954
1671	1338.29607099528
1672	1346.36380570477
1673	1398.77846155022
1674	1323.50772064835
1675	1265.99813203126
1676	1362.43326702676
1677	1367.83660051649
1678	1375.96208411713
1679	1354.60143348611
1680	1396.92478549779
1681	1356.71962999657
1682	1329.47899438249
1683	1375.01243975586
1684	1348.53781055893
1685	1428.30961928954
1686	1335.46858391933
1687	1404.01975361499
1688	1462.69157737747
1689	1456.16144425489
1690	1423.40606426677
1691	1331.67236635876
1692	1411.11962352778
1693	1245.62022819953
1694	1387.57737732927
1695	1530.20157986063
1696	1412.13309652243
1697	1349.57149999964
1698	1313.66998317128
1699	1322.51124456566
1700	1282.81249786193
1701	1307.37981787073
1702	1378.46519892672
1703	1284.61372836373
1704	1241.30819913752
1705	1406.99396075698
1706	1331.50872857548
1707	1238.01208332923
1708	1320.51786376244
1709	1268.78351571393
1710	1418.21140653094
1711	1386.99453302454
1712	1319.51797996479
1713	1259.48846069871
1714	1433.58867922198
1715	1409.59272732775
1716	1375.81958458661
1717	1315.82697260582
1718	1201.78465772381
1719	1328.28743142649
1720	1406.49286520198
1721	1324.48758295054
1722	1358.76000136607
1723	1374.95665048806
1724	1370.53861282752
1725	1216.6175191432
1726	1284.21207854001
1727	1447.66884091413
1728	1265.62691301145
1729	1232.52267321506
1730	1467.32232009465
1731	1310.89969866912
1732	1346.9023324686
1733	1294.59113297464
1734	1410.8631141239
1735	1302.24938662071
1736	1311.4769690226
1737	1268.10868229854
1738	1296.88874769562
1739	1290.23843562272
1740	1233.83874095745
1741	1317.34980573733
1742	1338.40822601205
1743	1467.25876813445
1744	1268.3823760371
1745	1403.84757598312
1746	1320.98835200143
1747	1377.94148370373
1748	1475.20344272326
1749	1328.76642437653
1750	1386.07737312016
1751	1299.50076994661
1752	1321.94578087699
1753	1389.29858952068
1754	1463.74610059113
1755	1306.3090107795
1756	1280.64497249315
1757	1402.21305200086
1758	1368.96920017144
1759	1365.09132042239
1760	1282.64886392095
1761	1186.22044139034
1762	1279.51008967641
1763	1365.8655955608
1764	1322.97252675695
1765	1326.53170811148
1766	1321.35939071814
1767	1301.47059770897
1768	1350.6275068678
1769	1328.12668348609
1770	1273.7696386503
1771	1368.09414809095
1772	1359.97528334598
1773	1258.36787690383
1774	1301.8154810602
1775	1287.68638196297
1776	1362.60710886176
1777	1388.7832225765
1778	1439.86645726502
1779	1334.13347284865
1780	1322.95803645736
1781	1256.24893896723
1782	1361.27051408831
1783	1301.36477611214
1784	1325.71915996285
1785	1307.87485436349
1786	1420.15340093513
1787	1335.34223734414
1788	1382.7270734537
1789	1349.01404231199
1790	1269.27317870209
1791	1269.7629075294
1792	1456.81905692194
1793	1263.28785170963
1794	1276.20061585373
1795	1381.76419290714
1796	1315.85193920966
1797	1302.35689056148
1798	1372.81196558318
1799	1445.34179279735
1800	1364.46036669806
1801	1295.59642867833
1802	1379.85998304257
1803	1359.45084351097
1804	1331.50752427011
1805	1291.01398653002
1806	1372.56222230556
1807	1383.71668079575
1808	1411.83501924764
1809	1348.14034300066
1810	1264.42170020449
1811	1374.66297420521
1812	1371.20596643458
1813	1408.75409145103
1814	1296.41820876993
1815	1328.22461055416
1816	1315.63266567282
1817	1410.60055379203
1818	1345.2785386185
1819	1333.16588512534
1820	1317.20955370559
1821	1283.17132411573
1822	1324.8168071916
1823	1395.16753715708
1824	1470.6455732728
1825	1356.32347109779
1826	1292.56427599164
1827	1311.91994110121
1828	1277.83601735486
1829	1256.55603496275
1830	1457.57083405118
1831	1345.97534660498
1832	1411.77452934869
1833	1403.7857763567
1834	1259.05185633376
1835	1455.40904977722
1836	1375.644171567
1837	1334.07712515162
1838	1339.62799009829
1839	1402.54664412128
1840	1337.72196416261
1841	1387.96666826886
1842	1371.60676833165
1843	1326.39747836935
1844	1270.40616179984
1845	1361.16059738579
1846	1283.40724421921
1847	1207.04049749288
1848	1392.75285048415
1849	1368.09924232008
1850	1381.14238710423
1851	1391.19462162232
1852	1314.83595569733
1853	1330.22611580152
1854	1312.25700511764
1855	1248.5014827112
1856	1279.41294248865
1857	1379.35696109707
1858	1338.33870240845
1859	1266.23348844206
1860	1316.47869180498
1861	1361.38973684827
1862	1326.80908118018
1863	1359.04692606531
1864	1260.58496329041
1865	1269.52784302953
1866	1466.95008875437
1867	1266.32947467856
1868	1251.44530681763
1869	1313.5913909905
1870	1332.06650197403
1871	1304.82081521797
1872	1437.59028608251
1873	1460.54841498543
1874	1361.08560508246
1875	1365.33840347192
1876	1338.30617910338
1877	1251.54162673698
1878	1333.13091259194
1879	1252.33905480174
1880	1309.89351407479
1881	1386.98662253294
1882	1362.27314662355
1883	1311.47428040448
1884	1337.86610621329
1885	1206.50146306499
1886	1385.37535101108
1887	1379.93179370258
1888	1383.16467939555
1889	1372.58441255813
1890	1361.57401860954
1891	1307.62655136339
1892	1326.86322770682
1893	1334.03804776504
1894	1279.41465088123
1895	1319.74132554616
1896	1387.82269647653
1897	1288.55837627703
1898	1430.79671876627
1899	1361.97207445591
1900	1347.62663848804
1901	1321.76295606829
1902	1382.85093514968
1903	1350.62000448665
1904	1449.53715509931
1905	1406.7411778125
1906	1279.94422819686
1907	1321.39099939091
1908	1350.62393458072
1909	1319.93536036424
1910	1253.33467278847
1911	1353.27778870327
1912	1294.84410772833
1913	1312.15976365502
1914	1353.35351319277
1915	1401.4374535868
1916	1419.59008465039
1917	1361.81837796995
1918	1302.12809129866
1919	1228.26756803755
1920	1310.58280179784
1921	1376.47737748574
1922	1291.09455085095
1923	1287.34525788333
1924	1269.36284487405
1925	1282.23500587072
1926	1338.78947615905
1927	1409.3065583081
1928	1300.35161495087
1929	1311.26444084429
1930	1356.40881882778
1931	1316.09913266642
1932	1243.61206802063
1933	1303.45942364353
1934	1353.76159136133
1935	1250.76722753815
1936	1283.34047074887
1937	1305.0198736665
1938	1265.08746143756
1939	1458.35237837581
1940	1307.56963754032
1941	1321.35514620941
1942	1352.40703315329
1943	1309.69257355149
1944	1369.02959976215
1945	1380.50796386071
1946	1411.57108870455
1947	1336.12275999722
1948	1420.4134605297
1949	1256.28956560794
1950	1372.77770298419
1951	1356.75108017576
1952	1249.14146201665
1953	1327.04013302714
1954	1337.54130669142
1955	1275.25109090252
1956	1237.46001587332
1957	1306.1912049549
1958	1342.82268864101
1959	1285.7070923163
1960	1265.27933576783
1961	1242.59613485272
1962	1374.0577749712
1963	1330.93640081186
1964	1336.12760686848
1965	1287.21635419181
1966	1342.23806810632
1967	1246.42297801857
1968	1295.84145076813
1969	1241.66124642287
1970	1405.51547678421
1971	1313.42302244487
1972	1432.17398257375
1973	1281.38874209425
1974	1323.83470651097
1975	1450.04217138159
1976	1430.53363185665
1977	1404.2449800209
1978	1321.13927800583
1979	1294.69442360684
1980	1213.70323946482
1981	1427.73842321889
1982	1371.59477242889
1983	1295.37096721848
1984	1270.53303922006
1985	1369.599683254
1986	1247.80459428108
1987	1402.61115216532
1988	1407.56018955988
1989	1459.80245914468
1990	1321.61917006873
1991	1271.46073288237
1992	1245.35358708377
1993	1292.26546714063
1994	1298.52901847946
1995	1342.60352813143
1996	1308.97172519999
1997	1303.3148982475
1998	1445.53940231581
1999	1285.38025858623
2000	1384.06451080926
2001	1332.42584496674
2002	1340.8565802905
2003	1361.72788122825
2004	1366.71673400803
2005	1315.55070157166
2006	1346.65819124005
2007	1489.12618213296
2008	1382.73238599917
2009	1424.34719343271
2010	1295.22940689706
2011	1346.54623264354
2012	1334.58998635003
2013	1375.53234595586
2014	1315.06757699378
2015	1207.0059634417
2016	1381.45377821403
2017	1410.14113526839
2018	1330.29928091294
2019	1380.20749682066
2020	1347.06337963244
2021	1297.84428323923
2022	1367.53597421291
2023	1298.26609546013
2024	1185.66689429668
2025	1217.96449105679
2026	1330.91774541127
2027	1384.9881146616
2028	1357.28079216625
2029	1234.90926013051
2030	1340.90153719935
2031	1333.69176666549
2032	1370.63344443228
2033	1259.54024275117
2034	1439.42773166378
2035	1417.21524743978
2036	1377.12502798994
2037	1315.72056102701
2038	1316.37928574566
2039	1344.74012472338
2040	1369.46769061972
2041	1381.29808980737
2042	1245.83484102763
2043	1364.40982362745
2044	1364.95750139583
2045	1280.81807423285
2046	1461.9331484633
2047	1315.92167383643
2048	1318.84557897984
2049	1325.41843112785
2050	1238.26075220422
2051	1417.18471921854
2052	1305.43687286899
2053	1253.94032497768
2054	1338.39005808179
2055	1311.19460534807
2056	1267.6565020144
2057	1411.00184763116
2058	1364.0633485179
2059	1345.59642863842
2060	1303.24465246664
2061	1361.32765715457
2062	1298.51684189313
2063	1305.16218647205
2064	1429.88775767776
2065	1234.41015006476
2066	1305.63575758758
2067	1452.42449363969
2068	1370.09872028892
2069	1379.97982062326
2070	1317.22824233403
2071	1291.03943240646
2072	1293.36628736349
2073	1351.53733728015
2074	1301.74957313775
2075	1362.87003723711
2076	1362.70087596761
2077	1303.56784628209
2078	1359.48876489281
2079	1412.07658986761
2080	1391.46386910796
2081	1352.92859841785
2082	1325.99817014244
2083	1283.35730515189
2084	1368.8792498303
2085	1349.00509401328
2086	1344.90657732956
2087	1288.77592666308
2088	1490.4457918524
2089	1374.62479449478
2090	1386.97427159524
2091	1275.53771109728
2092	1236.14057606947
2093	1324.55132914705
2094	1378.94320065668
2095	1364.7646995382
2096	1327.53662097798
2097	1366.6931770834
2098	1255.3876599429
2099	1362.9876577707
2100	1397.47473318854
2101	1325.41228325392
2102	1342.43720478246
2103	1377.67126187172
2104	1347.42272630406
2105	1330.0895216983
2106	1417.48804833465
2107	1341.250273435
2108	1275.59647853325
2109	1365.97813119028
2110	1256.71750705288
2111	1336.56751364957
2112	1425.63581502618
2113	1297.77885186725
2114	1310.48206594322
2115	1333.62661236701
2116	1267.42769637867
2117	1363.92898948209
2118	1319.84602511067
2119	1339.02830087189
2120	1295.31287513802
2121	1308.44587591588
2122	1308.01383660239
2123	1345.89937707053
2124	1349.08591874507
2125	1475.79940870882
2126	1369.74092026892
2127	1319.98459204849
2128	1391.09706182815
2129	1316.33064890422
2130	1349.99968411852
2131	1337.56706508629
2132	1396.77600850471
2133	1327.28892723926
2134	1370.10549581564
2135	1384.77345357495
2136	1307.69087872824
2137	1366.62763874916
2138	1229.8444783163
2139	1295.70925730701
2140	1327.92455104128
2141	1263.69127535637
2142	1356.6499934497
2143	1262.75694789103
2144	1277.46792568382
2145	1342.50414794296
2146	1416.84564150641
2147	1318.37721205023
2148	1276.56278062299
2149	1466.83199326621
2150	1260.60509026436
2151	1292.79768990367
2152	1307.79367751609
2153	1387.08454937606
2154	1367.53391540834
2155	1405.97458353984
2156	1312.51062543852
2157	1411.26461310196
2158	1335.13048808546
2159	1379.64754841789
2160	1309.04420703002
2161	1290.21054448961
2162	1314.37431974575
2163	1296.11821912141
2164	1227.09724327558
2165	1444.42146149459
2166	1423.09690940425
2167	1261.08474908201
2168	1352.52650760501
2169	1383.43723542015
2170	1370.84472516424
2171	1344.61242190921
2172	1220.77674165876
2173	1317.49363510654
2174	1401.82693459586
2175	1319.82355344122
2176	1346.8109004711
2177	1329.31466502661
2178	1341.5145878889
2179	1301.78848702159
2180	1356.87117127539
2181	1384.55301085927
2182	1350.6086553054
2183	1311.82920299722
2184	1387.13175631843
2185	1388.96873903991
2186	1366.84602830668
2187	1274.33662898032
2188	1317.56548188021
2189	1317.4450952983
2190	1477.29787706024
2191	1411.23827702413
2192	1301.38711562063
2193	1281.38212474493
2194	1315.00888937506
2195	1397.77848797982
2196	1274.25758468849
2197	1396.45357074199
2198	1250.09395452159
2199	1330.03666428626
2200	1344.43757650515
2201	1403.08489436518
2202	1350.33042847581
2203	1278.51924661803
2204	1408.08212752688
2205	1344.39844183007
2206	1386.23578508886
2207	1332.50452317771
2208	1436.44713685002
2209	1343.23378485508
2210	1360.59865591409
2211	1301.53183840518
2212	1408.54204094801
2213	1217.54685396532
2214	1449.99735309333
2215	1375.45400249061
2216	1355.89900896239
2217	1372.83018221165
2218	1377.44566822621
2219	1250.4364781929
2220	1369.08709127899
2221	1329.76242011369
2222	1300.12186553505
2223	1376.87168888568
2224	1253.18766446194
2225	1230.48481202343
2226	1342.2260856609
2227	1272.98829509079
2228	1283.47358434449
2229	1385.03689994758
2230	1394.16561160361
2231	1342.03142497061
2232	1216.89720281536
2233	1367.36482075217
2234	1479.61427250196
2235	1269.41604908642
2236	1425.06531729373
2237	1330.37626183667
2238	1416.14065992101
2239	1330.10867614873
2240	1267.62628183918
2241	1337.83766338874
2242	1395.20443080692
2243	1379.34212131143
2244	1480.06305269525
2245	1284.08551743498
2246	1370.02032326598
2247	1397.7024426348
2248	1276.78763047447
2249	1318.05690689209
2250	1325.54445703221
2251	1296.75484545456
2252	1440.83975262135
2253	1405.19692161216
2254	1396.55242388461
2255	1314.92094604264
2256	1357.22005255014
2257	1332.19469321925
2258	1351.94893035337
2259	1343.76344559918
2260	1353.99964868574
2261	1470.2314439509
2262	1215.06815702083
2263	1224.40134805961
2264	1352.87573069571
2265	1329.68433837797
2266	1344.44267388943
2267	1410.66357530204
2268	1266.44288639479
2269	1381.95157555677
2270	1477.37055794942
2271	1251.89169722941
2272	1274.90868643785
2273	1399.58282285134
2274	1295.88402984911
2275	1393.81385281889
2276	1290.6814179167
2277	1234.60030194801
2278	1416.23896175568
2279	1307.16996610315
2280	1423.08895793824
2281	1320.93342374062
2282	1355.66213458852
2283	1477.8914938473
2284	1258.6121562478
2285	1431.36815717352
2286	1355.68279158706
2287	1315.29436894438
2288	1405.84971492766
2289	1264.30402231462
2290	1301.30522698877
2291	1398.87604733814
2292	1339.8952844929
2293	1420.82181551281
2294	1310.73087826359
2295	1278.71349112999
2296	1414.61196401804
2297	1396.31062600133
2298	1307.05751427446
2299	1325.76427541088
2300	1358.37962749351
2301	1263.68184096286
2302	1376.78933080865
2303	1288.27632337732
2304	1287.62504044408
2305	1449.1549563192
2306	1238.42561780606
2307	1313.94576982377
2308	1314.42186906753
2309	1291.39672372034
2310	1354.2880483265
2311	1245.08081393794
2312	1335.7867667005
2313	1356.62991570934
2314	1421.43525559517
2315	1345.04515778338
2316	1333.0777961582
2317	1362.57053573038
2318	1321.06076989622
2319	1195.62339110275
2320	1317.5959012962
2321	1315.50332862313
2322	1362.58811188953
2323	1382.29182405466
2324	1308.12906867941
2325	1375.61439298107
2326	1367.94189537703
2327	1331.32866882592
2328	1307.24074007289
2329	1375.02274370836
2330	1255.52916907148
2331	1313.25854474352
2332	1286.62676497985
2333	1327.75480912176
2334	1376.07803594798
2335	1421.52695894069
2336	1333.36411153995
2337	1369.2458704534
2338	1340.27860337085
2339	1208.1000678159
2340	1396.09802573291
2341	1274.67578380532
2342	1303.42120063784
2343	1244.05332645132
2344	1259.50750575462
2345	1261.61948897266
2346	1397.64995498292
2347	1505.91048707077
2348	1256.20450544242
2349	1282.46826931154
2350	1248.94678527323
2351	1374.16128540718
2352	1273.60046671606
2353	1277.42101307195
2354	1340.67107684048
2355	1318.07120345354
2356	1356.04181884526
2357	1261.05691316797
2358	1417.00472088282
2359	1242.07532339501
2360	1341.54453470504
2361	1349.83448590729
2362	1445.40793538226
2363	1236.80086924815
2364	1444.78842966672
2365	1373.27689309379
2366	1365.26886349884
2367	1415.0779032869
2368	1271.44515092084
2369	1297.19276051087
2370	1381.12565860475
2371	1374.19856568411
2372	1379.71001339651
2373	1294.50648378429
2374	1347.07136107533
2375	1359.31894898067
2376	1384.65546910112
2377	1295.39918087871
2378	1344.81858637026
2379	1376.8668045567
2380	1384.51645565636
2381	1350.21240373145
2382	1381.2835459382
2383	1358.43854138444
2384	1328.45546356401
2385	1354.71116435548
2386	1424.7952435939
2387	1446.22732140212
2388	1474.80806156062
2389	1373.47282220887
2390	1412.16570614268
2391	1403.94298680353
2392	1333.60104651026
2393	1365.73572625515
2394	1300.48212057376
2395	1131.25151203622
2396	1376.17346015003
2397	1379.51235945761
2398	1253.82489223341
2399	1286.45843459704
2400	1479.56284736332
2401	1351.02133092255
2402	1329.92563050671
2403	1345.4164404327
2404	1318.54324109833
2405	1227.9729188144
2406	1264.52572819915
2407	1297.32958562621
2408	1373.20247475426
2409	1398.58182249218
2410	1283.37371591037
2411	1194.35411533308
2412	1302.15507238714
2413	1318.00058087948
2414	1305.27294765227
2415	1338.76787080539
2416	1362.91012004595
2417	1427.41509268339
2418	1365.26808204552
2419	1421.88693720572
2420	1292.86303271229
2421	1362.99516616644
2422	1435.70631040351
2423	1399.99172432117
2424	1303.49278987863
2425	1394.06473877324
2426	1310.49765466564
2427	1397.7498002744
2428	1302.67424466992
2429	1302.86754090021
2430	1266.26196085726
2431	1301.05240462391
2432	1366.59726588423
2433	1350.83396978408
2434	1265.44738443099
2435	1293.57654631229
2436	1323.84191702302
2437	1302.63861764452
2438	1376.69615261395
2439	1474.87279034472
2440	1329.89507799225
2441	1357.90124592049
2442	1303.02409032798
2443	1299.6524217392
2444	1357.81154594767
2445	1369.56610405199
2446	1306.56897252649
2447	1397.39561078205
2448	1384.52903104133
2449	1333.26637890449
2450	1427.27081714632
2451	1255.81818690814
2452	1424.78982318496
2453	1235.88680546774
2454	1314.17292277796
2455	1321.28652466008
2456	1270.79414496574
2457	1401.42987940989
2458	1300.07765087017
2459	1300.12075933306
2460	1379.69159696609
2461	1302.03947669218
2462	1343.78018705311
2463	1325.26426038525
2464	1278.72485706889
2465	1289.08211881513
2466	1356.26411382888
2467	1397.65717400275
2468	1408.09130623678
2469	1311.72663781839
2470	1302.8302969618
2471	1311.18963656314
2472	1273.23885351227
2473	1526.41981618752
2474	1321.12914953245
2475	1351.23374740467
2476	1489.29570205736
2477	1367.69916992246
2478	1369.87913458499
2479	1419.2198517933
2480	1373.62802448737
2481	1279.53264935432
2482	1285.75030425652
2483	1379.41027998855
2484	1321.42023627303
2485	1289.0336868372
2486	1278.13266358896
2487	1427.90543374971
2488	1382.14189878122
2489	1356.80808369656
2490	1274.54189953435
2491	1323.34264825726
2492	1340.63190065867
2493	1288.3884402306
2494	1259.60798751824
2495	1357.48085485495
2496	1291.95501802271
2497	1328.08937369609
2498	1348.40658818822
2499	1307.28280007815
2500	1292.2481946816
2501	1285.48978609078
2502	1348.37834068038
2503	1305.32967496037
2504	1248.41470184278
2505	1320.44695950258
2506	1265.25062607189
2507	1392.33710660438
2508	1292.40406470677
2509	1218.27786191528
2510	1406.89239478514
2511	1330.3611946268
2512	1389.05975056022
2513	1382.58569687057
2514	1309.67161815634
2515	1407.08573830201
2516	1285.61509304819
2517	1313.04181419015
2518	1316.25647407652
2519	1287.72594344345
2520	1392.5967145928
2521	1477.83284790953
2522	1317.94065880605
2523	1348.9832088312
2524	1331.86192756312
2525	1331.34716269452
2526	1379.51085919689
2527	1379.02437497658
2528	1358.0511271522
2529	1496.61114113116
2530	1302.84123549209
2531	1287.91192604061
2532	1309.67266054275
2533	1329.31183379521
2534	1359.14720275504
2535	1333.58930586067
2536	1277.53681088408
2537	1330.25874590482
2538	1330.12541873429
2539	1342.04541791556
2540	1245.47880707561
2541	1300.35220779639
2542	1387.5900520205
2543	1326.65812328298
2544	1283.2604863439
2545	1355.47329025738
2546	1398.9289672336
2547	1382.49550962562
2548	1314.88426529601
2549	1321.98122735855
2550	1354.88532519837
2551	1201.08305674713
2552	1306.02535932685
2553	1309.25142806903
2554	1406.55295517164
2555	1339.54540155917
2556	1339.17596699528
2557	1293.42519951358
2558	1353.16997185384
2559	1274.08349377465
2560	1229.50313643471
2561	1333.28136048173
2562	1274.55558560821
2563	1356.98738275191
2564	1285.83122890197
2565	1359.63118054799
2566	1297.16329244824
2567	1348.86680491681
2568	1387.8177537689
2569	1367.37019454922
2570	1399.41847542701
2571	1292.32670320333
2572	1273.69346187896
2573	1199.15196522694
2574	1321.42975403695
2575	1323.04364069497
2576	1382.41543912184
2577	1293.74888594168
2578	1296.66895993714
2579	1468.53222081077
2580	1310.61797452607
2581	1226.33852675224
2582	1329.92977420202
2583	1461.54889957067
2584	1366.94917357685
2585	1241.66872685796
2586	1300.83067734559
2587	1404.36260928309
2588	1345.1725109526
2589	1313.29428806651
2590	1363.03940254271
2591	1480.11632706825
2592	1338.77995659431
2593	1333.40484434882
2594	1376.77674573465
2595	1339.53893711415
2596	1220.64110977616
2597	1376.69408879916
2598	1397.17302721072
2599	1366.2113672216
2600	1359.47938605069
2601	1401.34533673597
2602	1214.40755708217
2603	1317.42754346987
2604	1484.0512696915
2605	1318.07567414672
2606	1317.04087312207
2607	1344.99528449034
2608	1265.10946775846
2609	1380.13301836708
2610	1360.91613858665
2611	1292.37615336204
2612	1441.12404305184
2613	1388.60976128216
2614	1377.64380675948
2615	1352.13564452402
2616	1335.82600708003
2617	1346.76729450822
2618	1341.67275678107
2619	1379.94044844004
2620	1325.04698895856
2621	1369.26858702894
2622	1292.08492200057
2623	1259.42990565039
2624	1255.87564275077
2625	1335.16591163206
2626	1365.99012996764
2627	1269.81493918264
2628	1401.07711553965
2629	1248.21117242151
2630	1411.10894715812
2631	1326.82700228779
2632	1326.23438327963
2633	1252.91637612392
2634	1371.22664643333
2635	1300.30891517384
2636	1332.79935126169
2637	1273.43467997672
2638	1384.96429522826
2639	1394.58541747956
2640	1334.6529554853
2641	1389.64928059011
2642	1286.71156613086
2643	1362.73806846099
2644	1373.72480704927
2645	1380.52364707135
2646	1371.70141466323
2647	1343.48831891311
2648	1360.32521348127
2649	1402.13379569102
2650	1441.46104027131
2651	1418.47494900954
2652	1274.78683138094
2653	1396.86348479878
2654	1326.20023408303
2655	1264.89058968344
2656	1362.47154677328
2657	1471.44426022247
2658	1346.25806358068
2659	1449.79949201457
2660	1337.80061923699
2661	1214.07764288142
2662	1343.45832445844
2663	1342.55235418854
2664	1268.77463571665
2665	1368.14291441652
2666	1325.44051807965
2667	1310.29864110481
2668	1329.57053241606
2669	1392.85956989243
2670	1390.74827721269
2671	1353.47913939189
2672	1380.30489824122
2673	1332.62255516885
2674	1333.097406949
2675	1349.25682778147
2676	1396.13597613772
2677	1389.34715480815
2678	1377.36320397555
2679	1263.35632530346
2680	1351.41987114827
2681	1418.51161732255
2682	1391.45791302566
2683	1228.83359024941
2684	1286.68443236298
2685	1277.79219202314
2686	1341.46404454435
2687	1287.64714500927
2688	1338.5480146089
2689	1213.20189186833
2690	1519.19547034133
2691	1532.19528032578
2692	1324.87042088698
2693	1368.50429763223
2694	1363.6652450227
2695	1304.28637564743
2696	1422.39128390103
2697	1334.805823734
2698	1266.38091329159
2699	1266.12669674805
2700	1300.90545673423
2701	1246.60336727133
2702	1429.62433657393
2703	1420.89096657082
2704	1361.68791020896
2705	1396.39792697333
2706	1411.22117411804
2707	1352.16567326096
2708	1381.65780600662
2709	1430.80455109407
2710	1294.56713009287
2711	1259.10929669974
2712	1400.90212965425
2713	1245.4020229138
2714	1299.79014295993
2715	1322.90564492528
2716	1379.22848956714
2717	1355.74727888418
2718	1290.61679816098
2719	1302.60428214742
2720	1268.2778119298
2721	1371.72454442594
2722	1300.3314747793
2723	1398.44493542204
2724	1267.07646546741
2725	1368.97901205012
2726	1414.28072469253
2727	1360.69435443008
2728	1379.86995217804
2729	1356.34472658749
2730	1379.89185822025
2731	1367.52932496298
2732	1415.14664172791
2733	1293.62128087165
2734	1310.81987400308
2735	1237.81908302931
2736	1412.75030982569
2737	1308.24958300378
2738	1284.08767234704
2739	1382.40678949647
2740	1247.26621474816
2741	1352.23499632014
2742	1191.3610295397
2743	1377.64769266723
2744	1437.18726132351
2745	1339.6404379756
2746	1380.51575835232
2747	1173.71172795069
2748	1368.2317971008
2749	1388.40572221895
2750	1314.17609795729
2751	1319.91791101615
2752	1333.02936722737
2753	1251.75510628054
2754	1309.47362020932
2755	1272.33986829898
2756	1302.23558454033
2757	1351.9622754134
2758	1432.44587839794
2759	1326.31218158163
2760	1337.08513683782
2761	1314.19554389151
2762	1246.96918596382
2763	1332.58402256002
2764	1287.59484928827
2765	1357.5700437399
2766	1385.98439411801
2767	1423.97781990786
2768	1380.00754296791
2769	1329.75256435835
2770	1276.79191079524
2771	1390.86784455111
2772	1344.15871325743
2773	1365.58305909435
2774	1322.60786231914
2775	1333.67390030971
2776	1280.05198672658
2777	1291.49383309723
2778	1330.04938898197
2779	1253.8767952124
2780	1305.89702145492
2781	1433.62481912805
2782	1347.35733429662
2783	1368.04340165532
2784	1359.64290102826
2785	1354.18283496432
2786	1296.037627926
2787	1333.97877021891
2788	1345.46319160536
2789	1355.05252545236
2790	1229.17253792699
2791	1399.19655349721
2792	1393.6965666742
2793	1409.72766416256
2794	1360.21122538585
2795	1313.95128742524
2796	1432.92284877048
2797	1374.18753023826
2798	1376.24625013356
2799	1287.23967079526
2800	1416.33349584764
2801	1292.38368633892
2802	1359.73878503651
2803	1377.71913919174
2804	1392.68106827888
2805	1335.77386547262
2806	1370.97537759294
2807	1246.84317829676
2808	1314.16007816759
2809	1423.86070886825
2810	1344.17690391976
2811	1250.47999809895
2812	1322.90468462418
2813	1303.00085279355
2814	1405.39089905158
2815	1372.43325080944
2816	1346.56851007415
2817	1303.73089327925
2818	1302.61346716238
2819	1398.99987212019
2820	1245.520002691
2821	1353.32648368482
2822	1328.58579691854
2823	1310.38836985026
2824	1329.96607445043
2825	1326.90134377282
2826	1340.0265017343
2827	1374.40040491233
2828	1319.08410892695
2829	1254.77527200348
2830	1405.44427539902
2831	1280.35866808673
2832	1291.50100573143
2833	1376.97498847052
2834	1411.95831052693
2835	1360.54538310264
2836	1347.57850676334
2837	1380.34876009472
2838	1389.20816491561
2839	1381.70844127195
2840	1389.91879432174
2841	1459.55415974184
2842	1308.50471755941
2843	1309.22637789538
2844	1258.76027428568
2845	1300.00284922244
2846	1336.79014473449
2847	1332.53658822709
2848	1335.70126849428
2849	1283.94035963063
2850	1292.54587605593
2851	1294.06075902549
2852	1220.22322054056
2853	1225.04659651916
2854	1345.09264331157
2855	1252.24103581443
2856	1371.82721798189
2857	1436.59940986853
2858	1419.03374082841
2859	1413.42985262826
2860	1407.49772104093
2861	1300.19470408978
2862	1344.34926331581
2863	1187.76321301421
2864	1444.05707439233
2865	1335.08203323929
2866	1270.17425688384
2867	1352.55611603155
2868	1413.82100843338
2869	1341.47783275812
2870	1444.25698796648
2871	1349.87716622415
2872	1326.11662793393
2873	1252.95144313762
2874	1266.58642673935
2875	1307.82429758193
2876	1235.03601110884
2877	1356.81721373484
2878	1319.03692610918
2879	1399.81233685204
2880	1406.57229018932
2881	1283.53203613711
2882	1340.37757774432
2883	1315.32033203286
2884	1331.91783514961
2885	1378.14912315176
2886	1255.73274672494
2887	1306.4629628607
2888	1461.17396334135
2889	1455.08058451326
2890	1347.67580142757
2891	1330.53170947591
2892	1424.48160072464
2893	1385.98038723759
2894	1238.27744477446
2895	1298.74496831162
2896	1332.37195552046
2897	1396.05459292352
2898	1320.11166577055
2899	1331.90825908697
2900	1354.95590013356
2901	1331.83464128859
2902	1459.31421570343
2903	1298.33470513634
2904	1344.17565844955
2905	1316.21511567628
2906	1355.08979171812
2907	1367.91894674214
2908	1241.37271048873
2909	1338.8632376052
2910	1317.08077433777
2911	1390.72406135942
2912	1311.90507922061
2913	1370.39208581127
2914	1331.93711048242
2915	1436.3834190018
2916	1368.15206200941
2917	1339.71763854335
2918	1306.48067793472
2919	1397.15215611207
2920	1269.73489332814
2921	1295.94277425178
2922	1458.6537363256
2923	1163.61584288354
2924	1281.00354999022
2925	1341.53224763758
2926	1306.52805789439
2927	1400.06188929052
2928	1409.85564019881
2929	1227.42432731836
2930	1359.04897910783
2931	1393.9571244866
2932	1408.07802444968
2933	1316.06980455351
2934	1335.21835060773
2935	1314.26516920256
2936	1406.58606883605
2937	1314.68607894552
2938	1329.52773648787
2939	1349.92570185852
2940	1383.96696701211
2941	1302.57847622982
2942	1245.15577045629
2943	1450.25136930375
2944	1426.05491420253
2945	1208.90199171086
2946	1331.85631120956
2947	1330.52641342169
2948	1312.1552143723
2949	1335.47516472798
2950	1363.38939550836
2951	1300.60768239532
2952	1287.63817451822
2953	1402.12768484111
2954	1321.56019254238
2955	1328.50879390494
2956	1263.63024897251
2957	1310.34220683066
2958	1257.45422408552
2959	1204.56248411867
2960	1232.24288418085
2961	1344.00095847887
2962	1310.08774227919
2963	1286.80071236863
2964	1308.12507960507
2965	1327.12040855983
2966	1435.80033682757
2967	1286.89586106231
2968	1466.02260495697
2969	1245.97311409545
2970	1435.23638521008
2971	1381.06089309594
2972	1374.81930233779
2973	1225.16640115785
2974	1282.99460195029
2975	1360.60052938423
2976	1313.38958796536
2977	1365.31471203602
2978	1286.45313099131
2979	1243.6520070896
2980	1295.45758518241
2981	1310.06376661045
2982	1312.27875830281
2983	1386.24960312458
2984	1400.34907422552
2985	1330.97119657218
2986	1357.1579252996
2987	1363.58933568763
2988	1325.57843785364
2989	1370.31624737707
2990	1339.19171092807
2991	1335.40259857747
2992	1334.8146080794
2993	1373.26578714757
2994	1309.07355980699
2995	1260.46568999172
2996	1244.23461711015
2997	1210.15179951216
2998	1294.97818923739
2999	1283.44725105994
3000	1269.95843988247
3001	1391.6490496948
3002	1403.14834599692
3003	1326.82466488847
3004	1413.19672755013
3005	1263.52855365817
3006	1202.71728020227
3007	1294.7867076795
3008	1263.3935280486
3009	1372.96955147699
3010	1360.3367657412
3011	1363.61416702965
3012	1364.59403445557
3013	1282.29043999462
3014	1357.44183703297
3015	1436.24176793704
3016	1285.34392700312
3017	1338.5616938247
3018	1371.92282568597
3019	1323.18541307858
3020	1304.05439922606
3021	1332.79387492308
3022	1368.10450992801
3023	1198.35327900366
3024	1329.8244872143
3025	1282.79815036743
3026	1334.57162498267
3027	1255.85352474252
3028	1364.01697934458
3029	1438.9994167629
3030	1312.29804460369
3031	1425.73770035887
3032	1387.1695985313
3033	1393.8592735057
3034	1383.12710437096
3035	1293.3898642869
3036	1393.45894721996
3037	1305.30153405026
3038	1408.99004611802
3039	1376.28756531723
3040	1389.38326759648
3041	1356.63190703945
3042	1256.51590021839
3043	1443.0258007368
3044	1250.34431903977
3045	1417.27082524279
3046	1293.73655551995
3047	1278.04902981323
3048	1325.16843761001
3049	1484.75202830915
3050	1275.68123314312
3051	1403.2073579112
3052	1394.4099713927
3053	1362.87345083884
3054	1277.31307523463
3055	1377.52060982646
3056	1377.69609374091
3057	1276.54463085547
3058	1282.12853376843
3059	1384.36296372802
3060	1366.7321643621
3061	1395.28193198103
3062	1276.28490000623
3063	1317.84542235384
3064	1259.37237486468
3065	1316.1004982731
3066	1420.88949955511
3067	1320.79918812038
3068	1422.74327878731
3069	1355.14142044517
3070	1319.39047133394
3071	1329.6746784591
3072	1256.77828855471
3073	1252.07496293549
3074	1286.64157097465
3075	1348.61517299636
3076	1362.92216684697
3077	1353.43866346364
3078	1421.63508972626
3079	1285.3563166745
3080	1300.3796520673
3081	1336.49362725625
3082	1316.43838998452
3083	1296.44542421578
3084	1432.1025434176
3085	1299.85849492582
3086	1336.77812983406
3087	1291.93583314332
3088	1194.79320565784
3089	1372.56343977057
3090	1317.52553980979
3091	1242.21382307076
3092	1410.46081843125
3093	1386.60432494005
3094	1368.09434956418
3095	1392.97293005443
3096	1394.5219987936
3097	1369.46471602444
3098	1378.86471496841
3099	1354.56979688649
3100	1263.27951323468
3101	1372.92932522473
3102	1122.83365569551
3103	1260.73014732498
3104	1344.02809996998
3105	1392.17617961594
3106	1343.59887760453
3107	1370.491987316
3108	1328.8340431401
3109	1343.72129713742
3110	1420.25313206241
3111	1268.93612002085
3112	1371.64748270315
3113	1384.94715510612
3114	1299.25843677096
3115	1324.47071345147
3116	1349.47612748747
3117	1300.01465475878
3118	1374.52588472502
3119	1411.53519942668
3120	1320.93543556889
3121	1242.72851245596
3122	1337.85606096
3123	1342.54241815936
3124	1328.16555758748
3125	1408.98400859362
3126	1307.07216880596
3127	1340.10465413501
3128	1416.56683180875
3129	1310.53130219832
3130	1335.72049141541
3131	1393.76177215506
3132	1354.90576919814
3133	1360.64220728273
3134	1261.76295481605
3135	1353.18401890274
3136	1332.08353379112
3137	1421.13194745741
3138	1432.44122256495
3139	1289.4733083847
3140	1394.63221114024
3141	1368.87626472284
3142	1330.76890397288
3143	1416.10184536081
3144	1282.80398200411
3145	1342.91362943524
3146	1372.82136662103
3147	1339.47357128044
3148	1402.05315259484
3149	1406.14622458288
3150	1429.90751144892
3151	1261.74933954933
3152	1346.8919642022
3153	1299.24463799161
3154	1388.26710687398
3155	1220.63499324324
3156	1456.13096830834
3157	1319.33092439757
3158	1372.17270784339
3159	1262.83975232943
3160	1393.35524382486
3161	1414.76675714516
3162	1401.34587154442
3163	1375.68952337124
3164	1324.81168031228
3165	1312.76127934226
3166	1400.2861613863
3167	1271.11633499687
3168	1291.6328071645
3169	1353.92556510826
3170	1379.60402368643
3171	1383.70840299986
3172	1424.98817303711
3173	1316.11031144232
3174	1463.61934299437
3175	1278.37123140667
3176	1281.87764879863
3177	1277.32427854877
3178	1297.31114478978
3179	1323.66640281401
3180	1363.91777275093
3181	1277.48965922331
3182	1353.76890894106
3183	1376.70531871089
3184	1301.63901823378
3185	1465.88739342957
3186	1413.23315262374
3187	1348.48356453303
3188	1431.82293349968
3189	1336.69260090824
3190	1267.15268403367
3191	1301.87842659983
3192	1276.05682083931
3193	1255.49921335313
3194	1395.923100296
3195	1393.44463024876
3196	1309.72550664638
3197	1274.15857734023
3198	1292.98293850577
3199	1391.67714522822
3200	1415.00873097918
3201	1318.01617627982
3202	1353.91907978272
3203	1353.2732261207
3204	1230.53496270063
3205	1449.26801364856
3206	1318.17766622005
3207	1304.35006043668
3208	1283.03985191814
3209	1271.2522259994
3210	1312.86866362409
3211	1321.55207578478
3212	1272.01530554442
3213	1465.69404604018
3214	1409.25515807324
3215	1523.38922641352
3216	1327.21702834831
3217	1380.98033902307
3218	1344.81508008722
3219	1302.19267590685
3220	1368.62661500059
3221	1252.19204021379
3222	1354.31792483372
3223	1382.19278532067
3224	1329.73706676395
3225	1413.34385054098
3226	1296.97804456824
3227	1319.18680764015
3228	1239.97294996805
3229	1310.88100375782
3230	1302.42940437331
3231	1428.75511923547
3232	1368.2092936293
3233	1286.46578494581
3234	1322.99052002455
3235	1334.75641601674
3236	1364.16872259503
3237	1488.63384271202
3238	1345.96040940389
3239	1359.91963152893
3240	1366.74295252109
3241	1209.48720670537
3242	1182.68829863833
3243	1329.58431863052
3244	1397.83396590429
3245	1325.94095238861
3246	1267.97160399041
3247	1365.77880607765
3248	1374.6799746396
3249	1276.94548662684
3250	1392.39505426694
3251	1311.71796042005
3252	1306.59616496501
3253	1402.01262330208
3254	1402.42712582561
3255	1291.22529804982
3256	1403.58678016248
3257	1342.27559744425
3258	1391.91734702647
3259	1335.8865211189
3260	1392.35283254571
3261	1373.34625738782
3262	1368.10959635833
3263	1285.00806012438
3264	1400.46261617014
3265	1296.61648741069
3266	1299.61161279843
3267	1347.28140983163
3268	1254.39784325827
3269	1273.65946210823
3270	1305.1524236085
3271	1383.59431405388
3272	1349.71708823732
3273	1367.29651161268
3274	1321.66915912449
3275	1338.24326547994
3276	1484.97364064109
3277	1367.00335612045
3278	1266.17323319321
3279	1387.4813755897
3280	1293.36020369761
3281	1317.84629286833
3282	1368.9857551008
3283	1247.54999195331
3284	1342.54713729529
3285	1314.6628110243
3286	1341.37504101309
3287	1334.70909065593
3288	1258.72921591355
3289	1392.94793300143
3290	1354.7445459488
3291	1389.96126271914
3292	1496.21497262482
3293	1375.3226265258
3294	1365.50019201462
3295	1347.00355524116
3296	1384.73718544016
3297	1293.58449743592
3298	1320.49384196377
3299	1405.88198379156
3300	1276.56050992287
3301	1479.40664237007
3302	1274.51586689719
3303	1331.26787105609
3304	1323.55479026235
3305	1431.97971156818
3306	1379.8148067787
3307	1357.91009115273
3308	1323.23332369009
3309	1331.30352461967
3310	1357.39142046305
3311	1342.76687174202
3312	1384.55996332495
3313	1338.66572403688
3314	1322.24384320554
3315	1251.29448088037
3316	1344.500456778
3317	1316.88813265628
3318	1373.75597820101
3319	1372.95765500405
3320	1265.62823439881
3321	1236.26907162804
3322	1331.24357690753
3323	1392.28446294797
3324	1256.22367755214
3325	1426.12462325825
3326	1392.1982721483
3327	1330.27678683425
3328	1428.76944331958
3329	1346.25588079131
3330	1296.15817906032
3331	1332.0146990702
3332	1423.464736088
3333	1248.90666443283
3334	1351.2178628082
3335	1327.03764318277
3336	1370.56697568563
3337	1294.96300888518
3338	1327.3018386192
3339	1266.85536017766
3340	1276.57504254207
3341	1256.75713062248
3342	1289.49282162849
3343	1331.95933261312
3344	1361.160639928
3345	1331.65774685697
3346	1358.40307235608
3347	1283.22376441394
3348	1278.21418752954
3349	1262.93788954745
3350	1310.59065907783
3351	1334.56378859353
3352	1387.38551365958
3353	1432.75897871919
3354	1296.56775133388
3355	1385.22283249667
3356	1263.99842639925
3357	1404.21352961129
3358	1252.64993712615
3359	1306.1112273702
3360	1335.6777022585
3361	1301.07585332661
3362	1461.40007538336
3363	1266.19943399428
3364	1302.47386400621
3365	1252.62605770283
3366	1342.62275958929
3367	1339.11055091687
3368	1422.65852649264
3369	1254.04869453332
3370	1306.71532037912
3371	1313.52418302387
3372	1367.23760088291
3373	1314.67537321091
3374	1355.52777130891
3375	1316.89051540942
3376	1345.73696329437
3377	1346.83126185048
3378	1331.60032205172
3379	1325.56011410398
3380	1319.49854198209
3381	1376.26982000829
3382	1338.01567095903
3383	1307.81791807688
3384	1292.28073658373
3385	1301.98890327502
3386	1411.77728792408
3387	1369.08990514982
3388	1317.96685319482
3389	1360.21343711718
3390	1296.39924095529
3391	1396.90698768006
3392	1213.90160632192
3393	1346.26639445419
3394	1344.04910735278
3395	1317.62049397069
3396	1239.15091932739
3397	1291.57746426021
3398	1295.22199925594
3399	1267.82203512805
3400	1393.29770908802
3401	1326.51129368976
3402	1445.60794253284
3403	1338.32770177962
3404	1336.97990132467
3405	1348.42657344455
3406	1276.52144622944
3407	1390.05428865863
3408	1357.35631232001
3409	1340.21564008764
3410	1320.20940433324
3411	1350.07797468193
3412	1324.455751373
3413	1392.19154659204
3414	1364.4166541064
3415	1358.0227814394
3416	1383.52227150545
3417	1347.95720489927
3418	1405.02947619641
3419	1300.61332421902
3420	1453.34619084094
3421	1370.03358928422
3422	1208.26724787376
3423	1391.20920635873
3424	1343.75060072106
3425	1392.27910186906
3426	1410.05551320705
3427	1321.66251539
3428	1457.76234191806
3429	1407.37522468512
3430	1358.53361849324
3431	1272.0851186438
3432	1414.20957682306
3433	1381.96447079088
3434	1331.65616790968
3435	1274.63585530078
3436	1271.55376335116
3437	1385.55987606171
3438	1323.05153909064
3439	1340.89418405117
3440	1321.5871407341
3441	1302.42230915995
3442	1284.34328792284
3443	1357.8008304122
3444	1414.19932185742
3445	1341.44770160837
3446	1300.2611313312
3447	1336.48605470433
3448	1338.0694043929
3449	1378.96749739518
3450	1339.70392080119
3451	1361.82970134356
3452	1457.9104113915
3453	1291.3229668287
3454	1291.47934534142
3455	1345.17970973893
3456	1360.54528960653
3457	1380.14531753807
3458	1373.0729597308
3459	1336.44006589312
3460	1339.9827373817
3461	1321.87254379818
3462	1241.40499996656
3463	1292.30497266823
3464	1428.26375346654
3465	1326.70526201783
3466	1204.99834842103
3467	1372.95614170002
3468	1302.59229117624
3469	1257.22661597683
3470	1330.94525068459
3471	1359.21540592242
3472	1256.95681078478
3473	1286.49336852249
3474	1429.34119204213
3475	1367.04578807749
3476	1356.56439292902
3477	1300.85903964265
3478	1345.62590865778
3479	1336.26851686448
3480	1376.28570347757
3481	1378.57092177981
3482	1279.31970638346
3483	1256.32405355389
3484	1357.77550587636
3485	1347.76075003559
3486	1265.24451207894
3487	1272.88473626518
3488	1354.10659922576
3489	1432.5265420571
3490	1343.84035568447
3491	1362.73918259564
3492	1283.65421021616
3493	1379.6254253315
3494	1256.71285860551
3495	1307.95220477579
3496	1305.57253402101
3497	1355.95513922463
3498	1307.22578728361
3499	1283.48937194164
3500	1352.83854975584
3501	1338.14485474911
3502	1366.29310342828
3503	1362.60290042491
3504	1303.46512971056
3505	1261.74820355282
3506	1316.60615110408
3507	1261.946018287
3508	1395.06554841672
3509	1412.12143178587
3510	1261.1947568463
3511	1397.17025233118
3512	1357.47428671368
3513	1223.51286326066
3514	1267.36004927362
3515	1299.84324497799
3516	1364.03954933867
3517	1330.30421157128
3518	1326.80284593582
3519	1329.32844476846
3520	1277.4505788918
3521	1337.40345616015
3522	1348.2957444005
3523	1290.91140871092
3524	1438.46570517858
3525	1290.1248160409
3526	1476.26159232758
3527	1368.98828536953
3528	1403.86936214244
3529	1320.22979880415
3530	1445.3753814945
3531	1249.10955362639
3532	1372.0997744787
3533	1420.06409412615
3534	1429.64478699086
3535	1342.444671949
3536	1342.39531178641
3537	1355.7639367088
3538	1398.99123664687
3539	1358.71370492498
3540	1348.70742489895
3541	1270.92690515584
3542	1351.85366465631
3543	1319.99280327267
3544	1198.945080657
3545	1383.24313664119
3546	1406.51554603962
3547	1370.36986727867
3548	1369.36739413369
3549	1348.62252190765
3550	1287.77221831982
3551	1353.62263776423
3552	1337.98733290851
3553	1358.3495465722
3554	1327.14349309565
3555	1406.62122868239
3556	1175.91140412166
3557	1382.76148921921
3558	1386.04098091717
3559	1315.25626020643
3560	1351.33365283093
3561	1338.76927924618
3562	1418.6896357843
3563	1333.47823501044
3564	1374.50738065007
3565	1301.22018950527
3566	1369.9678528572
3567	1352.55925890239
3568	1413.70233639122
3569	1432.95074913672
3570	1268.99913759244
3571	1319.97686497972
3572	1361.64271153073
3573	1303.37784867473
3574	1335.70126817737
3575	1266.81844415161
3576	1355.89656659119
3577	1305.44491124423
3578	1333.59431161164
3579	1412.28864211978
3580	1316.31121622001
3581	1308.39874746946
3582	1360.16979484078
3583	1416.49150847949
3584	1288.92164138412
3585	1283.70245078417
3586	1217.438546481
3587	1426.0327991794
3588	1371.18930260523
3589	1268.2624249339
3590	1355.87781699128
3591	1350.93820670574
3592	1435.6671440423
3593	1319.66207687276
3594	1239.68620598711
3595	1392.40240070586
3596	1250.82333189357
3597	1292.36256659448
3598	1354.15635958408
3599	1330.49921718832
3600	1268.70558980132
3601	1384.40020244595
3602	1409.84993436924
3603	1343.98190418838
3604	1340.53016681548
3605	1459.32122922742
3606	1341.29444942171
3607	1348.75682805886
3608	1269.36764166415
3609	1298.6588668792
3610	1286.74765193146
3611	1272.37594850265
3612	1385.22315388919
3613	1439.63304513895
3614	1238.56760181444
3615	1315.24613202726
3616	1372.72807924659
3617	1317.45986585056
3618	1233.51265010898
3619	1306.32984592064
3620	1309.37019249157
3621	1345.70950483051
3622	1438.81323168609
3623	1364.02717170724
3624	1285.54874430897
3625	1334.23658640835
3626	1313.08315557186
3627	1353.11460937767
3628	1276.54371195462
3629	1417.82321337048
3630	1346.13752679244
3631	1439.35699469252
3632	1479.7785007227
3633	1389.11445035648
3634	1288.98982993253
3635	1302.85120038254
3636	1218.7290094643
3637	1261.04685618757
3638	1313.58434450659
3639	1246.50916746252
3640	1336.69260422114
3641	1244.32669579299
3642	1375.99460329046
3643	1497.38755652554
3644	1358.49117803416
3645	1288.00506669776
3646	1375.19671322475
3647	1316.69718904474
3648	1232.22705350209
3649	1496.46130821457
3650	1282.85627302015
3651	1286.53623677645
3652	1393.31091414134
3653	1225.67836108748
3654	1351.79828180346
3655	1258.61773441046
3656	1482.4468244
3657	1280.56175316814
3658	1244.67574478976
3659	1280.55999588313
3660	1345.39350075555
3661	1298.28401192176
3662	1285.33367953327
3663	1330.98183501318
3664	1324.68246550262
3665	1339.5920015637
3666	1292.07466798412
3667	1308.14563703957
3668	1278.60923778815
3669	1386.81189263495
3670	1313.76552140924
3671	1290.14111449183
3672	1278.78650920451
3673	1288.79130941647
3674	1299.2674313
3675	1259.29431927689
3676	1424.11361376611
3677	1255.37249118806
3678	1394.98697861465
3679	1385.7151165036
3680	1350.34748567305
3681	1307.49658868837
3682	1323.14217932012
3683	1414.8506234984
3684	1241.79538949069
3685	1341.19363662072
3686	1294.88092652192
3687	1274.79298677679
3688	1270.56526313365
3689	1400.79177246025
3690	1312.59678990661
3691	1350.40195257155
3692	1286.92833461817
3693	1355.02919354762
3694	1313.18641649054
3695	1265.80367094378
3696	1291.17970325169
3697	1327.87802144354
3698	1377.30843495863
3699	1207.53228364103
3700	1390.21807339409
3701	1358.74863768639
3702	1391.44871145248
3703	1362.18420385369
3704	1361.87670329436
3705	1288.29737763205
3706	1279.47902380421
3707	1502.29565511489
3708	1274.68982664349
3709	1287.53368686586
3710	1294.31300293876
3711	1395.70367358874
3712	1400.45019693364
3713	1322.33683862843
3714	1352.86889280066
3715	1417.22413015964
3716	1374.81082091003
3717	1296.03461028411
3718	1329.94805566012
3719	1417.04589900627
3720	1504.55981825284
3721	1259.64318693689
3722	1222.01860758499
3723	1300.18317139696
3724	1308.49961811594
3725	1277.26514408703
3726	1285.88557024642
3727	1360.16136512309
3728	1384.43283511717
3729	1248.77972503768
3730	1398.50703383497
3731	1333.14624197212
3732	1238.82221282444
3733	1376.78179760489
3734	1232.70841122465
3735	1336.06340760669
3736	1305.16166609473
3737	1275.94097577334
3738	1395.90550034627
3739	1347.97539738255
3740	1388.17242341979
3741	1471.66381136337
3742	1327.45836725327
3743	1411.92041392647
3744	1315.91861774765
3745	1253.43597371884
3746	1324.12366720654
3747	1360.18815884549
3748	1430.88966004293
3749	1343.14315842018
3750	1340.8703986568
3751	1363.70165470719
3752	1437.89718012122
3753	1484.36208291502
3754	1365.8258872203
3755	1276.4848835305
3756	1335.8122277338
3757	1403.7556566134
3758	1283.83968974087
3759	1430.44794830691
3760	1315.37611561614
3761	1402.17737997922
3762	1358.49540741297
3763	1401.52318515049
3764	1365.131098184
3765	1336.51019341602
3766	1342.15162773005
3767	1360.7417464052
3768	1345.71889791074
3769	1416.2358906794
3770	1330.79002167427
3771	1406.09618765257
3772	1290.34073057716
3773	1393.30630322246
3774	1223.33180485687
3775	1350.91252868482
3776	1462.6611696911
3777	1308.67507769555
3778	1324.71967373913
3779	1393.81965029725
3780	1316.20447442192
3781	1360.4744019339
3782	1334.7766715318
3783	1424.63597642972
3784	1345.78151952444
3785	1369.98523761834
3786	1297.2166605898
3787	1324.09951013849
3788	1314.19939429592
3789	1340.99703473471
3790	1348.41019834223
3791	1331.91361563865
3792	1412.55620830158
3793	1329.34509532106
3794	1308.93876895565
3795	1311.48075726841
3796	1402.03111301313
3797	1321.17283767938
3798	1284.06056013802
3799	1213.67650645425
3800	1306.18829189414
3801	1336.01364605651
3802	1405.45683043563
3803	1301.1827146509
3804	1317.24481488754
3805	1300.77672053515
3806	1344.30817336224
3807	1327.2302981353
3808	1286.61980141832
3809	1351.19202313331
3810	1317.69723018226
3811	1226.05980518206
3812	1236.94615535183
3813	1301.56030571975
3814	1334.29318535495
3815	1330.58389099101
3816	1370.57254613956
3817	1370.53342788726
3818	1326.75829748346
3819	1333.42101486805
3820	1458.70676462555
3821	1261.9191299936
3822	1324.83288949099
3823	1339.7079112746
3824	1451.20360534719
3825	1382.62141537016
3826	1308.96367208642
3827	1288.20628624683
3828	1278.29144882058
3829	1291.02025173736
3830	1416.0273815737
3831	1309.42108693158
3832	1356.45829979351
3833	1315.94949478987
3834	1269.32282807988
3835	1352.73702218508
3836	1301.37733279087
3837	1287.40174342621
3838	1302.10238241838
3839	1409.15581612939
3840	1303.67591037976
3841	1363.2326219883
3842	1355.8978819012
3843	1384.47194522781
3844	1315.53525851728
3845	1281.400366843
3846	1258.01047626612
3847	1417.20250862019
3848	1339.86536194568
3849	1345.36721799549
3850	1318.13576495948
3851	1303.88841444652
3852	1261.53653649424
3853	1394.89453780267
3854	1229.72557423789
3855	1245.82486531387
3856	1388.79361555089
3857	1278.95775780042
3858	1384.55960188646
3859	1396.78164709753
3860	1380.27116282866
3861	1291.88021903347
3862	1318.40179109103
3863	1332.16689407471
3864	1299.53432210728
3865	1390.85930061376
3866	1349.02785651033
3867	1413.28323599087
3868	1427.43134796715
3869	1328.53327683505
3870	1313.56584603836
3871	1319.14721171661
3872	1210.10685465751
3873	1266.50157982104
3874	1297.30719660654
3875	1323.07841531465
3876	1333.19800601167
3877	1307.49541626517
3878	1300.15838742081
3879	1290.53230798096
3880	1386.27052233663
3881	1300.98400920618
3882	1294.99536487843
3883	1464.18164180713
3884	1347.4737349644
3885	1417.79145062738
3886	1340.64707300564
3887	1227.18902178368
3888	1321.32299339379
3889	1369.49803845925
3890	1416.54600483673
3891	1354.65349572024
3892	1356.12839035427
3893	1295.33201676182
3894	1295.60617287267
3895	1238.07237185695
3896	1321.36442024046
3897	1258.45055210478
3898	1350.53469676537
3899	1250.72565627605
3900	1309.64842125315
3901	1388.57308651889
3902	1377.94055209096
3903	1371.63366268822
3904	1404.33117460602
3905	1417.37160179652
3906	1292.7327183821
3907	1392.92412197772
3908	1406.32014900772
3909	1306.79141502916
3910	1267.65885797797
3911	1361.00575867593
3912	1468.75620020997
3913	1370.30397434837
3914	1322.26334958268
3915	1186.03698292292
3916	1402.4165676228
3917	1366.74147931379
3918	1326.60208752345
3919	1311.65160552293
3920	1372.1760520869
3921	1299.86713538162
3922	1342.4289909785
3923	1283.28643249335
3924	1330.17754722917
3925	1295.42192603797
3926	1436.78504510282
3927	1340.71521544177
3928	1335.28021566539
3929	1361.59104991073
3930	1358.93655791337
3931	1205.33742797592
3932	1315.75724595794
3933	1287.14090564512
3934	1299.89948112951
3935	1381.35929111617
3936	1344.99244685144
3937	1433.62881446388
3938	1406.03926620878
3939	1434.07530970274
3940	1335.66141763322
3941	1368.91525260155
3942	1360.36692131452
3943	1311.9375642412
3944	1397.76525096958
3945	1317.37040197599
3946	1298.11897706703
3947	1321.65845204719
3948	1351.23066361567
3949	1361.05298851174
3950	1295.41326625602
3951	1299.43662316898
3952	1338.04675354615
3953	1310.7355575701
3954	1321.98541937854
3955	1245.08899834591
3956	1269.32651700648
3957	1375.14847188265
3958	1347.80194456092
3959	1357.97341827249
3960	1473.06384684082
3961	1249.10362267939
3962	1393.35182875962
3963	1249.17311793119
3964	1327.82328313933
3965	1377.44902174875
3966	1388.53636654462
3967	1463.42996061841
3968	1325.7032722396
3969	1347.2141451977
3970	1328.65325056744
3971	1416.08169656492
3972	1359.68341430076
3973	1278.18398829755
3974	1207.20051985183
3975	1283.94352891928
3976	1277.2404477079
3977	1327.69518539468
3978	1351.93036356231
3979	1411.21211242327
3980	1328.38601289189
3981	1222.79581599259
3982	1429.30343915319
3983	1328.13331479101
3984	1313.28715878498
3985	1366.1230182277
3986	1238.52560996293
3987	1299.76458894281
3988	1378.89325624005
3989	1312.40772917218
3990	1277.037038196
3991	1261.83206641622
3992	1315.29368355519
3993	1168.89899240718
3994	1207.38879270591
3995	1342.55170426165
3996	1286.18039306909
3997	1328.62127611269
3998	1326.41406064863
3999	1352.92527949823
4000	1357.40860021976
