"Iteration"	"tau_Intercept"
1	3.76629606694228
2	3.02442557024194
3	3.25946525860806
4	2.65524476725599
5	2.87259439721161
6	2.95024698636159
7	3.81175607862025
8	4.6427246235279
9	3.54968228170418
10	3.68595134743341
11	3.69889021899165
12	3.11286290372738
13	4.59460828408792
14	5.01180712906539
15	5.00920989465653
16	3.15412686202622
17	2.45141950749814
18	3.03919349766702
19	3.27765457048525
20	3.23674060486782
21	4.28554141690807
22	4.78908055222088
23	3.56183650226632
24	3.47614711102577
25	2.40462395214919
26	2.86921974344351
27	2.72422614671022
28	2.86719578394888
29	3.66017627536629
30	2.90965088989404
31	2.80149819758629
32	2.44366244947562
33	3.27613634966084
34	3.63013125941436
35	3.68728023321815
36	3.30262376441656
37	3.44398987209134
38	2.74960283966927
39	2.37182646775665
40	3.27553380868124
41	3.04031160526184
42	2.72487320347127
43	3.22150656120889
44	3.86252202302446
45	3.31053050025307
46	2.42619287419631
47	2.51706825305357
48	3.04477440173326
49	2.93168707101169
50	2.62628731130409
51	2.88770543950156
52	3.25438108442152
53	4.49649238198331
54	3.83278324654334
55	3.39079876496302
56	2.72251248165332
57	3.13093834514547
58	3.22174970414513
59	2.90335403735851
60	3.38736630630669
61	3.49351093897614
62	3.59986360910746
63	3.10518359645702
64	2.94155168160866
65	2.93913777662846
66	3.08575519667632
67	3.5454755847166
68	3.02984533429165
69	2.4024819222144
70	2.40359973953124
71	2.73872625236406
72	2.77044612547739
73	2.98169009497665
74	2.55535785623606
75	2.94882812121179
76	3.30603529129344
77	3.2906714364581
78	4.79047071441999
79	3.22307392303993
80	3.83987930182323
81	4.18022856964548
82	3.01917673201602
83	2.72428001454975
84	2.89351455922581
85	2.23776025898677
86	1.79218959344797
87	2.54892150733396
88	2.1376730953372
89	2.88174764809962
90	4.36764570741769
91	4.52279843461271
92	3.31476811576911
93	2.91045994560136
94	2.5351746383509
95	3.09204916188751
96	2.66706051471839
97	3.51921595605009
98	3.93410468534725
99	3.3996587410511
100	2.44075615068699
101	2.40838777243425
102	3.28847431581185
103	2.34022774066308
104	2.61363315981115
105	2.35081988320434
106	2.61005348634549
107	2.27461320354459
108	1.91355535005289
109	2.60272607060054
110	3.41234064769697
111	2.63008676970737
112	2.1685808441486
113	3.36413714409852
114	2.28215238360431
115	2.55018621517453
116	2.94870917451947
117	4.20811489105904
118	3.59678753106904
119	3.94611314953585
120	3.28490559282143
121	2.43471055418443
122	4.60505712819708
123	5.4644992035535
124	4.22326989757336
125	4.16147140607193
126	3.76963615573971
127	3.8770265396341
128	3.75331977510939
129	3.24488946590661
130	2.72699794823743
131	3.64132349244637
132	2.9157871446668
133	2.86007961047694
134	2.58608484743791
135	2.25576254791408
136	1.9536402006991
137	2.35255136128563
138	4.23057475749866
139	3.39084850983928
140	2.96578388679053
141	3.40092749730201
142	3.144253787275
143	2.9664468327315
144	2.95579305257581
145	2.49820590362804
146	3.28195513392645
147	2.99572458649735
148	2.74741323700951
149	2.64132031885664
150	2.71322202508036
151	3.37271262331166
152	3.76213007950796
153	3.19202924416679
154	4.45794082080937
155	2.84738312268528
156	2.67796259826952
157	3.65494963202252
158	3.57699971556543
159	3.07308998204381
160	2.96645914088948
161	2.39989424829307
162	3.60454250993821
163	2.97121652674616
164	2.78640113933646
165	4.15895472824502
166	2.85299302980068
167	2.61019235040341
168	2.752501305258
169	2.21711035304318
170	2.79573014837476
171	3.33852204789856
172	4.02641125615392
173	3.89994083200399
174	2.38363442754953
175	3.13113065940225
176	2.44504635697175
177	2.40094273703285
178	2.61710364830906
179	3.32646856005269
180	2.36580271214737
181	3.85033129096494
182	2.44755845730412
183	3.17846917801816
184	2.83055459680593
185	2.29729698864068
186	2.39630063341835
187	2.67772514487284
188	2.67766432705676
189	2.4981244513689
190	2.60215112839935
191	2.58750698433491
192	2.57881446884227
193	3.20126026999828
194	2.52656335056432
195	2.80004160307819
196	2.13825006357609
197	2.50009966655902
198	2.39553012142251
199	2.54104342153593
200	2.14517658739654
201	2.54723420783937
202	2.32214219215067
203	2.28594968074045
204	1.9082759459831
205	2.52439378754355
206	2.87994078561761
207	2.55002097783451
208	2.52407335577387
209	2.50242428227145
210	3.53537625312233
211	2.79412895294176
212	2.44082187853287
213	2.57905156665449
214	3.08866617861781
215	2.12951712908036
216	2.47550512226684
217	2.82064810737129
218	2.34280911987592
219	3.68611735113959
220	3.14298572306284
221	3.38970617041975
222	3.17882103931866
223	3.09632500398814
224	3.20707567455108
225	3.98856166572926
226	3.53028963449724
227	2.77904304683067
228	3.07823139029915
229	2.5912599869208
230	2.74887181892391
231	3.5275376314642
232	3.55299428026718
233	3.38553726717668
234	2.39471699403552
235	2.73779385588313
236	3.07937085681401
237	2.66948431383616
238	2.5688072548593
239	3.36798012030998
240	2.34859011393741
241	2.88605082513857
242	2.46604849387757
243	2.56958273090791
244	2.88872437329732
245	3.77890334394587
246	2.80631150364987
247	3.79153212587893
248	3.79675250942866
249	3.00806035846673
250	3.81381928070448
251	4.11065789242211
252	2.68545859599698
253	2.30871181742461
254	2.91122512907769
255	2.55697404722246
256	2.88022465639896
257	3.1369518693494
258	1.97561081865475
259	2.50580759759098
260	2.74746452152877
261	2.90373328754839
262	2.25860986564373
263	1.91016120797861
264	1.77267849269313
265	2.2239622665367
266	3.39546298404666
267	3.27476210105508
268	3.95501611289605
269	3.19485001153289
270	3.30273074677676
271	3.69137385882892
272	3.13758474112235
273	2.66483407482337
274	2.53430368611996
275	2.45076209476468
276	2.96112177291943
277	3.27987831690544
278	4.33195090566062
279	4.89997755532273
280	3.65947707486791
281	2.7782526347397
282	4.54488098924366
283	5.59909146875288
284	4.25428300199337
285	3.86974213034362
286	3.53359010559639
287	2.43969774478618
288	2.52154955205684
289	3.38300813461419
290	3.19102296383612
291	2.70056638417123
292	2.95319077408155
293	3.76601527531286
294	3.01125134374939
295	3.22032400271732
296	2.36522674746721
297	2.97676025869386
298	2.47515180835426
299	2.40786247055629
300	3.02519135572735
301	3.07359052502245
302	3.13435334608464
303	2.96187013223848
304	3.83344297689549
305	3.04914731365003
306	2.9861668203782
307	2.70286739243888
308	3.3978117047275
309	3.064711281363
310	3.92620532373415
311	3.45529874621587
312	2.43670823795765
313	2.55402681144176
314	2.92483634032436
315	2.21967442017247
316	3.17786169962177
317	2.59102257701947
318	2.35270448844334
319	2.39743204703268
320	2.35953840671187
321	2.09708596621271
322	3.21550954394048
323	2.93205464848974
324	4.19498284184122
325	3.21387580322732
326	3.60379578871196
327	1.96351726389713
328	2.73319274558667
329	3.27717751725088
330	3.53339561374711
331	3.02466118671931
332	3.729987919458
333	5.29692631023524
334	3.47676374580485
335	3.90022546300086
336	3.3834755198292
337	3.38224666770189
338	3.91847062949575
339	3.08579277469735
340	2.97232804029766
341	3.0170797112155
342	3.17491578164709
343	3.71143470217804
344	4.3134889933937
345	3.52261078253735
346	3.88909760481012
347	2.91371769591196
348	2.76338993326881
349	3.67886238487055
350	2.9306928208175
351	2.92105859545918
352	2.80224261858101
353	3.39600363617295
354	2.22033696472411
355	2.28847959473651
356	2.12061521155206
357	2.69081752806955
358	3.40371298178494
359	2.92466053460354
360	2.78957322801184
361	2.79804315871437
362	3.6135140883982
363	3.97353830829413
364	3.20151156237243
365	2.68188759248985
366	3.20937088453205
367	3.91597314282628
368	3.82220613978016
369	3.21989234987408
370	2.8944058437418
371	2.7048745139557
372	3.47365633021592
373	3.69763208991073
374	3.09229307049533
375	3.12313116385248
376	3.31979858694551
377	2.92539250164332
378	3.37196340035519
379	4.50378631073639
380	4.73870689387578
381	3.29122684379088
382	3.35708494937164
383	3.39341240739634
384	3.38490300777922
385	3.32253372652958
386	2.70289104017893
387	4.02010069193831
388	3.10117104990274
389	3.38804395637684
390	3.97286170341918
391	2.69738650531519
392	2.81888882229469
393	2.92070084820675
394	3.19537433170381
395	2.59405602529254
396	2.90614933176013
397	2.92946523271007
398	2.94887884971567
399	2.81224285377397
400	3.79951119695555
401	2.59659851921827
402	3.26660285373962
403	2.72783619361515
404	2.32675113650409
405	2.66861222175815
406	2.66076707443781
407	2.27666696288366
408	3.29255898964258
409	2.64394776199126
410	3.0952655095552
411	2.77603337470096
412	2.18914308553873
413	2.28624131882456
414	2.66243303159423
415	2.57561611849599
416	2.39218907239711
417	2.76093141288088
418	2.29610221506932
419	3.29140737439339
420	2.52662347116171
421	2.9639255369938
422	2.53688588729674
423	2.64511384261184
424	2.0843346753662
425	2.63000886876759
426	3.01982668435319
427	3.46707173852309
428	4.83633390719026
429	2.91446846099834
430	3.45569424603238
431	3.01895738357271
432	2.15018028485552
433	2.64492165404962
434	3.06608495765284
435	2.3233720230962
436	3.05755202134247
437	2.65137217191747
438	2.78521432900271
439	2.74342367044446
440	4.05887084447858
441	3.40425585067043
442	3.13882608894267
443	4.03734575217127
444	3.8760845667706
445	3.14209019160992
446	2.99844709809339
447	3.14498626115556
448	3.08939660349867
449	2.94677361838173
450	3.28330344853889
451	2.71308926063573
452	3.04286590415287
453	2.77657427706035
454	2.78111083790158
455	2.78971533605589
456	3.5761223794657
457	4.24999650455554
458	3.09092291160011
459	2.74371698382703
460	4.03549552823668
461	2.11017056679901
462	2.73049935354012
463	2.75648908061087
464	2.84715330333397
465	2.45709226773487
466	2.30033621981512
467	3.07943285885978
468	3.20742949631757
469	3.71428592465023
470	3.34000037638151
471	2.16065731432164
472	2.23786509274649
473	2.56856184475485
474	3.23776080626266
475	2.67620387893355
476	2.80574671212318
477	2.41308630654791
478	2.16435245822719
479	2.31739716052752
480	2.76636893666733
481	3.46387590748114
482	3.00656082401002
483	3.33857061085914
484	3.76832847699053
485	3.19063806875871
486	2.06109678734875
487	1.91638891158701
488	2.89601552060799
489	2.3133979838126
490	2.31731404526014
491	2.45764839146288
492	3.14299381093983
493	3.55961040297765
494	2.75347509338056
495	2.72036605586435
496	2.7886578801032
497	2.69354081171402
498	2.36406936147717
499	2.81576725797591
500	4.05775211871431
501	3.41551145920708
502	2.50761396798258
503	2.71755665536614
504	2.88514939248343
505	2.80447855473004
506	3.61342695269961
507	3.70045075695349
508	3.61718927947111
509	3.04606860644183
510	2.66381189994055
511	2.70717810629666
512	2.77075821179639
513	2.6818299895374
514	2.69470038429718
515	2.75946758164939
516	2.17614474476029
517	2.48380885036036
518	2.69272135380747
519	3.52727276829601
520	2.87483820891132
521	2.19421014243759
522	2.32960836114676
523	2.41058445070104
524	2.12953272251564
525	3.17427743902578
526	3.23442220215826
527	2.4627983356532
528	2.82539788292369
529	2.8498889871057
530	2.88334725163981
531	2.45377697723801
532	3.16092143512515
533	3.71048683490712
534	2.70689914449406
535	4.39581914337438
536	4.24425078232035
537	4.81429477586023
538	3.38172298386266
539	2.5108622025885
540	2.29097415661924
541	2.3588912766544
542	3.09353692717579
543	2.99773778559593
544	3.5462848814684
545	2.48293516573272
546	2.21612190593527
547	2.81623303765912
548	3.63722120330544
549	3.09129048020976
550	2.38908813307956
551	2.26108857725589
552	2.91944877869525
553	3.90120950570888
554	3.67873020888596
555	3.79539879340897
556	3.25751728906076
557	3.7568283780771
558	3.52851434570319
559	3.21850691508985
560	2.77984172004627
561	3.40170568009099
562	2.67965222875754
563	2.49170780968296
564	3.93098841795902
565	2.92282848573429
566	2.57362158250511
567	2.90096195021722
568	2.46742169807997
569	2.19622252548027
570	2.55491938845719
571	2.86359190152665
572	2.7743007177266
573	2.94712180932253
574	3.57129502069232
575	3.56624867540869
576	3.05409231460117
577	2.78702807032872
578	2.38389808913481
579	2.21247810875296
580	2.93985726544498
581	3.23493433592808
582	2.72021526577636
583	2.86553820267911
584	2.88452341661387
585	2.17050467370238
586	2.17507541087721
587	2.78629246097657
588	2.86084774870406
589	3.16763149933043
590	2.06317890416848
591	2.223195790359
592	1.39468927488562
593	2.04405524650363
594	2.39783859910851
595	2.80518098194124
596	2.6926166815285
597	2.65691799878042
598	3.21341306559071
599	3.12140933650239
600	2.49438571981025
601	2.87360673911165
602	2.62907422909687
603	3.0095125939494
604	2.34068640373916
605	3.0039001285233
606	2.78044621084817
607	2.70854294307484
608	2.85526366850906
609	4.80651235322317
610	3.6781327276784
611	4.56400133942354
612	3.47342231608689
613	4.01727466874616
614	2.58185993281625
615	2.21042517386347
616	3.30167964728814
617	3.04556670367902
618	3.09047367877794
619	3.12454868600041
620	3.55469081490328
621	3.37118614917846
622	3.00774333740362
623	3.31213923560044
624	3.85524463363828
625	4.03804152274333
626	3.44292479017663
627	3.73414832801247
628	3.33524904921451
629	3.10392664044495
630	3.83436772852956
631	3.29152954200089
632	3.13190231421325
633	2.93839644479684
634	2.61524581991995
635	3.60754974966965
636	3.83147413615125
637	2.91494226271206
638	2.69975035231523
639	3.0884433086047
640	2.64268271778904
641	2.42503846554301
642	2.24208867929434
643	2.00312344760651
644	2.13569092669637
645	2.62266582024718
646	2.80921346511875
647	2.61256164001136
648	2.75626619084675
649	3.55086047264788
650	3.2389200871416
651	2.91194761833551
652	3.10772065705606
653	2.89039767319285
654	2.49952760861101
655	2.01778546154476
656	2.434675864283
657	2.97877506663822
658	2.76597503214479
659	3.2447398038899
660	4.07275140865743
661	4.02445975352306
662	2.85598180876262
663	2.51821637299016
664	2.89165665413903
665	2.5806866931229
666	3.44213929783676
667	3.26757659716577
668	3.26579420146736
669	2.86288600708789
670	2.75593727705556
671	2.58387987687677
672	3.11996956425744
673	3.17906527399272
674	2.97666839795357
675	3.24097154867657
676	3.21176795485985
677	2.73495624510291
678	2.61329845922894
679	2.4729399369857
680	2.77352831582389
681	3.09307379122927
682	3.06247764759239
683	2.82409451128171
684	4.31942023426951
685	2.87722754937927
686	3.53576535739248
687	2.81811526612126
688	3.9533630814123
689	3.52136075625172
690	4.1257413119117
691	2.79316543577029
692	2.99262999525807
693	3.57907551905863
694	3.26983029887667
695	2.90536457320138
696	3.35431808885811
697	3.42349009513659
698	3.41732590963638
699	2.84555183914564
700	3.44999913655718
701	2.91577881739881
702	3.08369590984468
703	3.27807606966525
704	3.58404544056428
705	5.10239900531194
706	3.82239120208929
707	4.29327565752776
708	4.31408780170835
709	3.00636022048235
710	3.36645257827317
711	2.57327006390984
712	3.30620087413
713	3.34269692010578
714	4.44217441820192
715	3.20452521515355
716	3.64194218760249
717	2.69804641743783
718	3.20004309696966
719	2.79303582484079
720	3.36078655185526
721	3.17605259533355
722	3.92479822933999
723	3.83701654624003
724	2.90188827710735
725	2.6180271675477
726	2.83409008063714
727	2.89418209861581
728	2.56735222287211
729	3.27227674501595
730	3.20527890816881
731	2.92922610760597
732	2.18222061497005
733	2.61492813005705
734	2.64546681005659
735	2.63284149043997
736	2.11877554595015
737	3.59464640532088
738	2.87986781784998
739	2.67523305181612
740	3.46667993879768
741	3.57202858857146
742	2.8781224154452
743	3.02361396863585
744	3.92244325577763
745	3.59465251935764
746	2.94597791420102
747	2.91646633666523
748	2.44520830731564
749	2.41495170533716
750	2.39200147834518
751	2.33564217395942
752	3.31623057126598
753	3.15132817554883
754	3.13794831183882
755	3.49729590764804
756	3.59055471634381
757	2.99857900605982
758	2.49174410992427
759	2.72537225903505
760	2.1216859209385
761	2.52026432341772
762	3.02332466812647
763	3.20927964613234
764	2.61611789724532
765	3.24355549650695
766	3.48035231949042
767	3.89323346887241
768	4.01755929416367
769	2.65518151830026
770	2.51866535037675
771	2.44358507397419
772	2.6445184270928
773	2.65849745747248
774	2.68417221120403
775	3.31942472293111
776	2.31226216583493
777	2.58536154787759
778	3.83353034754592
779	2.72658510241469
780	3.3628243616503
781	3.78803649815433
782	2.65739134669273
783	2.20504462901275
784	2.40465931139547
785	4.12883598238279
786	4.04563078413482
787	3.55839084429752
788	2.97181580004494
789	4.42170651031421
790	3.62484791977519
791	3.49353247867763
792	3.17286515986375
793	2.87811117664528
794	2.18445838781
795	2.9446079988236
796	3.25983025119222
797	2.90582137265398
798	3.21203425468391
799	3.0673667905335
800	2.65329721559414
801	2.5212211403843
802	2.59409030459134
803	3.39147276883596
804	2.77574345893265
805	2.97364062602037
806	4.70488707913693
807	3.5634271686402
808	3.44605707296813
809	3.75127934538854
810	2.77929430896354
811	2.98166321936507
812	4.65676849525143
813	4.12744335198136
814	2.47576105928726
815	3.19266077842352
816	3.76387246101307
817	3.37996128872688
818	2.26729266928017
819	2.26672082923582
820	2.62666482248959
821	3.65062631094032
822	2.52663990505282
823	3.00071891559608
824	4.0148246171925
825	2.98289575654902
826	2.69412941328955
827	2.87782067550492
828	2.82671206613617
829	3.32225787858556
830	2.91203263290833
831	2.81904639946701
832	2.52697543737515
833	2.65327106696823
834	2.23545097468942
835	2.537974338659
836	2.37404835392916
837	2.87431369288042
838	2.41740840527475
839	3.40186512414315
840	3.61777738730067
841	4.13937774468401
842	2.67225705198378
843	2.56098448646753
844	2.4960968192781
845	2.8407513307773
846	2.70310987282088
847	2.95501805368827
848	3.47682262612409
849	2.3877214261472
850	2.73508555380247
851	2.88447863521276
852	3.04816743302844
853	3.13562961532032
854	3.28983505529468
855	2.45126398059874
856	2.56613020516543
857	2.69257149304079
858	3.05661800833449
859	3.12286228470395
860	2.47242071779024
861	2.66012750701155
862	2.72128048598922
863	2.40767184345747
864	2.89951794562972
865	3.87929656808781
866	3.34113590831392
867	2.8498165704521
868	3.03637926799746
869	2.6317324162626
870	3.18886291117913
871	3.1710271667578
872	3.40175194617312
873	2.90790209586271
874	3.38287348686727
875	4.84553201580322
876	4.03485922086969
877	3.99637165379111
878	2.81824241176038
879	3.33243914585452
880	2.66405006765283
881	2.73502442646035
882	3.28278071238826
883	3.29974278992311
884	3.76253904108221
885	3.1395116594308
886	3.48390396959441
887	3.79134753227908
888	3.16720370882352
889	2.4608162068223
890	2.57541353273016
891	4.11118221428034
892	4.12952448301018
893	2.57157913487039
894	2.61752542330079
895	2.124689650301
896	2.8847404522793
897	2.92679130670114
898	2.875746847798
899	2.50498322739858
900	2.23897805124127
901	2.47602601257248
902	3.14893301417415
903	3.22612314010121
904	3.45027827127649
905	2.72143663826179
906	2.14670830260778
907	2.44956817484159
908	2.35250417273168
909	2.89840069940447
910	3.36037634831407
911	2.81147193223078
912	3.06014449718013
913	3.04354652858926
914	3.01130404884173
915	2.45750319973482
916	2.55280082930142
917	2.93388265926565
918	4.5507707349426
919	2.99800424974492
920	3.79957726471157
921	3.30977491292667
922	3.79966386216727
923	4.63811940038619
924	4.84288692484523
925	2.65313757034257
926	2.59733341514204
927	3.4999575766984
928	3.48996556666139
929	4.05425208975474
930	2.46265674920992
931	2.78612095522984
932	2.90342122067076
933	3.1129158790874
934	3.09559066160204
935	2.59821472955141
936	2.82105369237904
937	2.15584142561184
938	1.85358409384038
939	2.47362369626901
940	3.74201641456898
941	3.16228996443149
942	2.57973729444892
943	3.45031312949274
944	4.14985098922094
945	3.83975439394188
946	3.44433265433774
947	3.07358318795524
948	2.87817252489261
949	3.275605970341
950	3.44821885134722
951	2.74784755921133
952	2.82371887517423
953	2.29881386442265
954	2.98369189124194
955	2.83203332147405
956	3.58631458108358
957	3.00819145205967
958	3.76443544673695
959	3.40808472107789
960	2.71044992682876
961	2.36533752305554
962	2.53313543323823
963	2.8320707094417
964	2.18243862158501
965	2.44427013048216
966	2.43138228896801
967	2.87794895832182
968	2.96941725319925
969	3.35012769106103
970	3.26385924066445
971	2.79042446353199
972	2.735935136948
973	3.58179606434965
974	2.62437961311298
975	2.73378064133326
976	3.30722847493945
977	2.64873622240527
978	2.38134187305836
979	2.80787974192351
980	2.5920335813661
981	3.26760564883678
982	3.05758671488486
983	3.06464306041485
984	2.01099940966195
985	1.9789830133566
986	3.1889674155053
987	3.45183136267682
988	2.80046846473634
989	2.97570720212989
990	2.73435918520529
991	3.16901036545645
992	4.44842722078914
993	2.39659002410556
994	2.86299175990293
995	3.18435589673521
996	3.22347709444116
997	2.16483491582122
998	2.29190828285874
999	2.39673639899866
1000	3.12605611882313
1001	3.41539117535306
1002	2.39216289687689
1003	2.49330729245502
1004	3.07300951311167
1005	2.99918457061574
1006	2.66723603345857
1007	2.31517249853372
1008	3.33852364363063
1009	2.61208072185635
1010	3.52891694678856
1011	3.03395451018736
1012	2.90430662278832
1013	2.88584438444338
1014	2.27027426378364
1015	2.19951087484902
1016	2.73974357856755
1017	3.17807133837105
1018	3.40230240098923
1019	3.26092030244383
1020	3.28433949547057
1021	2.79031264949343
1022	2.35214067584349
1023	2.8289042027716
1024	3.31074645626028
1025	3.04736913873782
1026	3.77084691824065
1027	2.91343269445915
1028	3.09476560326066
1029	3.22656550165183
1030	3.2413765104033
1031	2.94254105046583
1032	2.68557446352799
1033	3.16573774347629
1034	2.99646474318736
1035	3.81938988674452
1036	3.8599137365183
1037	2.79811232631391
1038	2.53409106371426
1039	2.20086744362162
1040	3.13588718075242
1041	2.94964576531846
1042	2.69648976379924
1043	3.12211011327343
1044	3.51970899440667
1045	2.64483878779994
1046	3.16263447645348
1047	3.90936364292369
1048	2.79180370718795
1049	2.67370421735053
1050	2.55061232461513
1051	3.09855017973792
1052	3.46325643902769
1053	4.01126101026402
1054	4.38596056572355
1055	3.76794589448305
1056	2.79804657210571
1057	3.31444236364106
1058	3.21811825076222
1059	3.4537869421813
1060	3.24930722785006
1061	3.37128756273154
1062	3.65177089871049
1063	2.7065646898206
1064	3.40819619025928
1065	2.2984616490206
1066	2.63969873052856
1067	3.03136508346311
1068	4.13991300208458
1069	3.95038628736192
1070	3.62429125370933
1071	4.14733375940596
1072	4.76067246754595
1073	3.17985115917248
1074	3.74501024998334
1075	3.00262273042767
1076	2.82696879187597
1077	3.80332673267791
1078	2.49231089964095
1079	2.52847173625431
1080	2.49457121073054
1081	3.10228080401339
1082	2.59458705177747
1083	2.75140267805956
1084	3.01746109557047
1085	2.520471454637
1086	2.71944495578267
1087	2.72458110230852
1088	2.73922247427688
1089	2.14361867032888
1090	2.66978547066421
1091	2.80029545446746
1092	2.28355834463375
1093	2.8194660025694
1094	3.09375088982599
1095	2.49628937519614
1096	2.68654732523293
1097	3.62460143826957
1098	3.3565275089461
1099	3.32441209621109
1100	2.9604872595724
1101	4.7991847426985
1102	4.29539195590165
1103	2.95492412633379
1104	2.60906734351855
1105	3.35182069099096
1106	4.18230228113705
1107	3.40453955597417
1108	2.62951246969121
1109	2.45998520927204
1110	3.35240789402627
1111	3.21255182410348
1112	3.24695035953468
1113	3.87288057280018
1114	3.77067567372833
1115	2.76555469558805
1116	3.25407740213636
1117	2.86567028913482
1118	2.75851376309696
1119	2.86031222559541
1120	3.50887665215236
1121	4.28218898419826
1122	3.16786658694994
1123	2.6034087191381
1124	2.85738109922114
1125	3.1109469718482
1126	3.3790176006651
1127	3.4521994933866
1128	3.0673732160786
1129	2.68157944528291
1130	2.47724044301605
1131	2.5498523448244
1132	2.86622024174428
1133	2.0670710713258
1134	2.4254997583861
1135	2.79683198120369
1136	2.5146357193343
1137	2.17536934755691
1138	2.79016702345257
1139	2.25149969371539
1140	2.58180871403006
1141	2.72340880187363
1142	2.57898677272749
1143	2.42686767102035
1144	2.00273846296596
1145	2.632276901016
1146	3.08900352202382
1147	2.43947305679186
1148	2.36631366690858
1149	1.83979543413933
1150	2.40700633075587
1151	2.4178300423679
1152	2.76140657087353
1153	2.91189578655167
1154	2.64108624970465
1155	3.58228791264892
1156	3.56380079782643
1157	2.52980730484268
1158	2.41367673529904
1159	2.4712152880389
1160	2.57479464144634
1161	2.29670486519734
1162	2.70484356987724
1163	2.6714727295082
1164	2.94517798784516
1165	2.15329702560299
1166	2.93811675169278
1167	3.99642681975512
1168	4.58676925475743
1169	4.599779613757
1170	3.70678404381838
1171	3.05309953792322
1172	2.66310986858006
1173	2.35695955661947
1174	2.21091455632365
1175	2.92641821065943
1176	2.45895734753497
1177	2.95503494736718
1178	2.05397054694604
1179	2.28888127082443
1180	2.87117539611664
1181	2.89949141592624
1182	2.5543264822328
1183	2.48089625567775
1184	2.61062297498305
1185	3.66748583386764
1186	3.11750576166878
1187	2.99686069550518
1188	3.47892286402854
1189	3.67810187505107
1190	3.04808542281459
1191	3.65925351691753
1192	2.8275194364332
1193	2.76688463976346
1194	2.66187564712623
1195	3.14691890322818
1196	2.19386928341749
1197	2.18407584157862
1198	3.58981431470551
1199	2.96124437801691
1200	2.90797359700952
1201	3.30404690506616
1202	3.66115004863563
1203	3.4852424335351
1204	3.14602147540718
1205	3.38875247498843
1206	3.12663270558053
1207	3.53799474582104
1208	3.3571022199426
1209	2.89113614441212
1210	2.49911654606419
1211	2.56969628324057
1212	2.57528871305038
1213	3.59654728579622
1214	3.29675877334147
1215	2.67253634383624
1216	2.71146299741854
1217	3.05711105815711
1218	3.57939528606801
1219	3.30244054153789
1220	2.69328118072771
1221	3.07742666712201
1222	3.9804924585344
1223	3.33391106205761
1224	2.02201661773727
1225	2.88415677703812
1226	2.70102681923951
1227	2.50321163054148
1228	2.87762886017913
1229	2.5120465286982
1230	3.47588250721002
1231	2.67151646753363
1232	3.47989923421311
1233	2.90007314668431
1234	4.450759638805
1235	3.67838417770992
1236	3.12930804488941
1237	3.21904216325309
1238	2.47760755320631
1239	3.55970643277351
1240	3.82682587194972
1241	3.49344547759029
1242	2.73447051961857
1243	2.83461558803288
1244	2.31626737034037
1245	2.19601286170039
1246	2.0552619424618
1247	2.61446391955263
1248	3.4837381530577
1249	3.1791012900322
1250	3.74698685601132
1251	3.64576117292794
1252	5.47646710252539
1253	3.0977415174724
1254	2.14431965148388
1255	2.76405428112826
1256	3.22554705895181
1257	3.39754546857521
1258	4.4941236461514
1259	3.90543978004635
1260	5.51812076623946
1261	4.97092998863906
1262	3.13196968940546
1263	3.15474703335242
1264	2.83020103395642
1265	3.14968160326009
1266	2.66312662134776
1267	2.38010062527666
1268	2.80534919127118
1269	4.12480563235929
1270	3.37226941331125
1271	3.12820466075425
1272	2.88037658070536
1273	2.96071259205102
1274	3.19954938369962
1275	3.19599940738204
1276	3.36763029863887
1277	3.91652378024923
1278	3.10340588008857
1279	3.41505084463587
1280	3.73586926961062
1281	3.32850233705029
1282	4.50976541116532
1283	3.85354811614875
1284	3.4773139958138
1285	3.73522710828986
1286	2.56798858807437
1287	2.42764203874233
1288	3.0637003579384
1289	3.85268167200856
1290	2.93669033207988
1291	2.50290313464217
1292	2.49065972596435
1293	2.2339645400101
1294	2.48691433662231
1295	3.26272284447359
1296	4.18288653957403
1297	4.08060942453186
1298	3.97816639768521
1299	4.60973979083996
1300	3.94229295786541
1301	4.35015389319664
1302	4.58629888312146
1303	2.85307280762948
1304	4.56872839127647
1305	4.59223581647956
1306	3.67973133324317
1307	3.20571913520839
1308	3.26317332593918
1309	3.24566745283933
1310	3.45764316240956
1311	3.6242602311784
1312	2.74120832441364
1313	2.87105991888002
1314	3.35340746690214
1315	3.22432362985381
1316	2.36511049372102
1317	2.51049341681644
1318	2.30055312338035
1319	2.52501893788041
1320	3.02704708714701
1321	3.48198989327042
1322	3.13116627322684
1323	2.62741904584169
1324	2.25605236235574
1325	3.09814171842928
1326	2.58838645418195
1327	2.73821753744899
1328	2.20333476217885
1329	3.06184567719711
1330	4.43501671912019
1331	3.63457068145313
1332	3.53421600290487
1333	3.32867378961886
1334	3.15797412304625
1335	2.83766695877099
1336	2.83868190902331
1337	3.05920869788208
1338	3.16753126514265
1339	2.74889365385839
1340	2.65269161055046
1341	3.73735045542483
1342	2.49685053916483
1343	2.20401948503758
1344	2.4859506230236
1345	3.17188470674616
1346	2.57849771637534
1347	3.1464800135777
1348	2.0431136670034
1349	1.94712989747108
1350	2.11555493532224
1351	3.1644432995229
1352	2.81043977406491
1353	3.94789605130632
1354	3.17313847968073
1355	3.39288902214168
1356	3.49166905148468
1357	2.85245452410934
1358	2.66165086711646
1359	2.86159295451951
1360	2.81216185585704
1361	3.88296914027857
1362	3.09447727568454
1363	3.73893424734691
1364	3.93663485470951
1365	4.01678410355344
1366	2.88764838450376
1367	2.82102972322988
1368	2.67459510309758
1369	3.52508520519253
1370	3.71159017216827
1371	3.85346841345743
1372	2.96775727980429
1373	2.94838646719408
1374	2.49229430208879
1375	2.03157609988258
1376	2.86201804287164
1377	2.96369600466321
1378	2.1546331237574
1379	2.67312175204154
1380	3.59129640054574
1381	3.24492860011126
1382	3.59807750471628
1383	3.04173415875733
1384	2.45130259294323
1385	3.53179072252396
1386	3.22488544682366
1387	3.06550997927961
1388	2.94745269458392
1389	2.750380253005
1390	3.33323007569207
1391	2.86208583475024
1392	3.64131245018494
1393	3.61514555284943
1394	3.62849190694172
1395	2.94294851029011
1396	3.00848151893608
1397	3.55613343748712
1398	3.61388697395475
1399	2.92752621075305
1400	3.60370028709578
1401	3.48678219153262
1402	3.5250422209647
1403	2.89556717418858
1404	2.85985428783964
1405	2.72344954876586
1406	3.70553555105168
1407	3.330871492269
1408	3.36409926183648
1409	3.53181340559073
1410	3.62678891722482
1411	2.57943584291422
1412	2.90990577735849
1413	2.80513419386348
1414	3.39771660358746
1415	2.62815875455354
1416	2.1503000481142
1417	2.9090896587381
1418	2.54503676501961
1419	2.72580585422007
1420	2.62374167233411
1421	2.37259750579705
1422	2.94803199092336
1423	3.39312756077131
1424	3.11754352435549
1425	2.81892827492648
1426	2.12809910414449
1427	2.54420708670717
1428	2.3245955274669
1429	2.70582191779173
1430	3.44751703857193
1431	2.46545512648367
1432	2.26444529388581
1433	3.34992956700185
1434	3.64018229713947
1435	2.9548160032322
1436	2.32844774435365
1437	2.85157877268976
1438	2.62744457128217
1439	3.20550230432617
1440	3.12992468622589
1441	2.77796801499428
1442	3.47048517597039
1443	3.20996436625643
1444	3.33395254364475
1445	3.85475650537772
1446	3.30492100642174
1447	2.89564811908366
1448	3.17219638305897
1449	2.76946017808914
1450	2.79669974718209
1451	2.51638386024879
1452	2.09397599341839
1453	1.79658519764541
1454	2.07173508767644
1455	2.45628457872258
1456	2.65181871332613
1457	2.8513624540206
1458	2.90060472748468
1459	2.30718580417685
1460	2.59898711535558
1461	2.66291534819693
1462	2.58206494110908
1463	3.56543526643766
1464	3.97862603972439
1465	3.35426561016567
1466	2.75032008542479
1467	2.2660693269001
1468	2.49448539628045
1469	3.26881103808766
1470	3.0861660430545
1471	2.90586440282357
1472	3.24486985409458
1473	2.35705904653783
1474	2.47897762556243
1475	2.54668477589861
1476	2.34794422245568
1477	2.57521519586894
1478	2.5203760283228
1479	3.42962983278093
1480	2.93258596253005
1481	3.45826201804586
1482	3.28071620829177
1483	3.01585850437463
1484	3.95213594725282
1485	3.80246596435216
1486	4.51209003683082
1487	4.04870669469763
1488	3.57355970788339
1489	2.68675542559451
1490	3.74725424252258
1491	2.70528075715705
1492	3.90246690316986
1493	4.05025259018974
1494	4.25212411761973
1495	3.00667835946496
1496	3.88974459490055
1497	2.76797237473548
1498	3.15969584840487
1499	2.01387164138068
1500	2.78665979850617
1501	2.52346516842498
1502	2.61778335780762
1503	2.9312730119144
1504	2.94483807083086
1505	2.48278045491472
1506	2.34396386689469
1507	2.60106343245207
1508	3.00870223172889
1509	2.273587818228
1510	2.26872983940314
1511	3.18262099492607
1512	3.40882347791078
1513	2.58336989123982
1514	2.44773026208541
1515	3.01150281869742
1516	2.73191705642866
1517	2.45477112438024
1518	2.39590976549401
1519	2.92848976823684
1520	2.84148769662217
1521	2.08753826166562
1522	2.65728424498906
1523	2.60829445687137
1524	2.67743079771031
1525	2.58247253014204
1526	2.81317778231985
1527	2.8649825521283
1528	3.20844374888629
1529	3.75307982832022
1530	3.62435271541109
1531	2.91325625366195
1532	2.67441649205077
1533	2.28809326739131
1534	3.52823760217315
1535	2.55532472269861
1536	2.90350409434982
1537	2.33420235020229
1538	2.0224375409159
1539	1.93474818429328
1540	2.52060644061421
1541	2.67893389826567
1542	2.50832056440643
1543	2.36319689920837
1544	2.52446243190033
1545	3.7076585465623
1546	2.61474334744027
1547	3.153407979301
1548	2.90616672338743
1549	2.6597219974988
1550	2.58726814257877
1551	2.69739058096246
1552	2.73421997496232
1553	2.8084878749709
1554	2.03420652387487
1555	2.97554892844966
1556	2.86163484862802
1557	3.15590602311341
1558	2.93554591648512
1559	2.71119586964148
1560	3.12232207767519
1561	3.47465339585244
1562	3.60085565647005
1563	2.69106102374239
1564	2.13075571741625
1565	1.99589529439773
1566	2.45935060484362
1567	2.36285620895436
1568	2.90850004347115
1569	3.23751899135896
1570	4.01846756223007
1571	2.53455705860725
1572	2.27154303550234
1573	2.25698184458305
1574	2.5508198245464
1575	3.44596923843379
1576	3.55533524695735
1577	3.40510483576507
1578	3.03420870255672
1579	3.2291703488914
1580	3.29413432252969
1581	2.77362629257617
1582	2.49050894170048
1583	2.84057354600358
1584	2.89345437022641
1585	3.24982435284318
1586	3.05446384128056
1587	3.29971838574859
1588	2.90220498980781
1589	2.58430540310599
1590	3.00530376605881
1591	2.70908558006519
1592	2.13555164686238
1593	2.70611328518322
1594	4.34618232260791
1595	3.5152318900173
1596	2.77958862920008
1597	2.22180766023379
1598	2.28732203240856
1599	2.16754701477437
1600	3.06559641544694
1601	2.6292850777482
1602	2.89545385606301
1603	2.91772206742188
1604	2.51194280577446
1605	3.64099896065796
1606	3.89506384882012
1607	2.90595575116598
1608	2.60888448042141
1609	2.63650676891341
1610	2.63268680282124
1611	3.2147407090095
1612	2.41685704909036
1613	3.2028357153796
1614	2.25333292286011
1615	2.09505111533207
1616	2.32352908340628
1617	2.33764559918892
1618	2.62862980757009
1619	3.04965615975252
1620	3.11139965479764
1621	2.71092284918706
1622	2.93722207988287
1623	2.4383998834298
1624	2.25781877163571
1625	3.69878887154353
1626	3.42929212658837
1627	2.83831924611264
1628	3.32346248652462
1629	2.14275410171129
1630	2.49999730416734
1631	2.47195241604784
1632	2.56339527938834
1633	4.0643277695593
1634	3.26160175348955
1635	2.68822951740736
1636	2.7647439218806
1637	3.45846487816709
1638	3.62288155784374
1639	3.03498206993587
1640	2.99768517103061
1641	2.73722891837256
1642	3.13059421198372
1643	2.82657153197656
1644	3.02720265778252
1645	2.68419470809522
1646	3.97644976495357
1647	2.93157631552554
1648	3.55611639345889
1649	3.29767108021881
1650	3.03363645841904
1651	2.65987855797075
1652	2.74526938485535
1653	2.7432027528628
1654	4.67296973186309
1655	3.40777105101041
1656	2.35487193961096
1657	3.26597880027738
1658	2.70528905204101
1659	2.48766934038008
1660	2.54357669005142
1661	3.29975079512684
1662	4.25004375552008
1663	2.46036206116166
1664	2.94822770916666
1665	3.31931076818275
1666	3.43218500023137
1667	3.36373610726494
1668	3.75534604943178
1669	3.30976226089194
1670	2.64471022831201
1671	3.28954146801624
1672	2.97377574472064
1673	2.68016649595389
1674	2.49833146255046
1675	2.10152469843423
1676	2.97790594815448
1677	2.84323265245327
1678	2.82066498873582
1679	2.10885015853341
1680	2.57406703104883
1681	2.74998223850665
1682	2.66662503316481
1683	2.81353952854816
1684	3.59290211392977
1685	3.66006920217031
1686	3.77331978566623
1687	2.90867217036262
1688	2.29258563102076
1689	2.3844549334453
1690	2.15201018664226
1691	3.31918944765701
1692	3.38771683326512
1693	3.40868700016117
1694	4.18326315424111
1695	3.15338788239274
1696	2.1725635867825
1697	1.95001679592775
1698	2.73990436334825
1699	3.90023716494366
1700	3.46479780594023
1701	2.74170390539073
1702	2.56760374921988
1703	2.39054775536596
1704	2.15017818828621
1705	2.61411322160984
1706	3.13520454153776
1707	3.44212957682572
1708	3.55211597840697
1709	2.70325841882645
1710	3.68880816599839
1711	2.65657134923392
1712	3.11350251468685
1713	3.58755191450781
1714	3.31349496783256
1715	2.54804301740034
1716	3.52128127157865
1717	2.79252857332595
1718	3.15127571389606
1719	2.94002614654767
1720	2.52287268118322
1721	4.01472977477609
1722	2.73860635109972
1723	3.32710418500754
1724	3.32791097601142
1725	3.33154429198546
1726	3.07429333483006
1727	2.42221649938777
1728	3.24595106636938
1729	2.72017301653354
1730	2.9946346151349
1731	4.55514970092821
1732	6.12868061181561
1733	3.92777464508033
1734	3.07464117528146
1735	3.39808302910395
1736	2.55530417949069
1737	2.27810061193025
1738	2.64367168569791
1739	3.2978026271305
1740	3.39374931233296
1741	3.42386264766112
1742	2.50865603131725
1743	3.85061988221644
1744	3.0714841409396
1745	3.25840269110602
1746	2.34899943030765
1747	3.09112282167739
1748	2.36926726109809
1749	2.85544296031677
1750	3.00958343751497
1751	3.16476182001463
1752	2.92064105703447
1753	2.61218134866541
1754	2.69574674310161
1755	2.80918014745922
1756	3.28358191734859
1757	3.18310810489662
1758	3.12032599867348
1759	3.49411763871523
1760	3.39684377646892
1761	2.5608363153502
1762	2.71749903224558
1763	2.2179101329132
1764	3.01409844195955
1765	3.32042188312775
1766	3.01208556190018
1767	3.45380603618634
1768	3.70708579146219
1769	3.23192905232418
1770	3.40843099094873
1771	4.09604755437185
1772	2.31966955140705
1773	2.44126147864696
1774	2.47129864009562
1775	2.39293828133434
1776	2.41966023581325
1777	2.41642905001916
1778	2.62232924838389
1779	3.14798192927098
1780	2.81533858488938
1781	2.73331448560132
1782	3.07385851113683
1783	3.03172747777096
1784	2.23231458791765
1785	2.14337400293604
1786	3.4495985974047
1787	3.92540010764051
1788	4.07612867130466
1789	3.66510512259299
1790	3.29985180553502
1791	3.20084963865649
1792	3.53959294576859
1793	2.49068301025261
1794	2.53819529409371
1795	2.51124905853005
1796	3.16238665923895
1797	4.26490793861825
1798	3.38515511922466
1799	2.70570889790862
1800	2.10817712489118
1801	2.78723580852052
1802	3.06297506837507
1803	2.84355091327134
1804	2.5692835588639
1805	2.29161340253564
1806	3.48445470461099
1807	2.52659033304524
1808	2.32857148103584
1809	2.58118617039342
1810	2.78146707334297
1811	2.36275903241361
1812	4.20332808940985
1813	2.8481085094445
1814	3.54288157401167
1815	4.33089523317935
1816	5.82489084149651
1817	5.89969040520824
1818	4.31007522256876
1819	2.75146345185119
1820	2.80286979041032
1821	2.67709492717271
1822	3.39254325858509
1823	3.86633845374814
1824	3.78643361767202
1825	3.64542499588802
1826	3.90268783231882
1827	2.47111582052033
1828	2.75808182488854
1829	2.72811261171512
1830	3.74783253798064
1831	3.23360798834106
1832	3.15508045711751
1833	3.15312539260179
1834	3.16487976098726
1835	3.40426503052162
1836	2.30179150888073
1837	2.58262626706283
1838	2.29421108168381
1839	2.99360249864041
1840	3.18228361721369
1841	3.14376704092488
1842	2.4438971099049
1843	2.78363434747269
1844	2.53757589513182
1845	3.13054950147064
1846	3.03178575875183
1847	3.03440102262445
1848	3.34740399176239
1849	3.55129263163158
1850	3.70360933311889
1851	4.3186987599532
1852	5.47349933073556
1853	4.19040831844364
1854	2.96471179192022
1855	3.3945656469863
1856	2.75388663587288
1857	2.97089561330185
1858	3.21478611489675
1859	3.136923403982
1860	2.11566795510164
1861	2.37257169601324
1862	2.5133078589093
1863	2.5777915939707
1864	2.44510946758655
1865	2.58285677424014
1866	4.45043099022193
1867	3.63935034960087
1868	3.44053566411384
1869	2.95334233323091
1870	3.19953029356012
1871	3.27045941511083
1872	3.13650680217799
1873	2.97464497320376
1874	2.86007287380445
1875	4.10685039187728
1876	4.27324253806945
1877	4.8241866088038
1878	2.62152649952005
1879	2.43059404763361
1880	1.93045251162598
1881	2.18904534005292
1882	2.64486751606193
1883	2.29015372710173
1884	2.54630003945019
1885	1.93519277910997
1886	2.38517004089279
1887	2.63171934124191
1888	3.21344386133704
1889	3.14314403117525
1890	3.98315216384449
1891	3.00390995350527
1892	3.21802895052192
1893	2.8812950952285
1894	2.41313731453305
1895	3.52578128416356
1896	3.48070963241637
1897	2.5411445333209
1898	3.72729454423773
1899	2.77587920521264
1900	2.91118406908391
1901	2.74124256681089
1902	2.63017199145193
1903	2.75852314266949
1904	1.97023805226468
1905	1.88815393588673
1906	2.92759012708847
1907	3.08210311961764
1908	3.10617277737009
1909	4.0889028636844
1910	3.01376664807709
1911	2.15458692882621
1912	2.85819502081558
1913	2.85763584444992
1914	3.14355231838987
1915	4.61752944622204
1916	5.05935843360742
1917	2.61100080521578
1918	2.38895011654572
1919	2.34505570965288
1920	2.8297723142131
1921	2.83041043109226
1922	3.89148091743687
1923	3.42078487481002
1924	2.65267687250885
1925	3.36500459734274
1926	3.34753765528872
1927	2.62795685529022
1928	2.54692522259833
1929	2.79124339105548
1930	3.34579936681153
1931	4.12396715586179
1932	2.65146044006857
1933	2.84438449284091
1934	2.52288487978171
1935	2.64092492296828
1936	2.77684992892058
1937	2.74155283571918
1938	2.63691804974853
1939	2.62745762638713
1940	3.26328508128843
1941	3.16135244304635
1942	3.6816572128135
1943	3.09908691124408
1944	3.82389527417625
1945	2.48872860807658
1946	3.63862488025103
1947	3.510937048121
1948	2.92353188408165
1949	2.88196936907555
1950	2.6768401212285
1951	2.77059204301338
1952	2.92860662801125
1953	3.06097565928907
1954	2.94808510443165
1955	2.22401300673143
1956	2.94261892484408
1957	3.0155420014377
1958	2.79180371999918
1959	1.88094075924163
1960	2.44191625749366
1961	2.91379797335272
1962	2.48303962492663
1963	2.58061373960519
1964	1.97815997717956
1965	3.33851140709088
1966	2.69386960141188
1967	2.97662821821041
1968	2.15670916897138
1969	2.45283234072977
1970	2.67451234043248
1971	2.69430130600618
1972	3.20472754655691
1973	3.36392195795123
1974	2.70987581647006
1975	2.12897743765088
1976	2.44283336067276
1977	2.34976809422025
1978	2.22516240684184
1979	1.95253464914021
1980	3.22297359264782
1981	2.42503486238617
1982	2.71186308426083
1983	3.27338041148766
1984	3.66651510640604
1985	3.59623521602296
1986	2.46367565575862
1987	3.0235321131583
1988	3.33887477779974
1989	3.66425761869896
1990	3.54636321443193
1991	4.39294174057937
1992	2.89205258043593
1993	2.58725837720998
1994	2.56685458025356
1995	3.63511070478273
1996	3.20579599395888
1997	3.59521220974704
1998	2.70471044221802
1999	2.34445458857581
2000	2.52601706309655
2001	2.85902709931311
2002	3.19300425326872
2003	2.91556348578056
2004	2.71845990035332
2005	2.08229887990004
2006	2.97851257056261
2007	3.47076223377711
2008	3.36785214353641
2009	3.36981975501173
2010	4.0959022164481
2011	3.46297715641918
2012	3.75746107607931
2013	3.42910409795059
2014	4.14474101057443
2015	3.60056190729157
2016	4.72431084953631
2017	3.97143816132419
2018	3.62786989562827
2019	3.13256174871377
2020	2.73075319750091
2021	3.09911457324848
2022	3.1706405782673
2023	2.97598865786313
2024	4.01263302860132
2025	4.86784302358239
2026	3.11881598316866
2027	3.49097895332419
2028	3.78902902204088
2029	3.86846830678739
2030	3.38324501975401
2031	3.8545236112357
2032	3.00695667898749
2033	4.39402680674614
2034	3.48228264621408
2035	3.06367956241342
2036	3.23523190354413
2037	2.24496471728287
2038	2.44915172935037
2039	2.89474012024283
2040	3.42019899207582
2041	2.78181631207547
2042	2.70104553318851
2043	2.9865554957969
2044	2.44774316758217
2045	3.2319596873074
2046	3.20610961786422
2047	3.31752189610168
2048	2.53904071587625
2049	2.89683443146176
2050	2.92241233646418
2051	3.27107139130356
2052	2.68558803460766
2053	2.13361118525166
2054	2.30639304972827
2055	2.74817285189906
2056	3.16573389554518
2057	3.11059980292998
2058	2.76032418969813
2059	3.90863743744885
2060	4.58204138857647
2061	4.74092199587697
2062	3.21954509677953
2063	3.19561481979154
2064	3.12321282386281
2065	2.23146581578658
2066	2.2750934235327
2067	1.96781056335729
2068	3.26364744565897
2069	2.4543542196326
2070	2.75877717786496
2071	2.49942455426374
2072	2.99342606408462
2073	3.78295205897228
2074	3.40051505066488
2075	3.12651081717819
2076	3.71547085037985
2077	3.08958809959329
2078	2.27675114831182
2079	2.90840985534623
2080	2.5959097485317
2081	2.17150893038423
2082	1.95010219085704
2083	2.6625998121096
2084	2.41734452901097
2085	2.85745565721615
2086	2.95361172253524
2087	2.50661500342549
2088	2.20456121705922
2089	2.87166819864998
2090	2.47410304322452
2091	3.66802081145922
2092	2.85166899108387
2093	2.61412985919669
2094	2.38633421351361
2095	2.54167423930789
2096	2.95114465098259
2097	2.5726398998076
2098	3.25569483961097
2099	3.64729996600309
2100	2.60642137902154
2101	2.62697332528329
2102	3.08241745744135
2103	3.19154815803827
2104	3.19609545181487
2105	2.5571354264184
2106	3.55138442997915
2107	3.10951469163202
2108	5.79741472724647
2109	5.38030313743836
2110	3.46861283221509
2111	6.36598531100301
2112	6.71517901564305
2113	3.77291258582741
2114	3.94095668129648
2115	3.21157059922535
2116	2.84711152284025
2117	2.68352725476297
2118	2.50719652914926
2119	3.24897591975838
2120	3.25678864470247
2121	2.82947562893199
2122	3.02275300256218
2123	3.66555631141271
2124	2.4044942724274
2125	3.73938152963559
2126	3.27707714136094
2127	3.06950711490372
2128	3.01159788912769
2129	2.7422912788862
2130	2.70968773258406
2131	3.45939082431872
2132	3.96371866128026
2133	2.79766398533595
2134	2.90178669568807
2135	3.03318356780773
2136	3.06645874915468
2137	2.23496450586908
2138	2.59339554219465
2139	2.69624491509951
2140	2.91554198175673
2141	2.8223783609837
2142	2.66330576526767
2143	2.57999396201565
2144	2.63338026994114
2145	2.18782408168622
2146	2.45178022318574
2147	2.507868520725
2148	2.81297330739746
2149	4.27338602675788
2150	3.37727583673008
2151	2.75174617829647
2152	3.17194232126584
2153	2.6994508239478
2154	2.75530296524558
2155	2.65211993007272
2156	2.66653180753281
2157	2.00721444888542
2158	3.89489377136889
2159	3.80860563332134
2160	3.25658707442276
2161	2.43147046314398
2162	2.88162769698177
2163	3.22996866005167
2164	2.9352688456683
2165	3.38102828994984
2166	3.3593176329987
2167	3.01451166478058
2168	3.16521633363531
2169	2.97438643190766
2170	2.79755683570615
2171	2.90171290367258
2172	3.29486799625452
2173	3.00140311142418
2174	2.55375953383328
2175	2.98890433397434
2176	2.53087370124027
2177	2.71512747605228
2178	3.70762036994971
2179	3.19358323849504
2180	4.02179038979082
2181	3.8519104833226
2182	2.68211262580642
2183	3.83179371980498
2184	3.80667120550641
2185	3.31659228360074
2186	2.58689797176182
2187	2.51276608918415
2188	3.25561929976439
2189	3.03598064782604
2190	2.95544535485773
2191	2.70030996811854
2192	2.18295255816517
2193	3.50294569214264
2194	4.01429135542148
2195	3.65203180953833
2196	3.26313346236139
2197	2.98309354399357
2198	3.17813503262067
2199	2.78009975392347
2200	2.53077789449472
2201	3.58913141140788
2202	3.169542342444
2203	2.56137505074915
2204	2.86850622611641
2205	2.4859492652827
2206	2.57803521198321
2207	2.29965765632406
2208	3.0380008638038
2209	2.05489757749102
2210	2.02437336467955
2211	2.35409957050004
2212	2.89307680400708
2213	2.58406350268989
2214	3.18907154344902
2215	4.4760249565001
2216	3.69793495276594
2217	3.54703856650037
2218	3.39635493625871
2219	2.51063592867742
2220	2.95945441425445
2221	2.92791779237311
2222	2.55119074831644
2223	3.12843940397954
2224	3.1386549379256
2225	4.19295020465873
2226	3.64322261357034
2227	2.43375962900917
2228	2.86469374950984
2229	3.65897070792392
2230	2.71283505041884
2231	2.10606886873693
2232	2.65353384996071
2233	3.51167242985084
2234	2.32182919420761
2235	2.55405990774899
2236	2.39463526769468
2237	2.19584832258904
2238	2.37124295313942
2239	2.67973745081718
2240	2.08470830028696
2241	2.5721973638217
2242	3.07010998815724
2243	3.52871590482318
2244	3.31266532656689
2245	3.60164596642339
2246	3.51986816316305
2247	3.56656527058374
2248	2.883096001698
2249	3.30588577971294
2250	2.65566042173158
2251	2.44886566857558
2252	2.66485129256627
2253	2.69326525717465
2254	2.65652495457362
2255	2.62938787106119
2256	2.72308795522921
2257	2.66112121962797
2258	3.18643142834505
2259	2.25221257394342
2260	2.33236343611038
2261	2.52742617537194
2262	2.18240434552952
2263	1.96499987930169
2264	3.32669557196145
2265	3.99555942617263
2266	3.81869552568086
2267	3.25730088767468
2268	3.14880230118449
2269	2.94273457716935
2270	2.45965166115049
2271	3.20404096746385
2272	2.63882841926032
2273	2.86124197736213
2274	2.34665907079453
2275	2.81391818607303
2276	2.91833941053779
2277	3.32926282008584
2278	3.0613912748903
2279	2.98479263445639
2280	3.84904075264095
2281	3.58866346312951
2282	2.8611712870844
2283	2.96735559868283
2284	3.11743021883532
2285	2.60601359350609
2286	3.16548547668249
2287	2.86223162046199
2288	3.45838049083227
2289	3.43394696490806
2290	2.98490106842237
2291	2.93383950542991
2292	3.60075780960691
2293	4.19421333324666
2294	3.77759535940084
2295	2.88155399769509
2296	3.14032447150204
2297	2.97127340862083
2298	3.17259882846568
2299	3.30659322416262
2300	3.54179643058047
2301	3.50781658296507
2302	2.87191951500339
2303	2.88382322509256
2304	2.08674509054447
2305	2.2029497125862
2306	3.0050992751949
2307	3.34113938829494
2308	2.52372429050751
2309	2.77092204783402
2310	3.81090260320171
2311	3.84972384514392
2312	3.85660886211435
2313	3.42521752376479
2314	3.59073910646258
2315	2.86243061703632
2316	2.97376579086486
2317	3.10983400993137
2318	3.24685068278498
2319	3.30230036865581
2320	2.98807664883714
2321	2.47228524142519
2322	2.9040602262088
2323	3.34397154750505
2324	2.67994966588833
2325	2.8743866619628
2326	2.77826099283848
2327	2.50933531874215
2328	2.44269239758765
2329	2.87553042434289
2330	3.00905569915755
2331	3.51249805170158
2332	2.96429087415926
2333	3.00026582315804
2334	3.22411166131177
2335	2.14092970793792
2336	2.96005767613422
2337	2.70841931888038
2338	3.36382395588106
2339	3.20946989446824
2340	3.43223943772057
2341	3.81623770613476
2342	3.18646009832018
2343	3.30453748219774
2344	4.12030296984622
2345	2.65192540171825
2346	3.06705403785656
2347	2.47828069083424
2348	2.16959412891112
2349	2.46683756136917
2350	3.07840426774824
2351	2.56068840618742
2352	2.32627721178647
2353	2.43826186727938
2354	2.81946100583631
2355	2.38025508685677
2356	3.51705610684661
2357	3.68854804298505
2358	3.85415845712424
2359	2.93701714227313
2360	2.14134978479821
2361	2.1776118498538
2362	2.49666437838833
2363	3.61378937098379
2364	3.74025013061171
2365	2.71217908437073
2366	2.65698100638158
2367	3.44705502232701
2368	3.15112217862793
2369	2.05990273649363
2370	2.49247563691086
2371	3.00533715408989
2372	3.53936963719164
2373	2.61680432246152
2374	3.34283938697949
2375	2.52744228838813
2376	2.55180734366849
2377	2.7508780744901
2378	3.75534831653666
2379	3.51193068779528
2380	2.88235402903113
2381	3.01847546291762
2382	2.27517020411589
2383	2.94076973916292
2384	3.25081289779339
2385	2.25248990156154
2386	3.4219953983449
2387	3.29822030315529
2388	2.16499155246175
2389	2.25855061112547
2390	3.25948005208949
2391	2.48730936825817
2392	2.61985513228241
2393	2.02295975172884
2394	2.39787276497634
2395	3.54983636220371
2396	2.03981148590105
2397	2.53459254756304
2398	3.12215524144375
2399	2.75901068087678
2400	2.71970125274353
2401	3.29282748195586
2402	4.06897956939945
2403	2.80800717768016
2404	3.24912765189389
2405	3.17778432901074
2406	2.68601441795805
2407	2.76805730381207
2408	2.19134450986269
2409	2.6895514637574
2410	2.96920461734538
2411	2.69200401089745
2412	3.2987748649407
2413	2.83554788590391
2414	2.28211883127647
2415	2.87162491216169
2416	2.5895239488621
2417	3.65832217194454
2418	3.25315759213954
2419	4.0064094346378
2420	3.54129514445093
2421	3.15704634933557
2422	2.71565721743554
2423	2.08103593139081
2424	2.81350704581897
2425	2.65363901885011
2426	3.35483686969157
2427	2.55492069111815
2428	3.40049796224462
2429	3.15295548169074
2430	2.80379715787192
2431	2.383449263109
2432	2.43152120738025
2433	2.84612478847713
2434	3.21673331877104
2435	2.65882227421953
2436	2.28461326748643
2437	2.8121412057571
2438	3.41866141969386
2439	3.3879362154478
2440	3.11774679273801
2441	3.23144029415104
2442	3.3255658444841
2443	3.55813444126877
2444	2.26602791627207
2445	3.09069806760655
2446	3.05882442154162
2447	3.27204166826571
2448	2.91650292579928
2449	2.90767536313922
2450	2.46339772651562
2451	2.23154787516017
2452	2.37426898132678
2453	1.95674290498762
2454	2.59907853259801
2455	2.68267142025673
2456	2.74986329536015
2457	2.41011458276815
2458	2.42049006761455
2459	3.21351767373681
2460	3.92013942387054
2461	3.07348010653636
2462	2.91921143554765
2463	3.38120710539906
2464	3.57289559241349
2465	2.45309296225511
2466	3.17530994758777
2467	3.33598235784118
2468	3.46244839111554
2469	3.0511869328419
2470	2.84082485488517
2471	2.84995309324028
2472	2.37051767709378
2473	3.22120154918796
2474	2.86457359076378
2475	3.11426075206249
2476	3.29236381279598
2477	3.4132678479887
2478	4.72803490082597
2479	3.21615623555305
2480	2.72586349013119
2481	2.65809943657095
2482	2.85094743026945
2483	2.49594369459245
2484	3.36395843892133
2485	3.51034546051721
2486	2.74192099826861
2487	2.9196689223136
2488	2.97362665339486
2489	2.68473208075676
2490	2.72335165743307
2491	3.3319239355579
2492	2.76103847162265
2493	3.32049666790383
2494	2.91459808033875
2495	2.76995396143133
2496	2.87066267671522
2497	2.74332724080227
2498	2.82875039181994
2499	3.26718108941667
2500	3.14035631515156
2501	3.09896210172945
2502	3.06423601567909
2503	2.10444570061916
2504	2.59020472821184
2505	2.65091048978509
2506	3.18236423341544
2507	5.44027497186472
2508	4.11272792444556
2509	3.44288350134507
2510	3.75228999154413
2511	3.62439902527551
2512	3.12180332508224
2513	2.81473805303573
2514	2.56848272443752
2515	3.35000731773527
2516	2.73649444779378
2517	2.82528468209169
2518	3.17001295632397
2519	2.57197018965346
2520	3.80179497000511
2521	3.12674001886174
2522	3.206817236462
2523	2.98111033434356
2524	2.66904881050463
2525	2.95511005825027
2526	3.25635093397645
2527	3.03460057097447
2528	3.19827941296391
2529	2.63033840259872
2530	3.17760688074213
2531	2.57264550283967
2532	2.96321845205223
2533	3.52238192216687
2534	3.89981042536892
2535	1.9436622886445
2536	2.04463429675529
2537	2.67357379401204
2538	3.20633300171781
2539	3.03239128566185
2540	3.35244529209212
2541	2.59616027472493
2542	2.79981794165012
2543	2.82811555031643
2544	4.31607592202055
2545	3.68961691330826
2546	4.13762697575785
2547	2.86535792892765
2548	2.522776047938
2549	4.390739953386
2550	2.53138185966355
2551	2.30254650052712
2552	2.44235002900106
2553	2.38653479460454
2554	2.5561320818789
2555	2.41070563235705
2556	2.04332862458425
2557	2.29112627269283
2558	2.92842884137018
2559	4.01309720618993
2560	4.49437349166653
2561	4.48851619172251
2562	3.93149002479169
2563	3.27390790058036
2564	2.93848674159188
2565	2.86922222313706
2566	3.95118966966864
2567	4.17135277139833
2568	3.65402957545505
2569	2.90595516590399
2570	3.61565703790193
2571	2.77149979468767
2572	3.21282375395147
2573	2.40340455169451
2574	2.91666554026372
2575	3.31497496636671
2576	3.41705412782835
2577	3.29052012715076
2578	4.69485746501976
2579	4.39635092046253
2580	3.20689572049543
2581	3.09373895231866
2582	2.11330547169807
2583	2.19259179827986
2584	2.28858061390846
2585	2.51121686892074
2586	3.66920917458822
2587	3.89157632264041
2588	2.68477496766496
2589	3.17513318976754
2590	3.43660446406043
2591	2.38707122416274
2592	2.63662129060519
2593	3.083668986033
2594	3.23008392801644
2595	2.8397390733578
2596	2.60649464024062
2597	2.27848671743443
2598	2.04573056775071
2599	2.97138861994587
2600	2.51979208516347
2601	2.70288828707944
2602	3.35821276106264
2603	3.36570730793706
2604	3.30300975028834
2605	2.47101279244625
2606	2.65580900666942
2607	2.56703610690828
2608	3.53159191526296
2609	3.57688087905488
2610	4.04578663526595
2611	3.80971619295419
2612	3.19001037310254
2613	3.092208335325
2614	4.99337219359196
2615	4.34072349530114
2616	2.94737831494259
2617	4.25884297012619
2618	3.33949491733314
2619	2.9719673525608
2620	3.00074416302885
2621	2.71554918774352
2622	2.84954017874098
2623	2.92374507767568
2624	2.20105949115584
2625	2.15414233356266
2626	3.34992625151471
2627	2.62194591538761
2628	2.52637361023168
2629	2.20167580412331
2630	3.02767212774464
2631	2.0432654703446
2632	2.93166519224964
2633	2.58560937761284
2634	3.19567458229
2635	2.33811204159002
2636	1.99092618892378
2637	2.95094220926501
2638	2.98758321588225
2639	2.52728471547619
2640	2.56711434863249
2641	2.98932846129573
2642	3.47039008478474
2643	3.16068795096182
2644	2.58566877298823
2645	2.2235488881859
2646	1.8895597457585
2647	2.75214968945858
2648	3.86076482047643
2649	2.87188378279496
2650	2.30084526813855
2651	2.57314191277066
2652	2.80749191167054
2653	2.87580966979945
2654	2.21706375570774
2655	2.5923624637916
2656	2.37027123930489
2657	2.76728083603044
2658	3.39473815479945
2659	3.74294128649192
2660	2.78064700907494
2661	2.82797487203226
2662	2.82110601831851
2663	3.51368686245125
2664	3.5130840216485
2665	3.50830490538775
2666	3.70913673117303
2667	3.8090248217828
2668	2.61451710086912
2669	2.78410764646612
2670	2.73617990897388
2671	2.65250937180505
2672	2.43978593949005
2673	2.77786145980959
2674	2.71810147369013
2675	2.85466406156186
2676	2.17552657616662
2677	2.72443779688293
2678	3.82762805341906
2679	3.17617403756702
2680	2.60117111378989
2681	3.28019380017748
2682	3.75038310295708
2683	3.43144753120713
2684	4.11871678686459
2685	3.69067520750654
2686	2.78130488734732
2687	3.03785571102271
2688	2.40515957974784
2689	2.43317270749062
2690	2.17049502970599
2691	2.53385580914289
2692	2.50968643397558
2693	4.74860360722998
2694	3.82023669727548
2695	3.78442861974726
2696	3.00543099911744
2697	3.80850017785333
2698	3.40607579853134
2699	3.62820000694362
2700	4.17105112678568
2701	3.01720078415909
2702	3.22407526480092
2703	2.42127257528652
2704	2.48677310912747
2705	2.98029811317599
2706	2.77089295735016
2707	2.59247469171898
2708	1.9988182009046
2709	2.36147672307078
2710	2.84087703419877
2711	3.27698888897676
2712	2.33577446009077
2713	2.71017172403104
2714	2.68506885007939
2715	2.11404600241574
2716	2.97353818536104
2717	3.40535901756028
2718	3.18016727779877
2719	3.15509489720637
2720	3.36686409990977
2721	3.26005004267019
2722	2.49629036093077
2723	2.49878687852054
2724	2.4049400395611
2725	2.68632068823498
2726	3.13291169615603
2727	2.18806565828238
2728	2.79714886654169
2729	2.46482236455472
2730	2.66259982190059
2731	3.43817461310098
2732	3.21725166910731
2733	3.33121844843224
2734	3.48820835736656
2735	3.2662605446188
2736	2.93500612820016
2737	3.45865273190158
2738	2.78707845358335
2739	2.70858318642387
2740	2.21384665755801
2741	2.68047709423222
2742	1.84941337827571
2743	2.48958647922019
2744	2.05476381048571
2745	2.74383104455492
2746	2.21617807779439
2747	2.4119174603065
2748	1.82342759357829
2749	2.448376450297
2750	2.76005336378079
2751	3.44522508268174
2752	4.52977971496055
2753	3.39824548213603
2754	2.87650367513367
2755	2.37969308110974
2756	2.81317101373487
2757	3.10056485876621
2758	5.53817157577233
2759	4.02170272819232
2760	3.22159291589591
2761	2.94397037598653
2762	2.7275575596186
2763	2.55243509927444
2764	2.32569658787429
2765	2.58025112806276
2766	3.38324269507746
2767	3.34769022767323
2768	2.6526845503762
2769	3.05262374486202
2770	3.74644166346357
2771	4.11903327444633
2772	2.91210447091024
2773	3.3018014904921
2774	2.96540455816261
2775	2.6424887291476
2776	2.56935128568702
2777	2.60476278894602
2778	2.79858735269696
2779	2.90125064844649
2780	2.96823864541519
2781	2.79851985419787
2782	2.43249603469601
2783	4.05181151380244
2784	3.13526028365298
2785	4.02229135428721
2786	3.44059420462213
2787	3.17390671620541
2788	3.07640012960155
2789	3.49639742231698
2790	2.84707037814011
2791	3.29209421313952
2792	3.38920573330449
2793	2.94391380895935
2794	3.34153561404651
2795	2.35628684210899
2796	2.5645706173732
2797	2.68284275619947
2798	2.93258611075234
2799	3.22186563878902
2800	3.3795344998792
2801	3.06244283236626
2802	2.87937926131764
2803	2.81828990596391
2804	3.22836966577512
2805	3.5757983752462
2806	3.6693056613922
2807	3.79407704029644
2808	3.48364281561587
2809	2.8993348161763
2810	3.51813101345684
2811	3.41690745796261
2812	3.36505387320857
2813	3.36833566484509
2814	4.11263598507868
2815	3.39417292517466
2816	3.19585189436265
2817	1.83734299626941
2818	1.94122942394685
2819	2.35649855688566
2820	4.19660872219628
2821	3.54453443144408
2822	2.71515240915246
2823	3.1360718585335
2824	3.2953549024601
2825	3.16630741068426
2826	3.3317337299338
2827	4.02924539686098
2828	2.81819857276738
2829	3.04530746727974
2830	3.37246915526422
2831	3.72959008623743
2832	3.62885513675338
2833	3.84776801589172
2834	3.76905124384138
2835	3.06505963418964
2836	3.38082407598045
2837	3.63716717152692
2838	3.15659360635214
2839	2.8369113184494
2840	3.79117432886644
2841	3.15342624114345
2842	4.1005017535886
2843	3.51151032796358
2844	2.71276087802892
2845	3.53458632316012
2846	2.93463432260674
2847	2.76308986058615
2848	2.33900338369268
2849	2.91171544704152
2850	3.05687356315318
2851	2.47013432631044
2852	2.11420250649372
2853	2.24508797809739
2854	2.23800424310142
2855	2.44498357124495
2856	3.43076415208993
2857	4.15517351868104
2858	3.46521003862635
2859	2.52843751646172
2860	3.17585232921589
2861	2.1426266275552
2862	2.50086339408007
2863	2.69433405466354
2864	3.07927068216125
2865	2.08471321861521
2866	2.6894331912861
2867	3.05172580121334
2868	2.26210797122002
2869	2.62981425498738
2870	2.99714850322612
2871	3.73493005934508
2872	2.83158152252468
2873	2.56721569191453
2874	2.76287626520533
2875	3.04002952971848
2876	2.68240486188683
2877	3.13783009594738
2878	3.11945344716143
2879	2.66274673789271
2880	3.30072541930892
2881	4.14720879658368
2882	3.74476545422472
2883	2.86991084661091
2884	2.97595381869482
2885	2.82644895407966
2886	2.45239865387752
2887	4.05140318568579
2888	3.02917606140586
2889	2.19727980082811
2890	1.86019628764375
2891	2.73969702156951
2892	2.23551416809426
2893	3.55318191586279
2894	3.55172593485776
2895	3.33482889764455
2896	2.64477992955967
2897	2.71183481663938
2898	3.22989195654911
2899	3.07213344960948
2900	2.49504388760348
2901	2.9517304693582
2902	3.03751019872204
2903	4.10704915821975
2904	3.23282210299892
2905	2.80304597760507
2906	3.2316463468658
2907	2.34228567537755
2908	2.7421198101025
2909	4.65948625839093
2910	4.90340802724038
2911	4.34420898245078
2912	4.5001110389748
2913	2.95909646191245
2914	3.88022236074733
2915	4.49726784664274
2916	3.52531494364678
2917	3.75316205776221
2918	3.46581401850508
2919	3.4487003139819
2920	3.68859021172106
2921	3.3603219613383
2922	3.62851338448059
2923	3.74095234883534
2924	3.64414529154411
2925	2.79128563684845
2926	2.32107466137453
2927	2.58679025163787
2928	2.80168639644221
2929	3.3061614276314
2930	4.70250438560088
2931	3.52636102378242
2932	2.82013962820719
2933	3.15941539192107
2934	3.06090339453051
2935	3.5814641402524
2936	2.74497408106246
2937	3.3429235967055
2938	3.13968989402086
2939	2.7353467363951
2940	3.345688672506
2941	3.54355745436333
2942	3.67698193903386
2943	3.43905428695512
2944	3.62323060625504
2945	2.34838115377604
2946	2.81046885966493
2947	2.87453045169949
2948	2.80746893334962
2949	3.22413381097613
2950	3.19613597333527
2951	2.56766095168041
2952	2.98699412523376
2953	3.18900690201762
2954	2.31900676758908
2955	3.28913447048277
2956	3.7699461058486
2957	4.22776960022232
2958	5.82409884545343
2959	3.99533829986663
2960	3.08468950787365
2961	2.67390639824379
2962	3.05724379790811
2963	3.52943283872002
2964	4.06701289382248
2965	2.95499175990141
2966	3.0509755593721
2967	2.83386612631714
2968	2.97522399664642
2969	3.31821019660233
2970	3.69106711221315
2971	2.74230557764236
2972	2.62260179428479
2973	2.45733349453077
2974	2.61500530444538
2975	2.39956456304274
2976	3.35784565062302
2977	3.50564333023746
2978	3.08383924453901
2979	2.84132407411493
2980	2.53522112353103
2981	3.28537008725682
2982	3.6843357717829
2983	3.57102108785048
2984	3.57623598211866
2985	2.73308649805082
2986	3.0827219231035
2987	2.77956373507921
2988	3.34301846796124
2989	4.0871560528325
2990	3.28465974356029
2991	3.93477710871044
2992	3.6768894687683
2993	2.71658946571465
2994	2.41064769472295
2995	3.70174280941414
2996	3.44216659604045
2997	2.88761138652038
2998	2.46194446418622
2999	2.61252246889492
3000	3.42633069113578
3001	2.50719920904
3002	3.02086234708026
3003	2.82664892276957
3004	2.86185783071125
3005	2.83359313232723
3006	3.05423362353848
3007	2.64423940276857
3008	3.02613657033576
3009	2.70721840056591
3010	1.8608960315179
3011	2.45908145890427
3012	3.257372327964
3013	3.87631631792479
3014	4.23441683363084
3015	3.32771877359663
3016	2.41134871459966
3017	3.24041963336756
3018	2.5838359632368
3019	2.99587741709792
3020	3.57375217730879
3021	2.77938664777799
3022	2.69311864605779
3023	2.61386455126458
3024	3.11567751215566
3025	3.06118633155655
3026	2.76930066061631
3027	3.32323494264062
3028	4.20223885613547
3029	3.38402505733388
3030	4.18974589513091
3031	3.75857779781196
3032	2.89663189851853
3033	2.71173633603844
3034	3.12481222079718
3035	2.51520716499309
3036	2.66302311933505
3037	3.00908620111805
3038	2.210148067077
3039	2.42809640012145
3040	2.87888001371353
3041	2.72919385964671
3042	3.0888909811039
3043	2.79284463133042
3044	2.89068265484844
3045	4.49444310412127
3046	3.79980322223171
3047	2.9269374329701
3048	3.81328201035888
3049	3.0267330111434
3050	2.6973699547431
3051	2.6008117983692
3052	2.57879131656112
3053	2.8818275444503
3054	3.31390022063835
3055	4.30919697739298
3056	3.59493405671886
3057	4.63457185403093
3058	3.13299532795605
3059	3.15993333241987
3060	3.15181691122887
3061	4.64515872489071
3062	4.2303624451735
3063	3.92652267406286
3064	2.67264322684244
3065	3.01325953851047
3066	2.47518498121886
3067	2.48225861824426
3068	2.5078638973241
3069	3.03337690367798
3070	2.17559209569257
3071	2.74903897129788
3072	4.26079512214283
3073	3.16388827030892
3074	4.72171852896094
3075	3.24662599693741
3076	2.77158459677553
3077	3.52341697416519
3078	2.95513991587015
3079	2.9244623035425
3080	5.1205279568727
3081	3.17881015082855
3082	4.20088540724171
3083	5.14754136501387
3084	4.1637871487824
3085	3.52587907780497
3086	5.24998956307895
3087	3.62365345017324
3088	2.94059513419976
3089	2.5662521163325
3090	3.22382468641076
3091	2.52959094561322
3092	3.11335615762322
3093	2.29561010208065
3094	2.0879947524656
3095	2.78302082971881
3096	3.01576528483617
3097	2.78997386651912
3098	2.70757322786238
3099	2.69116133789828
3100	3.09270284716834
3101	2.17686776641911
3102	2.22006809683651
3103	3.39014213337004
3104	4.54353839851107
3105	5.39013011237709
3106	4.57716169745525
3107	2.75747200651719
3108	2.15004194055159
3109	2.67102457857494
3110	2.8796194634764
3111	2.61455100804382
3112	3.6201892164098
3113	3.8374344603772
3114	3.39052525811144
3115	3.20221014979396
3116	2.78992599886162
3117	3.06033013956803
3118	2.65219841313093
3119	3.34631886074443
3120	1.76131540402015
3121	2.12538134918933
3122	2.50469413865848
3123	2.34870821188728
3124	3.4554029048685
3125	3.0164590809571
3126	2.96639017675998
3127	3.58893188802161
3128	4.26835285222248
3129	3.34756659777607
3130	2.58929329156431
3131	2.7267630283013
3132	2.90613368863668
3133	2.76512130098637
3134	3.80685087406819
3135	4.44269944440797
3136	4.23410144871772
3137	2.82642450313687
3138	2.32846108170219
3139	2.38334992069848
3140	2.78054950655022
3141	2.40800884876773
3142	2.86492447933204
3143	3.01179286677343
3144	2.84012450544168
3145	3.06129158469851
3146	2.46759322501111
3147	2.77097419521867
3148	3.18122832994836
3149	2.71633535599885
3150	3.5950481041285
3151	2.64941721174983
3152	4.62687089212944
3153	3.11629742275753
3154	2.71349137357474
3155	2.4014084114923
3156	2.3565150106241
3157	3.62778364575954
3158	4.72288162248725
3159	4.08412963167846
3160	3.54093497162292
3161	3.42517380953765
3162	3.31046687894217
3163	2.72615565087011
3164	2.32658088305908
3165	3.11242566974727
3166	3.02060702738339
3167	3.23802595880652
3168	3.61457993965185
3169	2.70318924992759
3170	2.46351928125812
3171	2.62584444386994
3172	2.64679068810581
3173	2.71626841962591
3174	2.72216185286415
3175	2.83500122516058
3176	2.9059083859148
3177	1.93532031061473
3178	2.87178156381233
3179	3.18576681558476
3180	3.85440032071261
3181	4.25332084324597
3182	2.76226868493332
3183	3.03693127853775
3184	3.26336817593339
3185	2.80206588661146
3186	2.76885640605813
3187	2.84853114232456
3188	3.38672043824377
3189	4.37698468089958
3190	3.6482581691004
3191	3.72744994334461
3192	2.7544302616632
3193	3.47767433157316
3194	2.44611848743032
3195	3.15755518426122
3196	2.3810546836854
3197	2.38526867666526
3198	3.52304018750195
3199	2.60651786473222
3200	2.5103543180774
3201	2.92508259738017
3202	2.9048292847856
3203	3.93442269802798
3204	2.81169753467913
3205	2.95883482851975
3206	2.47703093541234
3207	3.88614380546926
3208	3.13824674539415
3209	3.69499783262993
3210	3.10304935546294
3211	3.436408668393
3212	3.36534655272486
3213	3.13333611796547
3214	3.16637238909037
3215	3.65101806316567
3216	3.05878572126853
3217	2.38720202777792
3218	2.55400471780258
3219	2.24277343527202
3220	2.59334390249528
3221	2.34252112282154
3222	2.91164317938397
3223	3.23934924167762
3224	4.09241715885206
3225	3.11005995767812
3226	2.9287856865264
3227	3.94297267319095
3228	3.1118676277062
3229	2.73699412332969
3230	2.27498304993246
3231	2.48028511461949
3232	2.94186024405051
3233	2.23613903001357
3234	2.80935032940048
3235	2.73601329282034
3236	2.29174154508481
3237	2.19550123155436
3238	3.43803294950186
3239	2.53083686285364
3240	2.62830375591899
3241	2.72006491280728
3242	2.6554852350809
3243	2.84917030692383
3244	3.52757695057764
3245	2.98342129818058
3246	3.59279170974713
3247	3.85415405993872
3248	3.41298053475479
3249	3.69944136440621
3250	3.04801281945445
3251	2.26893385640584
3252	2.42186344096919
3253	2.3023401767266
3254	2.46828938206982
3255	2.68460110290504
3256	3.02382622295905
3257	3.10555723331124
3258	4.03463570034199
3259	3.07940535265887
3260	2.77611771295714
3261	3.77101788382417
3262	2.69658737810606
3263	2.59768579298749
3264	2.35458930049677
3265	2.11525868212021
3266	2.40425252384648
3267	2.35493801142673
3268	2.67902377019416
3269	2.6746680555501
3270	2.04450558906757
3271	2.50350214309654
3272	2.32180836495108
3273	3.58908697643028
3274	2.71559965073114
3275	2.84538383950756
3276	3.84502933988434
3277	3.46353658672348
3278	3.78489977033138
3279	3.3729741742581
3280	2.60444727645518
3281	3.05552268935577
3282	2.48832180465422
3283	2.85328490168091
3284	2.50767767496667
3285	2.60673048153268
3286	3.4572699160153
3287	4.12053865682679
3288	5.83729909976463
3289	5.76981730179668
3290	4.20804590271955
3291	3.73588143478185
3292	3.14509072199894
3293	3.20094316743538
3294	3.5194151489996
3295	2.76999688276699
3296	2.32541326716074
3297	3.49420564966568
3298	3.6534787370443
3299	2.74147209479649
3300	3.43958140923315
3301	3.29767427131406
3302	3.5042619679947
3303	3.1813595093707
3304	2.65502650247523
3305	2.61276169068059
3306	3.38490344725527
3307	4.00352008409282
3308	5.43929469299728
3309	4.15882646853704
3310	3.68512765459067
3311	4.72032617500517
3312	4.08107400105655
3313	3.93272310514096
3314	3.87030703265414
3315	3.1269701637833
3316	2.77988140104242
3317	3.18283465220981
3318	3.16053031468981
3319	2.39942806094541
3320	2.37254287517939
3321	2.18270023529153
3322	2.39936978344495
3323	2.91913776015105
3324	2.50069163222017
3325	3.04020118928028
3326	2.88097550973605
3327	2.84560869414774
3328	2.72096999079405
3329	3.89129877132871
3330	2.81355392735152
3331	3.36768851823185
3332	3.97238741578114
3333	3.58034630601643
3334	2.80829995061791
3335	2.90733728732754
3336	3.28853331608224
3337	2.77642839322961
3338	3.29445712097553
3339	2.81348551795246
3340	2.91299321468365
3341	3.45132501994622
3342	2.98112004277416
3343	2.69785220651489
3344	3.04944779784354
3345	3.17133891130996
3346	3.295191130794
3347	2.69930459593186
3348	3.36804455339541
3349	2.69408028768398
3350	2.74486943406962
3351	2.52109399297445
3352	2.42980290907221
3353	3.58688526974104
3354	2.98447756308936
3355	2.82588973112385
3356	1.91374408290299
3357	2.74365587051791
3358	2.55525728253812
3359	2.62608371519816
3360	2.51680616785084
3361	2.45625391496971
3362	3.26448314598313
3363	3.00087921969486
3364	2.27928641217271
3365	2.49563498583666
3366	2.7466560972006
3367	2.84095792112346
3368	2.50122635751095
3369	2.97278754215941
3370	3.32525079381487
3371	2.47822205774956
3372	2.90005860414727
3373	2.04183650025501
3374	2.80270313241392
3375	2.64184847645408
3376	2.63151370813427
3377	2.86639101120276
3378	3.58325424243042
3379	4.01580803373689
3380	3.57955910423194
3381	3.63025974454757
3382	3.1336177742656
3383	4.2124763602109
3384	3.47959792783726
3385	4.39781549421922
3386	3.67654380194426
3387	3.70550439160856
3388	3.88803317982357
3389	2.87299267284946
3390	3.31922100757337
3391	3.09737424060071
3392	2.53369014523063
3393	2.5565780176392
3394	2.52738773334939
3395	3.09238680051626
3396	2.89482322947122
3397	3.11843754391672
3398	2.41225149930797
3399	2.43951505123508
3400	2.81105266400117
3401	4.02260967096803
3402	4.10568307899384
3403	2.84858741404569
3404	2.62867371896841
3405	3.41191590578688
3406	3.15233345223672
3407	2.52847296314345
3408	2.62366417212256
3409	2.53176420749064
3410	2.96682912397812
3411	2.35546742232869
3412	2.08668508512957
3413	2.25946907781257
3414	2.53934598220799
3415	2.28768028617961
3416	2.24574254331052
3417	3.31094010335255
3418	2.60785286011278
3419	2.70894404774916
3420	3.15900173747514
3421	3.26133873546592
3422	4.38066371700149
3423	3.35348922747026
3424	4.38296856150254
3425	4.9125524899801
3426	4.4021944945359
3427	4.05709131031388
3428	3.80083715065321
3429	2.83331224708166
3430	4.04193927689204
3431	2.90871776391513
3432	3.93354411480668
3433	3.08361814142026
3434	3.5617855736043
3435	3.76363348954047
3436	3.62383843294413
3437	4.03404998718812
3438	3.62289663728104
3439	2.45419178328467
3440	2.69755250094296
3441	2.00774021331669
3442	2.79357595917183
3443	3.23884156179567
3444	2.88722475158074
3445	2.7140504808875
3446	3.42326911433806
3447	4.31655298853943
3448	3.81442525282547
3449	4.59256649093875
3450	3.16818594809684
3451	2.46181774651526
3452	3.11969599870863
3453	2.91123424974338
3454	2.53242213716455
3455	2.75930102177375
3456	2.89408756658452
3457	3.13634225244073
3458	2.54960028247676
3459	3.5691904026961
3460	4.03625991057248
3461	2.42265320682125
3462	2.26385363569645
3463	3.03183431483107
3464	3.38678292798203
3465	1.86977388766025
3466	3.17350054070254
3467	3.28648439342411
3468	2.78836610617914
3469	3.17213816292617
3470	2.53307920330177
3471	2.93792934172679
3472	2.65968860710598
3473	3.12815877459825
3474	3.36948846226289
3475	3.53968646955033
3476	3.09300249189352
3477	3.16619030635943
3478	3.05592667287249
3479	2.95197703680107
3480	3.34698031544426
3481	3.59272917821846
3482	3.25835333663475
3483	3.8622139560745
3484	4.45574799761934
3485	4.5802469595105
3486	3.41039672775205
3487	3.45379161193911
3488	2.67165490778994
3489	2.22649690670677
3490	1.81420871666965
3491	1.95917723289232
3492	3.2099762252579
3493	2.82015068689791
3494	2.97120573404469
3495	2.42247081721312
3496	2.30120290956794
3497	2.32873122315929
3498	2.21715881439474
3499	2.85756367464249
3500	2.97736947031672
3501	3.41946026273063
3502	2.96912563234038
3503	2.96299304601784
3504	2.91267858606731
3505	2.66260470548878
3506	3.25911957722108
3507	3.50588176706487
3508	3.28267993082017
3509	2.94571610736511
3510	4.30759717999673
3511	3.45456075064469
3512	2.87909593263385
3513	3.97421743229771
3514	2.89849596953145
3515	2.79500689458658
3516	3.19421084523891
3517	2.57074569598795
3518	1.90977611564945
3519	2.33047607266828
3520	2.00246487932554
3521	2.86204423393542
3522	3.4671707535214
3523	3.05812198554717
3524	3.30569564011779
3525	3.89132488131901
3526	3.38237608880504
3527	3.31767628156047
3528	2.87391947213541
3529	3.45822219180277
3530	3.36979030896149
3531	3.11174547467562
3532	3.96667864552477
3533	3.37512866269038
3534	3.36506516370753
3535	2.97717744187353
3536	3.23765514361182
3537	3.15695048460467
3538	2.5913988165529
3539	2.98228349288782
3540	2.47951545187178
3541	3.79082118456473
3542	3.25679776725058
3543	2.87653899491392
3544	3.76038977023362
3545	1.91267506793962
3546	2.06867064160132
3547	3.63093602173794
3548	4.14354008151831
3549	4.32831032539795
3550	4.21477650826325
3551	2.92953469743363
3552	3.38475006655017
3553	3.77085639992276
3554	2.92442542203231
3555	2.3693736722228
3556	2.19094413358649
3557	2.44014879362777
3558	2.744021968119
3559	3.2692499886577
3560	3.43931386934604
3561	3.17565239151728
3562	2.71565800620911
3563	2.67969550195524
3564	2.54453851430783
3565	2.60718248728912
3566	2.63648725512102
3567	2.64878530410239
3568	3.00274282131913
3569	2.85901013190772
3570	3.01860752847687
3571	2.88873517707405
3572	3.00492473720608
3573	2.24895968412068
3574	2.06381208571427
3575	3.09107888102374
3576	3.32911335398337
3577	3.50168120824025
3578	3.44351678090086
3579	3.64403785807577
3580	3.08272711053521
3581	2.86676133126065
3582	3.09722362327904
3583	2.26435141094371
3584	3.70747160623008
3585	2.9766156579746
3586	2.48859689698542
3587	3.5388743082388
3588	4.01172760990642
3589	4.08009156180261
3590	2.8511814554325
3591	2.77591647722839
3592	3.20288299760132
3593	2.48147846891811
3594	2.4753676507069
3595	3.60659338937964
3596	3.07239727356119
3597	3.52304766381562
3598	3.39658034583588
3599	3.35642072049756
3600	3.88997125336634
3601	3.12504989155858
3602	2.38796955263735
3603	2.14798524646078
3604	2.59463765025597
3605	3.06206151575942
3606	2.83569858984832
3607	2.69490865473785
3608	2.69552922781046
3609	2.40506486648731
3610	2.48883689270378
3611	2.94691647856489
3612	2.82354285108776
3613	2.50470720752449
3614	2.69889489100994
3615	3.52908651043891
3616	4.43843520613026
3617	3.74850035078774
3618	3.30102060002284
3619	2.90009303061305
3620	3.20068920752821
3621	3.09658851917043
3622	3.45774398624255
3623	2.66573187003945
3624	2.57808858669981
3625	3.80403913558094
3626	3.38569489269379
3627	2.30641156686789
3628	2.39987227738155
3629	2.81842893012735
3630	2.8812944142489
3631	2.63266460256192
3632	2.50033970631352
3633	3.53293171904767
3634	3.23817321790793
3635	2.9110684253001
3636	3.36732939060694
3637	3.85167732840802
3638	2.11468639769804
3639	2.98943523969393
3640	2.97726881234831
3641	3.04051175794471
3642	2.75861673259081
3643	2.59903410419098
3644	2.55196330943707
3645	2.885034133947
3646	3.39745330957518
3647	3.49102466495871
3648	3.58499465525724
3649	3.10683595714879
3650	3.38919136574834
3651	3.45342613709329
3652	3.89225268838389
3653	5.09357372006533
3654	4.56790666769524
3655	3.62082780760839
3656	2.98135162313486
3657	3.16049195972882
3658	2.65937582554521
3659	2.63126702626675
3660	3.28358202704296
3661	2.98327006055824
3662	2.66666849105721
3663	2.50244696882744
3664	2.87497392402665
3665	2.09059869636707
3666	2.85982916742441
3667	2.54196064613486
3668	2.33752503617764
3669	2.32193190533294
3670	3.34163733168012
3671	4.05915782364862
3672	3.36929209809773
3673	2.79179499029644
3674	2.70942846509805
3675	2.4620605555341
3676	2.63955962577206
3677	2.96828637343946
3678	2.88889521286781
3679	2.29045374522245
3680	2.43491829987522
3681	3.43171037904457
3682	2.6802596203857
3683	2.94064270203537
3684	3.22496451334361
3685	2.95275068074458
3686	3.07944704693723
3687	4.00522907424008
3688	4.17234204236085
3689	4.12411455522845
3690	3.27091461779073
3691	3.92376879932861
3692	3.24474338971522
3693	3.2736111603075
3694	2.91531374618434
3695	2.35262688324302
3696	3.90403461668325
3697	3.73094830790555
3698	3.63379790927378
3699	3.50761861064767
3700	3.18102930010095
3701	2.54157717920938
3702	3.09722894525402
3703	3.756815229228
3704	2.69691318197599
3705	3.17307928209238
3706	3.08185938997508
3707	3.60321553945433
3708	2.34417399268982
3709	2.85323323005372
3710	3.24041057242337
3711	3.01285870778448
3712	2.90400478006128
3713	3.45672322110878
3714	3.79100633820836
3715	2.7287145719315
3716	3.37756613407438
3717	2.4243304733467
3718	2.73853488535833
3719	2.85617956347395
3720	2.09115983030953
3721	3.64087852629172
3722	4.14912739799376
3723	3.18666014157013
3724	2.83238971391664
3725	2.756227472727
3726	2.43493489321483
3727	3.23435965399264
3728	3.78205620804719
3729	2.41845762706468
3730	3.19426390671491
3731	2.41712634935261
3732	2.3665558033295
3733	2.4893330160789
3734	2.72337179259926
3735	3.44636314378679
3736	2.8007232245835
3737	2.16528170816331
3738	3.13484107057953
3739	3.0085705363799
3740	2.30802939186409
3741	2.53349124855656
3742	2.09414144365618
3743	3.13524071149787
3744	3.03486223502084
3745	3.36923396806992
3746	4.04205558526395
3747	2.91800540135053
3748	3.05299762783476
3749	3.07325041776509
3750	2.72546784480282
3751	2.42290383705222
3752	2.31469785661938
3753	2.95504576561956
3754	3.02656302766853
3755	3.64155313751067
3756	3.24045866449752
3757	3.3751762900322
3758	3.67606569889905
3759	2.93709873122187
3760	3.11879817264469
3761	3.04988244378356
3762	2.63725117072667
3763	2.20645362322732
3764	2.33503601546059
3765	2.2609021246835
3766	2.60722143076169
3767	2.66741795995527
3768	3.90063815294822
3769	3.66457992131159
3770	3.55969047041506
3771	2.65459934471433
3772	3.21394999928678
3773	3.15943247336718
3774	3.09774680699543
3775	3.58662540873061
3776	3.03306061293894
3777	3.21659896274954
3778	2.82980419488276
3779	3.34897184898781
3780	2.59016494484062
3781	2.60811663696355
3782	2.67171346425763
3783	2.48820681691023
3784	3.34381853246437
3785	2.89337745154332
3786	2.14851827746208
3787	2.54445404157846
3788	2.17697326425512
3789	2.39078805522294
3790	2.88845698304749
3791	2.83827218049858
3792	2.94987277306275
3793	3.11721641075254
3794	3.85437707649268
3795	3.31797986548667
3796	2.92753693135325
3797	3.72896744125494
3798	3.2040918532344
3799	2.90350929316844
3800	2.81886803196064
3801	2.81723194656079
3802	2.22987628289021
3803	3.29618987767886
3804	2.99572165724204
3805	4.06169391803987
3806	4.56502853799986
3807	3.54406698657916
3808	2.20949218829484
3809	3.29741282870103
3810	3.49517960317281
3811	3.18190600187354
3812	4.8106667040338
3813	4.00218926463095
3814	2.76466070904218
3815	2.92479810271361
3816	2.73980811082435
3817	2.49621005895628
3818	2.34765531453124
3819	2.73972278632979
3820	2.46657751742269
3821	3.62833464925606
3822	3.45610478215815
3823	3.28409526800293
3824	2.98760990052274
3825	2.4535467758876
3826	3.07681734715145
3827	3.69539174120347
3828	2.87950539574589
3829	2.9623962027021
3830	3.7058028108355
3831	4.35118157840551
3832	4.32128568277462
3833	3.60706898191769
3834	3.50203594295911
3835	3.43520990479697
3836	2.53053798150842
3837	3.55137611412819
3838	3.00092991180073
3839	2.43965398219417
3840	2.75661235034699
3841	2.88223988779243
3842	2.70237799310386
3843	3.74686932148501
3844	4.39558309044272
3845	3.23813038899112
3846	3.43557940167569
3847	3.33986806779673
3848	3.29058783131428
3849	2.54972204573899
3850	2.62110348722812
3851	2.5140667259084
3852	3.11246275361149
3853	2.49689394198572
3854	2.5951468252602
3855	2.92264546441763
3856	3.42710627148237
3857	3.4994173822139
3858	2.68684617197469
3859	1.94625268847518
3860	2.70011301306628
3861	2.87551115528709
3862	3.28424255718652
3863	3.33169108065625
3864	2.89910546483806
3865	2.89377139811759
3866	3.25803955673988
3867	2.8763034050721
3868	3.09716341753873
3869	2.58379927299521
3870	2.94932910171437
3871	2.42099184860103
3872	3.12887008734658
3873	2.27197642900534
3874	2.83736768220824
3875	2.26410013034008
3876	3.70880515437408
3877	2.95450696750876
3878	3.05778157731267
3879	3.18553477439732
3880	3.55604143905569
3881	3.32860180104365
3882	2.93108478580118
3883	3.69934624790662
3884	2.89787075813258
3885	3.10335739340204
3886	2.56509673448209
3887	2.46656273165716
3888	2.47768962026664
3889	2.27723859517623
3890	2.06876971545439
3891	2.24978722726367
3892	2.48245811811082
3893	2.61057606637001
3894	2.60948494271509
3895	3.18372844124095
3896	3.47064491034969
3897	2.8692876318956
3898	2.65246002979437
3899	2.76977084799276
3900	2.80901615788788
3901	2.80375855793114
3902	2.6536289990137
3903	2.48998684029826
3904	3.00724407016859
3905	2.91113381173533
3906	2.89739714181893
3907	2.34809981128951
3908	3.21694911569091
3909	3.48290138389149
3910	4.38137266145585
3911	3.36200408398561
3912	2.70677782841687
3913	2.32556030242622
3914	2.47361807845248
3915	4.27739825239239
3916	3.28326113886878
3917	4.05736098613182
3918	2.96167070719573
3919	2.65925198104125
3920	2.44266329181312
3921	3.11780343566936
3922	2.91501023378194
3923	2.69943864807162
3924	3.12913679329442
3925	2.69050207360539
3926	2.78975139911466
3927	2.84150401633975
3928	3.53825526087681
3929	4.01817119137428
3930	5.79868498108847
3931	5.1668512282887
3932	2.80284876064153
3933	3.67226645477339
3934	2.97731245911093
3935	2.89280179757228
3936	3.87258258430786
3937	4.93299610713435
3938	3.0566062575777
3939	3.66795005213812
3940	3.33578690298783
3941	3.24280913833855
3942	4.25511052386614
3943	3.52202785648364
3944	3.37129682831474
3945	4.08328169615391
3946	3.05953045560376
3947	3.37316623785315
3948	3.42768370437194
3949	2.65923291465151
3950	2.86133355567785
3951	3.82890292006998
3952	3.2225749934045
3953	3.038355939951
3954	3.13297892698023
3955	2.86530506760872
3956	2.83091323915861
3957	3.65350282261627
3958	3.01545007057301
3959	3.46390352570216
3960	2.88226687925422
3961	3.23089321486795
3962	2.71180604334219
3963	2.81875217110729
3964	3.54761378819581
3965	3.09451131879539
3966	2.77525654870928
3967	2.54934248472611
3968	3.01418088630459
3969	3.07614586074656
3970	2.93902066690559
3971	3.42914700762446
3972	3.63274923647596
3973	2.95579878856558
3974	2.87271992028152
3975	2.87824987316977
3976	2.59136038392186
3977	2.713234324188
3978	2.66899078154685
3979	2.42674888574059
3980	2.84077449987782
3981	2.25604525169087
3982	2.82264803518435
3983	3.32576743557355
3984	3.2191901655945
3985	1.93002922717294
3986	2.12618426742641
3987	2.32403337158059
3988	2.32751510921118
3989	3.42130558549547
3990	3.64511800083341
3991	3.85636517093713
3992	3.22679210357157
3993	4.16742143975981
3994	2.9277862427045
3995	3.06207259740436
3996	3.19527308912555
3997	2.42230161066105
3998	2.34292144157097
3999	2.58112482177718
4000	2.58303087108196
