"Iteration"	"tau_Intercept"
1	226.916808846245
2	229.169733532364
3	213.038369296904
4	233.159662023405
5	214.863506758013
6	223.801640082054
7	226.090305268897
8	237.392580817846
9	228.677654898312
10	241.204948310658
11	243.017497350135
12	237.591983901453
13	229.195473624221
14	235.364703442748
15	228.48423433034
16	223.810875126779
17	239.640387612842
18	228.681130719894
19	239.323785971541
20	232.071158830825
21	224.308734650895
22	239.143200903758
23	232.663575979954
24	245.434176619189
25	215.665036689416
26	231.639128012825
27	231.842248552793
28	228.246348996386
29	230.721639267111
30	233.620125014999
31	251.302868340077
32	236.540262616937
33	230.468037976345
34	230.688559536034
35	225.228966819721
36	227.092266219531
37	245.523435199302
38	232.303053091669
39	225.734517114045
40	233.419198229373
41	227.94442283886
42	232.046274795606
43	232.939322231061
44	240.758200256053
45	232.565615159136
46	240.171254052701
47	236.197975533495
48	237.759115209045
49	247.627878447491
50	227.167547306569
51	228.452853093434
52	243.119208865571
53	240.067824666741
54	232.648625019994
55	237.585338824323
56	231.177612792125
57	236.32603958501
58	251.087101277773
59	229.412096906538
60	220.196644365481
61	221.664224721834
62	242.487373460174
63	243.258689676773
64	224.357959900156
65	222.326064794059
66	230.356196517401
67	254.034169925568
68	220.592888868106
69	225.642134833489
70	226.389435360084
71	236.892001079029
72	242.585189961542
73	236.317508053008
74	230.011990316354
75	241.87645157892
76	237.968666878985
77	246.300320038646
78	215.905509676303
79	241.012620735519
80	237.098159602551
81	236.932827987823
82	235.990180993776
83	235.949272840332
84	221.391080339287
85	237.813045003134
86	231.750262410733
87	223.639047971525
88	205.553077570606
89	237.136873345022
90	238.100653826788
91	227.087924253113
92	234.003344272493
93	232.09999002967
94	231.066281555141
95	230.61039152552
96	227.018151375993
97	235.070992711275
98	239.940016909531
99	231.649380267772
100	224.640390927564
101	218.131715424395
102	240.317899336775
103	229.55906792692
104	253.382148303751
105	225.798629970566
106	242.099556400495
107	234.818824486295
108	244.99836505606
109	239.296348418895
110	234.995419148483
111	223.994655196374
112	235.842828970985
113	247.700936883422
114	221.231094012385
115	224.581498233816
116	228.792271908768
117	238.418786264409
118	238.327741551472
119	238.833428497406
120	247.891624077196
121	230.525239644146
122	222.307359345968
123	223.425343500223
124	226.766670648928
125	226.719094401382
126	220.405039630378
127	239.712933208781
128	226.651036711013
129	237.68457163942
130	230.141942346021
131	233.936868640749
132	228.202788352021
133	228.28006023639
134	233.976589280581
135	229.14278801442
136	239.775898837428
137	231.681620265602
138	235.992560938016
139	237.679265705876
140	228.890037939931
141	235.077000033768
142	233.632736428451
143	238.091542934257
144	227.2443348208
145	247.253253916797
146	232.747062016639
147	212.060660898649
148	238.171355717096
149	239.965497011143
150	220.391498053587
151	249.669868346025
152	232.114974767872
153	232.53326261323
154	240.924759596066
155	235.267149416695
156	224.455319768166
157	243.016551408913
158	237.618552272142
159	221.951348902489
160	238.269615386553
161	242.327761568338
162	238.849392662897
163	242.766157693979
164	242.855055948
165	244.071578922776
166	233.860176892493
167	221.929866870141
168	230.997987137978
169	234.033454521885
170	220.709106614636
171	236.16913543445
172	236.069102279687
173	217.332797995925
174	231.145223865692
175	231.671810257253
176	236.975645140674
177	197.936233877209
178	240.813367210747
179	218.006519549718
180	233.16724033187
181	240.03985925447
182	230.079194238947
183	231.422075437969
184	228.092703278813
185	237.539675101021
186	240.388994765206
187	234.651575888084
188	238.555372490932
189	236.693265385622
190	234.483725082352
191	243.437353302314
192	222.828734400677
193	230.874706051189
194	244.649810222041
195	246.905149135003
196	227.654129725154
197	239.298658602323
198	247.194090314827
199	237.108120730272
200	237.539607694432
201	224.895151378913
202	228.497384540518
203	237.05862400285
204	219.556446251558
205	238.14186159014
206	246.276123971213
207	243.739594600297
208	231.635343483552
209	231.877859505867
210	249.733758760296
211	232.46453180907
212	232.307342780839
213	215.370626846743
214	236.734328887456
215	232.188224424018
216	227.013834271644
217	228.360532262074
218	231.918777470142
219	228.623241531206
220	243.547412286553
221	232.620765124096
222	234.335591886818
223	242.597912786782
224	232.230599980136
225	231.969402132103
226	229.817773297983
227	220.97679241437
228	229.149646838286
229	240.042313007499
230	234.245296135613
231	223.660221084052
232	226.50533006662
233	239.135742281608
234	230.525802270935
235	228.44216079494
236	226.587627780347
237	241.922516360587
238	222.963254100155
239	235.501063216304
240	240.65675527606
241	212.494009023653
242	216.163566104842
243	235.363259485786
244	229.574886235962
245	252.807053791898
246	227.94515461623
247	222.939135488201
248	237.756119372962
249	233.334346305683
250	219.297090486549
251	231.114127740167
252	248.20546305204
253	242.329652445719
254	230.544789954449
255	220.235908459581
256	247.743993178136
257	227.86304583926
258	236.720793001268
259	232.32032407001
260	225.983792446297
261	228.577296532619
262	227.578705336303
263	234.712212881927
264	230.270637577172
265	226.005253378401
266	230.771801760872
267	228.877253996537
268	233.417808669786
269	228.356397486052
270	233.684107428332
271	236.135139205848
272	239.472053254316
273	242.919067513935
274	226.783067229622
275	230.343533466472
276	232.997366062268
277	240.031806012973
278	234.480117939077
279	248.11444086979
280	222.10604050179
281	229.162503968729
282	211.869488338571
283	232.506732663805
284	231.997876780227
285	235.79608945458
286	212.095918225411
287	244.11341841318
288	232.638268093865
289	217.474120343712
290	223.622622626372
291	253.7710066147
292	245.209441664596
293	236.22688291394
294	222.516893804938
295	225.674602533752
296	250.709035535689
297	233.652723080871
298	227.52011826308
299	234.139408047902
300	226.257037286435
301	224.251279471418
302	248.839836118981
303	238.499496804395
304	220.508213090248
305	242.404448887136
306	222.58443640293
307	229.707987756207
308	239.93819279506
309	227.595320292976
310	238.648722722287
311	241.632969410562
312	231.549165377221
313	228.623356825523
314	216.322281906499
315	246.25224899555
316	227.485117471578
317	244.872482604433
318	238.61317853448
319	236.550953714734
320	232.3061388384
321	232.647606581401
322	240.07674935253
323	220.905862130588
324	236.77865502838
325	237.23669526934
326	237.78933216915
327	240.160549044976
328	229.574854695714
329	247.146887981226
330	231.686324562651
331	245.725838045789
332	238.275474692674
333	236.160915982716
334	227.221161249371
335	240.887854674725
336	235.708649598797
337	222.781583431861
338	226.842238534708
339	234.401640143391
340	228.630300207048
341	236.577350703425
342	228.983846211334
343	222.796238498634
344	224.139601248649
345	227.876754105858
346	237.983386929044
347	241.001451321686
348	240.615279547384
349	233.253441573505
350	235.897732132537
351	232.022407201967
352	230.717175636086
353	229.312262419539
354	229.186206652032
355	231.305159708675
356	240.829734201522
357	244.686288545994
358	238.879124084846
359	241.905489141423
360	229.009725389378
361	233.271628888527
362	247.533052031368
363	235.873206152879
364	228.687113104795
365	251.815240592542
366	233.875480924526
367	214.954971087136
368	219.815879400781
369	234.092415138564
370	236.465014242985
371	230.783821646045
372	232.362265641405
373	219.578856090684
374	230.674217812154
375	225.611621677041
376	229.933799028613
377	228.304472717989
378	237.671600416683
379	251.924358262379
380	246.340874151685
381	249.75120934944
382	234.077130252034
383	227.096612918129
384	235.470815338408
385	238.152632818373
386	230.363690867852
387	228.877057707277
388	233.592101149175
389	240.621784940625
390	243.664139472863
391	230.112296794122
392	228.811457507921
393	218.972166715098
394	237.384294791898
395	223.967902670463
396	228.2710093384
397	241.000351703433
398	237.176526939478
399	243.803327616201
400	239.648381429091
401	238.554221598454
402	227.854655528653
403	240.495848130721
404	225.207020306956
405	227.405021072676
406	230.378622529435
407	213.988747367749
408	220.273966704172
409	238.081273290502
410	230.476876593699
411	245.361217058987
412	240.059857077767
413	257.626122010497
414	238.380819360941
415	231.09894723973
416	230.819179316538
417	229.048853763092
418	230.64722051281
419	229.961198211666
420	235.132597942036
421	216.982493920587
422	221.255056193996
423	245.540497886374
424	221.222885955453
425	236.790684076314
426	241.18242540892
427	225.701405099049
428	230.429510554124
429	229.054846150089
430	212.886068513543
431	241.279741220041
432	237.235507458565
433	204.276611918016
434	225.629242207564
435	234.211067293691
436	222.816335218513
437	241.945300699338
438	242.496341241548
439	233.724223644693
440	222.655999959918
441	228.063256473767
442	222.208620134927
443	235.530793179492
444	231.649157039616
445	244.766183141242
446	231.083367682722
447	216.283846524521
448	238.899601881501
449	224.555557360944
450	239.588945755013
451	239.194834009244
452	243.511526560196
453	220.408315683283
454	227.346458041841
455	242.766644960962
456	228.999244997581
457	239.260512461129
458	238.535104629056
459	247.932464455318
460	238.728507313204
461	227.219030852253
462	223.25900682147
463	243.711012010386
464	235.335687547306
465	218.771851888099
466	236.88431983008
467	234.192224397435
468	224.28263532772
469	247.605738411855
470	243.11130055089
471	225.61778832174
472	240.257258956793
473	235.749180161844
474	235.208901390053
475	241.885539575082
476	228.138052707783
477	237.563472583677
478	248.27791499354
479	252.632919884812
480	232.158721860178
481	221.757376765357
482	245.238178052217
483	229.924047293633
484	233.541164656639
485	235.611526782724
486	236.104265417121
487	242.529214753151
488	242.860982910317
489	226.223519460821
490	234.658920490258
491	224.209170843446
492	241.096884042706
493	225.704124853802
494	236.260211203972
495	236.272867444346
496	235.747679665476
497	243.092851936167
498	248.709668561732
499	240.857532636146
500	246.032020057281
501	233.131860947531
502	237.900516034812
503	235.405427684632
504	223.751839511317
505	243.022571023783
506	231.690363330808
507	228.615771685108
508	242.221578548297
509	232.754763611231
510	238.885195155154
511	228.486072217441
512	239.768575108149
513	231.473912171667
514	231.843381203943
515	220.891736056974
516	241.287087629287
517	227.168807257265
518	225.570007625112
519	231.426719856326
520	238.659649676911
521	225.010922685231
522	229.766811719085
523	249.762068547036
524	249.692505544529
525	243.277989280786
526	224.533284737077
527	236.709316564875
528	242.49323085237
529	224.104531849248
530	248.133858560804
531	230.500716323652
532	221.113715050864
533	238.353112874231
534	233.675482722954
535	213.545565318153
536	242.13696564866
537	229.552232749409
538	240.255669710726
539	249.275239656462
540	217.09621921974
541	241.797108937241
542	213.694561572445
543	244.113901620106
544	247.995239425003
545	214.836088385997
546	223.804237945322
547	228.609335255971
548	226.894674852406
549	208.941992202098
550	236.470557707315
551	223.930967672263
552	238.003158318863
553	237.765066644959
554	236.842986534458
555	232.919902715409
556	228.904503762542
557	211.543114283235
558	227.487692102617
559	239.711405892615
560	233.378100296975
561	244.393367837331
562	224.842408926894
563	236.463465728315
564	237.119122376666
565	239.871512670084
566	235.642206932987
567	234.975239344919
568	223.084108066675
569	240.751124768108
570	246.783195811744
571	223.372913568825
572	235.869186516635
573	236.747026403672
574	247.887541194019
575	229.856260212425
576	232.560692072926
577	232.29098912198
578	248.755643256124
579	227.3983871031
580	226.047205237859
581	218.548334446478
582	231.681631466315
583	220.310917610529
584	226.261236290967
585	245.463267650716
586	230.340276010536
587	238.854589115973
588	238.071318497924
589	239.363893727165
590	240.420047407442
591	228.273522455138
592	229.298338287336
593	238.568191663415
594	213.05525277243
595	255.097458806043
596	234.818209245377
597	228.681300090499
598	229.697166458856
599	231.26787940756
600	221.743664919544
601	245.227529388715
602	230.898235923097
603	223.253682125777
604	235.724658284802
605	225.91469229465
606	220.821745767764
607	252.911593635587
608	237.535273186108
609	242.388887127723
610	218.207577284376
611	222.026581292167
612	232.345135002648
613	221.2695025363
614	216.757494563752
615	240.195411127623
616	230.261436058761
617	234.380028486738
618	230.032498394712
619	234.921066094547
620	221.812229904373
621	230.033973190577
622	230.281445890015
623	240.469459728985
624	240.73770726209
625	226.784904850673
626	244.291595781588
627	239.526686374798
628	242.001243349264
629	234.011272057466
630	232.697218024222
631	226.192702587391
632	249.604462445075
633	227.021854617865
634	221.820256353751
635	233.510956816121
636	233.577089800656
637	231.593167290456
638	245.321114881746
639	228.856369844137
640	227.118856631223
641	224.031048834649
642	241.029506770949
643	228.087083204694
644	236.306308794052
645	231.900823782312
646	223.808839698689
647	225.224543480958
648	230.595655528212
649	221.964217727467
650	231.817215290144
651	235.740302875235
652	243.949278507121
653	230.950620353273
654	221.770603144939
655	230.58796618698
656	218.667544197923
657	229.964499717595
658	216.953616677267
659	224.162667825536
660	224.01273116713
661	235.382265061814
662	244.388555503622
663	236.759563160898
664	223.826547027847
665	245.481024858876
666	242.935467818077
667	228.3612980488
668	216.525949260728
669	249.247410928187
670	229.080556228151
671	238.795025236284
672	229.118360050408
673	241.055858915227
674	235.130279279871
675	215.115729989493
676	240.414562081713
677	229.155468589149
678	237.990899544738
679	224.256864218094
680	235.718771452564
681	232.309250461896
682	243.110704572322
683	231.61789300234
684	227.285450410165
685	224.36068550856
686	227.133395383424
687	239.050885468053
688	228.557860826342
689	237.440722834273
690	251.212990277755
691	235.224929385993
692	232.316281908849
693	241.461608423195
694	231.082290197135
695	236.208738370099
696	226.83360864372
697	229.527223670149
698	237.988709038236
699	238.372206666767
700	225.243242575166
701	225.853475750403
702	233.810052067634
703	232.756651746051
704	225.018512378861
705	230.543615987114
706	243.473559678329
707	244.046023119777
708	231.651959203249
709	236.462255761729
710	230.376943382769
711	243.20876229127
712	236.733287298634
713	226.834524556639
714	239.943968792251
715	226.874013921914
716	226.736743971833
717	232.414826035251
718	242.291656737266
719	239.898953802216
720	234.86898383597
721	224.424094487738
722	225.540888065376
723	233.386655304905
724	241.659351237701
725	227.051333689226
726	242.1460748757
727	238.661852735861
728	230.234573259361
729	218.884794891371
730	241.669348696931
731	231.252821126519
732	223.09220878366
733	235.22472823573
734	226.596238700804
735	242.145177048949
736	250.228166084074
737	235.176711520634
738	231.047654234392
739	229.088193097937
740	232.251142643461
741	239.424535798272
742	249.549967411528
743	229.293282825665
744	232.863393567528
745	225.368359608854
746	230.072426196574
747	231.794891479648
748	237.835205120864
749	240.534519001758
750	238.777492092221
751	237.000328605633
752	234.783912590913
753	223.762878410546
754	238.08108212698
755	230.490286464326
756	221.715372232342
757	244.22539035125
758	225.347991541189
759	229.231925540177
760	225.468376725554
761	251.187814446564
762	233.696268504167
763	230.943003714595
764	225.299506044234
765	226.019356764303
766	242.162194195021
767	237.989090595421
768	212.44076633931
769	228.81636470289
770	249.269055065202
771	249.639393947951
772	242.410213018012
773	227.329466970122
774	238.555486731238
775	227.652645959042
776	231.503903227934
777	232.574028122307
778	223.340677152418
779	235.664887590205
780	223.047651881484
781	228.345310536966
782	245.872265667134
783	227.116975620667
784	237.783655944624
785	225.937760472178
786	237.781874631599
787	234.285306880727
788	244.740883422998
789	234.734012590576
790	231.116120808506
791	244.536454132962
792	218.144222824745
793	234.028312196984
794	232.285573042391
795	243.415821129109
796	238.848499131408
797	231.57784092736
798	240.04151114673
799	219.608518856834
800	224.889288103789
801	237.646915890155
802	212.551806562951
803	223.248160926239
804	232.043961331269
805	249.642803033225
806	248.085279502496
807	228.650865286677
808	229.493942525794
809	234.432917227832
810	225.03528624049
811	218.288384253356
812	221.998013650394
813	235.347369686192
814	233.943007874985
815	224.647179756177
816	243.385734678559
817	238.085616611974
818	228.069567591869
819	248.036126649414
820	225.092874416997
821	246.315886928165
822	225.109164180581
823	230.138969792416
824	223.391545115456
825	232.297193337367
826	250.113041694064
827	251.341516701379
828	235.856195145061
829	226.126039094361
830	249.682166510288
831	241.263523291563
832	211.786446339156
833	236.457067083419
834	222.684296608927
835	210.16126982335
836	235.984726723018
837	239.937517209193
838	236.104531120651
839	231.905998164655
840	222.802817811151
841	228.780612833149
842	243.813238093803
843	234.478538333527
844	237.936200822334
845	235.428277456824
846	242.444444312775
847	243.178504085419
848	229.249392331239
849	229.171285046828
850	238.502205007565
851	233.404926715253
852	240.065189005991
853	231.865604514829
854	244.766524894911
855	238.060416385724
856	242.956910532876
857	243.143143548571
858	229.108440518302
859	238.867127378862
860	246.585877593368
861	219.631411111612
862	234.49721230386
863	222.367259781521
864	224.983063947849
865	241.574904967931
866	229.628403855833
867	242.878490962083
868	229.947202136879
869	219.82542838521
870	235.581214697976
871	230.050148389521
872	238.194979088813
873	247.721036853932
874	225.5275916725
875	236.400939992169
876	215.877810003436
877	232.668342129397
878	246.370114729738
879	228.28401150108
880	214.457538532897
881	217.730590000917
882	233.772773033606
883	230.025788648304
884	233.184710129587
885	233.335274532704
886	243.009234194442
887	221.189349085837
888	232.500913186379
889	223.117564842356
890	209.071768431584
891	221.743467880896
892	229.597401668471
893	227.169813755684
894	216.026025253287
895	223.079396764478
896	238.835012230286
897	226.231636069808
898	237.460414470188
899	228.481316414587
900	254.015654489617
901	234.153113132044
902	230.565258599364
903	227.185820932061
904	221.409426363517
905	229.745177885279
906	230.842592651296
907	236.779114655908
908	234.999535449925
909	234.343015740171
910	245.705060774041
911	236.083499836182
912	220.478727913731
913	246.492746968834
914	247.214404449645
915	217.718034950514
916	230.119363257884
917	237.189751451079
918	228.638852312287
919	246.46418390975
920	239.814193685595
921	217.058370730202
922	249.157131369524
923	219.74710181512
924	238.099603092399
925	234.012888724688
926	217.476542093937
927	230.178337912349
928	223.870727887181
929	222.281069529384
930	228.143822161977
931	227.769327044333
932	237.266304419687
933	228.285623450559
934	235.888723793687
935	226.570014219829
936	242.679734861608
937	224.289310071162
938	240.453912746239
939	221.712760772514
940	223.41893108171
941	219.040698569583
942	215.965622844979
943	224.723860944322
944	223.645919328235
945	236.420331050002
946	230.682870557416
947	249.186705212694
948	234.318315482481
949	226.932325321896
950	240.477135903188
951	238.041997289042
952	242.412968693366
953	246.316616768774
954	224.75468634115
955	234.021626069926
956	259.649280706743
957	242.847965465627
958	224.739561068726
959	244.387059779674
960	224.458648245037
961	217.472778902422
962	222.158500678229
963	252.594964197128
964	223.520855912936
965	237.597368636627
966	231.529149831944
967	231.015732521636
968	251.348107182639
969	223.532638651085
970	234.329727333174
971	240.955821638661
972	237.218819795644
973	244.471267206143
974	238.511797346415
975	233.398652642261
976	229.56239102029
977	244.141236731896
978	234.353281318067
979	223.806873983913
980	230.434096367079
981	217.890341446071
982	217.705973513135
983	233.688011834565
984	238.170344947955
985	230.456040099726
986	231.438589288103
987	241.224548493327
988	229.175108012984
989	261.04070524413
990	228.544178624937
991	228.163721362082
992	244.116655529608
993	250.009682048348
994	233.493540904999
995	223.037778514082
996	220.623197270102
997	234.20971090521
998	225.956886045849
999	241.979493901015
1000	234.842976825203
1001	234.190402913216
1002	233.288882253608
1003	225.88391912021
1004	241.457109994277
1005	233.911013661297
1006	239.29049062496
1007	234.04093898147
1008	235.870319156814
1009	228.604151083642
1010	250.576259519575
1011	235.854439348087
1012	245.23023171445
1013	236.239200891537
1014	244.531202091571
1015	245.987541289566
1016	257.884984851049
1017	234.531388232476
1018	236.598907019109
1019	232.319673047473
1020	242.586460227577
1021	240.194044306846
1022	231.896933046103
1023	229.748434845913
1024	232.194424167026
1025	240.47668220165
1026	230.432140858728
1027	235.1293602703
1028	237.392577064007
1029	239.139645526073
1030	225.431398947923
1031	216.035706307578
1032	231.065237712862
1033	243.994324473456
1034	232.868776856677
1035	219.330201812676
1036	247.944777653274
1037	251.00891315806
1038	237.465393566186
1039	247.176423698833
1040	231.227878454163
1041	238.16877884376
1042	221.598533080353
1043	238.870605771502
1044	211.747605593657
1045	232.200540585036
1046	241.10828363006
1047	216.743937767164
1048	233.599394012628
1049	240.779331554089
1050	210.646683296447
1051	226.388059176273
1052	236.631764072998
1053	238.258349606532
1054	225.720660416381
1055	217.752551061252
1056	229.61546545904
1057	230.387369334866
1058	247.677855763197
1059	245.081481203863
1060	219.504901427241
1061	215.075168024972
1062	225.523084385841
1063	238.462832769796
1064	241.505780789101
1065	234.270915976429
1066	222.827787568546
1067	234.118253558486
1068	218.454588988142
1069	229.514438804646
1070	241.521397120638
1071	231.926446340353
1072	224.938937345057
1073	233.160742184706
1074	217.866101003986
1075	248.405409393213
1076	241.250665995193
1077	231.439352625009
1078	225.439659791286
1079	229.228466974777
1080	237.995829309366
1081	230.431603934372
1082	233.971977347014
1083	239.608209360729
1084	246.521882349534
1085	238.645591868549
1086	233.511550033951
1087	241.3781323648
1088	227.680687869232
1089	238.399376140322
1090	244.732062788599
1091	235.658356474086
1092	235.533106485761
1093	218.801173880591
1094	232.351172586022
1095	242.764510132409
1096	234.053849977199
1097	230.258574188411
1098	231.212475538589
1099	248.875101800263
1100	237.503033244594
1101	238.31764365902
1102	226.560708932066
1103	236.545824163224
1104	240.506276956265
1105	239.187927545463
1106	233.527718891604
1107	239.766060260386
1108	244.237960330778
1109	224.547342745699
1110	237.648473481849
1111	225.914877606413
1112	235.369819876589
1113	232.863742294382
1114	253.863736684785
1115	224.219281407983
1116	244.968391302224
1117	231.99080120531
1118	228.77593607309
1119	229.033898823835
1120	239.86005236304
1121	245.26509927993
1122	237.327906143332
1123	229.032252562509
1124	238.363251010167
1125	233.124587245906
1126	251.363860444472
1127	240.851942127461
1128	225.357282460612
1129	248.419890908502
1130	226.499312889668
1131	259.61556314803
1132	238.226804722221
1133	227.175588908471
1134	246.450978577412
1135	232.714236578404
1136	239.982649810588
1137	223.174893844698
1138	238.371757370123
1139	222.059476206465
1140	239.424676849241
1141	248.163227633408
1142	233.032496470449
1143	226.460846730863
1144	228.324951810061
1145	231.68778564916
1146	228.86800390101
1147	221.762641768066
1148	217.069045926902
1149	242.613720509242
1150	226.75957529097
1151	245.093045884696
1152	233.795023438261
1153	228.13178195771
1154	240.52193899457
1155	236.841726939792
1156	237.306426795438
1157	235.02123265457
1158	235.508519213787
1159	249.79570107533
1160	244.345087702128
1161	223.467114419429
1162	225.706766962288
1163	234.49076921672
1164	233.532015271472
1165	210.192185405517
1166	217.731752563648
1167	238.335148632499
1168	227.107603309241
1169	235.446683526113
1170	241.838594800059
1171	225.956914385519
1172	238.281936006035
1173	215.380412315731
1174	241.787363178446
1175	248.761046200648
1176	223.86406636889
1177	231.041118057216
1178	219.119591226603
1179	224.584272154136
1180	246.429621914706
1181	222.736154804982
1182	242.519946303504
1183	230.716913014901
1184	231.707485505238
1185	237.513993157183
1186	233.823314130535
1187	237.280922778086
1188	221.442059738512
1189	249.247443300373
1190	228.776764223421
1191	231.606091490511
1192	248.230386013041
1193	241.107038313435
1194	237.927722779868
1195	240.045045142261
1196	249.79883307658
1197	214.93035561349
1198	234.747844853945
1199	227.678402538904
1200	227.520827024154
1201	255.896197977654
1202	227.716660499685
1203	232.453010522749
1204	242.995046909797
1205	222.13928878681
1206	231.394331581971
1207	236.465784965891
1208	238.230149657827
1209	224.771815319166
1210	234.871471792361
1211	227.816699567126
1212	250.486328203597
1213	214.469306154816
1214	223.029412365617
1215	222.685547164402
1216	230.875740106143
1217	229.955038131293
1218	232.99790338935
1219	224.658222983672
1220	218.364791644572
1221	224.830848815847
1222	237.038685155656
1223	244.440273518511
1224	229.641897338882
1225	241.370658526383
1226	234.674872467431
1227	228.175878498696
1228	239.805218988875
1229	239.936619629705
1230	227.911267754313
1231	239.693702086382
1232	232.040689075066
1233	238.679469163683
1234	236.858714241668
1235	234.924432526198
1236	221.626404303435
1237	252.673275051456
1238	218.660847928914
1239	236.11938899976
1240	229.226876725041
1241	230.869202077088
1242	230.444815613421
1243	225.279740102012
1244	219.884829512353
1245	241.688661032861
1246	234.374029770632
1247	237.602903299543
1248	232.51531132189
1249	224.774700822125
1250	233.080628096772
1251	248.718541765387
1252	224.868741695547
1253	229.866206292492
1254	219.018302409159
1255	242.145637924461
1256	240.383704423313
1257	223.819810290992
1258	233.295705170349
1259	231.723303087528
1260	244.312337613712
1261	234.130809727938
1262	220.310011597836
1263	239.334267551204
1264	239.98310059002
1265	243.212251484976
1266	221.895457196523
1267	223.976079666272
1268	228.054095218954
1269	242.531261707787
1270	240.780068112023
1271	245.147899848241
1272	240.988704831241
1273	237.675331620308
1274	233.13518756842
1275	223.413197774959
1276	225.33648601487
1277	240.479169140006
1278	216.425170310632
1279	239.936833689583
1280	227.518838409237
1281	237.495095889108
1282	228.096659264886
1283	226.964142460623
1284	247.2706590737
1285	219.991500172945
1286	231.206148944575
1287	224.64580196869
1288	250.292421528739
1289	236.987887632949
1290	224.265124950852
1291	226.875998209741
1292	244.732662029845
1293	238.148121214193
1294	218.127461986052
1295	237.575661726148
1296	207.632200633569
1297	240.069501407013
1298	228.449814513149
1299	219.795810408501
1300	218.903233683059
1301	246.375474141641
1302	241.238690288813
1303	243.061806712931
1304	237.033415654311
1305	217.029414749144
1306	237.1084119076
1307	228.019456512624
1308	234.057974530845
1309	234.981262288116
1310	243.281449670159
1311	233.837203678941
1312	241.203458668504
1313	228.571695647709
1314	228.00519860365
1315	215.787254532275
1316	225.520144065319
1317	230.364444436101
1318	230.319134154599
1319	226.201171395384
1320	227.117548997884
1321	230.356832127074
1322	215.608989027349
1323	221.940561621674
1324	223.082592433033
1325	221.643604441165
1326	229.709552967112
1327	232.811288585161
1328	247.006647554964
1329	229.388018295243
1330	237.321015609297
1331	235.168942410683
1332	239.703197488873
1333	231.104385568818
1334	240.314434494525
1335	219.480119224784
1336	239.320287336488
1337	228.435423041532
1338	231.071164464045
1339	234.068898698952
1340	235.789075950655
1341	229.752207689155
1342	237.610045574141
1343	223.605819115799
1344	239.612398647263
1345	240.194471788936
1346	235.754725273999
1347	228.327093573834
1348	226.658373208261
1349	237.928533676875
1350	225.946923719491
1351	231.779283978065
1352	228.68789133006
1353	229.853251784225
1354	229.235986693092
1355	238.413344089306
1356	227.516996384432
1357	242.056700100587
1358	228.628001343608
1359	248.233803302862
1360	233.143365735914
1361	239.977847265311
1362	223.813292664303
1363	235.019106031149
1364	217.439317260592
1365	214.468446243275
1366	234.7735752267
1367	240.90927645475
1368	236.640566395282
1369	237.414114885193
1370	224.375309244819
1371	231.806852787295
1372	237.381683972685
1373	222.079382763859
1374	247.031115430376
1375	231.555051813635
1376	226.533029741764
1377	236.955566957493
1378	247.035190531801
1379	232.531637078877
1380	234.242032353107
1381	227.121035793214
1382	228.19196629283
1383	217.867303316904
1384	219.700335054649
1385	246.190856062197
1386	241.270704337297
1387	245.485464539322
1388	242.233988368633
1389	237.198271344781
1390	230.754106152033
1391	240.08391973237
1392	230.372422268229
1393	231.29098890027
1394	240.591944901617
1395	235.874620346201
1396	240.364484173639
1397	228.94120532174
1398	239.947502100753
1399	217.459164199114
1400	221.393441271278
1401	238.490516474273
1402	233.949153651767
1403	254.272287368654
1404	230.730133482202
1405	232.674064843652
1406	240.96708173289
1407	226.384970686089
1408	237.526457099666
1409	225.656913719674
1410	227.283725504796
1411	230.258656352448
1412	223.464522416316
1413	238.09293307895
1414	233.75544741286
1415	228.231025644013
1416	230.679633393316
1417	241.314275174535
1418	253.195275519793
1419	230.65666339102
1420	228.285878951288
1421	230.0573098006
1422	224.431819922353
1423	232.381106486542
1424	235.527497709674
1425	222.415279191806
1426	219.103575368018
1427	239.83371872782
1428	228.089579321437
1429	232.364878717723
1430	234.796230233832
1431	235.500963860922
1432	234.436603884656
1433	239.20236177853
1434	231.953200559193
1435	245.134247924655
1436	232.127196347188
1437	237.929081520061
1438	233.803707067764
1439	228.287062344503
1440	226.851503972718
1441	229.300445228352
1442	229.723939713012
1443	215.842854202006
1444	238.42390860741
1445	233.262159192504
1446	212.345467148559
1447	221.312357591696
1448	232.473288143051
1449	237.006196320003
1450	233.71378374777
1451	231.021110157078
1452	217.129719018429
1453	238.626949941247
1454	231.56026927315
1455	240.742239220422
1456	230.355485055723
1457	242.601927610072
1458	237.776073744442
1459	228.579038919001
1460	246.805391470514
1461	209.983051824465
1462	238.36224975258
1463	242.052559417789
1464	240.753036062098
1465	234.174554763687
1466	238.087593300761
1467	225.462943681984
1468	223.798492992203
1469	231.263959824809
1470	243.223152902399
1471	225.309177260109
1472	234.667416951477
1473	238.011344699128
1474	235.175772196796
1475	219.056528173056
1476	237.018067650664
1477	240.436128761127
1478	228.187481055197
1479	231.97884557096
1480	242.146547677888
1481	229.456779564321
1482	241.594672770218
1483	247.136424758612
1484	243.204092692578
1485	230.320128242298
1486	236.611288927948
1487	238.994986028364
1488	226.04373609987
1489	232.688826373041
1490	234.130550744201
1491	230.625128464033
1492	235.891728784433
1493	239.786610541799
1494	225.236920741277
1495	231.843278673345
1496	228.233696974722
1497	230.512676371924
1498	228.311367349087
1499	229.280625340709
1500	233.497188383741
1501	245.631794974409
1502	228.795505443468
1503	232.833410610936
1504	241.909954319111
1505	239.260601891162
1506	227.221132839539
1507	229.271035295367
1508	235.691983386682
1509	233.083563469631
1510	224.790033445748
1511	229.02414342171
1512	228.54583867998
1513	246.129055909818
1514	232.322830624916
1515	238.528055934253
1516	246.310244984991
1517	231.855944363149
1518	242.39565261724
1519	222.0561704873
1520	230.381098155452
1521	216.829264525355
1522	225.666719725032
1523	223.136696950087
1524	239.502176071955
1525	234.850385277992
1526	220.901704852387
1527	235.700240380944
1528	236.646454654865
1529	234.553899342161
1530	218.762278332626
1531	249.152002482885
1532	246.612414119221
1533	237.9796186958
1534	227.413292545208
1535	232.268254602749
1536	249.690146439713
1537	221.339203379184
1538	230.0077757083
1539	228.640913731899
1540	241.379135637432
1541	225.510564023961
1542	224.024795320576
1543	250.052084751997
1544	220.168037330095
1545	238.084633013251
1546	231.665791939766
1547	227.685936187498
1548	231.900956628322
1549	235.294517809445
1550	221.855383668738
1551	240.690939671492
1552	216.910964345589
1553	241.34274185739
1554	223.700687230952
1555	238.651995094359
1556	227.874638221092
1557	234.379915528604
1558	233.902292466932
1559	227.586049936223
1560	230.198069146835
1561	236.916871041744
1562	228.790073275574
1563	226.437986303324
1564	234.334279174079
1565	234.504681408431
1566	224.328750981462
1567	224.459541177081
1568	236.593791654308
1569	233.566023529346
1570	234.12501859599
1571	232.861575543496
1572	233.133809399047
1573	229.035193027113
1574	246.4683197331
1575	230.485949108402
1576	212.650276385619
1577	232.659510580359
1578	228.925988316129
1579	250.013079136388
1580	241.098975780021
1581	224.440262088191
1582	227.122260080365
1583	243.333927866491
1584	222.191172069206
1585	225.617962513723
1586	218.554121884959
1587	237.236319310781
1588	232.805995289482
1589	229.684479924977
1590	242.214027987274
1591	244.245844758905
1592	218.651442702669
1593	241.49566387525
1594	237.091968238855
1595	234.944294263081
1596	238.7832118624
1597	234.542671328367
1598	244.130169933184
1599	211.513962910604
1600	236.467443339093
1601	247.800503069143
1602	253.226851426981
1603	228.605534511407
1604	232.258334939357
1605	227.872834866002
1606	238.381449075809
1607	234.829055531233
1608	220.560453977097
1609	226.844679941753
1610	226.645510873768
1611	228.396212181716
1612	228.066487827101
1613	240.712647130895
1614	227.215979132308
1615	218.229963100968
1616	237.583974437949
1617	236.841769712169
1618	227.683944055012
1619	236.339803204109
1620	238.389669159558
1621	242.328986376061
1622	235.120325528387
1623	240.462192047014
1624	232.929588139659
1625	235.420117842579
1626	228.856092809835
1627	230.791237515573
1628	234.605185160553
1629	238.667526272169
1630	232.865421964216
1631	231.380782237584
1632	228.96251947156
1633	236.713428443544
1634	228.980327315672
1635	233.816063621365
1636	229.392801841398
1637	247.257031731172
1638	233.964070105938
1639	236.155983289576
1640	229.176321178907
1641	244.148563244886
1642	228.119552787097
1643	241.765320274251
1644	228.918319023157
1645	227.186299671041
1646	247.735521692967
1647	240.240554893049
1648	238.826194081955
1649	244.50733390745
1650	235.435746663066
1651	261.457047156709
1652	230.596323244006
1653	214.612686736461
1654	236.361496429332
1655	229.319132725956
1656	228.643369986799
1657	232.524564745736
1658	241.625541852924
1659	233.634185058254
1660	242.167193305241
1661	239.588859734904
1662	223.020982261218
1663	246.761682295839
1664	239.215418588784
1665	225.098492269915
1666	221.740269827831
1667	227.571326411928
1668	253.757593830455
1669	240.146640493219
1670	241.530215659178
1671	220.583565082423
1672	227.50288901766
1673	236.267188662207
1674	222.704949457751
1675	235.815172080895
1676	227.160030781006
1677	218.622205472435
1678	232.198498926641
1679	240.955893152122
1680	231.692222298782
1681	235.103845224191
1682	246.785627715717
1683	210.542098642979
1684	232.758335080569
1685	245.847444990079
1686	212.196073646609
1687	231.221849959253
1688	233.260189432486
1689	232.510260469658
1690	231.986933291576
1691	254.286974433839
1692	237.525225516874
1693	227.876521758475
1694	229.61743083855
1695	218.590180960461
1696	239.467686574977
1697	229.474472513992
1698	228.276935063599
1699	240.568270638338
1700	232.802818495992
1701	225.564924954604
1702	247.626305454382
1703	225.767042423871
1704	239.32350167855
1705	234.969599850387
1706	242.961638197632
1707	236.331108978933
1708	245.001885158026
1709	230.652223269203
1710	234.924882643904
1711	234.661282356287
1712	247.635993135159
1713	232.443240426451
1714	231.8252043609
1715	230.478454885081
1716	240.986776706168
1717	229.231097244946
1718	248.927717023955
1719	244.359511300198
1720	225.163329883688
1721	212.663293504445
1722	225.720224668476
1723	221.460402328943
1724	222.927763811914
1725	247.215310762212
1726	241.674240583432
1727	233.41277444815
1728	226.987800163434
1729	229.955968304147
1730	231.369732060901
1731	238.907643123598
1732	246.56794045856
1733	219.932095112284
1734	252.041563085726
1735	232.143195098432
1736	217.015323316363
1737	243.850578631159
1738	237.724746718188
1739	228.519880857265
1740	235.552170627553
1741	228.723272453276
1742	239.580548447232
1743	236.962437150892
1744	242.01697064794
1745	231.118510939114
1746	240.893545918189
1747	229.291577165586
1748	226.832778993441
1749	252.984158615977
1750	222.694768837305
1751	243.178949424868
1752	222.973876465529
1753	231.777944752815
1754	246.354648134944
1755	230.307773277887
1756	221.465667530936
1757	232.154803991859
1758	224.925995723358
1759	227.363875691438
1760	243.990807084835
1761	236.54344429937
1762	235.709487322835
1763	214.112910482201
1764	232.09726161484
1765	226.470959983549
1766	244.26554753861
1767	233.406422328636
1768	238.00368675995
1769	229.0151459109
1770	230.508888592086
1771	227.018042671386
1772	232.934229738566
1773	232.781214890963
1774	238.071640506151
1775	231.427450447849
1776	248.252898800282
1777	229.496705985808
1778	233.563113796974
1779	232.517390836027
1780	233.67544341988
1781	223.81294380001
1782	226.770613194047
1783	252.936360582017
1784	254.210828170576
1785	220.446855931842
1786	226.484621942535
1787	231.201472110815
1788	223.702571120681
1789	232.980987904528
1790	239.792436967414
1791	224.206794427692
1792	212.615626852719
1793	242.348726464338
1794	222.387999457259
1795	235.100596559771
1796	227.016654490923
1797	250.920220846189
1798	228.996921042074
1799	223.38545740115
1800	237.495425163497
1801	230.892149168049
1802	229.487062263503
1803	234.752168713323
1804	238.173408375659
1805	227.119993165358
1806	226.65464007437
1807	232.119252122083
1808	236.43695906476
1809	235.556885694682
1810	234.669649847987
1811	243.437304956289
1812	225.716137346578
1813	229.885063363867
1814	240.686085214132
1815	218.862367147718
1816	232.388053373295
1817	240.264029711309
1818	234.23107453388
1819	230.816560241984
1820	247.856286841972
1821	231.324072122242
1822	249.397202780972
1823	234.471982817181
1824	225.744028888472
1825	227.125219344776
1826	232.539204720931
1827	220.29062965294
1828	234.754933284437
1829	249.843458954254
1830	241.073163968129
1831	210.746847518405
1832	217.738373523683
1833	222.466630763791
1834	222.381920807892
1835	233.72374126889
1836	239.002419017102
1837	212.499787205281
1838	228.782169360349
1839	237.922612452756
1840	217.413639995079
1841	235.018950036539
1842	245.76532003301
1843	252.383972666829
1844	226.863824924597
1845	231.581734162809
1846	229.649729800769
1847	223.227664044778
1848	212.581390994596
1849	222.80841057147
1850	238.409021375987
1851	228.273268605524
1852	244.39552380045
1853	239.932063927934
1854	221.494181980286
1855	240.332568184357
1856	229.538054055334
1857	226.051895410029
1858	231.334502327871
1859	222.279013641202
1860	222.829254545472
1861	249.590334594617
1862	228.428366197317
1863	228.620903628962
1864	239.317856732473
1865	243.630529675545
1866	243.126094775827
1867	247.592679144966
1868	235.217043723503
1869	216.631934395418
1870	235.15347087443
1871	230.714622936183
1872	245.770371008482
1873	217.55798465324
1874	231.916618266254
1875	230.941228429058
1876	230.69336388534
1877	235.263269240775
1878	232.721804855745
1879	233.070703824124
1880	241.44371973957
1881	231.646338972617
1882	235.468499320524
1883	239.854775505388
1884	230.900682378245
1885	231.704621846549
1886	233.942133524706
1887	240.913110980577
1888	231.712497938459
1889	242.072470370677
1890	234.05955370991
1891	239.710146563787
1892	241.739683597011
1893	228.053422106014
1894	234.368857182199
1895	237.271254495625
1896	236.923762112651
1897	228.860445864126
1898	237.774987509971
1899	227.628866823501
1900	226.553121978125
1901	234.471426252978
1902	243.731751895034
1903	242.080887895351
1904	240.106469057638
1905	224.946289250215
1906	226.905207188761
1907	238.619092094952
1908	235.988751938311
1909	227.024113536062
1910	253.986174189706
1911	238.720051594347
1912	229.327442822545
1913	224.011645766671
1914	229.709199769088
1915	230.584571011551
1916	234.771301690547
1917	229.10928493161
1918	233.838571889873
1919	231.387340866613
1920	227.594474035205
1921	225.916924751463
1922	238.526318173385
1923	236.09071295868
1924	245.873631793169
1925	225.456594358229
1926	226.123213359353
1927	230.983582332145
1928	236.674802921156
1929	223.908238888351
1930	245.489694029086
1931	238.244078919305
1932	233.334565448477
1933	242.914582122561
1934	224.325858114554
1935	253.707920973249
1936	235.254905755435
1937	220.352422916373
1938	233.660805641514
1939	237.332400644364
1940	235.9187625822
1941	226.409749251115
1942	233.845377159385
1943	246.197470946737
1944	240.451193113322
1945	224.227576567887
1946	232.842895802527
1947	239.5791478641
1948	235.569676345262
1949	228.780624472141
1950	231.198077536674
1951	238.10489590993
1952	238.076548920092
1953	227.351461638352
1954	237.620633634465
1955	236.587063872749
1956	226.889289553168
1957	250.443355950302
1958	226.83543020335
1959	233.690744706524
1960	228.53266321613
1961	220.685821874173
1962	236.572368857146
1963	247.87557380171
1964	229.310898488167
1965	235.915932978754
1966	240.818275119745
1967	210.749767743504
1968	222.778770368054
1969	233.582182566388
1970	233.63530625055
1971	239.292823524002
1972	225.038382900648
1973	227.292729484715
1974	222.998465152462
1975	216.008134039007
1976	243.775656632979
1977	218.284548688593
1978	223.678566798163
1979	218.27274745408
1980	231.99370122572
1981	246.090755198981
1982	228.050048870488
1983	237.818408600824
1984	240.853769088002
1985	232.657349339913
1986	240.762291644553
1987	230.442374212205
1988	239.797664920812
1989	221.144419197377
1990	239.082925374871
1991	221.707662537219
1992	221.476419969052
1993	235.141075237128
1994	226.788235323704
1995	224.250748147806
1996	226.561545071856
1997	243.088064007984
1998	223.412692484281
1999	237.50682750683
2000	230.042855436701
2001	235.310646939553
2002	224.537405601446
2003	223.856858123265
2004	244.906106349439
2005	225.485468029899
2006	219.183273272492
2007	234.894359990259
2008	235.165596410733
2009	255.529268923143
2010	228.382741378332
2011	238.841038051178
2012	235.520447930615
2013	235.063954542023
2014	227.54042817816
2015	236.930002747168
2016	229.769972263441
2017	224.896998095203
2018	237.813869060546
2019	241.270843328536
2020	227.04224025201
2021	243.39133176707
2022	230.664173624357
2023	245.466674113927
2024	239.066092234853
2025	232.302471669949
2026	240.441131305578
2027	231.539226263966
2028	235.791795616282
2029	226.653355383004
2030	247.579695300166
2031	221.865738276177
2032	228.005972543952
2033	242.150781881543
2034	243.631311078991
2035	235.97826415799
2036	229.284856519599
2037	234.843252877723
2038	252.243791879015
2039	228.999236135334
2040	245.021975582611
2041	231.113589418793
2042	245.385899705606
2043	248.618083433747
2044	224.685838282883
2045	227.017795584758
2046	230.404156064874
2047	234.39066030556
2048	221.183541096897
2049	238.550441370926
2050	224.575743147585
2051	233.1520076005
2052	228.754961398589
2053	232.421429498462
2054	212.855534124533
2055	221.1681644665
2056	243.252018268002
2057	236.289680063982
2058	226.45475286814
2059	255.207612657801
2060	236.282035998132
2061	241.866264713552
2062	222.429368419702
2063	235.8438466628
2064	222.369978902043
2065	223.773048199472
2066	229.746838913007
2067	232.042909553462
2068	248.698862230551
2069	238.867274834634
2070	235.871692215291
2071	228.990386064072
2072	240.685538756473
2073	246.553411943463
2074	229.115764823408
2075	238.994062750778
2076	243.094673395239
2077	213.783114170574
2078	223.619331704977
2079	253.808417002583
2080	227.215121302505
2081	239.718007543736
2082	252.616679113891
2083	229.77667128753
2084	238.002454296383
2085	228.685175782712
2086	234.610408796978
2087	226.828043290764
2088	223.662821282382
2089	233.432304713392
2090	237.201829672632
2091	227.695241669423
2092	214.661233001665
2093	239.937777330404
2094	250.350542339313
2095	227.419821633888
2096	233.492052240121
2097	230.144200803573
2098	236.853587320288
2099	231.335289995755
2100	227.284058269822
2101	227.517314153772
2102	223.84981250768
2103	232.167612248432
2104	239.987757498798
2105	229.426582470313
2106	231.893952398677
2107	230.555915420077
2108	234.225760353953
2109	241.893856732977
2110	233.83889845626
2111	253.679482474477
2112	224.468973210913
2113	234.259841551025
2114	231.296907549511
2115	232.997231896012
2116	233.595282873892
2117	237.758215212083
2118	235.481712794565
2119	245.056148748497
2120	222.102795589483
2121	235.959923216577
2122	245.059637346234
2123	221.547048181446
2124	217.386374408514
2125	230.910435103691
2126	225.46769795855
2127	230.859431256687
2128	217.636661500981
2129	228.034517543664
2130	246.632182585644
2131	235.86625477099
2132	233.196936027658
2133	242.569930684566
2134	222.41274556474
2135	240.928471105034
2136	214.907474545993
2137	234.400489463414
2138	234.267368048214
2139	238.258641619904
2140	226.688654222707
2141	229.388832517803
2142	226.586338744117
2143	241.628361605305
2144	225.27910835996
2145	219.721902349842
2146	242.403151763395
2147	232.606250626556
2148	235.683956029118
2149	238.488828936982
2150	225.789398282096
2151	232.846082987953
2152	222.702685108074
2153	234.844774614469
2154	228.658080895634
2155	216.910680916042
2156	231.446766218347
2157	253.115652110059
2158	246.272439815567
2159	227.508538892962
2160	224.593827272521
2161	238.95530592
2162	232.443162820635
2163	240.532810476846
2164	231.406746876952
2165	225.345836299179
2166	229.374972812007
2167	230.222363264078
2168	229.39137721463
2169	266.280031427625
2170	239.136950710596
2171	242.473498911278
2172	227.97859060841
2173	238.562122058075
2174	235.419329776094
2175	228.862476038572
2176	251.27022879061
2177	227.630880734951
2178	241.05318108373
2179	227.027273675372
2180	241.313116969353
2181	248.440026877704
2182	246.071806871901
2183	240.947863125462
2184	227.725399715342
2185	229.941000074765
2186	251.040282685203
2187	224.939252744297
2188	242.773685202297
2189	230.597309394821
2190	238.022279791544
2191	241.793890757038
2192	228.182694756011
2193	235.820742026219
2194	262.001121017787
2195	231.054161128347
2196	247.311150927608
2197	223.876307686253
2198	246.35383389857
2199	229.776349280534
2200	235.65275570494
2201	231.708175567192
2202	247.805670555891
2203	217.220531644036
2204	231.837029517403
2205	228.118179740275
2206	231.230112323753
2207	243.900485848408
2208	228.682233722108
2209	231.473790278553
2210	239.269228432057
2211	242.696907478114
2212	235.416034934805
2213	233.971385220393
2214	241.151806924776
2215	242.018537705608
2216	249.648469083345
2217	231.427168998079
2218	231.981937998907
2219	224.148881875093
2220	217.898464947267
2221	221.714434248059
2222	220.193062461082
2223	232.934572299157
2224	243.648050442767
2225	242.022040961969
2226	238.122166624124
2227	220.431405031331
2228	221.068283947018
2229	224.724258562478
2230	244.202443887879
2231	241.339488392468
2232	217.4765720986
2233	233.776829088274
2234	244.118219529446
2235	219.693161984924
2236	233.002027763937
2237	239.823285745569
2238	247.107827615721
2239	245.917687735727
2240	226.905816176286
2241	244.781874384432
2242	234.323336672012
2243	233.777556858437
2244	236.070973986181
2245	237.913058148524
2246	249.231481931176
2247	247.909781313525
2248	223.595798046632
2249	215.040290844448
2250	249.109664993508
2251	231.361464698225
2252	224.976704911048
2253	220.398891523528
2254	236.686470776856
2255	234.759637320717
2256	246.036717962833
2257	237.347860387474
2258	227.462855238779
2259	226.692954212007
2260	237.707926742447
2261	237.954784804884
2262	239.717121738724
2263	214.623437578076
2264	219.139978345255
2265	230.624585874741
2266	250.075526266215
2267	234.869809258323
2268	228.931531748696
2269	251.201034969729
2270	236.981291723837
2271	244.687669265037
2272	226.191215236056
2273	238.744286855992
2274	232.742901452189
2275	232.076903308338
2276	233.688707558869
2277	235.561230695204
2278	222.588101720359
2279	241.960125463506
2280	228.573951896364
2281	232.344538502246
2282	236.854409479485
2283	232.517684865861
2284	232.329797553763
2285	233.895255328757
2286	243.298053343396
2287	221.406730380288
2288	237.73327190206
2289	250.528733842834
2290	237.980385871808
2291	224.240853412503
2292	228.335584739895
2293	232.33140856245
2294	236.829368390417
2295	244.117742979236
2296	226.188457909474
2297	236.647874837865
2298	234.623780495513
2299	224.621651118061
2300	237.884657431963
2301	233.550204254542
2302	227.446096066511
2303	231.448086493758
2304	226.800461355685
2305	235.001902462978
2306	247.439603258951
2307	231.841453083228
2308	241.529559193745
2309	230.270045458558
2310	229.501566222339
2311	242.016208052884
2312	223.782086045866
2313	228.799147701637
2314	233.499235300219
2315	249.194145417944
2316	229.887285336291
2317	219.207045587594
2318	237.742700705451
2319	239.850913771822
2320	240.972149482286
2321	216.851312326123
2322	231.353804099503
2323	231.880824939733
2324	255.267677397039
2325	244.571934556109
2326	228.693285194999
2327	235.183288717466
2328	238.462769719733
2329	233.04022848686
2330	217.553872427113
2331	233.699485669696
2332	224.505172252746
2333	226.761316502922
2334	246.478460887164
2335	250.482641501607
2336	217.388308642554
2337	232.378041065082
2338	232.284858094135
2339	227.331965712992
2340	229.393104422831
2341	234.014905408257
2342	234.294830360866
2343	243.496118669669
2344	216.741179882048
2345	242.651244515608
2346	235.0411218636
2347	238.891427838418
2348	243.576668389815
2349	232.232215395486
2350	233.17133355554
2351	224.641514272643
2352	240.215620028575
2353	238.911751890334
2354	236.482473648495
2355	231.49431928138
2356	230.939461840532
2357	228.80771448517
2358	228.439184191632
2359	236.80007531388
2360	246.03109676372
2361	243.810253254175
2362	227.135778403659
2363	224.546430613903
2364	230.325236139194
2365	220.441163210872
2366	234.547438960087
2367	240.853286632619
2368	212.695372700253
2369	261.514443539252
2370	244.79110416238
2371	218.335380082928
2372	224.642512184964
2373	235.074995154062
2374	234.445220266338
2375	233.400264392139
2376	221.180694745893
2377	229.159465333623
2378	236.031668386762
2379	205.290653373143
2380	239.661057297655
2381	219.135419341881
2382	229.389670246337
2383	248.085080767904
2384	255.309104464887
2385	234.373639363825
2386	233.654135879099
2387	249.577001273446
2388	242.225302513991
2389	242.247046128346
2390	234.12446368523
2391	227.634203382538
2392	225.284695926838
2393	237.708550975684
2394	228.792581852613
2395	235.723807686515
2396	230.152401940203
2397	244.271675521656
2398	230.774591891001
2399	237.295406449522
2400	237.998588386551
2401	247.550503549772
2402	239.641092005748
2403	237.561609740769
2404	239.892092072255
2405	227.663195119564
2406	235.446777385285
2407	240.291629199757
2408	239.352693014014
2409	224.787635635947
2410	218.688381458013
2411	216.362051442712
2412	224.811272118844
2413	233.042463308614
2414	244.050463153954
2415	240.878502199602
2416	239.547731427769
2417	220.382079997972
2418	231.523927799026
2419	229.820358532304
2420	229.247396460005
2421	221.021853945566
2422	232.296078741963
2423	229.729427189538
2424	241.992262262713
2425	233.926900393958
2426	243.471418411188
2427	224.298337943966
2428	219.327537350084
2429	217.991908476169
2430	229.992762434827
2431	220.89184455152
2432	230.538170575137
2433	238.460004854471
2434	245.866200963725
2435	244.681208451524
2436	233.555556202174
2437	223.429061453865
2438	222.795665588515
2439	234.75266591255
2440	236.96251862854
2441	247.223035251134
2442	226.062228490207
2443	232.882714433555
2444	222.771367438508
2445	230.316136698514
2446	233.369490200474
2447	220.428013279024
2448	230.741403778216
2449	233.847507885261
2450	238.807828646405
2451	231.490162530059
2452	232.517930762461
2453	243.949886085665
2454	234.490542998449
2455	229.218170687892
2456	233.926820459404
2457	247.981646071652
2458	250.412146005397
2459	235.072066261406
2460	241.078178854857
2461	227.868510629411
2462	232.163174836962
2463	247.915308077105
2464	225.511274877053
2465	240.638805355166
2466	236.305473425826
2467	242.659313393574
2468	234.283573074462
2469	232.510118223205
2470	219.131224193859
2471	236.678435138246
2472	230.865218595008
2473	243.473430654437
2474	233.151977809632
2475	236.223704886667
2476	234.330663720339
2477	231.318197574247
2478	243.736070792078
2479	241.377101715226
2480	235.606017386499
2481	224.524338499985
2482	238.765002798311
2483	238.572714042668
2484	233.300684245542
2485	218.882065100852
2486	228.275131028896
2487	234.997351913059
2488	226.825784830377
2489	228.666349278142
2490	235.615577638447
2491	238.302196714913
2492	245.866408254955
2493	219.016431948521
2494	234.23152879023
2495	227.864749636764
2496	229.908483769533
2497	251.403910502325
2498	237.197530279059
2499	220.255055550675
2500	228.924707275665
2501	237.933505653808
2502	243.207671549851
2503	235.316767114666
2504	235.90163362275
2505	233.530984200284
2506	222.419460885001
2507	221.331278848918
2508	238.992738118818
2509	233.57327593855
2510	225.745428850002
2511	241.389801215466
2512	232.691718278619
2513	249.029228498538
2514	227.000651858236
2515	238.077548618068
2516	225.660928638443
2517	229.828010503132
2518	242.715640231874
2519	216.212666400871
2520	219.90336424915
2521	241.936875872331
2522	227.99167741766
2523	245.447997345653
2524	234.264582997494
2525	234.939279856537
2526	249.42967239793
2527	227.853614468055
2528	214.449418332393
2529	225.344459745307
2530	248.523650517467
2531	252.367670557115
2532	238.490867093145
2533	238.938460035692
2534	244.184751619168
2535	242.294806602915
2536	221.058831962954
2537	209.372677991754
2538	245.172056689507
2539	235.473481512633
2540	231.455375084185
2541	232.988508408846
2542	237.704437612218
2543	249.027690176525
2544	226.725159261413
2545	237.433993947121
2546	234.503173934403
2547	233.832291904742
2548	255.457669176135
2549	229.289469633379
2550	223.035542934002
2551	224.965556655672
2552	256.205764874316
2553	241.263600214654
2554	230.607631437438
2555	244.659980406973
2556	230.989703485787
2557	238.96930454443
2558	231.693124181541
2559	226.764446526316
2560	234.060428309408
2561	241.094446647117
2562	238.287828654727
2563	241.204426362893
2564	239.073264594735
2565	225.201528469175
2566	220.443046850473
2567	232.513562601024
2568	232.714406048816
2569	252.012167788415
2570	229.857872778754
2571	235.633742489158
2572	238.49128510551
2573	227.655039335901
2574	239.996143463368
2575	228.415573272277
2576	244.059793307004
2577	243.835272358609
2578	242.145440009262
2579	248.667765357832
2580	226.372752055993
2581	225.596346697305
2582	239.054643579233
2583	228.09703385211
2584	233.09117411029
2585	245.001296196924
2586	239.73382697991
2587	245.618066880747
2588	246.529383078139
2589	224.044103328734
2590	231.878353548801
2591	238.522938818865
2592	220.047450625489
2593	225.584143026271
2594	230.86746438145
2595	223.059470164995
2596	228.772124012612
2597	232.791757235313
2598	229.144654687505
2599	230.417972210094
2600	243.747215238111
2601	221.534377397536
2602	246.076196654992
2603	221.353696287023
2604	218.474495267439
2605	229.2367416913
2606	256.126480541183
2607	243.673179620696
2608	224.675045812663
2609	231.59926410879
2610	233.900653012904
2611	225.547147496306
2612	226.183174986379
2613	225.239740907225
2614	237.971353417134
2615	229.645015447309
2616	213.248650111446
2617	230.425043495693
2618	224.657346555524
2619	233.914504756976
2620	245.355889039103
2621	248.292711165521
2622	227.05626799543
2623	221.614784879709
2624	216.810959959795
2625	235.492951731065
2626	238.803519388528
2627	221.305107544769
2628	220.502364452804
2629	251.441685421508
2630	236.99674210321
2631	243.674570790456
2632	242.0553588818
2633	239.267433555629
2634	230.479901894638
2635	231.700840017219
2636	241.440468471554
2637	230.272733817883
2638	214.813285181379
2639	217.844781199646
2640	229.213243422169
2641	228.20521243531
2642	218.600793758807
2643	221.106622986251
2644	227.005025990331
2645	233.102204765514
2646	243.983276335703
2647	225.897529344772
2648	226.976904430189
2649	243.05128254279
2650	242.417349444339
2651	225.777970019901
2652	241.719187689996
2653	235.896269093834
2654	248.439019886211
2655	234.539817623606
2656	238.358026488273
2657	226.597855349837
2658	229.991499976124
2659	229.203538758423
2660	246.150294945573
2661	217.768578951261
2662	221.967795116531
2663	241.794148501765
2664	251.504579841763
2665	230.388538134324
2666	235.968987118225
2667	226.377676776818
2668	229.345030671962
2669	232.066857430133
2670	240.49732241945
2671	208.664501128138
2672	222.771987424327
2673	245.202569063838
2674	226.73033047643
2675	231.703131532425
2676	213.152292541177
2677	240.00490805893
2678	225.725565379526
2679	236.38947107907
2680	242.795735535794
2681	220.637782941445
2682	234.170553064042
2683	220.444575558515
2684	229.122588736645
2685	245.362134125535
2686	250.786195108613
2687	234.978339596028
2688	252.089091928123
2689	222.569290337933
2690	239.685287619625
2691	230.963162739465
2692	247.134335608938
2693	240.955333979417
2694	243.560366292524
2695	219.795409099694
2696	234.585953291062
2697	217.712763943839
2698	231.103163231522
2699	245.20126907216
2700	229.204206205367
2701	239.011656817977
2702	232.724437243899
2703	238.990510483737
2704	223.769282809079
2705	229.158909857183
2706	221.521789832372
2707	249.057852633984
2708	221.493299631111
2709	244.35457212538
2710	234.483770543997
2711	247.095915737745
2712	219.219964009022
2713	238.91294037903
2714	239.185600602108
2715	226.351576712472
2716	238.892906309849
2717	232.077933867209
2718	247.257053035504
2719	241.706352681903
2720	220.327390094564
2721	212.870050842872
2722	233.033765745418
2723	224.609985492252
2724	226.894854900238
2725	231.806531844398
2726	220.108514655508
2727	238.036339370196
2728	233.811100400296
2729	239.355440342381
2730	241.828360926254
2731	240.211186007928
2732	232.081636567755
2733	222.995684220234
2734	256.628730958704
2735	246.115452625457
2736	225.559352115815
2737	219.624968675355
2738	233.237476647511
2739	236.681149081197
2740	232.798566018728
2741	231.044055702224
2742	241.568280947809
2743	243.492197754747
2744	226.749110588861
2745	239.608362049364
2746	246.211275874358
2747	251.478147347772
2748	228.937244287741
2749	233.895852302593
2750	242.729325247254
2751	253.555618883499
2752	237.644388799178
2753	229.923349373557
2754	233.05121660868
2755	234.850088431783
2756	235.595702192468
2757	227.242376136853
2758	223.648467609992
2759	222.082133179587
2760	243.851865365859
2761	236.065253042846
2762	216.597619770662
2763	235.888412042801
2764	227.718108711707
2765	238.562717419257
2766	229.836537468347
2767	224.935146840301
2768	242.535639158705
2769	217.183571757383
2770	251.342040506697
2771	230.777768053479
2772	230.32848771594
2773	222.956028271786
2774	239.126331552918
2775	238.177429556582
2776	235.513729246603
2777	248.932459208791
2778	245.800009444023
2779	234.925771565315
2780	230.090696959787
2781	225.736684674696
2782	231.343844978519
2783	240.173089258494
2784	212.551874437897
2785	236.690800721867
2786	228.753361941501
2787	228.520709806151
2788	218.961453233233
2789	235.957130192348
2790	246.845777975472
2791	228.131079532438
2792	221.731210682351
2793	234.129989600711
2794	222.59224179257
2795	242.453298171781
2796	253.149828386515
2797	230.561998734697
2798	228.248241785171
2799	231.177532286897
2800	245.573690963582
2801	234.457675379811
2802	251.244738159786
2803	253.078767435241
2804	253.377345183495
2805	229.340618048966
2806	227.352686856389
2807	221.71674278919
2808	243.494005433914
2809	228.8044297367
2810	211.022571010913
2811	248.6146859075
2812	238.766336145175
2813	251.356143227182
2814	245.470622635116
2815	226.42304250466
2816	244.979315985834
2817	238.209013090007
2818	242.697208944899
2819	255.798269345929
2820	224.850350177655
2821	239.090757472312
2822	236.232076588448
2823	237.628019506346
2824	203.809013539336
2825	226.087137167368
2826	245.212497946039
2827	227.526317644312
2828	236.636200014429
2829	211.382882077727
2830	226.227595655883
2831	238.285220264863
2832	229.732851730917
2833	239.805170226629
2834	222.107991114866
2835	232.087350592831
2836	229.056983748935
2837	249.15518114115
2838	225.712812519662
2839	214.573930586605
2840	229.719677142093
2841	221.828717811483
2842	233.54658318087
2843	221.127827082943
2844	232.639353087835
2845	234.204853422658
2846	246.612841738334
2847	230.589375022342
2848	240.833345288538
2849	227.654038630398
2850	211.544740585678
2851	243.85309842792
2852	228.837933220724
2853	221.433554333782
2854	232.33032996592
2855	221.807895939768
2856	221.823375204597
2857	235.031056365539
2858	236.857469787262
2859	231.643389004435
2860	245.955309512409
2861	231.874951682118
2862	242.118494614333
2863	222.577466624843
2864	237.283398532544
2865	221.709268203386
2866	228.089559244881
2867	230.298719018136
2868	227.739344301228
2869	231.712834053119
2870	223.101912318212
2871	224.758953808036
2872	233.033868811764
2873	224.884665549217
2874	233.656466304068
2875	237.885840597797
2876	256.309335258016
2877	221.896298002286
2878	228.534465133765
2879	211.27388439972
2880	222.276796116341
2881	229.774974843646
2882	236.252298199364
2883	236.449555106166
2884	226.600285770119
2885	236.32034593264
2886	243.330751562789
2887	229.071097004767
2888	236.776299060397
2889	230.60989681791
2890	222.666721193123
2891	218.182255357104
2892	217.757300478493
2893	237.317523525195
2894	222.036456361974
2895	233.205009365857
2896	228.725702000557
2897	228.680143294667
2898	234.93687208058
2899	222.561055089664
2900	235.274443967852
2901	225.824012973228
2902	226.26513509347
2903	233.313263000579
2904	220.379827888228
2905	231.589856395327
2906	229.391010915623
2907	242.687913059123
2908	235.412145162871
2909	225.784782645143
2910	232.68076834904
2911	233.096530504157
2912	245.216326067321
2913	224.312362917441
2914	233.683000357337
2915	225.121229608247
2916	238.992100723936
2917	211.769778325587
2918	217.631341356152
2919	230.473468415062
2920	233.414098747483
2921	226.751127953789
2922	240.859802462533
2923	232.5283535079
2924	245.187007949195
2925	217.86342556946
2926	234.470097375533
2927	235.016438896254
2928	242.771855427701
2929	227.997546744175
2930	229.185254456527
2931	236.430563450437
2932	227.26047001166
2933	220.646540749694
2934	220.548810288738
2935	234.859101757002
2936	243.782600134146
2937	225.945098552356
2938	229.025654463859
2939	228.753282207249
2940	240.16800653982
2941	227.726196866828
2942	231.740418055283
2943	240.448508542239
2944	249.02545633739
2945	249.458588738897
2946	226.184656469794
2947	234.461825907972
2948	236.710457021869
2949	233.689553663464
2950	239.865170048085
2951	233.900959049617
2952	249.106363416311
2953	236.372129894284
2954	252.494400106808
2955	234.070933709941
2956	245.391705882691
2957	231.255694252753
2958	243.383964181647
2959	231.937398161058
2960	237.528334943404
2961	224.803025980958
2962	219.486472969873
2963	233.811265107817
2964	213.088963241855
2965	226.307980361611
2966	242.827278009098
2967	232.316691493706
2968	240.159346854655
2969	226.10334741905
2970	240.918218823092
2971	250.63065215339
2972	227.053865115375
2973	234.182422307245
2974	229.021462755429
2975	243.771423128723
2976	235.432046975556
2977	243.909954688267
2978	224.344701594023
2979	232.175555655807
2980	236.729391293222
2981	230.030785805572
2982	233.642171184306
2983	237.095693206288
2984	248.580579385136
2985	240.387471057461
2986	225.894682496856
2987	248.568292346777
2988	237.459661486526
2989	236.377239403989
2990	233.302362626649
2991	248.292238934617
2992	232.018746085914
2993	245.185895055783
2994	226.239328431842
2995	222.624209392405
2996	222.354335963866
2997	234.71329239945
2998	229.555910312028
2999	217.458050522352
3000	232.261302209207
3001	216.80605556281
3002	218.038757438048
3003	238.035440858489
3004	227.147897036103
3005	226.808558380215
3006	230.178379629083
3007	219.376913742648
3008	241.358852684329
3009	232.903056771868
3010	217.742277078801
3011	226.644647907814
3012	244.083886321119
3013	221.64892710992
3014	238.560098096966
3015	226.92839702825
3016	223.922070015473
3017	239.916038991249
3018	243.755974067108
3019	237.703268677316
3020	246.715324770489
3021	230.292835209325
3022	243.529615918601
3023	217.511035336895
3024	236.624600074217
3025	228.24244907763
3026	239.18575637045
3027	239.803653096111
3028	231.967792252578
3029	244.848199263521
3030	229.290012656803
3031	233.956594591346
3032	247.109507244914
3033	240.014409299553
3034	240.564556142337
3035	229.935317953918
3036	240.171527591519
3037	225.696528302003
3038	243.273587455789
3039	237.379656514669
3040	249.272728594874
3041	222.345487443391
3042	232.227598439033
3043	235.878472168369
3044	236.9535707175
3045	223.031466856954
3046	223.240920133332
3047	237.253530278606
3048	243.903463080549
3049	223.719289854963
3050	239.356617271219
3051	252.45988191107
3052	224.395399234355
3053	235.264409964835
3054	245.78291870503
3055	234.34028603964
3056	243.460701697027
3057	237.828587319143
3058	238.386540233286
3059	243.691623889107
3060	221.227602612008
3061	233.005572463207
3062	227.118035058113
3063	236.888501649798
3064	244.715409279892
3065	244.040416772814
3066	234.452754757751
3067	218.138729228066
3068	233.916993527701
3069	224.311926479525
3070	241.318241231431
3071	232.754305437533
3072	236.121794083918
3073	235.608774797303
3074	235.517646259853
3075	229.669846902749
3076	244.098523127169
3077	230.897615955543
3078	229.573779208534
3079	240.653811685741
3080	239.181129050685
3081	252.668458491935
3082	211.651469856086
3083	231.290288608907
3084	235.237540720375
3085	238.115920647601
3086	212.791343294991
3087	232.008631030535
3088	237.225635245182
3089	225.023293304655
3090	219.922974119728
3091	229.707890860591
3092	226.683547194851
3093	216.59023060569
3094	230.714756900834
3095	217.173103451552
3096	229.236857026641
3097	246.112610832658
3098	237.433896337148
3099	242.585579512015
3100	235.718148459564
3101	244.01632240861
3102	226.380398519229
3103	228.912746461385
3104	246.548176049078
3105	228.059246738145
3106	230.384385394187
3107	231.395495218791
3108	244.114245016668
3109	242.845605105139
3110	218.421077961527
3111	216.755110436723
3112	231.31524539307
3113	229.198580761521
3114	247.919542538868
3115	243.72945834919
3116	237.203787850693
3117	227.540575805883
3118	238.025682026509
3119	236.898002507943
3120	231.47692982116
3121	237.2029749095
3122	223.606410007975
3123	218.268921611337
3124	232.245618161186
3125	220.618343261035
3126	227.265338867315
3127	229.327282512772
3128	244.829428088378
3129	238.180141316311
3130	214.87230754901
3131	235.691194934333
3132	249.096711677006
3133	233.940446477493
3134	241.301305553327
3135	238.315738596501
3136	226.835615712277
3137	238.270210572594
3138	232.936324359704
3139	216.1897172724
3140	228.677285896567
3141	230.974472554893
3142	257.232374924738
3143	244.132934390991
3144	227.71796409267
3145	229.842985015405
3146	242.749826758685
3147	226.860162269712
3148	212.145428297655
3149	227.482084250075
3150	238.447877582846
3151	229.956920878717
3152	228.984147522241
3153	232.043123966641
3154	231.428386625233
3155	252.586610421555
3156	235.88740487174
3157	217.756987944515
3158	228.166370093073
3159	227.350281675121
3160	229.659545050737
3161	234.871145537157
3162	230.910595115549
3163	231.074884615388
3164	231.556459865342
3165	229.162251253521
3166	239.798101115023
3167	223.522771942552
3168	243.968336598934
3169	216.682427206422
3170	233.946126123843
3171	224.493005512572
3172	231.125897317621
3173	239.670153598354
3174	231.609731247932
3175	224.214057557144
3176	235.150524620627
3177	231.002950214512
3178	223.516348529154
3179	259.202073372276
3180	232.268395339941
3181	232.895381027693
3182	234.490274912216
3183	238.835692261193
3184	239.270452874199
3185	220.585660649115
3186	228.520896865788
3187	226.143927644766
3188	223.585018213457
3189	242.920894444849
3190	229.125292895771
3191	236.206009164448
3192	245.846627613616
3193	224.781546414388
3194	225.635145189375
3195	242.394785400691
3196	237.697473443209
3197	245.614242373683
3198	224.189256721516
3199	219.888082833435
3200	237.591774242798
3201	217.10694542654
3202	233.092928178187
3203	232.401107277456
3204	218.707705004672
3205	236.552611088385
3206	233.483542831889
3207	221.833165830171
3208	239.096553777737
3209	223.670791636278
3210	234.84484855594
3211	236.53160422862
3212	241.548117447701
3213	236.34520282497
3214	221.83326446094
3215	248.636500386137
3216	239.144075964884
3217	233.642094618349
3218	239.452311081221
3219	236.729191577451
3220	235.848098155062
3221	224.725126335756
3222	225.197900479563
3223	238.976120963666
3224	227.9101564236
3225	234.076435511253
3226	247.729412530151
3227	222.033240423263
3228	224.770562540818
3229	214.665256001743
3230	245.888004755521
3231	222.375614748231
3232	235.114962023053
3233	238.763978581875
3234	223.651237406048
3235	233.834075477838
3236	238.241167277576
3237	226.266743196539
3238	234.73631363049
3239	228.698592962423
3240	243.376617606703
3241	241.143381825743
3242	243.713451104264
3243	243.47610640687
3244	251.181220823517
3245	241.854645469451
3246	231.693525297957
3247	249.664705949861
3248	222.035338907491
3249	228.078512373533
3250	235.32259138462
3251	228.562763771444
3252	232.206514067675
3253	249.567516292452
3254	222.087177531015
3255	240.784390183461
3256	223.63606511953
3257	230.341335307102
3258	242.649233858355
3259	255.977605780225
3260	207.903931357238
3261	245.782100843992
3262	246.653697595783
3263	236.301249978375
3264	243.55548535365
3265	221.086789387915
3266	239.70441595212
3267	217.898698781577
3268	235.440733461008
3269	227.690976709459
3270	219.581255006809
3271	238.691174983972
3272	241.089120953457
3273	222.82036981594
3274	246.911469147251
3275	232.521529456969
3276	233.358824261742
3277	229.698375063269
3278	236.036068083184
3279	228.713745102083
3280	230.318488309018
3281	234.383841386585
3282	239.6083565383
3283	232.899463974592
3284	253.199362494197
3285	229.32457039279
3286	222.080858239563
3287	232.965892273955
3288	223.28073060774
3289	235.446054716018
3290	223.778404421445
3291	251.858595826947
3292	237.68928704502
3293	250.863915497836
3294	228.838842790837
3295	227.929713130231
3296	222.285856363434
3297	238.437694033159
3298	223.458924281753
3299	239.00073291733
3300	225.382941947399
3301	238.007338356515
3302	223.353581865374
3303	241.817194016633
3304	231.876986615623
3305	256.547695569068
3306	227.838692889747
3307	214.180014095381
3308	236.924108741885
3309	239.962718419347
3310	232.23840739963
3311	234.972619288648
3312	233.327768445316
3313	212.751546167679
3314	235.231073846853
3315	228.642234329137
3316	231.493388810301
3317	244.511053074928
3318	226.629324712035
3319	236.551765433812
3320	225.699153019865
3321	228.261417145909
3322	233.673898447891
3323	231.440097177308
3324	235.081514501557
3325	246.753202392486
3326	240.398312453706
3327	239.679375743555
3328	241.64718778069
3329	226.914482889658
3330	236.894325381187
3331	237.665996339607
3332	241.552447247311
3333	229.471004975582
3334	233.36981524823
3335	228.078165629105
3336	241.863537165948
3337	229.112141911119
3338	212.664424351892
3339	241.782623963221
3340	240.134029919837
3341	230.831900217035
3342	240.474431539866
3343	224.52162988892
3344	249.742800893156
3345	234.740042865234
3346	218.445112065064
3347	226.962822295148
3348	239.276582375565
3349	247.867308978115
3350	233.289960777723
3351	217.467440208966
3352	230.869329699706
3353	234.476381949039
3354	233.740160933529
3355	237.598540358158
3356	238.763412787369
3357	237.026176521446
3358	226.981391065034
3359	245.032381359412
3360	221.215234450812
3361	224.444902745206
3362	232.371405496347
3363	243.89718980755
3364	225.158488450135
3365	235.669705274842
3366	246.672667015603
3367	224.994777226305
3368	233.920427250358
3369	223.113796184167
3370	235.140792698923
3371	229.928143679412
3372	236.143589266872
3373	238.898500448726
3374	227.70718609307
3375	227.222122614449
3376	244.743738952147
3377	231.598311060933
3378	240.975793535064
3379	240.962936860791
3380	229.433913835453
3381	241.895081231883
3382	226.96525568531
3383	227.858667073902
3384	233.165441740658
3385	242.445717040973
3386	230.737076446387
3387	233.371631542368
3388	233.934278778109
3389	244.595193220315
3390	244.914829854569
3391	235.005248899539
3392	236.219561777312
3393	229.735042190059
3394	228.131624096437
3395	238.332124736656
3396	249.967051693177
3397	236.547386956985
3398	232.657047682026
3399	232.972107207398
3400	225.361619500325
3401	248.29612955725
3402	241.783393595378
3403	220.922425591204
3404	235.354686514096
3405	253.828055492262
3406	235.243000513854
3407	235.148154374323
3408	233.886530696561
3409	234.653164642869
3410	237.807194380536
3411	227.357632490326
3412	235.76771996376
3413	232.334513563182
3414	232.625586841242
3415	218.754679855652
3416	241.231300449555
3417	237.532097661527
3418	229.866239175466
3419	234.585954692755
3420	232.671169435107
3421	241.250072099873
3422	236.352644395853
3423	232.861245450176
3424	229.652274558998
3425	240.449153934521
3426	221.936676951984
3427	230.099626452933
3428	234.158183846045
3429	253.193698869976
3430	222.696335259233
3431	220.191798276988
3432	227.549337127674
3433	243.46753565913
3434	235.798126240992
3435	242.883850222139
3436	235.124548667536
3437	232.762093614003
3438	224.027277048887
3439	217.016706011556
3440	242.003853699878
3441	222.368880073697
3442	226.958994794594
3443	232.100019729799
3444	230.118764111637
3445	239.781133951231
3446	239.047218740586
3447	243.207725877017
3448	231.820361839642
3449	229.819798776904
3450	228.028465886767
3451	219.480149914316
3452	232.224914925795
3453	232.749801889387
3454	232.375482482191
3455	222.364083220433
3456	229.306507433781
3457	234.293982607698
3458	235.45770831728
3459	231.964952397528
3460	232.969638378192
3461	223.246031354351
3462	242.644455184355
3463	247.299306530757
3464	227.132979845861
3465	243.739466862209
3466	234.693010574811
3467	232.164287290645
3468	234.930350124174
3469	227.993514427951
3470	239.408912442323
3471	244.962419923241
3472	234.25624330561
3473	217.946186120817
3474	227.798996857318
3475	246.638088847619
3476	233.283950735883
3477	239.582230776751
3478	229.010505654192
3479	234.708276460718
3480	238.913498683239
3481	226.01440383924
3482	227.966715531935
3483	235.120988300606
3484	227.712340104234
3485	236.681673289568
3486	244.344783104889
3487	239.503488630708
3488	218.803456147267
3489	228.635748750822
3490	227.266784561944
3491	239.191473111908
3492	234.392746438778
3493	232.687553499157
3494	233.023987502538
3495	230.341283546807
3496	229.777764790661
3497	252.982924068051
3498	243.320860860882
3499	237.019392126989
3500	218.0316053841
3501	242.730862604342
3502	228.22824991863
3503	231.792055275653
3504	243.7767786141
3505	238.05948510912
3506	242.716186670035
3507	246.266853325917
3508	236.723542177
3509	238.395316505578
3510	255.337891173931
3511	239.472544843545
3512	231.697542299248
3513	230.693548777919
3514	230.076821399247
3515	221.418619066004
3516	234.752920124849
3517	229.453223009068
3518	224.372302841783
3519	224.168542862454
3520	234.276915823418
3521	224.250779929924
3522	227.500251695061
3523	232.805476037399
3524	230.542960530904
3525	255.023594754731
3526	220.682233712515
3527	222.687791061768
3528	217.13703397496
3529	235.003249936482
3530	228.425460156415
3531	241.027735118826
3532	224.387394220429
3533	222.912055312075
3534	223.051934219394
3535	225.510807770397
3536	243.217287055317
3537	221.95140983159
3538	240.638706315717
3539	227.69182940335
3540	246.790180743404
3541	246.384815913341
3542	222.050296459332
3543	254.840640013168
3544	240.441158907128
3545	230.294472141957
3546	226.959008704128
3547	227.980026432553
3548	227.065050168268
3549	231.378310572104
3550	241.583107258341
3551	241.602554945746
3552	227.465120777048
3553	237.327171876296
3554	242.931714582835
3555	237.477670096878
3556	226.887099077055
3557	224.063606168093
3558	217.169375824359
3559	219.077587662655
3560	236.864411972872
3561	238.336130780542
3562	218.235482987792
3563	232.014311636183
3564	241.321479785472
3565	218.165630724387
3566	237.230704048497
3567	226.702955069512
3568	243.866906820802
3569	236.951567390449
3570	249.214443754562
3571	233.048034654468
3572	235.140425687045
3573	236.671554029685
3574	229.189638559949
3575	222.267424998856
3576	243.814317845963
3577	227.374598892724
3578	243.29636674329
3579	231.27710828874
3580	232.756543048055
3581	230.723389065418
3582	233.325651698034
3583	226.008430894717
3584	231.867531497075
3585	236.014280348465
3586	244.72736044869
3587	228.649199164279
3588	236.136227373856
3589	228.539498297225
3590	214.686712811292
3591	231.35315865795
3592	213.088453402552
3593	245.090659955612
3594	224.053642961617
3595	240.73479273045
3596	218.506272879436
3597	218.961795125459
3598	220.746618485396
3599	216.812165570502
3600	231.37531417711
3601	230.45177570511
3602	242.774622124903
3603	222.049804637464
3604	236.691095884325
3605	245.25573745234
3606	222.697460356636
3607	228.681833340405
3608	231.451874382864
3609	215.704763575824
3610	243.676301426817
3611	240.589883957628
3612	228.338004165722
3613	238.577463698689
3614	231.446218939535
3615	232.117848561443
3616	246.247496106703
3617	217.862750799912
3618	211.026984804168
3619	238.935486678596
3620	231.326437856091
3621	242.061202622252
3622	246.348586072821
3623	239.772665775243
3624	229.628684996253
3625	241.183865585126
3626	232.325766387436
3627	226.174692957988
3628	228.91143576582
3629	221.273383634931
3630	239.261686383431
3631	239.806499817724
3632	234.191365675941
3633	230.691157248082
3634	218.053451024438
3635	230.718829632351
3636	226.215540085498
3637	233.270179492332
3638	230.660713895634
3639	247.421510422639
3640	215.856929703378
3641	231.808391793218
3642	236.727444539944
3643	221.512157860415
3644	226.772835848549
3645	241.674790777389
3646	233.015245806756
3647	214.864974001285
3648	229.760680667395
3649	228.467972396207
3650	242.00670651359
3651	230.960801253545
3652	239.913648781573
3653	224.489590034859
3654	232.620194507859
3655	245.085669810854
3656	241.693131671295
3657	232.25570856548
3658	247.385941327494
3659	228.394901453393
3660	239.018157178299
3661	230.419475570712
3662	242.643996722301
3663	238.887773852387
3664	227.46507941091
3665	234.430025832059
3666	220.986067636025
3667	216.319192069739
3668	238.585753606947
3669	243.011176884452
3670	229.778497734131
3671	223.91172058281
3672	246.597127413661
3673	248.961249493588
3674	225.054315229813
3675	241.706887438402
3676	247.951143333922
3677	224.87968430008
3678	237.560690645659
3679	222.348009168107
3680	223.071772495311
3681	229.0209171545
3682	246.124830529832
3683	222.578197934412
3684	237.667570408328
3685	224.897733071103
3686	229.04705165086
3687	225.092438443655
3688	222.046685364522
3689	236.914042957389
3690	223.034340616443
3691	224.32086035797
3692	216.099342985485
3693	231.813384480737
3694	228.762050855332
3695	246.222874901994
3696	207.61182323544
3697	227.254719963775
3698	234.278164633477
3699	242.635116452485
3700	239.709956569668
3701	233.835404956417
3702	246.259746023624
3703	243.832469421281
3704	229.904262219796
3705	226.12297992434
3706	249.62821357034
3707	216.531630204883
3708	240.489174425887
3709	223.197715598589
3710	239.879651409677
3711	223.70278727379
3712	230.082422457605
3713	234.463943313063
3714	226.355930824422
3715	224.163142065436
3716	226.744316137754
3717	228.482017767521
3718	238.72515241721
3719	241.754582312001
3720	243.386565236924
3721	232.726881623874
3722	220.682358145437
3723	245.204290457819
3724	224.944458047703
3725	228.037255081386
3726	238.311361903503
3727	223.115499140205
3728	229.475807163554
3729	244.132678231931
3730	226.377382993623
3731	215.44685649172
3732	227.905261957065
3733	234.350794082549
3734	231.139778041071
3735	218.445861219679
3736	236.399582499027
3737	229.696365714585
3738	230.930540265133
3739	233.913368948365
3740	235.453157873673
3741	229.218616880615
3742	241.585777272491
3743	231.302824229583
3744	236.45914860635
3745	225.763601070446
3746	213.983993412807
3747	222.097882753244
3748	242.590982505969
3749	240.673725185455
3750	231.451831468471
3751	231.778677697119
3752	220.30146478247
3753	248.142456214183
3754	239.607427300364
3755	226.714591814394
3756	243.07708635636
3757	241.124280692778
3758	249.595135015431
3759	237.620519858204
3760	230.666890493597
3761	237.069953956745
3762	222.052529576538
3763	246.22394812284
3764	226.776702815678
3765	241.525585857517
3766	240.324493530425
3767	243.626340345598
3768	238.853190095604
3769	221.856982605313
3770	216.933107223023
3771	238.051194720467
3772	224.928712410867
3773	223.531016685539
3774	229.499036543889
3775	225.50215264754
3776	234.447537413597
3777	226.826887192495
3778	250.996223189226
3779	227.102241683982
3780	239.805086450236
3781	233.832962252244
3782	229.918126853978
3783	236.640680735615
3784	211.35592076044
3785	230.469178392404
3786	238.313475648495
3787	228.702842762007
3788	233.937877013565
3789	235.023405139088
3790	226.389718887162
3791	212.728658485438
3792	226.16301596199
3793	230.51723268146
3794	242.492374975091
3795	224.797879166953
3796	232.120213842527
3797	238.354177808205
3798	223.018269409527
3799	230.278064498026
3800	223.156729467134
3801	235.948176985843
3802	245.877849761932
3803	252.989570725138
3804	227.320665349208
3805	222.591298015322
3806	215.963586775447
3807	236.220133384102
3808	240.168581744283
3809	239.396222052468
3810	240.780461257093
3811	224.475497345993
3812	228.219770863648
3813	222.55232961519
3814	223.928202546548
3815	247.465013269302
3816	225.506028737864
3817	235.298378444188
3818	236.371249477757
3819	228.028239011268
3820	237.548051713339
3821	226.376589840189
3822	234.513990560121
3823	234.228994600136
3824	229.216183224871
3825	222.481922012926
3826	220.986841484636
3827	244.836889052956
3828	239.354308624362
3829	242.987022972309
3830	228.245454436508
3831	235.623798911501
3832	227.535124867879
3833	229.357411005546
3834	228.068019219255
3835	215.428320524241
3836	231.980655578834
3837	250.886172486786
3838	247.480582524239
3839	251.074309031341
3840	223.534990837992
3841	228.942064184205
3842	254.320997398957
3843	227.76888979269
3844	231.096254583095
3845	234.687116889885
3846	230.416218164854
3847	227.321997261615
3848	229.932059243797
3849	230.677728998377
3850	238.292183556587
3851	221.225990754562
3852	227.94209844237
3853	208.422958255116
3854	231.610717213096
3855	229.005043674702
3856	239.001017693963
3857	233.181896346035
3858	241.024661532921
3859	236.049171410476
3860	233.007072254603
3861	228.158961935869
3862	225.25149292893
3863	235.65844641097
3864	242.401144288809
3865	231.915406587572
3866	232.390194179751
3867	254.343856647696
3868	227.291606212309
3869	247.249423304486
3870	232.718005046642
3871	230.295701431786
3872	228.705065622514
3873	240.204446484582
3874	228.721800132244
3875	225.183087267865
3876	231.190089969133
3877	223.027237391103
3878	223.218675429337
3879	227.183478843334
3880	235.966656434696
3881	229.687966401144
3882	229.601447030746
3883	232.748601368262
3884	227.997902284847
3885	229.130975316436
3886	224.651786551165
3887	238.308800752181
3888	217.3267746982
3889	225.712512916038
3890	226.908046365839
3891	243.573776448235
3892	212.763898489713
3893	237.878109751856
3894	246.553044015536
3895	232.354257631365
3896	216.700759643746
3897	237.816553004701
3898	233.627236371289
3899	236.134082517043
3900	236.226429267261
3901	262.312935331339
3902	232.480572250874
3903	229.54600222782
3904	246.470814172159
3905	248.460267520587
3906	229.020839254353
3907	236.972971553297
3908	232.494843784284
3909	246.59576806645
3910	233.288436536989
3911	228.797822748519
3912	235.542016027343
3913	217.275911568544
3914	236.799863152315
3915	223.974963045793
3916	238.506885869553
3917	228.28699993599
3918	223.083520577403
3919	236.213324253425
3920	223.581456337213
3921	233.967796480158
3922	232.516959659857
3923	239.460343149087
3924	237.147998189905
3925	222.510023332252
3926	238.033107805975
3927	241.77408987562
3928	229.742155214997
3929	230.999299478474
3930	224.183189318711
3931	236.50333157309
3932	221.974051236681
3933	247.918603765683
3934	254.611167223678
3935	235.829826253301
3936	239.059564577155
3937	218.233586757406
3938	249.248867208862
3939	236.554920191837
3940	245.075167133276
3941	211.428126712138
3942	256.214542256843
3943	238.512062136449
3944	241.331302238662
3945	217.977074427402
3946	240.150736461758
3947	240.28053323367
3948	222.724821615819
3949	235.286573938972
3950	237.01107070316
3951	234.653678434065
3952	234.939041756915
3953	229.917603058187
3954	232.551755897151
3955	226.236877933503
3956	219.044170847648
3957	220.239393314231
3958	233.71351781276
3959	227.763412574358
3960	215.048825566968
3961	239.096119036956
3962	242.929200755554
3963	232.746330544785
3964	236.568864446833
3965	247.235506649084
3966	235.0964969628
3967	242.284088309677
3968	235.164011886908
3969	222.037556539478
3970	232.391328875624
3971	228.329058092077
3972	227.335392766919
3973	240.437014146401
3974	246.632472621577
3975	245.306166023358
3976	240.550687459793
3977	220.502974951502
3978	233.302686603319
3979	230.643628063603
3980	236.399974500677
3981	224.273780081417
3982	228.646139343056
3983	230.61818386025
3984	228.732111375277
3985	225.665115289424
3986	239.934704491535
3987	244.318682763063
3988	229.90559593576
3989	245.187219584276
3990	224.235035018128
3991	227.66138067343
3992	237.138126512714
3993	239.655540768902
3994	228.251358349436
3995	242.155337957821
3996	228.006836595129
3997	244.107061987449
3998	227.023689798305
3999	223.534771059467
4000	225.230970602611
