"LogLikelihood"	"Iteration"
1832.12210287137	1
1835.18674434464	2
1819.93742645455	3
1836.18552500943	4
1832.27440919908	5
1827.21425690419	6
1827.88730593239	7
1818.34209837179	8
1821.28648429812	9
1839.42325038448	10
1835.14063430049	11
1830.68393506352	12
1835.53303057756	13
1819.26021423141	14
1832.55020849653	15
1825.30697321807	16
1826.12096861094	17
1833.67869930525	18
1828.73746640034	19
1835.62923286335	20
1833.07426880225	21
1828.28815220167	22
1840.35615983001	23
1822.99000929469	24
1822.32945521346	25
1834.17731242513	26
1833.50970371566	27
1828.46850577737	28
1833.2749094169	29
1824.47934016148	30
1826.9206563947	31
1833.59965318505	32
1817.32757276906	33
1833.29415573924	34
1828.57629759597	35
1835.75976119076	36
1845.11979690654	37
1836.69905178433	38
1833.28414160333	39
1834.79962404572	40
1826.60347486032	41
1824.61795385365	42
1829.86382026628	43
1830.14595007191	44
1835.46924457567	45
1831.64705272793	46
1825.10566294984	47
1832.0109756944	48
1845.15193315714	49
1830.29979894782	50
1830.12823643797	51
1832.4229217239	52
1835.66117253734	53
1826.15353533568	54
1832.37702814497	55
1813.61921165451	56
1833.37378233138	57
1840.54198384153	58
1833.34633221264	59
1823.84568693313	60
1831.66252395232	61
1830.11675670134	62
1828.70252029702	63
1831.07890217213	64
1823.15355030055	65
1833.14528831809	66
1838.65075673817	67
1830.7225081356	68
1817.34373065081	69
1827.1994819848	70
1832.00241322781	71
1834.79995844627	72
1830.57958611034	73
1818.4614398336	74
1831.68427709176	75
1826.27548485897	76
1830.09224251472	77
1827.86753966144	78
1813.66317568291	79
1832.37142004027	80
1827.81080874907	81
1824.58339432725	82
1831.81689273459	83
1834.64651144646	84
1835.26134789495	85
1841.22407832334	86
1821.65065517486	87
1818.45616343197	88
1832.01206802578	89
1830.72243756749	90
1834.86269731858	91
1831.00582801004	92
1825.36440259903	93
1840.388522579	94
1831.84969319085	95
1823.87212248524	96
1818.56039904317	97
1825.6129624031	98
1819.39085544559	99
1834.12188360986	100
1818.67479611993	101
1831.62070084647	102
1832.8369316152	103
1829.02974709764	104
1825.3775909903	105
1835.67799113637	106
1835.68872122832	107
1830.0860604751	108
1830.16291757719	109
1835.49346756382	110
1825.5528280367	111
1826.72950028231	112
1840.37814606391	113
1827.92525937726	114
1834.79336520356	115
1830.89862245644	116
1830.92002262847	117
1832.21258716468	118
1837.37295571251	119
1830.13104771445	120
1834.86039351008	121
1822.42349032644	122
1828.20521789838	123
1835.41845026368	124
1836.97697312802	125
1830.38669455796	126
1831.92448565561	127
1826.23444326436	128
1830.27351071691	129
1836.38384711281	130
1834.10983278208	131
1833.44915384438	132
1831.15458995644	133
1822.53196680087	134
1830.96394679203	135
1835.82711739785	136
1826.54994304432	137
1832.44939732992	138
1827.31348289596	139
1833.27507407639	140
1834.90096236015	141
1836.01456852719	142
1827.49429166633	143
1831.94189709028	144
1820.02206401766	145
1833.39387770645	146
1829.13443396478	147
1829.75506549648	148
1819.9430022095	149
1835.860929149	150
1838.24145702651	151
1821.21140422878	152
1838.46052293895	153
1835.27555877222	154
1835.61575708852	155
1817.44980676061	156
1831.57881626464	157
1837.23427307397	158
1827.47324434519	159
1828.89591762992	160
1838.22222229752	161
1840.92984992262	162
1826.8310626113	163
1828.16560324879	164
1830.0196794183	165
1826.97426172224	166
1824.39609839327	167
1837.75908770761	168
1820.58177968005	169
1834.84396086431	170
1838.02816381528	171
1836.35094284714	172
1824.82419518184	173
1834.17262255657	174
1834.88711715029	175
1837.16557726441	176
1813.64070989094	177
1814.55549205398	178
1820.69532548535	179
1815.01666850421	180
1835.35060458013	181
1835.1028858631	182
1819.61918542504	183
1823.73756404022	184
1825.64489498454	185
1828.72318718696	186
1817.67728396685	187
1833.54698751517	188
1826.30582101759	189
1824.33087634842	190
1827.89324121689	191
1824.38775120931	192
1816.7801976508	193
1826.77802545147	194
1828.30600645609	195
1827.87282526535	196
1831.86330513874	197
1832.95612841168	198
1831.99267791477	199
1829.48133527224	200
1823.47514704197	201
1828.80237399742	202
1829.14399544421	203
1825.27028129346	204
1835.64374194625	205
1832.69221066297	206
1824.62941745568	207
1819.38945397968	208
1838.00137324534	209
1833.88835021769	210
1827.79345619882	211
1835.61332285226	212
1822.20312588512	213
1837.57104435837	214
1837.64921821816	215
1826.52829265442	216
1839.67859091692	217
1826.06025354012	218
1825.23150292156	219
1828.43541756597	220
1827.14000413284	221
1827.3520504534	222
1821.89036165833	223
1828.05791012826	224
1825.08870975615	225
1831.05132464066	226
1819.33251256883	227
1829.34477622527	228
1829.20873549959	229
1829.73337081343	230
1835.21194721087	231
1828.71764154081	232
1816.04243639396	233
1835.17057606533	234
1836.9624539716	235
1831.83161610103	236
1837.89919228531	237
1831.42869226429	238
1829.17970753874	239
1839.24501232723	240
1824.34088582195	241
1828.32088155267	242
1826.72225862872	243
1837.39758842779	244
1820.15402003143	245
1833.80257258897	246
1836.37890793019	247
1831.67191152356	248
1832.81554774627	249
1812.0757357993	250
1827.21325657385	251
1839.65336358376	252
1827.27859063098	253
1824.6177993011	254
1820.56022892329	255
1833.1921176439	256
1822.91841730652	257
1835.81706270754	258
1824.66905767169	259
1833.63096492158	260
1842.20791524526	261
1822.94466025607	262
1826.32724544782	263
1822.39183224625	264
1841.23548145081	265
1824.12078023986	266
1833.09206103095	267
1836.63788519269	268
1836.33402131686	269
1834.72892828877	270
1833.41434956466	271
1823.70132055399	272
1838.05902771817	273
1842.8228185786	274
1833.40057718979	275
1824.22574098747	276
1831.90533305119	277
1826.38185825796	278
1830.11914078355	279
1831.49828262861	280
1834.90993464951	281
1825.79635422767	282
1830.07162129771	283
1835.52018618065	284
1829.9622464578	285
1828.55412165362	286
1834.92220036668	287
1825.73466437331	288
1824.96804677552	289
1820.47865332673	290
1828.32666997485	291
1833.49950513004	292
1834.96036137589	293
1819.02787086515	294
1830.9565375625	295
1825.5864133433	296
1839.40236605895	297
1823.32749779657	298
1827.12416158782	299
1822.87125938291	300
1832.10615052926	301
1831.40461063256	302
1829.73521487411	303
1834.12505318214	304
1836.37073470267	305
1822.90660269413	306
1836.81432184479	307
1838.16733688627	308
1827.05754032427	309
1834.18877159792	310
1835.36060057304	311
1833.73969618983	312
1826.67246757516	313
1822.45058480155	314
1834.40801853593	315
1837.68998123862	316
1836.36535489534	317
1834.0638339131	318
1833.052283655	319
1833.00773880509	320
1834.34940031616	321
1823.20755130858	322
1832.19333439534	323
1822.14369790305	324
1819.92384200316	325
1830.19297483457	326
1830.69338834571	327
1828.41083243316	328
1832.35172417622	329
1828.36984637549	330
1829.52424482912	331
1827.99719831607	332
1839.62857887068	333
1825.32498996825	334
1831.50789576045	335
1831.65955012994	336
1826.53635569832	337
1825.43945082524	338
1835.49446800854	339
1820.78723290732	340
1826.6276518462	341
1830.34012399166	342
1826.7971236456	343
1826.30595157436	344
1824.28517998716	345
1831.63547509811	346
1827.33468616129	347
1829.612640948	348
1827.71092482228	349
1830.69181655131	350
1829.29878645645	351
1828.99870878629	352
1821.57932892742	353
1827.62241223107	354
1830.19934531313	355
1827.68068001729	356
1820.47554001386	357
1827.55534920631	358
1830.33640944309	359
1832.6163109418	360
1831.30176702361	361
1835.308725478	362
1835.75026425361	363
1833.81856385677	364
1826.07054687134	365
1827.50908196134	366
1824.01139079993	367
1826.00070865952	368
1838.38440819862	369
1836.62521538031	370
1817.21795362742	371
1836.29101001384	372
1834.55596669011	373
1827.83971628785	374
1829.68294263901	375
1822.36019384957	376
1835.47473996279	377
1832.11693340723	378
1828.93927013097	379
1827.22235150953	380
1836.00486821159	381
1825.65981859165	382
1813.71304112491	383
1831.63511971953	384
1823.9364603296	385
1832.93790474546	386
1830.25955367458	387
1832.19770608844	388
1832.127661581	389
1835.68669277543	390
1824.84742684315	391
1826.14533105801	392
1822.0354266591	393
1820.02906857819	394
1830.2994275371	395
1823.52179196954	396
1823.55769181213	397
1838.55844818403	398
1826.78390417737	399
1832.44953406651	400
1821.7954350456	401
1835.21255786704	402
1831.91115159997	403
1834.01413351084	404
1839.41246732435	405
1821.48563774349	406
1812.99046660117	407
1833.09614811307	408
1839.12431287922	409
1832.23028294295	410
1825.8600129378	411
1838.07725175476	412
1834.94022804604	413
1834.93176942121	414
1831.49921487004	415
1831.94909443372	416
1834.73706770717	417
1839.10056886449	418
1831.29033528456	419
1834.15172839233	420
1824.97930325584	421
1827.86436529273	422
1830.08219696617	423
1825.15058567111	424
1821.76757436184	425
1829.16263031926	426
1831.42684024795	427
1829.67910925098	428
1825.70819033468	429
1815.2058784825	430
1822.55553399164	431
1832.77487147973	432
1817.70749594506	433
1831.72237510289	434
1831.15411359351	435
1830.1745941272	436
1830.18518568047	437
1830.38669524374	438
1832.90975514194	439
1824.8442134017	440
1829.50357138792	441
1822.13220139361	442
1843.25172910943	443
1823.17672721963	444
1829.37167493532	445
1839.90915437213	446
1828.17520562616	447
1828.94942699188	448
1832.45041379355	449
1829.12848076824	450
1832.61531971624	451
1830.94427832369	452
1831.34393820869	453
1835.58297608172	454
1821.04634250958	455
1833.56106789715	456
1830.8614131702	457
1835.94377930362	458
1840.2936138453	459
1841.35028974523	460
1828.40466178173	461
1829.46631397527	462
1821.02608645185	463
1834.74507767409	464
1828.2631553026	465
1833.16863392694	466
1833.85192670463	467
1832.45877350945	468
1824.48172077632	469
1822.25665124856	470
1829.62546127	471
1825.69840004378	472
1825.82200198417	473
1828.79377728956	474
1834.56853595648	475
1834.67038933274	476
1836.8372568179	477
1828.92352579072	478
1828.42637152591	479
1836.32957242572	480
1835.74810726554	481
1828.24241421655	482
1833.68857328011	483
1826.38946899964	484
1825.64925911574	485
1827.27249810999	486
1839.47736408673	487
1831.46009135857	488
1838.08335216426	489
1822.31410512389	490
1826.61670832237	491
1827.87169031877	492
1834.01126248039	493
1837.69434394651	494
1832.60340209029	495
1827.92727663452	496
1838.16219988244	497
1840.43229852001	498
1835.41357219064	499
1832.68698520638	500
1831.27542697911	501
1837.30724032061	502
1831.37526450923	503
1829.49808058994	504
1833.48994136844	505
1833.02777127909	506
1831.54233644921	507
1830.32931733372	508
1828.72278530801	509
1832.98992586526	510
1832.07637669439	511
1825.42139827849	512
1835.53359921044	513
1833.79826211542	514
1827.98698549213	515
1831.73801536934	516
1829.39760026462	517
1833.75979294675	518
1834.28259276035	519
1821.31966733549	520
1823.43883035045	521
1836.75631471745	522
1827.64164056786	523
1824.61360962986	524
1814.27696912244	525
1830.90950578642	526
1822.17679464759	527
1817.639213316	528
1823.30813745803	529
1832.58533345986	530
1836.92398727139	531
1828.97131260002	532
1824.40147845428	533
1829.72154049684	534
1815.66946209669	535
1819.71110439406	536
1829.91519583308	537
1833.15530473761	538
1825.28033681402	539
1813.26636356903	540
1825.89873836412	541
1829.84400751992	542
1822.17088264156	543
1844.90979935252	544
1831.83992680884	545
1821.83553819283	546
1831.0339388533	547
1836.57364519494	548
1834.19666243524	549
1833.29900957331	550
1831.64028497117	551
1824.10505730757	552
1825.17103409987	553
1833.54485891456	554
1827.42646253365	555
1829.31699607846	556
1828.09991692207	557
1820.53480813104	558
1825.57151885519	559
1834.52001571002	560
1833.96196545611	561
1836.70411219638	562
1820.36113985693	563
1837.15569182214	564
1831.73528042693	565
1836.85558477443	566
1826.73695192376	567
1824.95348787964	568
1829.7213421944	569
1830.84224286036	570
1823.81368591232	571
1832.76180638827	572
1837.5669705137	573
1828.19387695832	574
1820.9934843364	575
1836.64008284547	576
1829.32494262703	577
1834.54965129065	578
1827.32303653912	579
1828.06240970504	580
1827.16263603008	581
1836.58883836089	582
1826.83329440666	583
1830.55361756806	584
1832.41299787238	585
1836.44702908659	586
1823.44024582096	587
1832.41748221375	588
1826.19745567126	589
1826.54991887937	590
1822.55952538966	591
1826.78489414752	592
1823.75638035583	593
1825.32707827865	594
1828.09823361749	595
1834.57180093741	596
1833.35683986285	597
1836.04838005636	598
1826.62667886257	599
1834.48731653404	600
1828.42004933211	601
1832.96625885786	602
1835.68433565323	603
1842.11130519406	604
1823.78813360431	605
1829.75287080965	606
1829.97020062574	607
1835.54386534235	608
1824.02343091643	609
1815.71073313965	610
1834.81916472897	611
1829.58071485415	612
1825.37289778234	613
1814.61633659286	614
1838.54776798424	615
1828.80091093576	616
1838.52227707244	617
1830.23940626571	618
1838.03743916678	619
1828.08934972217	620
1830.013992186	621
1831.21826100043	622
1837.74773751228	623
1829.88560423809	624
1827.39502567864	625
1838.63826672534	626
1830.59910485334	627
1829.63150044301	628
1830.92293085725	629
1832.8228369789	630
1826.18370751657	631
1830.55941800459	632
1832.07569907789	633
1827.90258734984	634
1824.25236864885	635
1822.19441239792	636
1825.5113731943	637
1833.74999023547	638
1837.87689482877	639
1831.05667362293	640
1830.95462394594	641
1838.75827323542	642
1836.43731965977	643
1833.07184163408	644
1828.17896610213	645
1835.17844117444	646
1822.57603388635	647
1831.82060569942	648
1823.10156458016	649
1827.27049611679	650
1832.95946446976	651
1828.52036856362	652
1820.27651409093	653
1816.40631588347	654
1824.58317128517	655
1827.42662631239	656
1837.18804398958	657
1823.11969157253	658
1831.32727523412	659
1832.90569582127	660
1831.5318443281	661
1827.22876542646	662
1822.46381070425	663
1832.79847870694	664
1839.07594336585	665
1830.53756116133	666
1820.77154243549	667
1820.6060907421	668
1826.6551824716	669
1820.69177926076	670
1826.47181851281	671
1838.44495317594	672
1827.55697416054	673
1821.0965565412	674
1818.43544084905	675
1826.32175438879	676
1826.19041681626	677
1834.44075452519	678
1828.63686547949	679
1818.85255239569	680
1818.74970052268	681
1830.93970397727	682
1826.02927106875	683
1837.0021364537	684
1831.47507812034	685
1823.17742514243	686
1822.88440358939	687
1836.31969591971	688
1828.51046563961	689
1836.97033416665	690
1831.83877129934	691
1831.28600950704	692
1829.98755665663	693
1827.75684492622	694
1825.76398341388	695
1833.12880112554	696
1829.6510612677	697
1834.77746849025	698
1837.02923443137	699
1825.8702249085	700
1834.81454280613	701
1834.8628757694	702
1839.55046438062	703
1826.7361338796	704
1827.89068395348	705
1841.29865703879	706
1828.66901801699	707
1832.45884003213	708
1826.147268543	709
1835.92072836334	710
1836.5771542559	711
1827.09705991653	712
1831.31450157401	713
1836.15305557513	714
1830.4704917744	715
1829.06500328354	716
1826.76296902513	717
1830.46071599688	718
1832.43746021577	719
1831.71687612101	720
1822.4611069894	721
1823.51588653275	722
1830.26455769769	723
1826.98920485226	724
1821.65914766201	725
1836.33414856691	726
1831.36235771728	727
1834.31147833215	728
1821.58790795168	729
1841.22350844024	730
1824.17585987124	731
1829.80764650566	732
1837.60339872	733
1820.29181475229	734
1819.89182926232	735
1836.00319548781	736
1817.25460126237	737
1836.73365949585	738
1820.18308290369	739
1835.45133143036	740
1839.15975009823	741
1828.45893082508	742
1828.24278047758	743
1824.40946884346	744
1833.14124018446	745
1815.13326406774	746
1831.59824845067	747
1825.12836379523	748
1837.64920899712	749
1824.5795633875	750
1829.78721257949	751
1834.28569268992	752
1834.4083357927	753
1820.61368662058	754
1819.59346989571	755
1827.91696524734	756
1830.52681547558	757
1830.10838601262	758
1826.17018704878	759
1834.19186188223	760
1835.23392819721	761
1832.17704726206	762
1833.45071696218	763
1828.74407082594	764
1826.88093585917	765
1832.10897267882	766
1831.22796148581	767
1830.30751834024	768
1829.77981106279	769
1826.38180754271	770
1827.62255092395	771
1829.86123022936	772
1839.92807276244	773
1830.27694863976	774
1827.93310120454	775
1834.57218261949	776
1833.63414149638	777
1826.54855622957	778
1816.51243781733	779
1829.40245642101	780
1825.63195802689	781
1830.76433540282	782
1819.85096212602	783
1839.14948445226	784
1833.33084426885	785
1826.0229011141	786
1837.51336256755	787
1830.48072241177	788
1831.27310029175	789
1830.01399697939	790
1831.82651462485	791
1828.67051208347	792
1831.31325952853	793
1832.24596071144	794
1830.12143919843	795
1830.0333342749	796
1831.04493249544	797
1821.54835621701	798
1837.78542225648	799
1827.13059314622	800
1826.93400921977	801
1815.54598198795	802
1823.85802559768	803
1836.10387636807	804
1830.35911189005	805
1847.04754239219	806
1828.19154969004	807
1824.29629322084	808
1832.42366228422	809
1830.49881787075	810
1833.97848732401	811
1831.71801791199	812
1838.99050437053	813
1833.10948299668	814
1810.75953048724	815
1829.14347731705	816
1829.52445114907	817
1834.05239870102	818
1829.37300744081	819
1820.30047237233	820
1832.80175762981	821
1822.60032890569	822
1843.55611115582	823
1828.17421635169	824
1839.66921843346	825
1815.72819978521	826
1835.0291186086	827
1829.80988154393	828
1831.6093240054	829
1833.1752329263	830
1828.72911680013	831
1825.93049780699	832
1837.40783206	833
1827.10816422161	834
1823.18088620054	835
1837.27318264327	836
1835.58671171324	837
1819.39340879556	838
1830.37630617483	839
1832.89396968542	840
1834.53826030799	841
1833.59079817976	842
1826.19389682646	843
1830.83768623696	844
1828.15104030685	845
1831.51577972394	846
1838.96265565479	847
1827.09639914107	848
1833.93586803409	849
1833.80881705824	850
1823.17191745284	851
1831.49579953711	852
1825.06860100021	853
1830.11258944165	854
1835.11797923146	855
1829.77590179638	856
1829.57090686288	857
1832.28492382109	858
1842.63801163446	859
1829.2407338956	860
1824.49771809088	861
1825.40093673745	862
1835.57026170863	863
1826.17958989351	864
1836.38052667767	865
1827.74483567564	866
1829.2940912435	867
1819.23204094543	868
1825.31893026113	869
1837.23365345109	870
1832.04040271665	871
1824.65222407791	872
1830.95784851448	873
1823.5288833143	874
1834.29245299198	875
1827.24666785316	876
1819.43893936885	877
1835.94864530504	878
1825.62634464469	879
1828.53363469907	880
1827.8405753652	881
1827.27963080583	882
1833.28447633215	883
1827.90189776356	884
1830.06207133566	885
1831.96675596865	886
1820.91974611257	887
1832.70762968885	888
1833.15111713142	889
1822.94807616494	890
1834.99456784306	891
1828.02774812638	892
1823.38070588284	893
1828.68956515154	894
1834.61848578892	895
1822.35931613264	896
1825.35365899152	897
1828.42862502992	898
1827.55525820914	899
1830.86251039665	900
1824.42591186099	901
1827.4500408974	902
1827.47238876026	903
1829.21414265282	904
1835.4587072308	905
1824.71600631643	906
1832.16206036805	907
1831.02160351541	908
1829.93210502062	909
1831.72208938663	910
1836.23744839592	911
1826.96501986259	912
1820.63516189676	913
1835.99949248692	914
1828.17127930969	915
1830.65021037789	916
1830.52254653241	917
1834.37553745581	918
1830.80116028243	919
1824.77050549632	920
1830.15009130786	921
1830.66525660295	922
1820.04171821591	923
1826.61821105232	924
1832.53408499442	925
1824.05353011841	926
1833.15775859916	927
1833.20459093759	928
1825.12280164888	929
1832.09751699515	930
1827.06250135604	931
1821.095297727	932
1824.77283950087	933
1837.55011032073	934
1831.8432422679	935
1830.50937839051	936
1823.5557338338	937
1822.67939580678	938
1835.41808562789	939
1806.26852986553	940
1821.4010109617	941
1827.14536071052	942
1822.12354066792	943
1824.53309257169	944
1818.08208882844	945
1828.52224923022	946
1825.91515525926	947
1835.31429643065	948
1826.6068431731	949
1833.76893220277	950
1839.50810652319	951
1832.31081598878	952
1828.17207684076	953
1820.74783337529	954
1837.80813523219	955
1828.0552546088	956
1822.88955905343	957
1825.94459360411	958
1833.19914280009	959
1834.87661298001	960
1827.23902862424	961
1833.05232723689	962
1831.30493622244	963
1815.23395388602	964
1828.06324003302	965
1835.30986059584	966
1830.03514192899	967
1829.16726258236	968
1827.78758001599	969
1834.97788946171	970
1832.03281179258	971
1837.08908659464	972
1832.75733487795	973
1829.30972334723	974
1830.90148024187	975
1830.25832111907	976
1828.98913751371	977
1825.37564334114	978
1810.94394561226	979
1836.49161029781	980
1825.88155090728	981
1830.25764211837	982
1826.47060981586	983
1831.92471436577	984
1831.75583093807	985
1827.87242458644	986
1835.20579328161	987
1817.84534683152	988
1831.83869828311	989
1831.59501219348	990
1833.12473595073	991
1831.80996728178	992
1833.71426950848	993
1834.18674250631	994
1821.59341806641	995
1821.27491664432	996
1833.07753030445	997
1831.11330356341	998
1837.7321674227	999
1830.93623941346	1000
1834.64558961058	1001
1819.91946241198	1002
1826.27944113727	1003
1830.69937653058	1004
1830.82235057507	1005
1830.72453601356	1006
1822.4174837497	1007
1826.1710976331	1008
1831.03456966543	1009
1836.8382904293	1010
1832.86744141892	1011
1833.70412225283	1012
1835.49881490996	1013
1842.24890112086	1014
1828.78817513717	1015
1825.28493097127	1016
1825.8885293784	1017
1841.17681568632	1018
1834.90625643084	1019
1828.62116517288	1020
1836.54305652382	1021
1836.78131817938	1022
1828.97255454459	1023
1835.61188763682	1024
1825.94364967995	1025
1836.0649903157	1026
1837.82376885823	1027
1831.60307431857	1028
1825.94395845902	1029
1830.80877526958	1030
1823.87054434776	1031
1831.66894490721	1032
1836.1915822697	1033
1832.6335641377	1034
1832.60975704912	1035
1818.98388558415	1036
1832.38124608645	1037
1824.45529147642	1038
1825.48067842519	1039
1824.94296820481	1040
1826.44834099581	1041
1819.84598992126	1042
1824.82352358145	1043
1815.4827450096	1044
1834.65799450199	1045
1833.97930388909	1046
1805.38086107097	1047
1831.84771398599	1048
1833.16712366236	1049
1827.1339273336	1050
1826.14420230346	1051
1830.5415458352	1052
1826.71141161679	1053
1826.04669724629	1054
1828.92546186156	1055
1833.84412264708	1056
1835.88231576703	1057
1840.14748427637	1058
1835.52427152329	1059
1824.65441913589	1060
1819.43302106071	1061
1831.04772651988	1062
1831.39419385981	1063
1829.02279445541	1064
1834.23496383884	1065
1824.26043502114	1066
1834.95073738567	1067
1816.31405297259	1068
1833.40080744979	1069
1832.35681436231	1070
1818.42401320955	1071
1823.41264061755	1072
1827.60383678476	1073
1815.90522401712	1074
1830.94005660189	1075
1837.81183670329	1076
1832.42333270616	1077
1821.37499626633	1078
1829.91374410346	1079
1820.40392902859	1080
1836.54763473194	1081
1836.50463073291	1082
1829.3065890021	1083
1826.53050318625	1084
1820.34488840827	1085
1826.67624349495	1086
1828.6074889036	1087
1839.87976047328	1088
1834.98290041607	1089
1833.06517477196	1090
1823.55803213018	1091
1831.93479955879	1092
1824.38755134429	1093
1828.81676678071	1094
1830.59303613058	1095
1822.05736643889	1096
1829.39353901619	1097
1831.92899296247	1098
1832.33122466733	1099
1828.24053381973	1100
1836.80868129988	1101
1834.94456735753	1102
1822.93638291307	1103
1831.03882045041	1104
1825.70083569027	1105
1822.3793292525	1106
1832.58813142747	1107
1830.44672612405	1108
1829.17021295395	1109
1821.72881155577	1110
1825.51322034297	1111
1822.75888618189	1112
1828.68225983053	1113
1831.97831890647	1114
1820.79875315937	1115
1820.33027389791	1116
1819.2905160282	1117
1820.19480920709	1118
1837.83624754487	1119
1837.79226957336	1120
1826.71527981752	1121
1835.8756886651	1122
1833.98987624985	1123
1833.8878293009	1124
1834.52106760702	1125
1835.74730008942	1126
1835.85935494314	1127
1834.91722409445	1128
1836.13605800489	1129
1824.69255564522	1130
1838.05783510364	1131
1828.65309257733	1132
1818.16375770691	1133
1832.90594009527	1134
1841.94508916487	1135
1835.43367556972	1136
1830.94527013798	1137
1829.80522373808	1138
1832.3580529805	1139
1828.72696573831	1140
1835.85916559553	1141
1835.76743102754	1142
1822.74638781125	1143
1831.03097772395	1144
1829.71993358054	1145
1823.42311146786	1146
1830.33463606757	1147
1821.46415026912	1148
1834.85955345885	1149
1825.81306728236	1150
1826.16520532437	1151
1836.19827952789	1152
1824.2641673805	1153
1824.41051359074	1154
1833.13839936422	1155
1829.33996241488	1156
1828.21596561991	1157
1827.05318106654	1158
1830.5348011339	1159
1832.0010337307	1160
1835.6498917185	1161
1832.58402576115	1162
1830.78078035065	1163
1828.81724357622	1164
1828.33622884142	1165
1825.20599811139	1166
1831.6231929674	1167
1829.68959006471	1168
1835.69771803332	1169
1823.55681216266	1170
1828.76090189393	1171
1833.58440240695	1172
1824.73655335006	1173
1835.37073714236	1174
1827.9964490314	1175
1828.99110646751	1176
1836.42327941395	1177
1822.30372964043	1178
1823.44283557441	1179
1822.09996545144	1180
1814.38931215698	1181
1819.99567243914	1182
1838.13952606679	1183
1834.6733760659	1184
1831.89307027374	1185
1823.53957569861	1186
1826.3380260156	1187
1816.98711770541	1188
1836.05741694467	1189
1825.33076702406	1190
1826.03254671753	1191
1826.76175223521	1192
1819.42426887497	1193
1844.79770721699	1194
1826.54478307113	1195
1832.29727822437	1196
1822.0302619177	1197
1832.01050651033	1198
1831.43423513995	1199
1826.54336644145	1200
1837.44485807048	1201
1822.56314882209	1202
1820.50767570668	1203
1836.22340896746	1204
1823.15892511671	1205
1830.23777065222	1206
1836.06400602705	1207
1820.12070943607	1208
1833.83367732154	1209
1832.6976315848	1210
1830.95047600317	1211
1832.3821044304	1212
1823.24710480737	1213
1828.03166818826	1214
1829.62581896683	1215
1827.98739308879	1216
1828.80754571262	1217
1829.49766738946	1218
1825.85636224857	1219
1816.29471576287	1220
1826.50109746709	1221
1830.77216070036	1222
1825.92526432091	1223
1822.09160901999	1224
1832.55180900169	1225
1835.89609048708	1226
1829.52663263827	1227
1822.5850736379	1228
1827.52197710483	1229
1825.55274502045	1230
1832.01526422601	1231
1827.60882109521	1232
1823.42908844163	1233
1829.77571239589	1234
1834.09579141153	1235
1834.89131274648	1236
1834.7092531661	1237
1822.07138280605	1238
1830.9054058283	1239
1825.63828745292	1240
1831.72135847766	1241
1824.58851208314	1242
1825.2103416176	1243
1836.27339951962	1244
1832.8724808978	1245
1831.95928473382	1246
1830.17492138428	1247
1837.32507155509	1248
1835.06345418305	1249
1835.34090404821	1250
1828.0563004524	1251
1833.38054555091	1252
1836.28491506903	1253
1825.28911524927	1254
1830.75916113939	1255
1833.56619698116	1256
1840.53487421845	1257
1836.03921319345	1258
1827.84143571764	1259
1821.05035258032	1260
1830.89775213259	1261
1821.28366028748	1262
1820.22844662533	1263
1829.59203148067	1264
1827.76114612109	1265
1826.69951200885	1266
1838.91805816414	1267
1824.14033419994	1268
1838.3187304789	1269
1838.4026265714	1270
1833.23137316666	1271
1839.14781649415	1272
1829.93688640965	1273
1831.01853589286	1274
1823.62455661802	1275
1830.75632040682	1276
1824.51376592076	1277
1825.96376573482	1278
1829.97106923647	1279
1831.66901057942	1280
1822.08909489188	1281
1824.63762215561	1282
1830.00216170479	1283
1829.31358610015	1284
1830.58044394138	1285
1832.02647189055	1286
1835.60246330046	1287
1830.01570074719	1288
1826.98671004572	1289
1829.8216537688	1290
1828.04712233574	1291
1833.12953109625	1292
1828.8235499363	1293
1822.20120791987	1294
1823.31218105545	1295
1832.74240595898	1296
1830.51124583503	1297
1826.48060426162	1298
1827.98159997483	1299
1827.99812038333	1300
1821.6278086367	1301
1838.52124131303	1302
1839.55664814635	1303
1829.66853146807	1304
1827.88912755366	1305
1833.60063032454	1306
1831.42386674707	1307
1831.67338980702	1308
1822.47445046351	1309
1826.80002081961	1310
1817.56499002879	1311
1828.68586505382	1312
1827.18670759066	1313
1827.17940552226	1314
1830.64889275255	1315
1833.4797642316	1316
1840.16398606993	1317
1825.15898754412	1318
1836.15331733606	1319
1827.19778426924	1320
1830.72929166246	1321
1819.23224122014	1322
1835.08713292922	1323
1825.45532378522	1324
1833.87006831693	1325
1830.7391391956	1326
1830.78392238595	1327
1837.30927385965	1328
1840.93143887062	1329
1823.97642568666	1330
1827.80957662182	1331
1825.4435731666	1332
1828.11968272915	1333
1831.15262245239	1334
1825.46553620525	1335
1833.0724450839	1336
1831.10106146195	1337
1835.27320975423	1338
1832.85883444313	1339
1829.08728223648	1340
1830.7403084161	1341
1830.48031768387	1342
1832.3482701324	1343
1833.77097353771	1344
1822.73495171311	1345
1831.73580373849	1346
1820.1813397363	1347
1826.06501852666	1348
1822.77468071433	1349
1830.25057487736	1350
1824.51800081961	1351
1828.79868132625	1352
1834.97846394727	1353
1832.29140283067	1354
1834.7805049091	1355
1837.995214977	1356
1830.68399654864	1357
1842.00246322114	1358
1840.9825617738	1359
1823.68726357566	1360
1833.02104468798	1361
1830.70076947268	1362
1830.47139921429	1363
1824.46482258053	1364
1821.20555598167	1365
1833.3518297606	1366
1842.13358926505	1367
1822.44461379072	1368
1823.35265009973	1369
1834.29792304602	1370
1837.41468383079	1371
1836.71281127328	1372
1833.48405001793	1373
1835.92590547484	1374
1837.61054669279	1375
1815.87659669359	1376
1820.65419349048	1377
1832.19344562603	1378
1834.40197837796	1379
1828.02476310781	1380
1834.37082998535	1381
1829.25390834349	1382
1835.05406817731	1383
1832.28356056572	1384
1827.13203522251	1385
1834.08014950678	1386
1835.17568808897	1387
1834.75605736234	1388
1836.72986501482	1389
1829.09080263049	1390
1815.44942474028	1391
1834.34641831811	1392
1838.38986815095	1393
1829.78281026979	1394
1827.38437464302	1395
1835.87965678021	1396
1834.75785089435	1397
1833.64714913484	1398
1825.36437911902	1399
1824.8670549302	1400
1826.92393139519	1401
1833.21099623453	1402
1830.7231391234	1403
1831.38703484923	1404
1824.86710451776	1405
1819.68157578138	1406
1827.29856784157	1407
1830.14454465286	1408
1825.83571948692	1409
1827.94533667859	1410
1829.0972021479	1411
1827.79470256009	1412
1835.83190151493	1413
1828.64075636836	1414
1835.52828078431	1415
1822.64268592983	1416
1832.76075007158	1417
1828.46792573507	1418
1829.66640305866	1419
1823.02400525842	1420
1825.61689876687	1421
1829.20829880187	1422
1836.50255911763	1423
1828.50122761789	1424
1830.78341882405	1425
1836.11316580989	1426
1834.07305094224	1427
1827.60257924543	1428
1821.83328921802	1429
1834.97771914648	1430
1831.45909193845	1431
1830.93296668609	1432
1842.87789842034	1433
1830.6232876545	1434
1832.63607776539	1435
1827.23547771394	1436
1835.04768063313	1437
1821.70544785729	1438
1832.56613085354	1439
1828.6141277693	1440
1838.14905741545	1441
1829.38679923639	1442
1826.99519723005	1443
1824.02750974116	1444
1834.84157158006	1445
1821.61744901543	1446
1826.06862221328	1447
1831.4035801642	1448
1834.47647880307	1449
1830.24215262342	1450
1829.69568056762	1451
1825.77990690714	1452
1823.10477460978	1453
1817.32187869873	1454
1828.27800815089	1455
1823.9321786589	1456
1829.35843534711	1457
1826.15197805002	1458
1825.82609681804	1459
1833.96367965849	1460
1827.96797116268	1461
1833.3053751556	1462
1834.67004602171	1463
1829.16126561147	1464
1831.42514077476	1465
1830.77489892433	1466
1826.70375143911	1467
1825.83173424834	1468
1827.91374800732	1469
1831.46382030054	1470
1831.4240055013	1471
1832.34435631437	1472
1831.69507404844	1473
1828.35879973351	1474
1828.87516682187	1475
1823.39244018227	1476
1832.73004516551	1477
1833.93251831431	1478
1834.54657770391	1479
1826.92662036599	1480
1834.72085685293	1481
1838.53063345632	1482
1818.90346880136	1483
1820.54731362893	1484
1836.78419178255	1485
1832.88989516788	1486
1830.3784183074	1487
1818.90013457064	1488
1834.19798121601	1489
1838.21765955107	1490
1836.63592080856	1491
1823.23865367643	1492
1836.82307668506	1493
1825.0807301746	1494
1820.50891229824	1495
1837.85298619368	1496
1820.06827753556	1497
1829.59683426054	1498
1820.54763535676	1499
1837.45885304571	1500
1828.13554003499	1501
1833.13349490539	1502
1829.66235854204	1503
1834.78881113314	1504
1830.38177270991	1505
1834.24381184917	1506
1829.48089422413	1507
1838.49763569416	1508
1833.48974438312	1509
1826.5852115054	1510
1825.83904950627	1511
1835.25433965061	1512
1825.31695269237	1513
1827.59313487612	1514
1829.10464841228	1515
1827.85811314877	1516
1836.73678575456	1517
1831.6765081358	1518
1822.41822671189	1519
1842.14094305199	1520
1826.21526866153	1521
1829.52771026296	1522
1835.79754843617	1523
1828.33070834006	1524
1823.37564412658	1525
1828.50851145049	1526
1821.31419230991	1527
1828.5793227883	1528
1835.41107832205	1529
1819.63218665522	1530
1819.72048423085	1531
1834.31373852605	1532
1834.14700124862	1533
1819.29831499374	1534
1837.73746720283	1535
1831.86795758475	1536
1834.20157304469	1537
1822.62009551388	1538
1827.0054787611	1539
1834.74397708024	1540
1839.46956817086	1541
1827.87164699493	1542
1830.39445814507	1543
1819.78108732481	1544
1825.97812099758	1545
1834.9407141893	1546
1829.97357729757	1547
1823.89821502961	1548
1831.40144823069	1549
1827.65566099664	1550
1828.80976918998	1551
1831.91686400975	1552
1831.78021987043	1553
1828.81045170854	1554
1833.61799119068	1555
1831.20539442977	1556
1833.29317612094	1557
1833.38364839693	1558
1827.70360239117	1559
1831.52699231274	1560
1828.79038645071	1561
1830.95607193353	1562
1834.13785058735	1563
1831.02768032177	1564
1834.49364431903	1565
1818.98713482293	1566
1832.62690333684	1567
1821.35377833315	1568
1833.73145914747	1569
1832.78227292213	1570
1826.8816826782	1571
1825.44233581582	1572
1825.39987269074	1573
1830.85178195559	1574
1825.01594311793	1575
1828.09780499787	1576
1832.22229338625	1577
1835.73912580941	1578
1841.20031734872	1579
1835.30882975832	1580
1829.8315413559	1581
1839.73484635193	1582
1830.83472786711	1583
1819.2083554714	1584
1823.67653252189	1585
1815.90143229114	1586
1833.08344145745	1587
1826.49178722078	1588
1838.63738670256	1589
1821.36318640893	1590
1832.3053239193	1591
1834.85465269367	1592
1833.0078217525	1593
1825.93729960305	1594
1839.19517649027	1595
1833.92235937677	1596
1836.27186479465	1597
1823.24582392531	1598
1815.98305008393	1599
1829.41729284528	1600
1831.39275779332	1601
1831.32293287758	1602
1836.56460448746	1603
1837.43819446441	1604
1826.3968837261	1605
1825.58166374995	1606
1838.500713408	1607
1828.05008788039	1608
1835.90847905836	1609
1825.09841268596	1610
1832.95850969078	1611
1827.77703920358	1612
1838.74674754172	1613
1824.52297528619	1614
1813.83336003984	1615
1833.59357330609	1616
1838.62763812945	1617
1830.44366631221	1618
1833.4137386572	1619
1829.57419160727	1620
1833.21291952262	1621
1835.03495298665	1622
1837.65414795069	1623
1833.40038948953	1624
1823.98877411044	1625
1823.0174261079	1626
1826.78366980225	1627
1823.3646260329	1628
1833.09419969817	1629
1840.6545808287	1630
1835.55782970957	1631
1830.20408499443	1632
1830.9648895308	1633
1828.24203518858	1634
1825.70739640208	1635
1828.67119562754	1636
1834.6725574187	1637
1825.11664361243	1638
1828.45987769071	1639
1833.21100127745	1640
1834.0653014996	1641
1834.9177571642	1642
1831.76228039922	1643
1820.62816542502	1644
1825.7142180614	1645
1833.2612843532	1646
1831.27665684899	1647
1823.95113689641	1648
1829.22951272424	1649
1828.42424706323	1650
1832.20185833576	1651
1825.88007681345	1652
1825.83926449415	1653
1836.64830335175	1654
1828.28196297998	1655
1831.2652358908	1656
1818.49970364181	1657
1831.17229334366	1658
1831.1851030361	1659
1834.83266040008	1660
1823.81139769588	1661
1823.60141311483	1662
1828.29505393429	1663
1832.77782136221	1664
1830.90996188519	1665
1835.63937798227	1666
1828.8826091915	1667
1830.53716167	1668
1834.68473571478	1669
1833.67380399132	1670
1826.78998679291	1671
1837.5979670216	1672
1834.42346272363	1673
1829.62602481324	1674
1825.76928843702	1675
1827.95952758546	1676
1824.02475616969	1677
1816.78880651101	1678
1836.90875804263	1679
1822.5721492126	1680
1829.91639363951	1681
1836.39941685215	1682
1820.46194923901	1683
1833.98289369629	1684
1841.07369435752	1685
1817.83543504814	1686
1819.23341564365	1687
1813.88055096112	1688
1831.87643288917	1689
1824.40137893347	1690
1835.42132120275	1691
1838.54666280729	1692
1830.39385889948	1693
1827.76308222214	1694
1830.27200388609	1695
1826.47851990073	1696
1826.89877043355	1697
1833.3594064707	1698
1829.44222831324	1699
1829.55310768106	1700
1828.9558297629	1701
1829.02300436281	1702
1815.71489951592	1703
1827.38298106056	1704
1837.40068649065	1705
1830.77100468491	1706
1827.08988288083	1707
1834.22362653218	1708
1825.20307842422	1709
1832.93265327802	1710
1819.78698193443	1711
1830.83477332103	1712
1833.32487494751	1713
1834.02431079272	1714
1835.96503888836	1715
1829.5491079496	1716
1835.28701386964	1717
1836.10867485021	1718
1838.84483854448	1719
1829.96800769955	1720
1817.29876292086	1721
1828.41582987631	1722
1830.73371437926	1723
1835.05643572867	1724
1829.7496578687	1725
1830.76537233671	1726
1828.58092335439	1727
1834.70731806273	1728
1829.24037631623	1729
1831.66780195559	1730
1838.68217642533	1731
1829.92576768936	1732
1819.42574587911	1733
1827.25479008143	1734
1831.0995200533	1735
1830.25202633196	1736
1827.5124121769	1737
1836.9440333243	1738
1829.56877212971	1739
1831.36296192638	1740
1833.07658682629	1741
1831.09214119368	1742
1836.39190591098	1743
1830.987242314	1744
1824.53731613428	1745
1828.28927966827	1746
1832.24477920149	1747
1827.62887118205	1748
1826.1397746296	1749
1833.01414652545	1750
1837.22932811067	1751
1823.97163481756	1752
1838.15008610561	1753
1828.82742021045	1754
1835.56063340616	1755
1815.3887093644	1756
1831.59761581897	1757
1829.06557050892	1758
1837.45091088412	1759
1830.1445858057	1760
1829.72306238372	1761
1831.11149481228	1762
1826.61809784283	1763
1835.24380143576	1764
1819.21875437693	1765
1829.01902036678	1766
1831.0677105846	1767
1829.49535635409	1768
1835.686994867	1769
1829.47827059602	1770
1826.11776022622	1771
1824.52172395907	1772
1837.25122963296	1773
1832.21797700157	1774
1827.35178294582	1775
1834.64091993113	1776
1834.26650361811	1777
1827.7672168168	1778
1832.32769907559	1779
1835.46903354089	1780
1832.02353950389	1781
1831.34309800567	1782
1836.34494957963	1783
1825.25257019427	1784
1824.38404629454	1785
1836.52641755961	1786
1825.71922718724	1787
1823.84830246337	1788
1835.43691876138	1789
1840.18487097062	1790
1823.04219643638	1791
1823.97330907446	1792
1831.55719008457	1793
1827.10476898151	1794
1832.58400843642	1795
1838.47903226785	1796
1838.77475536224	1797
1827.0351934331	1798
1824.91567148633	1799
1824.99128205848	1800
1820.27433806436	1801
1827.32869836647	1802
1829.01241544482	1803
1829.68272231052	1804
1821.3970877773	1805
1828.45934895636	1806
1829.49312409664	1807
1828.83027610404	1808
1825.3514302293	1809
1823.54265067162	1810
1836.32090906163	1811
1835.54921710514	1812
1830.1118362735	1813
1837.00066164381	1814
1825.87112654066	1815
1827.77962929755	1816
1833.28201280481	1817
1836.6600632264	1818
1829.11042517835	1819
1837.85370817616	1820
1828.80977558735	1821
1835.88831158842	1822
1818.92711551755	1823
1831.32205282026	1824
1818.53020373133	1825
1829.48007409987	1826
1823.9827206699	1827
1822.74794083274	1828
1840.13199770299	1829
1825.45604805777	1830
1829.36923136878	1831
1829.27304105584	1832
1821.95906399513	1833
1823.71830711641	1834
1832.467235711	1835
1821.83125867011	1836
1822.19416492252	1837
1830.92585629244	1838
1828.37200127633	1839
1815.94715882667	1840
1821.19750214115	1841
1840.1313822142	1842
1838.41538247993	1843
1825.08232468033	1844
1837.01095514833	1845
1820.48607914787	1846
1820.27465608905	1847
1824.65861258396	1848
1829.55202037496	1849
1837.96374492256	1850
1820.25967595103	1851
1814.26781301089	1852
1840.47451390982	1853
1826.57889863079	1854
1829.53470732114	1855
1831.00975908258	1856
1822.41525837682	1857
1834.97569052454	1858
1813.3777186746	1859
1823.5643112577	1860
1832.4408223793	1861
1830.58714347457	1862
1831.84975295108	1863
1836.98857094828	1864
1830.21738947432	1865
1830.32570637115	1866
1830.43755778093	1867
1830.33144172519	1868
1822.13266776091	1869
1822.10531133124	1870
1824.59765547041	1871
1825.82599407839	1872
1817.21110421194	1873
1825.79118005196	1874
1833.03434015062	1875
1831.36497671402	1876
1831.22109145803	1877
1827.21526243128	1878
1828.13310039877	1879
1835.36918377472	1880
1823.7655905287	1881
1833.43725537334	1882
1832.53522334612	1883
1827.81295798015	1884
1832.3043811552	1885
1827.43789127123	1886
1826.93185729351	1887
1824.68174229234	1888
1831.90470676147	1889
1830.23573352108	1890
1839.27234577249	1891
1830.19162382092	1892
1830.36866973399	1893
1827.57338270696	1894
1830.59480149815	1895
1822.48969865027	1896
1834.96554383534	1897
1828.64121720012	1898
1826.3874229119	1899
1825.75843794427	1900
1840.52520685372	1901
1833.05380437385	1902
1826.27978002281	1903
1824.07329105971	1904
1837.01091456693	1905
1825.59691263079	1906
1822.60615884171	1907
1833.8459608471	1908
1823.44920121387	1909
1833.71177581244	1910
1829.41353388786	1911
1834.43571177889	1912
1822.29336130664	1913
1825.48701330709	1914
1818.45374561923	1915
1836.62874084355	1916
1826.65343770677	1917
1830.30739526986	1918
1823.06889217628	1919
1828.42052317737	1920
1829.45321210196	1921
1835.22820673433	1922
1829.50489866867	1923
1826.5263819229	1924
1838.9034267824	1925
1828.74353204459	1926
1839.90825604822	1927
1826.14425246506	1928
1825.01307704629	1929
1843.8251074138	1930
1836.3712299488	1931
1834.94337075496	1932
1835.42352082036	1933
1824.08498059381	1934
1832.22401668706	1935
1834.75074873185	1936
1837.78491380951	1937
1819.45885534281	1938
1825.88380655587	1939
1831.74225287024	1940
1839.23607177963	1941
1830.58754768744	1942
1833.84805376853	1943
1830.77241320885	1944
1827.40281011861	1945
1818.34427550782	1946
1824.09527984529	1947
1833.74246018877	1948
1824.29045452359	1949
1838.46861770387	1950
1831.27736831624	1951
1831.56155225866	1952
1826.53189309236	1953
1829.01159966876	1954
1833.07360775167	1955
1824.39751561884	1956
1830.9481945934	1957
1829.23907405155	1958
1831.94680622313	1959
1832.12718729246	1960
1832.74622073546	1961
1832.33049381079	1962
1826.22637878491	1963
1828.12271435514	1964
1827.91045821804	1965
1826.39528340514	1966
1832.0008282798	1967
1822.08136441229	1968
1836.41553168993	1969
1836.11450588113	1970
1833.76791909774	1971
1831.74452064108	1972
1826.95718640558	1973
1822.98371778385	1974
1824.80464404624	1975
1827.8092497242	1976
1822.49655781446	1977
1826.84965537515	1978
1828.16257222683	1979
1836.14291431434	1980
1828.96828824199	1981
1829.06919414084	1982
1830.30240932819	1983
1837.37209303	1984
1830.11913933621	1985
1835.90048294941	1986
1838.61081836184	1987
1824.36442824911	1988
1829.30531334091	1989
1834.88936931757	1990
1834.07653284535	1991
1830.26291875077	1992
1838.89526164272	1993
1829.29313345877	1994
1827.41050216086	1995
1824.70826807421	1996
1827.87813092153	1997
1823.93775615901	1998
1823.91608982177	1999
1815.10706511583	2000
1832.59321360419	2001
1836.44481808079	2002
1832.67324041537	2003
1822.33345115855	2004
1821.74671810893	2005
1827.19797351295	2006
1837.72487164231	2007
1828.96382975925	2008
1827.87469467432	2009
1831.68053576979	2010
1828.79076988225	2011
1833.65465240697	2012
1825.59590631684	2013
1835.63411140552	2014
1829.07257639656	2015
1829.20097334245	2016
1820.51598758857	2017
1830.66482673304	2018
1821.98789300229	2019
1833.1773812834	2020
1829.42925683823	2021
1828.5525200387	2022
1835.14921276661	2023
1825.40797881993	2024
1827.97510081275	2025
1832.9461915899	2026
1823.78430092821	2027
1827.13962208752	2028
1828.20452382125	2029
1827.62010709954	2030
1832.49851901326	2031
1831.58529007137	2032
1825.30146009438	2033
1836.31359668589	2034
1824.80729442687	2035
1823.7415735532	2036
1840.91267688711	2037
1829.85214885853	2038
1828.14057347363	2039
1833.68180643264	2040
1835.36113693754	2041
1810.67962454237	2042
1822.81524087504	2043
1824.32154110618	2044
1819.51301944355	2045
1830.3311539604	2046
1827.48535951754	2047
1829.77243953135	2048
1831.90170126009	2049
1823.7748608201	2050
1829.07325317769	2051
1831.36856221111	2052
1827.72285298042	2053
1827.58688248727	2054
1830.96197897197	2055
1831.01746974287	2056
1830.98101457236	2057
1828.79875537571	2058
1832.27424637222	2059
1829.62939819079	2060
1837.01224961023	2061
1822.94776905787	2062
1835.63705199109	2063
1821.24632092162	2064
1833.07375878205	2065
1824.14406203361	2066
1828.99125380265	2067
1831.50442424894	2068
1823.896496089	2069
1834.83964127202	2070
1828.97542803495	2071
1838.12129891441	2072
1825.91874483898	2073
1831.74567088834	2074
1828.94753060026	2075
1837.4234372775	2076
1832.2635479884	2077
1831.17311174082	2078
1828.77770865207	2079
1827.06304940109	2080
1829.09556264907	2081
1833.46341419491	2082
1830.68944633431	2083
1831.91180880709	2084
1831.93515282128	2085
1820.39938352713	2086
1837.73873123358	2087
1829.64627210734	2088
1843.71532232833	2089
1832.52308611316	2090
1823.04562221106	2091
1816.86660391555	2092
1836.46505047413	2093
1830.64984449756	2094
1834.18957740861	2095
1830.85500128874	2096
1822.17000575694	2097
1817.79468755093	2098
1827.69070534463	2099
1840.02755309337	2100
1825.21022840493	2101
1832.47745864171	2102
1832.60169521028	2103
1831.89920174398	2104
1828.32088769203	2105
1833.0179678352	2106
1830.50842249798	2107
1819.0049507984	2108
1831.49774562928	2109
1831.52145170967	2110
1841.674786168	2111
1829.28762299004	2112
1843.23326159959	2113
1829.63471597178	2114
1827.34979584817	2115
1830.59685486922	2116
1842.28850533786	2117
1834.34629774127	2118
1830.1507586582	2119
1827.11922811828	2120
1829.80080417598	2121
1833.76840653175	2122
1822.83541015875	2123
1827.18104436409	2124
1829.16001129025	2125
1832.441980264	2126
1831.81193262957	2127
1823.63443439566	2128
1825.62851130029	2129
1837.11111750175	2130
1831.57268682882	2131
1831.04815337645	2132
1827.23239362447	2133
1827.2315080978	2134
1832.05439803202	2135
1825.36610504094	2136
1828.25665140008	2137
1833.84349148498	2138
1835.87386565724	2139
1827.29845925352	2140
1824.95546178438	2141
1830.79426563523	2142
1819.70847176336	2143
1829.62562422232	2144
1822.04579825297	2145
1837.71284718627	2146
1818.37049534589	2147
1816.89814585902	2148
1829.93640952532	2149
1838.16357307655	2150
1835.5995751586	2151
1824.55953853231	2152
1834.44017998062	2153
1822.0916886059	2154
1812.86221839372	2155
1828.41472655544	2156
1828.19077960025	2157
1836.33785257662	2158
1828.88850942751	2159
1830.94806104569	2160
1837.26974007166	2161
1831.30596747683	2162
1834.55990199562	2163
1825.5151656562	2164
1831.77659493438	2165
1833.52648956636	2166
1833.39295390326	2167
1835.76371577488	2168
1822.54179317016	2169
1834.70815218035	2170
1828.00817150437	2171
1822.52551081299	2172
1824.00928051859	2173
1838.14988554129	2174
1826.3169368232	2175
1832.15939282217	2176
1825.59961172996	2177
1829.14823397271	2178
1825.72887489338	2179
1835.73461561687	2180
1841.68480355537	2181
1836.99228406854	2182
1833.61529086235	2183
1834.68945169808	2184
1831.83125905064	2185
1829.63437306141	2186
1832.70078662742	2187
1833.15163449751	2188
1824.56840335007	2189
1832.93448756245	2190
1821.82828616577	2191
1826.53929766632	2192
1832.62862761166	2193
1827.81579941776	2194
1825.96821102703	2195
1833.84499780102	2196
1819.39225788992	2197
1828.07716837149	2198
1826.00553474077	2199
1828.55403645792	2200
1829.44263294207	2201
1833.62098574444	2202
1828.76811025833	2203
1826.9738029772	2204
1834.54101795405	2205
1829.0053485723	2206
1834.04333219026	2207
1828.87513866979	2208
1835.54951048174	2209
1823.68422261776	2210
1829.21342348624	2211
1836.96001771219	2212
1833.26937559916	2213
1837.6614779478	2214
1831.11994817492	2215
1833.75014112931	2216
1841.42617626907	2217
1825.18779532988	2218
1831.97889001358	2219
1816.44617914293	2220
1831.11639035314	2221
1829.79312658386	2222
1830.48994235372	2223
1827.20570231886	2224
1830.36050872255	2225
1827.68720107228	2226
1828.40681746087	2227
1835.05721364241	2228
1838.33911004061	2229
1825.18646594676	2230
1826.75594966629	2231
1836.31495330031	2232
1832.95282332585	2233
1824.00598129292	2234
1827.93095952549	2235
1840.18694175109	2236
1826.61990995143	2237
1825.64141902678	2238
1830.51157444772	2239
1833.00481586516	2240
1824.63385564457	2241
1823.41752682234	2242
1813.4371068165	2243
1823.91777663904	2244
1828.59620434488	2245
1842.77375472508	2246
1828.918111134	2247
1812.00552622263	2248
1825.20624466137	2249
1830.25180730552	2250
1829.93619636004	2251
1828.12460018936	2252
1821.19208727894	2253
1832.99046751464	2254
1825.4194864841	2255
1828.10035149947	2256
1828.62432115617	2257
1844.70383334165	2258
1833.40279917994	2259
1833.11477019687	2260
1841.29648696547	2261
1838.69454695846	2262
1827.41281691801	2263
1832.68307299083	2264
1831.68931467837	2265
1822.45521649105	2266
1827.19633342951	2267
1824.08605463279	2268
1833.73536309203	2269
1833.09608709915	2270
1828.81779237712	2271
1842.48369410091	2272
1833.44046269492	2273
1823.76716827891	2274
1830.19684254634	2275
1833.44587425069	2276
1839.09088561885	2277
1815.06301224781	2278
1828.95157164551	2279
1821.80518948091	2280
1835.32710457379	2281
1827.53896143582	2282
1836.69191084805	2283
1831.69965393701	2284
1831.58863837959	2285
1838.1949844662	2286
1825.26105343258	2287
1825.88775248561	2288
1825.35426124775	2289
1823.61404837726	2290
1826.9379903884	2291
1834.50627514656	2292
1833.19011435562	2293
1821.56382329385	2294
1841.78095913722	2295
1816.74269997914	2296
1830.19076381057	2297
1836.67845879186	2298
1829.88540229653	2299
1830.02728476503	2300
1821.32067809291	2301
1830.63046911297	2302
1826.46660185414	2303
1829.98978321066	2304
1836.99205435046	2305
1834.2426006678	2306
1829.51137380121	2307
1834.57591640524	2308
1828.1725970428	2309
1823.69137619533	2310
1838.22650634091	2311
1829.15375516062	2312
1835.33567525903	2313
1828.99166504713	2314
1836.04162612772	2315
1819.72076685589	2316
1825.3482048174	2317
1837.83082843572	2318
1837.07446266186	2319
1834.58235611404	2320
1821.45349004114	2321
1835.33578065564	2322
1834.67508707055	2323
1831.26576104287	2324
1838.06793027024	2325
1833.16173327943	2326
1829.86412665497	2327
1835.65096402378	2328
1836.73451405891	2329
1820.56197779039	2330
1831.05405543571	2331
1835.6440125386	2332
1823.15006798208	2333
1834.73877019941	2334
1829.92981885811	2335
1816.14909354419	2336
1830.23405636537	2337
1823.56446063194	2338
1825.08046899149	2339
1829.462168068	2340
1832.7124761315	2341
1831.47123773546	2342
1826.70094691777	2343
1808.4515877896	2344
1831.2376793257	2345
1832.15986344575	2346
1837.79764411433	2347
1830.75941959522	2348
1834.87885949568	2349
1821.60127491716	2350
1826.99611951179	2351
1818.77488074823	2352
1830.68248824176	2353
1835.4831408568	2354
1834.1643814524	2355
1831.51663024998	2356
1833.25402976975	2357
1824.30795697764	2358
1833.54009273174	2359
1832.39028305155	2360
1825.69869051494	2361
1833.62868831711	2362
1834.89021603547	2363
1825.23313071489	2364
1827.3326674049	2365
1832.20618622714	2366
1824.95462013316	2367
1837.1209616497	2368
1831.56388304946	2369
1816.81210603262	2370
1823.08033950761	2371
1831.89294791031	2372
1842.75178763076	2373
1837.81452268792	2374
1829.42067705412	2375
1830.28931333214	2376
1832.32585873119	2377
1828.60066050802	2378
1815.81756494733	2379
1838.89720242053	2380
1833.42175385923	2381
1835.68615233842	2382
1828.15121432048	2383
1827.03771025094	2384
1814.20485493651	2385
1836.87386558235	2386
1833.82242633537	2387
1837.64737777957	2388
1842.38625145702	2389
1828.53250203689	2390
1835.46029958246	2391
1823.96042140182	2392
1814.32973152723	2393
1831.40834476532	2394
1841.42483831837	2395
1825.79849049821	2396
1836.06653820044	2397
1842.73653496896	2398
1823.22301148794	2399
1825.04598288359	2400
1835.16920728273	2401
1838.12723751717	2402
1828.45986764883	2403
1827.83324831531	2404
1836.52366575254	2405
1837.84541297475	2406
1838.98574845499	2407
1828.1577443306	2408
1832.95834780183	2409
1833.23383833811	2410
1828.81118486326	2411
1837.38057271354	2412
1828.62324167931	2413
1829.22666388734	2414
1838.95446235753	2415
1829.97361584719	2416
1823.38145961302	2417
1836.63491194519	2418
1834.6384510436	2419
1825.85482798686	2420
1830.1204582997	2421
1826.98236256107	2422
1824.93977588619	2423
1836.10132106745	2424
1824.62367815702	2425
1837.49292395267	2426
1826.54886351243	2427
1833.24286262695	2428
1836.19183848318	2429
1831.53781527002	2430
1822.18027061336	2431
1830.47026417873	2432
1835.58620651657	2433
1830.82972906028	2434
1833.90265055418	2435
1836.22839643743	2436
1836.49595008826	2437
1831.41666350022	2438
1836.17950749039	2439
1835.93449221599	2440
1835.75529485318	2441
1828.92450725581	2442
1830.82780279285	2443
1826.21884672969	2444
1832.59243401907	2445
1830.45966202772	2446
1836.32142968701	2447
1827.90630800591	2448
1839.62894063096	2449
1830.09179493933	2450
1827.41286350005	2451
1833.33879349271	2452
1827.53563438138	2453
1832.82608198855	2454
1833.21285792553	2455
1828.1056953107	2456
1827.06438409885	2457
1828.1125419045	2458
1831.44279709675	2459
1824.63548137848	2460
1829.91152995769	2461
1835.58984578699	2462
1828.31510584009	2463
1829.70541234133	2464
1834.81053397786	2465
1830.76786631911	2466
1830.68763264931	2467
1831.53925603127	2468
1829.61488263653	2469
1821.05622108002	2470
1842.07965006891	2471
1827.52380410502	2472
1830.30666215359	2473
1825.42714528741	2474
1837.39328338429	2475
1838.44830169246	2476
1825.40521902011	2477
1836.53490456357	2478
1836.27086889151	2479
1835.42390096311	2480
1833.80803066515	2481
1833.59625383722	2482
1824.2058915956	2483
1839.32875344103	2484
1821.16144489907	2485
1821.56528884328	2486
1826.96635863868	2487
1830.39130181023	2488
1818.17969885369	2489
1830.34675781474	2490
1824.01141185224	2491
1833.15183009415	2492
1819.93642963661	2493
1831.55968063187	2494
1833.08949654715	2495
1822.42099835027	2496
1829.02598797659	2497
1828.21128105131	2498
1833.47755526847	2499
1828.38035110343	2500
1826.48591029547	2501
1841.03444709436	2502
1835.48009343933	2503
1828.87458515127	2504
1827.05167208438	2505
1826.37987506908	2506
1835.14553685484	2507
1823.01104477272	2508
1831.36534308149	2509
1836.24992326557	2510
1836.44630286518	2511
1831.83233827406	2512
1832.30947794699	2513
1827.74536517837	2514
1840.47074760649	2515
1833.58713538355	2516
1821.85747987179	2517
1834.78039284158	2518
1824.07947561568	2519
1827.81572570271	2520
1831.55337443416	2521
1834.02896750588	2522
1829.87641053308	2523
1829.4363027547	2524
1834.2496779859	2525
1829.98800249894	2526
1826.15809965125	2527
1821.83602311369	2528
1830.59466056476	2529
1831.29428363325	2530
1847.09021642583	2531
1843.25656850808	2532
1835.1297131979	2533
1833.3693305757	2534
1832.2271587652	2535
1831.10166081628	2536
1820.71447866397	2537
1834.92058639474	2538
1836.03170150972	2539
1835.87107225889	2540
1835.31240878533	2541
1832.38038707261	2542
1834.72659404437	2543
1835.55040176507	2544
1832.95713146678	2545
1825.30425727518	2546
1831.85803629289	2547
1832.63405904807	2548
1835.41439323832	2549
1831.44626477246	2550
1836.38257615153	2551
1826.61023599951	2552
1840.95832587143	2553
1820.77434203581	2554
1838.31722938776	2555
1830.29511975814	2556
1826.76829315634	2557
1827.31290575728	2558
1823.05796969206	2559
1833.19355004797	2560
1824.83144387164	2561
1832.19839703647	2562
1827.20469226562	2563
1833.51368688972	2564
1823.47296736969	2565
1834.7287838781	2566
1829.59270027566	2567
1817.07463822958	2568
1840.90247829957	2569
1829.06877703134	2570
1829.41871931216	2571
1834.11075795839	2572
1835.55589546899	2573
1830.30061861212	2574
1832.53575311044	2575
1838.84060652808	2576
1826.01110626871	2577
1826.57735523662	2578
1822.54621944887	2579
1837.40573344751	2580
1821.6714048384	2581
1827.13929439653	2582
1827.2798083417	2583
1830.02198428673	2584
1831.55856451735	2585
1826.74438283153	2586
1842.53682757973	2587
1831.09536555166	2588
1831.3286060833	2589
1827.31918888001	2590
1828.32525467621	2591
1830.91744604011	2592
1827.42386876136	2593
1834.5259843327	2594
1818.87409834726	2595
1830.24816275894	2596
1825.3423777731	2597
1833.25530701348	2598
1829.99465187508	2599
1835.33528855132	2600
1826.61634996075	2601
1823.15792866497	2602
1829.34618414368	2603
1824.28891145202	2604
1829.90431226554	2605
1836.9520855229	2606
1836.65077455201	2607
1817.92958144837	2608
1824.25104233708	2609
1828.52074055758	2610
1829.58662157498	2611
1822.92666688244	2612
1827.65914726463	2613
1836.25412717714	2614
1831.54935445515	2615
1822.61868331209	2616
1827.06793571685	2617
1829.56675440693	2618
1835.68526317918	2619
1831.79837307172	2620
1822.1689651114	2621
1822.25749230626	2622
1828.37433416901	2623
1832.16462100147	2624
1836.4929101936	2625
1836.4504418486	2626
1826.63305456484	2627
1825.33759970539	2628
1833.14915150663	2629
1828.02834580118	2630
1838.0699653775	2631
1825.55982301747	2632
1838.83657684165	2633
1829.82361245756	2634
1831.12519832726	2635
1832.68631008108	2636
1826.72918226487	2637
1825.76839487447	2638
1831.39748666021	2639
1832.34251406951	2640
1829.31929413035	2641
1835.45881153229	2642
1821.69929918258	2643
1835.41495491957	2644
1835.44114780874	2645
1837.57369628251	2646
1830.47753030496	2647
1828.38665247102	2648
1833.14882762206	2649
1838.40331856556	2650
1826.8405541367	2651
1832.45255593093	2652
1835.05973969377	2653
1838.61702496428	2654
1824.04608077439	2655
1827.61682127344	2656
1826.68404370199	2657
1834.67004475061	2658
1843.0023566669	2659
1827.58230517628	2660
1828.28753604239	2661
1823.88083379557	2662
1827.85768426163	2663
1821.70360015398	2664
1822.43950705136	2665
1830.47218126757	2666
1837.52991361666	2667
1833.64035671265	2668
1823.75441598685	2669
1835.98903127115	2670
1822.75457001621	2671
1833.79587676436	2672
1825.43030599432	2673
1825.7476928214	2674
1822.78200548039	2675
1829.19266470665	2676
1830.86532830613	2677
1831.50233910029	2678
1828.50631083112	2679
1834.89558846848	2680
1815.32172867904	2681
1842.80946078561	2682
1824.99195351239	2683
1829.910341382	2684
1832.10710167692	2685
1835.47354256667	2686
1840.42669118713	2687
1829.18143267563	2688
1825.97221248261	2689
1824.43248553825	2690
1826.43758761437	2691
1831.95855595007	2692
1838.49562765526	2693
1832.27451628593	2694
1824.19673085231	2695
1827.71926109828	2696
1826.79371562143	2697
1823.37450445191	2698
1836.17835671122	2699
1828.33482227407	2700
1834.42576290612	2701
1821.52169079306	2702
1823.42069559834	2703
1825.95125432503	2704
1842.40148156452	2705
1839.42919686395	2706
1822.98140061229	2707
1827.32327277212	2708
1829.61514705191	2709
1824.24451306059	2710
1833.48576278967	2711
1834.29397932155	2712
1825.50790776257	2713
1833.05041352618	2714
1818.34028258761	2715
1823.3766775992	2716
1816.55198128659	2717
1833.74197227121	2718
1836.91526882728	2719
1826.92185658097	2720
1822.52716286125	2721
1827.88502750357	2722
1831.3976040878	2723
1832.93676253438	2724
1835.77834849832	2725
1828.61094857911	2726
1832.50552045252	2727
1828.4368592484	2728
1836.99604237028	2729
1828.19023275507	2730
1829.44769705639	2731
1831.60352666163	2732
1826.12437423528	2733
1823.06750354488	2734
1833.51727853629	2735
1831.23277686912	2736
1823.1669758512	2737
1830.52002158715	2738
1826.5266132099	2739
1834.94083237044	2740
1829.16387067765	2741
1837.66295269209	2742
1833.65756411515	2743
1830.98244163881	2744
1816.64937538259	2745
1821.52793433186	2746
1824.75481621302	2747
1832.74604484848	2748
1831.2277669538	2749
1841.86590498503	2750
1835.42566455438	2751
1833.7322256268	2752
1841.78481956103	2753
1833.90458025271	2754
1830.78118215692	2755
1840.11995044818	2756
1828.08619117026	2757
1829.63218917062	2758
1825.67568771624	2759
1833.28941361196	2760
1833.52595631214	2761
1834.29587811816	2762
1825.87498211809	2763
1836.04877986578	2764
1826.9027296198	2765
1823.08161693086	2766
1834.21927192828	2767
1844.12900720096	2768
1829.39423220854	2769
1835.58730758926	2770
1826.79117002057	2771
1833.95857993957	2772
1832.5664305415	2773
1820.64921322475	2774
1827.25799088434	2775
1834.12413796128	2776
1830.40048301708	2777
1831.31841830603	2778
1833.05321206568	2779
1832.72803327751	2780
1835.28848977967	2781
1834.06717701807	2782
1829.04014375793	2783
1832.26125681152	2784
1827.09973757505	2785
1823.15456226063	2786
1836.65099536201	2787
1825.26961018958	2788
1828.3991142311	2789
1830.11720477604	2790
1832.30244233014	2791
1819.16622743946	2792
1827.93600250489	2793
1822.8668932961	2794
1840.55099458135	2795
1827.98267921126	2796
1832.20603333342	2797
1825.96601862377	2798
1833.9920353214	2799
1822.89106912612	2800
1843.25473983179	2801
1827.2130125825	2802
1839.67721066516	2803
1819.73607127175	2804
1831.69632355027	2805
1831.35174352473	2806
1830.1005967983	2807
1834.6868194871	2808
1822.9690382263	2809
1817.80177903938	2810
1833.03871225944	2811
1829.81605388502	2812
1828.04023999312	2813
1825.96830301723	2814
1829.4974695931	2815
1828.82999547866	2816
1831.69579903559	2817
1839.15581384427	2818
1830.89649130587	2819
1829.52851312905	2820
1836.91435177843	2821
1831.03196932495	2822
1827.14264877908	2823
1818.50083923187	2824
1821.47546831595	2825
1831.17670820103	2826
1832.44050611575	2827
1825.4675213407	2828
1821.94357836266	2829
1825.73527980948	2830
1825.2823620821	2831
1829.01401611532	2832
1830.60919388114	2833
1824.65961467007	2834
1826.5619298513	2835
1819.37008169238	2836
1823.67348807754	2837
1823.70403929923	2838
1823.75618567522	2839
1834.52900600106	2840
1828.72537826599	2841
1834.41996911804	2842
1817.67272231893	2843
1834.81762792418	2844
1813.05841182767	2845
1833.32946408636	2846
1833.60577036509	2847
1827.25970624914	2848
1821.36266887393	2849
1824.41442272327	2850
1829.30670350026	2851
1832.76462162239	2852
1826.26365892886	2853
1831.84336195651	2854
1837.84913375599	2855
1828.39108441405	2856
1831.6858846099	2857
1827.33096396973	2858
1838.54355624248	2859
1828.25026140773	2860
1828.95131957151	2861
1821.9078375156	2862
1830.95421482133	2863
1828.2099498236	2864
1831.87451404007	2865
1822.65009313753	2866
1831.75340084413	2867
1824.08122578338	2868
1833.53588446615	2869
1834.44398140722	2870
1836.26486560064	2871
1828.24819404012	2872
1830.23247826712	2873
1837.30713568877	2874
1825.7880176665	2875
1821.85974848269	2876
1828.80164762454	2877
1818.01214690453	2878
1813.95651636494	2879
1817.44283880012	2880
1840.46331332528	2881
1833.87550626473	2882
1830.38057598896	2883
1824.1187234526	2884
1830.43420868354	2885
1831.01658863357	2886
1827.34376649381	2887
1828.82576434709	2888
1828.54975025841	2889
1822.41896948538	2890
1825.36225144008	2891
1829.01277874789	2892
1835.31446928009	2893
1832.21424260364	2894
1825.04675866327	2895
1828.04912944993	2896
1825.45374242867	2897
1836.78026135397	2898
1832.06287342024	2899
1822.01842080743	2900
1832.91357559555	2901
1838.86587133354	2902
1828.09957198497	2903
1819.07180646034	2904
1832.44291274946	2905
1833.54806426985	2906
1822.96021834967	2907
1830.78701033396	2908
1834.91319945725	2909
1830.67550690237	2910
1821.14639853879	2911
1830.82187144624	2912
1836.03712344	2913
1824.38151484974	2914
1819.16609761857	2915
1840.4066827441	2916
1818.91182404606	2917
1820.06024733853	2918
1828.7334316089	2919
1833.26361341672	2920
1827.89019282194	2921
1834.73215428582	2922
1824.4612258794	2923
1835.58993696059	2924
1821.37463014898	2925
1836.69152641691	2926
1815.23014519601	2927
1827.84188533514	2928
1831.11629815642	2929
1834.67129499292	2930
1835.92220876444	2931
1826.96997641142	2932
1835.0467303432	2933
1832.76136714108	2934
1832.19649090475	2935
1831.43935725323	2936
1828.94711416395	2937
1833.73379737835	2938
1829.61901185015	2939
1837.20116779212	2940
1825.00924522762	2941
1821.87863756857	2942
1831.0920151194	2943
1831.06307292494	2944
1823.5489073639	2945
1833.8776631672	2946
1839.56440160829	2947
1836.66913444842	2948
1826.78569532508	2949
1824.12703425119	2950
1826.91334300983	2951
1832.6079601645	2952
1834.72735073551	2953
1823.05286744181	2954
1839.54899014671	2955
1834.15006148509	2956
1832.05654851473	2957
1822.6625146206	2958
1828.87706529704	2959
1835.98447107841	2960
1830.29753954656	2961
1827.45848986569	2962
1826.79918382642	2963
1817.01098429499	2964
1828.30684986667	2965
1833.80584613806	2966
1840.47124915356	2967
1828.51818341731	2968
1827.37600816675	2969
1837.05549637605	2970
1824.52380485754	2971
1824.36328803703	2972
1833.24853900911	2973
1840.41644478302	2974
1819.71784184814	2975
1822.86527152008	2976
1821.92178588789	2977
1831.8823411219	2978
1816.78799178008	2979
1830.77756826116	2980
1834.37344576312	2981
1832.25724552408	2982
1831.6195188311	2983
1829.5653642003	2984
1830.71909605308	2985
1820.9459138182	2986
1834.68073295579	2987
1828.86153379749	2988
1836.06235668068	2989
1825.98971048875	2990
1837.60005397051	2991
1827.1841224915	2992
1832.59705528354	2993
1837.66551143255	2994
1835.60263313511	2995
1831.06987324224	2996
1831.34994056358	2997
1829.14445130855	2998
1825.68325017994	2999
1828.18614632557	3000
1819.44145418377	3001
1833.93647363889	3002
1828.75952543004	3003
1836.24525079764	3004
1830.20287665145	3005
1841.41566360672	3006
1824.14203414854	3007
1826.13083177799	3008
1831.34855062059	3009
1826.70771760278	3010
1835.06581430939	3011
1827.4946633542	3012
1835.15655928195	3013
1829.22663500545	3014
1830.33814781848	3015
1822.62218675249	3016
1830.34351302692	3017
1820.01754798576	3018
1829.75704662682	3019
1832.43068324969	3020
1827.72641090662	3021
1837.71369161263	3022
1830.70692610874	3023
1829.91188340623	3024
1836.44760108656	3025
1823.88652982407	3026
1819.49049073952	3027
1819.36377477886	3028
1824.37043950055	3029
1827.0084605357	3030
1814.72400244855	3031
1832.05466759735	3032
1825.56440485526	3033
1838.46975620094	3034
1817.19801974226	3035
1818.9537474129	3036
1827.44036754152	3037
1814.5057531083	3038
1832.14650985414	3039
1839.07710879948	3040
1827.80587814553	3041
1828.01191346364	3042
1832.18268410346	3043
1830.43197703856	3044
1821.49834174962	3045
1834.44427302632	3046
1827.72798347298	3047
1835.9475828734	3048
1830.76206699329	3049
1825.66024544661	3050
1835.92236293192	3051
1820.70065943605	3052
1827.49629243298	3053
1819.52824163027	3054
1840.72629586013	3055
1827.34628399066	3056
1830.48219805128	3057
1819.77508413491	3058
1838.57129611928	3059
1836.49604255915	3060
1832.33262855144	3061
1831.11727903781	3062
1834.48288464491	3063
1824.8509156087	3064
1839.17697891409	3065
1828.07287635303	3066
1820.57167327663	3067
1837.1115814384	3068
1823.83815384426	3069
1829.52404044168	3070
1831.42915433371	3071
1837.59823326032	3072
1833.66045295777	3073
1819.70083282704	3074
1831.59017983618	3075
1837.55038238218	3076
1824.77225042792	3077
1836.38052318972	3078
1828.2727777508	3079
1830.13715489949	3080
1841.90278593054	3081
1829.51470266343	3082
1832.43855654623	3083
1828.79101297343	3084
1826.28471293714	3085
1826.88882385842	3086
1834.1633012367	3087
1825.44834000827	3088
1833.69647108457	3089
1819.46400448877	3090
1826.90628569883	3091
1823.03885096085	3092
1815.37524704974	3093
1829.92832631065	3094
1832.34285862592	3095
1832.52805352572	3096
1834.18514769232	3097
1829.6357542477	3098
1838.03911773776	3099
1834.98549759643	3100
1823.84706061232	3101
1827.28320389404	3102
1832.56066237964	3103
1830.03295873126	3104
1831.86852899515	3105
1832.92719959959	3106
1833.21083897932	3107
1826.8370574469	3108
1836.7034065241	3109
1832.41985960238	3110
1839.94311576714	3111
1830.80334609173	3112
1828.64037861085	3113
1829.17103609156	3114
1832.90984411603	3115
1825.45481151226	3116
1833.10345295698	3117
1833.60284786919	3118
1836.55921596616	3119
1836.38163637565	3120
1823.7474218491	3121
1840.18705436754	3122
1831.76219496412	3123
1835.79420414152	3124
1833.46145836885	3125
1837.07578639901	3126
1837.40606090552	3127
1838.48247763831	3128
1838.19636492652	3129
1824.64174985861	3130
1827.71004800166	3131
1837.64464549127	3132
1826.21190029881	3133
1828.84331266479	3134
1825.65708443655	3135
1822.91732301714	3136
1836.06067904534	3137
1827.59906390194	3138
1826.13175572759	3139
1829.24682625201	3140
1822.70685129675	3141
1826.18812629968	3142
1830.43835742323	3143
1829.46657579229	3144
1829.00318986801	3145
1829.17496062298	3146
1831.36084883091	3147
1824.05592814389	3148
1825.57030319439	3149
1833.39221517022	3150
1827.49930725915	3151
1822.89756231589	3152
1829.70205382839	3153
1833.53869248671	3154
1828.3546274896	3155
1826.51175021821	3156
1831.45779751052	3157
1840.01947399405	3158
1830.32113342423	3159
1825.08247408681	3160
1828.09111845202	3161
1830.34593320503	3162
1829.20009185215	3163
1828.65629768205	3164
1830.67536280953	3165
1831.11992188051	3166
1826.65447256912	3167
1825.39205472456	3168
1825.65370884142	3169
1832.98200228991	3170
1828.37544236191	3171
1839.15037905156	3172
1834.37325414281	3173
1823.55888864697	3174
1835.65398177209	3175
1829.24649011847	3176
1835.73295686913	3177
1827.95977580299	3178
1833.46184200564	3179
1821.07906772577	3180
1829.31180615298	3181
1833.07013855734	3182
1822.22624982983	3183
1825.76546089108	3184
1829.49001948735	3185
1830.31463040579	3186
1832.87265332868	3187
1827.27951612308	3188
1838.47763015321	3189
1821.66176829049	3190
1830.28132489882	3191
1837.91065235065	3192
1829.61993721139	3193
1829.77781296298	3194
1835.15779447158	3195
1830.10947327064	3196
1829.84977385169	3197
1824.96073056414	3198
1825.44056169166	3199
1827.23245693535	3200
1824.03440511658	3201
1837.62745486522	3202
1829.39531644076	3203
1824.23325421204	3204
1836.89290166218	3205
1828.79145439517	3206
1828.86013658862	3207
1825.54800459118	3208
1827.82058049128	3209
1837.11584081145	3210
1830.8952119767	3211
1835.45711102719	3212
1835.83093461336	3213
1832.59280619434	3214
1831.30954369371	3215
1834.3182617206	3216
1824.66740014906	3217
1833.14163469079	3218
1830.09472226298	3219
1829.70317159325	3220
1827.4174968833	3221
1822.38070048543	3222
1831.17893311536	3223
1828.68142430628	3224
1829.62435247299	3225
1828.89656662597	3226
1829.96525662065	3227
1819.67829855974	3228
1830.23251259741	3229
1827.77964448384	3230
1837.24430289165	3231
1819.88779541872	3232
1832.44499107723	3233
1820.39144104312	3234
1837.51445070244	3235
1829.25699099561	3236
1826.71147319461	3237
1820.55069254416	3238
1836.6755825883	3239
1835.56605774641	3240
1838.17314007987	3241
1832.24273745833	3242
1832.24863485499	3243
1824.94070560209	3244
1829.41645399831	3245
1833.35711760782	3246
1839.50762260478	3247
1833.28334928775	3248
1831.3173934709	3249
1831.16962983309	3250
1827.26757628555	3251
1827.32788449931	3252
1835.32871452536	3253
1821.17171965097	3254
1831.66268070748	3255
1825.60578195838	3256
1832.66389261601	3257
1832.12939870911	3258
1821.92836308492	3259
1807.36506862798	3260
1824.23378558276	3261
1821.41590724636	3262
1836.03689811946	3263
1833.42833733202	3264
1830.49081180998	3265
1822.92143192043	3266
1824.13594106323	3267
1830.04362195751	3268
1825.76389967614	3269
1835.51754183168	3270
1828.52937865239	3271
1840.59506332478	3272
1823.40971764275	3273
1820.55215230204	3274
1823.58047836544	3275
1824.26870519453	3276
1835.97897916042	3277
1828.38936220285	3278
1823.33044802383	3279
1834.49960098664	3280
1825.8107630799	3281
1838.95065663599	3282
1820.29286081594	3283
1820.97218185398	3284
1826.25328654103	3285
1830.02012017318	3286
1837.95725436864	3287
1817.77705783939	3288
1834.70048906335	3289
1835.08483355876	3290
1826.26905940539	3291
1831.71560963196	3292
1830.39559881181	3293
1818.36272581153	3294
1832.89753885118	3295
1826.88114944472	3296
1832.81279022806	3297
1816.37960216108	3298
1828.36230387042	3299
1822.79097047555	3300
1832.32751007224	3301
1836.60926744086	3302
1825.85574261916	3303
1826.86049708004	3304
1824.87867742164	3305
1828.6217147666	3306
1823.31600992908	3307
1826.40976373875	3308
1838.02110312359	3309
1820.1908503231	3310
1829.02851327031	3311
1817.62140053344	3312
1823.65106472992	3313
1834.06834296165	3314
1832.02551480289	3315
1830.59302504555	3316
1826.9462862291	3317
1822.66792551823	3318
1830.10528315877	3319
1833.891205136	3320
1826.09476521138	3321
1823.28237612802	3322
1832.29279860751	3323
1817.54981619228	3324
1828.5955297406	3325
1831.96386350416	3326
1837.12677143765	3327
1824.73514485875	3328
1817.64340096981	3329
1829.58391613104	3330
1833.69750024191	3331
1831.65731496754	3332
1830.02079497154	3333
1823.25209794401	3334
1828.5452098987	3335
1834.00928930912	3336
1832.22864179324	3337
1823.91314033622	3338
1830.93355916708	3339
1819.74270708901	3340
1822.56548746087	3341
1828.32845374879	3342
1826.75154796074	3343
1840.91376869958	3344
1829.98112058369	3345
1819.56463631949	3346
1830.31288550042	3347
1832.02085941754	3348
1828.73740234464	3349
1830.97983253089	3350
1818.74974893082	3351
1816.55496522464	3352
1836.55142344529	3353
1827.42315856355	3354
1830.14460915349	3355
1832.26741364529	3356
1827.66788186084	3357
1824.85469021383	3358
1809.45069005548	3359
1822.82751450732	3360
1825.71140378515	3361
1836.91599886155	3362
1840.77269970427	3363
1827.63033070308	3364
1821.8989066151	3365
1831.74513537685	3366
1823.80892293291	3367
1839.00740136864	3368
1821.17898079934	3369
1831.75637638524	3370
1828.00877476614	3371
1836.35900337047	3372
1829.46621445863	3373
1824.66156555671	3374
1821.00908112386	3375
1839.47805981413	3376
1822.88965574033	3377
1825.89569576339	3378
1827.97640809822	3379
1841.43585019335	3380
1818.94958302313	3381
1820.43360973073	3382
1835.07211556582	3383
1830.71505727273	3384
1832.16486202662	3385
1833.61213672715	3386
1821.77629796223	3387
1835.94923970994	3388
1838.02517734905	3389
1835.18854616758	3390
1832.48885074393	3391
1838.31551608157	3392
1821.81372411882	3393
1826.29609194453	3394
1837.72896674821	3395
1829.4390894389	3396
1836.50362305693	3397
1836.12372744927	3398
1836.47243145131	3399
1833.58428935366	3400
1837.45615211893	3401
1837.21114755765	3402
1823.24323201485	3403
1842.47803418336	3404
1823.92862049626	3405
1836.37522259845	3406
1838.50377534339	3407
1838.21761815479	3408
1829.35510650606	3409
1826.9260841005	3410
1830.11546756399	3411
1836.5684848943	3412
1835.14301357664	3413
1834.4979598454	3414
1820.75950646142	3415
1821.73051868549	3416
1833.51694365332	3417
1830.27382215397	3418
1814.62441675296	3419
1835.93926393699	3420
1828.51663638988	3421
1833.55965872421	3422
1823.07478724539	3423
1838.79070968899	3424
1834.23434923741	3425
1820.97459653245	3426
1837.42448357365	3427
1832.16896913313	3428
1837.44094889486	3429
1825.08366466323	3430
1833.86520857686	3431
1830.33534749737	3432
1822.53054322354	3433
1838.94046410215	3434
1831.7228570726	3435
1831.51827309361	3436
1832.11681215779	3437
1819.09584229611	3438
1825.62390044361	3439
1823.77756772699	3440
1830.59541736505	3441
1831.47145772706	3442
1827.00194953431	3443
1836.63231584919	3444
1835.1104944033	3445
1831.28272611367	3446
1820.12674524735	3447
1817.95375035707	3448
1834.79551646135	3449
1828.1017050646	3450
1824.992241851	3451
1831.01805355228	3452
1821.69997808346	3453
1839.02687994191	3454
1820.84250277833	3455
1831.22022383034	3456
1832.82275206316	3457
1836.08940273731	3458
1820.237753136	3459
1825.53110392628	3460
1823.75512456593	3461
1822.92329250915	3462
1835.38234949458	3463
1839.91688497034	3464
1838.70603557217	3465
1833.67992117482	3466
1831.13629693615	3467
1815.56167162896	3468
1823.24039352265	3469
1834.88545463706	3470
1829.15164190875	3471
1827.91903352976	3472
1831.2060539453	3473
1833.20149068237	3474
1839.58936158352	3475
1831.94827232957	3476
1843.50924537205	3477
1833.56561104708	3478
1837.91816820911	3479
1829.88071459322	3480
1836.03646743938	3481
1817.04645157187	3482
1825.80333379185	3483
1830.0990780038	3484
1820.08664572928	3485
1832.06200807817	3486
1834.52417350214	3487
1823.65734854437	3488
1829.81489707053	3489
1827.56884841319	3490
1839.67174037051	3491
1835.06691584448	3492
1833.29797286876	3493
1834.72771051379	3494
1825.97762184831	3495
1824.37421110554	3496
1834.17743517846	3497
1829.11988640031	3498
1833.30331814691	3499
1829.24671114111	3500
1837.40222711722	3501
1820.13147133566	3502
1834.90033328469	3503
1822.93074259119	3504
1832.16566382031	3505
1832.13388966111	3506
1824.63071118281	3507
1826.29013201374	3508
1835.00159592552	3509
1826.2391369909	3510
1826.61898550802	3511
1820.78360195137	3512
1825.20513655933	3513
1838.24628231107	3514
1826.23968923179	3515
1818.43116234557	3516
1824.24965001404	3517
1842.27518780567	3518
1834.81436121028	3519
1831.75926674392	3520
1834.78746156879	3521
1828.53577510117	3522
1829.41169018298	3523
1828.38705002994	3524
1835.42485598945	3525
1816.7994098216	3526
1834.07117631722	3527
1819.80937524484	3528
1832.63922736534	3529
1829.84959503576	3530
1831.80377103491	3531
1831.59366113936	3532
1815.77525956014	3533
1834.08126928359	3534
1829.77888302641	3535
1835.36244632798	3536
1829.49489908321	3537
1826.06563645244	3538
1831.04834474365	3539
1815.44284759553	3540
1842.31186102551	3541
1827.81160145294	3542
1829.87305899684	3543
1836.58819338816	3544
1826.68276433831	3545
1827.83030375187	3546
1828.63270059022	3547
1832.26621861869	3548
1833.29305152976	3549
1835.30391295788	3550
1837.71372826223	3551
1841.99632313637	3552
1820.17809894893	3553
1828.21717601655	3554
1830.21271921266	3555
1825.65530085988	3556
1822.23459897662	3557
1823.79678353126	3558
1826.71657121092	3559
1831.9668906434	3560
1824.21632908321	3561
1829.32660356954	3562
1828.66258980129	3563
1835.18259496951	3564
1825.98800795698	3565
1827.34292982791	3566
1827.61867948885	3567
1810.53344142979	3568
1832.80454373354	3569
1829.5951338623	3570
1823.66457918856	3571
1830.81677158073	3572
1832.42434605866	3573
1833.05335252343	3574
1818.8944452511	3575
1834.539688548	3576
1831.12929335857	3577
1836.66384569381	3578
1835.20536068653	3579
1838.5338030113	3580
1832.51589031674	3581
1829.23474877652	3582
1833.3584606745	3583
1829.24411978545	3584
1829.61668155979	3585
1834.33599441748	3586
1820.8899008248	3587
1818.18611931199	3588
1828.65657008095	3589
1819.92971757318	3590
1829.0797784481	3591
1822.20430730468	3592
1825.20102510386	3593
1835.18224442415	3594
1832.92761559546	3595
1832.24308748074	3596
1823.05381436916	3597
1811.12987855064	3598
1832.734330616	3599
1838.42847882283	3600
1825.5388188216	3601
1824.68380849102	3602
1828.43601060928	3603
1833.9029206622	3604
1834.47660433819	3605
1825.53730678397	3606
1830.06764806121	3607
1830.38622190341	3608
1838.05817678115	3609
1835.97157574914	3610
1826.04836648863	3611
1836.61356559522	3612
1836.8453670631	3613
1834.21445648268	3614
1837.37150867673	3615
1827.94678954355	3616
1831.8159885355	3617
1823.40609699069	3618
1833.72947471492	3619
1828.60490253233	3620
1830.68899241234	3621
1826.90551440816	3622
1829.71926608939	3623
1835.01404555532	3624
1831.0076070474	3625
1839.32208144175	3626
1818.62695026493	3627
1839.07048918428	3628
1825.69083272027	3629
1835.68842110545	3630
1831.06511757869	3631
1830.69213963431	3632
1827.55208580938	3633
1823.85760242618	3634
1829.14255653394	3635
1826.83073814536	3636
1843.74492508549	3637
1832.81773908566	3638
1828.11253312986	3639
1831.04745076465	3640
1818.84467642879	3641
1830.82305574066	3642
1819.67244050211	3643
1830.28180870036	3644
1833.79557718056	3645
1830.8051124022	3646
1816.94044924374	3647
1822.47617459436	3648
1835.00688103726	3649
1828.45294594986	3650
1840.93580568175	3651
1829.06052131834	3652
1828.01986925851	3653
1826.40085728951	3654
1836.35676454773	3655
1817.50803000657	3656
1826.73833099937	3657
1831.69680805429	3658
1832.06135075795	3659
1820.89976053528	3660
1833.73086784177	3661
1829.90001382664	3662
1830.77493298802	3663
1820.88831386932	3664
1821.03469199416	3665
1831.98507093916	3666
1828.68436345256	3667
1824.69714951975	3668
1836.61086982777	3669
1835.85350281272	3670
1824.5352804172	3671
1816.9020293194	3672
1831.77164403172	3673
1834.99695973145	3674
1828.2290739724	3675
1829.25710756618	3676
1835.48554108296	3677
1823.52208608181	3678
1828.512695467	3679
1832.11833829417	3680
1820.30735597335	3681
1830.70154240862	3682
1821.53457234394	3683
1824.28021133076	3684
1836.35927821218	3685
1831.90779586336	3686
1820.47651226774	3687
1822.019776146	3688
1829.693190263	3689
1823.54121927283	3690
1833.94159588844	3691
1820.78196166657	3692
1833.46321120306	3693
1832.75039116414	3694
1827.58418104734	3695
1827.35406643205	3696
1827.09719628628	3697
1834.07531532134	3698
1833.57296927298	3699
1826.84571091127	3700
1832.41371505306	3701
1829.97988062453	3702
1836.05636056662	3703
1826.51710065091	3704
1833.87661866359	3705
1836.40814976374	3706
1829.02243854972	3707
1830.36125263312	3708
1830.94354329502	3709
1836.96408831781	3710
1830.42713331812	3711
1826.39146233006	3712
1828.04975060602	3713
1829.49828898743	3714
1821.90646088087	3715
1821.82672173035	3716
1827.96363067586	3717
1816.16628622265	3718
1836.96557242051	3719
1825.65134421398	3720
1834.57211054013	3721
1823.46764129528	3722
1835.72461660173	3723
1819.80167349208	3724
1828.77702948796	3725
1829.32606389045	3726
1837.94783957214	3727
1823.98634425698	3728
1836.39125158881	3729
1826.67973177808	3730
1828.31315069509	3731
1831.89944285691	3732
1835.7325180628	3733
1822.33686166113	3734
1833.23555598115	3735
1827.78656399427	3736
1834.47151928073	3737
1822.61919915856	3738
1826.751043783	3739
1829.56881318475	3740
1825.91229550099	3741
1831.49663967269	3742
1829.01102722847	3743
1837.66000812208	3744
1822.59141564302	3745
1830.14377220162	3746
1821.86152101448	3747
1834.82958213574	3748
1826.70741297328	3749
1821.29727376444	3750
1835.36993315144	3751
1833.10691691394	3752
1825.63952400873	3753
1833.50400724809	3754
1832.10547906791	3755
1834.6712442962	3756
1837.67214401759	3757
1820.90324241558	3758
1833.28055706193	3759
1831.62586839036	3760
1830.61039423425	3761
1830.08421925035	3762
1828.83979187243	3763
1818.71746849027	3764
1828.32056392818	3765
1825.97709086381	3766
1826.4460118343	3767
1837.56495285479	3768
1824.0723835879	3769
1825.77258353843	3770
1832.29294985382	3771
1814.96900552507	3772
1830.40629491968	3773
1833.21719948369	3774
1834.22966596936	3775
1827.33495200492	3776
1830.89152559423	3777
1824.16518915663	3778
1834.68711383163	3779
1829.76578433488	3780
1832.36685759284	3781
1830.48034576871	3782
1829.15776971129	3783
1826.47302906651	3784
1836.69418396076	3785
1831.00932034715	3786
1827.53220042626	3787
1829.62061685201	3788
1822.62738477901	3789
1839.74809348169	3790
1823.64042330916	3791
1828.60282527302	3792
1832.28162094805	3793
1823.27198325382	3794
1823.46118258017	3795
1829.04147738217	3796
1825.66119747431	3797
1826.66627849273	3798
1834.02718223752	3799
1831.04443516181	3800
1826.52226908584	3801
1836.47398941815	3802
1820.8910757137	3803
1836.68603264355	3804
1825.64202529922	3805
1825.58865640013	3806
1828.09740831045	3807
1831.44876229761	3808
1836.04493881341	3809
1821.73956166148	3810
1828.58413238484	3811
1832.19948535007	3812
1829.01334811216	3813
1839.56620677805	3814
1832.24956449401	3815
1827.55787453468	3816
1839.95999193991	3817
1829.4706404749	3818
1825.3693596618	3819
1826.81813213272	3820
1818.65490860776	3821
1830.45997525623	3822
1820.68026117258	3823
1833.48785610869	3824
1826.94662605189	3825
1834.53735451457	3826
1827.46765594591	3827
1819.59658695623	3828
1822.76546447376	3829
1827.006457736	3830
1830.31445913489	3831
1837.09845833955	3832
1832.0683073865	3833
1841.15461395344	3834
1833.91170157402	3835
1829.03643345289	3836
1835.4539932201	3837
1831.03270834142	3838
1832.13881582736	3839
1831.48882058902	3840
1826.23557636974	3841
1823.77012020599	3842
1835.20585209114	3843
1828.86131034396	3844
1837.84284161007	3845
1823.71905823429	3846
1832.29190284259	3847
1832.27335677696	3848
1828.35278844437	3849
1835.03637863016	3850
1828.35709451717	3851
1823.97165125159	3852
1813.71699125031	3853
1828.85550274589	3854
1833.30032500248	3855
1829.18507782936	3856
1838.50137129026	3857
1828.07345440566	3858
1832.94339950191	3859
1838.79602417952	3860
1833.86835859008	3861
1825.22710860782	3862
1836.29832940005	3863
1827.22737187728	3864
1841.92923668916	3865
1828.14516582774	3866
1811.48224227212	3867
1823.5124167161	3868
1831.86062753986	3869
1817.91621496565	3870
1832.77907918717	3871
1832.60985506145	3872
1836.75870377865	3873
1826.08319494053	3874
1829.2278593962	3875
1833.66257854924	3876
1832.43891066119	3877
1824.81129720551	3878
1828.09717774935	3879
1836.21146827463	3880
1834.89508879462	3881
1827.17725412839	3882
1835.09790619762	3883
1818.28610328233	3884
1832.84939283062	3885
1819.58276544537	3886
1821.06022547103	3887
1824.57277141213	3888
1829.89373523819	3889
1833.79280130407	3890
1830.76390980662	3891
1809.77218181067	3892
1823.16736444106	3893
1828.19003711226	3894
1837.76292832707	3895
1838.32725842595	3896
1831.58720495479	3897
1828.82341122626	3898
1825.15313106555	3899
1823.05367503297	3900
1830.94019724197	3901
1827.96350305245	3902
1837.36898826513	3903
1829.29211907707	3904
1826.67191783485	3905
1834.95016267237	3906
1832.14349031018	3907
1832.5909555315	3908
1825.02246587917	3909
1820.14500935632	3910
1829.58497356933	3911
1838.47104550424	3912
1826.14234479676	3913
1826.97830973456	3914
1832.16872787424	3915
1822.03620138745	3916
1834.90795075605	3917
1825.32895649205	3918
1826.42441602392	3919
1835.93958386845	3920
1823.39551887828	3921
1827.92550792496	3922
1836.23752735021	3923
1834.33575434554	3924
1828.78605074652	3925
1830.1387206514	3926
1828.95645881194	3927
1829.28770787528	3928
1831.67186808353	3929
1839.63152250921	3930
1830.38556491991	3931
1834.33654113763	3932
1828.52185624457	3933
1838.30056019116	3934
1832.05780854274	3935
1833.19109467117	3936
1825.74075845906	3937
1841.55082812559	3938
1820.35393885302	3939
1830.26915579407	3940
1820.69784617732	3941
1821.70981961958	3942
1822.9935217609	3943
1823.96389534128	3944
1826.52221530977	3945
1822.47769715028	3946
1823.68279786953	3947
1830.96753421157	3948
1830.64495032286	3949
1825.42163558017	3950
1835.98629679925	3951
1825.05034046792	3952
1822.44435214884	3953
1831.42004142124	3954
1833.65488949293	3955
1830.80593550915	3956
1827.64608168779	3957
1829.25708492574	3958
1838.49103066458	3959
1822.82102470872	3960
1838.18121127813	3961
1831.02394625152	3962
1831.01095727534	3963
1827.49676242946	3964
1832.13311357277	3965
1834.76749272935	3966
1839.99604781991	3967
1836.95791226993	3968
1828.1288152984	3969
1825.99465228609	3970
1828.91768049357	3971
1835.61298918893	3972
1839.59163530195	3973
1824.41599238028	3974
1832.96171187176	3975
1833.34323873314	3976
1827.03469029889	3977
1825.13712980576	3978
1837.62407188786	3979
1830.32700699047	3980
1829.01903187343	3981
1830.88103521985	3982
1827.28808817272	3983
1830.21128892831	3984
1820.49837467887	3985
1830.16585824297	3986
1828.18488798289	3987
1830.07916739355	3988
1831.13248247551	3989
1831.09118143604	3990
1832.78187752744	3991
1825.49819727004	3992
1825.64224506114	3993
1828.99530112643	3994
1837.82531640602	3995
1830.68896601945	3996
1820.453592294	3997
1824.74379930433	3998
1831.93047150891	3999
1826.33764760731	4000
