"Age"	"Level"	"Iteration"	"AgeIndex"	"LevelIndex"	"Intercept"	"tau_Intercept"	"ar_Intercept"
1	"Q2"	1	1	1	-0.0537501180056383	NA	NA
1	"Q2"	2	1	1	-0.0480285368071827	NA	NA
1	"Q2"	3	1	1	-0.0498616270345525	NA	NA
1	"Q2"	4	1	1	-0.0449785914283817	NA	NA
1	"Q2"	5	1	1	-0.0553088552142646	NA	NA
1	"Q2"	6	1	1	-0.0554868807604635	NA	NA
1	"Q2"	7	1	1	-0.0391647160255434	NA	NA
1	"Q2"	8	1	1	-0.0418528450725018	NA	NA
1	"Q2"	9	1	1	-0.0615290011834206	NA	NA
1	"Q2"	10	1	1	-0.0442464481759489	NA	NA
1	"Q2"	11	1	1	-0.0478222390744177	NA	NA
1	"Q2"	12	1	1	-0.0394424640962436	NA	NA
1	"Q2"	13	1	1	-0.0535313172743702	NA	NA
1	"Q2"	14	1	1	-0.0490752216230506	NA	NA
1	"Q2"	15	1	1	-0.0487799733105315	NA	NA
1	"Q2"	16	1	1	-0.0563677485856132	NA	NA
1	"Q2"	17	1	1	-0.0413607438392042	NA	NA
1	"Q2"	18	1	1	-0.0453649042196526	NA	NA
1	"Q2"	19	1	1	-0.045434925992952	NA	NA
1	"Q2"	20	1	1	-0.0439489929600028	NA	NA
1	"Q2"	21	1	1	-0.0439593009656327	NA	NA
1	"Q2"	22	1	1	-0.0421994225281246	NA	NA
1	"Q2"	23	1	1	-0.0440541431942878	NA	NA
1	"Q2"	24	1	1	-0.0341549828988353	NA	NA
1	"Q2"	25	1	1	-0.0458059747840588	NA	NA
1	"Q2"	26	1	1	-0.054154469987458	NA	NA
1	"Q2"	27	1	1	-0.0616192449525485	NA	NA
1	"Q2"	28	1	1	-0.0589833219688023	NA	NA
1	"Q2"	29	1	1	-0.0616585805352023	NA	NA
1	"Q2"	30	1	1	-0.0558808084877941	NA	NA
1	"Q2"	31	1	1	-0.0422217039680475	NA	NA
1	"Q2"	32	1	1	-0.0453901931632061	NA	NA
1	"Q2"	33	1	1	-0.0522885882236708	NA	NA
1	"Q2"	34	1	1	-0.0450992239906453	NA	NA
1	"Q2"	35	1	1	-0.0648288132145465	NA	NA
1	"Q2"	36	1	1	-0.0399496502019229	NA	NA
1	"Q2"	37	1	1	-0.0574168845036959	NA	NA
1	"Q2"	38	1	1	-0.0521063665950911	NA	NA
1	"Q2"	39	1	1	-0.0342584175807371	NA	NA
1	"Q2"	40	1	1	-0.045894001645633	NA	NA
1	"Q2"	41	1	1	-0.057003871099591	NA	NA
1	"Q2"	42	1	1	-0.0411447983818729	NA	NA
1	"Q2"	43	1	1	-0.049514006300604	NA	NA
1	"Q2"	44	1	1	-0.0684207097191144	NA	NA
1	"Q2"	45	1	1	-0.0485765623221889	NA	NA
1	"Q2"	46	1	1	-0.0368264797752373	NA	NA
1	"Q2"	47	1	1	-0.0543829258230768	NA	NA
1	"Q2"	48	1	1	-0.0415749571492794	NA	NA
1	"Q2"	49	1	1	-0.061429508959728	NA	NA
1	"Q2"	50	1	1	-0.0514707862684257	NA	NA
1	"Q2"	51	1	1	-0.0439346057936885	NA	NA
1	"Q2"	52	1	1	-0.0579547999231087	NA	NA
1	"Q2"	53	1	1	-0.0384852962650562	NA	NA
1	"Q2"	54	1	1	-0.0467681663894104	NA	NA
1	"Q2"	55	1	1	-0.0396749925260802	NA	NA
1	"Q2"	56	1	1	-0.0498658399295781	NA	NA
1	"Q2"	57	1	1	-0.0431094624952213	NA	NA
1	"Q2"	58	1	1	-0.0558301608847918	NA	NA
1	"Q2"	59	1	1	-0.0551851751000954	NA	NA
1	"Q2"	60	1	1	-0.0440845216507642	NA	NA
1	"Q2"	61	1	1	-0.0503941882005243	NA	NA
1	"Q2"	62	1	1	-0.0495452628575374	NA	NA
1	"Q2"	63	1	1	-0.0468065978427856	NA	NA
1	"Q2"	64	1	1	-0.0527041749534948	NA	NA
1	"Q2"	65	1	1	-0.0521347944149205	NA	NA
1	"Q2"	66	1	1	-0.0328181023968539	NA	NA
1	"Q2"	67	1	1	-0.0613395225029261	NA	NA
1	"Q2"	68	1	1	-0.0672141771686823	NA	NA
1	"Q2"	69	1	1	-0.0585206436907765	NA	NA
1	"Q2"	70	1	1	-0.0358104615756646	NA	NA
1	"Q2"	71	1	1	-0.0537986378155732	NA	NA
1	"Q2"	72	1	1	-0.0571284280163028	NA	NA
1	"Q2"	73	1	1	-0.0488059161415198	NA	NA
1	"Q2"	74	1	1	-0.042354486599448	NA	NA
1	"Q2"	75	1	1	-0.0452629161565645	NA	NA
1	"Q2"	76	1	1	-0.0509684399752661	NA	NA
1	"Q2"	77	1	1	-0.0491960335008317	NA	NA
1	"Q2"	78	1	1	-0.0449995665626721	NA	NA
1	"Q2"	79	1	1	-0.0448472323351861	NA	NA
1	"Q2"	80	1	1	-0.0520503790596813	NA	NA
1	"Q2"	81	1	1	-0.0471609111411608	NA	NA
1	"Q2"	82	1	1	-0.0415200902312854	NA	NA
1	"Q2"	83	1	1	-0.0436366442197853	NA	NA
1	"Q2"	84	1	1	-0.0508564405985105	NA	NA
1	"Q2"	85	1	1	-0.0478794019778274	NA	NA
1	"Q2"	86	1	1	-0.0456464990817476	NA	NA
1	"Q2"	87	1	1	-0.038032323015595	NA	NA
1	"Q2"	88	1	1	-0.0402997255336777	NA	NA
1	"Q2"	89	1	1	-0.0380402426082585	NA	NA
1	"Q2"	90	1	1	-0.0392125380946616	NA	NA
1	"Q2"	91	1	1	-0.0462828078486085	NA	NA
1	"Q2"	92	1	1	-0.0532565349896147	NA	NA
1	"Q2"	93	1	1	-0.0324231392831214	NA	NA
1	"Q2"	94	1	1	-0.0491591496062517	NA	NA
1	"Q2"	95	1	1	-0.0603947320948866	NA	NA
1	"Q2"	96	1	1	-0.0493486258675584	NA	NA
1	"Q2"	97	1	1	-0.0324117435407278	NA	NA
1	"Q2"	98	1	1	-0.0476017121240115	NA	NA
1	"Q2"	99	1	1	-0.0424203326252716	NA	NA
1	"Q2"	100	1	1	-0.0278085469004657	NA	NA
1	"Q2"	101	1	1	-0.0463198346462664	NA	NA
1	"Q2"	102	1	1	-0.0616211957235649	NA	NA
1	"Q2"	103	1	1	-0.0522119971123268	NA	NA
1	"Q2"	104	1	1	-0.0530164453792587	NA	NA
1	"Q2"	105	1	1	-0.0403411645125014	NA	NA
1	"Q2"	106	1	1	-0.0445882947179625	NA	NA
1	"Q2"	107	1	1	-0.0447797574155417	NA	NA
1	"Q2"	108	1	1	-0.0577034642674574	NA	NA
1	"Q2"	109	1	1	-0.0436160038729844	NA	NA
1	"Q2"	110	1	1	-0.0452101648591355	NA	NA
1	"Q2"	111	1	1	-0.0377910825779625	NA	NA
1	"Q2"	112	1	1	-0.0787332268558032	NA	NA
1	"Q2"	113	1	1	-0.0552470628827108	NA	NA
1	"Q2"	114	1	1	-0.0457437773635399	NA	NA
1	"Q2"	115	1	1	-0.063504497069036	NA	NA
1	"Q2"	116	1	1	-0.0463808799065447	NA	NA
1	"Q2"	117	1	1	-0.0532390721067602	NA	NA
1	"Q2"	118	1	1	-0.0443245583929913	NA	NA
1	"Q2"	119	1	1	-0.0482415241899095	NA	NA
1	"Q2"	120	1	1	-0.0532531048361416	NA	NA
1	"Q2"	121	1	1	-0.0597508697520829	NA	NA
1	"Q2"	122	1	1	-0.055957371032207	NA	NA
1	"Q2"	123	1	1	-0.0381961400438132	NA	NA
1	"Q2"	124	1	1	-0.0533234801216379	NA	NA
1	"Q2"	125	1	1	-0.0392082946043394	NA	NA
1	"Q2"	126	1	1	-0.0531436224184569	NA	NA
1	"Q2"	127	1	1	-0.0530593796182916	NA	NA
1	"Q2"	128	1	1	-0.0523808227760754	NA	NA
1	"Q2"	129	1	1	-0.0421587763842494	NA	NA
1	"Q2"	130	1	1	-0.0381300496321581	NA	NA
1	"Q2"	131	1	1	-0.0489303888429211	NA	NA
1	"Q2"	132	1	1	-0.0560058188293756	NA	NA
1	"Q2"	133	1	1	-0.055894020620141	NA	NA
1	"Q2"	134	1	1	-0.0331675106089627	NA	NA
1	"Q2"	135	1	1	-0.0444760995706183	NA	NA
1	"Q2"	136	1	1	-0.0398259346211397	NA	NA
1	"Q2"	137	1	1	-0.0713937288929526	NA	NA
1	"Q2"	138	1	1	-0.0572754375813263	NA	NA
1	"Q2"	139	1	1	-0.0526126502418274	NA	NA
1	"Q2"	140	1	1	-0.0330436122449544	NA	NA
1	"Q2"	141	1	1	-0.043112434886111	NA	NA
1	"Q2"	142	1	1	-0.0760136976300361	NA	NA
1	"Q2"	143	1	1	-0.0582392171597985	NA	NA
1	"Q2"	144	1	1	-0.0402714339585914	NA	NA
1	"Q2"	145	1	1	-0.069735613487191	NA	NA
1	"Q2"	146	1	1	-0.0630016950415591	NA	NA
1	"Q2"	147	1	1	-0.0541386511822934	NA	NA
1	"Q2"	148	1	1	-0.0455612139613932	NA	NA
1	"Q2"	149	1	1	-0.0418793410361893	NA	NA
1	"Q2"	150	1	1	-0.0655843244898856	NA	NA
1	"Q2"	151	1	1	-0.0492933092462324	NA	NA
1	"Q2"	152	1	1	-0.0490468938691123	NA	NA
1	"Q2"	153	1	1	-0.0509487574813641	NA	NA
1	"Q2"	154	1	1	-0.0455434818342782	NA	NA
1	"Q2"	155	1	1	-0.0496930467942722	NA	NA
1	"Q2"	156	1	1	-0.0424773920252891	NA	NA
1	"Q2"	157	1	1	-0.0465288050446534	NA	NA
1	"Q2"	158	1	1	-0.0333655384192181	NA	NA
1	"Q2"	159	1	1	-0.0463794305888304	NA	NA
1	"Q2"	160	1	1	-0.0435872943815921	NA	NA
1	"Q2"	161	1	1	-0.0583617012142721	NA	NA
1	"Q2"	162	1	1	-0.0578932490232401	NA	NA
1	"Q2"	163	1	1	-0.0603103821125717	NA	NA
1	"Q2"	164	1	1	-0.0457104244255525	NA	NA
1	"Q2"	165	1	1	-0.0714470247039079	NA	NA
1	"Q2"	166	1	1	-0.0431383431427481	NA	NA
1	"Q2"	167	1	1	-0.0614408445613665	NA	NA
1	"Q2"	168	1	1	-0.0624775601765799	NA	NA
1	"Q2"	169	1	1	-0.060804963558224	NA	NA
1	"Q2"	170	1	1	-0.0416321087264756	NA	NA
1	"Q2"	171	1	1	-0.0570961692509764	NA	NA
1	"Q2"	172	1	1	-0.0563010189579948	NA	NA
1	"Q2"	173	1	1	-0.0625969454929868	NA	NA
1	"Q2"	174	1	1	-0.0481615914732618	NA	NA
1	"Q2"	175	1	1	-0.0391551584015095	NA	NA
1	"Q2"	176	1	1	-0.0571011582020636	NA	NA
1	"Q2"	177	1	1	-0.051874471598064	NA	NA
1	"Q2"	178	1	1	-0.0582839205749707	NA	NA
1	"Q2"	179	1	1	-0.0688074049539917	NA	NA
1	"Q2"	180	1	1	-0.0348286503731976	NA	NA
1	"Q2"	181	1	1	-0.0636758179240527	NA	NA
1	"Q2"	182	1	1	-0.0387584411241435	NA	NA
1	"Q2"	183	1	1	-0.0537972783416433	NA	NA
1	"Q2"	184	1	1	-0.0437123999152416	NA	NA
1	"Q2"	185	1	1	-0.0508782380642499	NA	NA
1	"Q2"	186	1	1	-0.0615630416053475	NA	NA
1	"Q2"	187	1	1	-0.0550075892854141	NA	NA
1	"Q2"	188	1	1	-0.040470354185279	NA	NA
1	"Q2"	189	1	1	-0.0309580693341582	NA	NA
1	"Q2"	190	1	1	-0.0515574601653862	NA	NA
1	"Q2"	191	1	1	-0.0502185285969936	NA	NA
1	"Q2"	192	1	1	-0.0441648403975681	NA	NA
1	"Q2"	193	1	1	-0.0481068982355465	NA	NA
1	"Q2"	194	1	1	-0.0456296797107153	NA	NA
1	"Q2"	195	1	1	-0.0491236293592048	NA	NA
1	"Q2"	196	1	1	-0.0551704761758188	NA	NA
1	"Q2"	197	1	1	-0.0329168957196707	NA	NA
1	"Q2"	198	1	1	-0.039482141031102	NA	NA
1	"Q2"	199	1	1	-0.0220635445676091	NA	NA
1	"Q2"	200	1	1	-0.0440142315757834	NA	NA
1	"Q2"	201	1	1	-0.0410716138841963	NA	NA
1	"Q2"	202	1	1	-0.0593152107723867	NA	NA
1	"Q2"	203	1	1	-0.032142758220783	NA	NA
1	"Q2"	204	1	1	-0.0257794750578406	NA	NA
1	"Q2"	205	1	1	-0.0311608897642458	NA	NA
1	"Q2"	206	1	1	-0.0419668727690179	NA	NA
1	"Q2"	207	1	1	-0.0446868654153159	NA	NA
1	"Q2"	208	1	1	-0.0629056567369275	NA	NA
1	"Q2"	209	1	1	-0.0528566725060795	NA	NA
1	"Q2"	210	1	1	-0.0393161011073411	NA	NA
1	"Q2"	211	1	1	-0.0536081772001301	NA	NA
1	"Q2"	212	1	1	-0.0265229973785539	NA	NA
1	"Q2"	213	1	1	-0.0418888203803244	NA	NA
1	"Q2"	214	1	1	-0.0552016861080868	NA	NA
1	"Q2"	215	1	1	-0.0542970621841075	NA	NA
1	"Q2"	216	1	1	-0.0279857745319689	NA	NA
1	"Q2"	217	1	1	-0.0552903714814275	NA	NA
1	"Q2"	218	1	1	-0.0598612760309848	NA	NA
1	"Q2"	219	1	1	-0.0478092476400462	NA	NA
1	"Q2"	220	1	1	-0.0441242555291597	NA	NA
1	"Q2"	221	1	1	-0.0516288450705719	NA	NA
1	"Q2"	222	1	1	-0.0454674235437185	NA	NA
1	"Q2"	223	1	1	-0.0267440452768705	NA	NA
1	"Q2"	224	1	1	-0.0311583606725698	NA	NA
1	"Q2"	225	1	1	-0.0714894038857157	NA	NA
1	"Q2"	226	1	1	-0.0437780859089699	NA	NA
1	"Q2"	227	1	1	-0.0674182083038647	NA	NA
1	"Q2"	228	1	1	-0.0267539029668106	NA	NA
1	"Q2"	229	1	1	-0.0367904146076909	NA	NA
1	"Q2"	230	1	1	-0.045504521927773	NA	NA
1	"Q2"	231	1	1	-0.0491673197722698	NA	NA
1	"Q2"	232	1	1	-0.0521410899665213	NA	NA
1	"Q2"	233	1	1	-0.0562651833861336	NA	NA
1	"Q2"	234	1	1	-0.0435265795579574	NA	NA
1	"Q2"	235	1	1	-0.0598346702138141	NA	NA
1	"Q2"	236	1	1	-0.0221865352663432	NA	NA
1	"Q2"	237	1	1	-0.0770857540462514	NA	NA
1	"Q2"	238	1	1	-0.0543199262745597	NA	NA
1	"Q2"	239	1	1	-0.0455145978285008	NA	NA
1	"Q2"	240	1	1	-0.0496678934163281	NA	NA
1	"Q2"	241	1	1	-0.0628576525735477	NA	NA
1	"Q2"	242	1	1	-0.0496653282306661	NA	NA
1	"Q2"	243	1	1	-0.0395802649400117	NA	NA
1	"Q2"	244	1	1	-0.0520875949950372	NA	NA
1	"Q2"	245	1	1	-0.0452591172985995	NA	NA
1	"Q2"	246	1	1	-0.0350934200220487	NA	NA
1	"Q2"	247	1	1	-0.0646908201702793	NA	NA
1	"Q2"	248	1	1	-0.0294581336796365	NA	NA
1	"Q2"	249	1	1	-0.066411063634451	NA	NA
1	"Q2"	250	1	1	-0.0617514846611245	NA	NA
1	"Q2"	251	1	1	-0.0576017790450834	NA	NA
1	"Q2"	252	1	1	-0.048447154513003	NA	NA
1	"Q2"	253	1	1	-0.0419767207503935	NA	NA
1	"Q2"	254	1	1	-0.0283696878625171	NA	NA
1	"Q2"	255	1	1	-0.0456078824486381	NA	NA
1	"Q2"	256	1	1	-0.0434550820992066	NA	NA
1	"Q2"	257	1	1	-0.0566643565241802	NA	NA
1	"Q2"	258	1	1	-0.0499599812614246	NA	NA
1	"Q2"	259	1	1	-0.0447723602151458	NA	NA
1	"Q2"	260	1	1	-0.0389688223072218	NA	NA
1	"Q2"	261	1	1	-0.034565780563341	NA	NA
1	"Q2"	262	1	1	-0.0497049414457752	NA	NA
1	"Q2"	263	1	1	-0.0510902720957776	NA	NA
1	"Q2"	264	1	1	-0.0367411540471638	NA	NA
1	"Q2"	265	1	1	-0.071077026141706	NA	NA
1	"Q2"	266	1	1	-0.0558875576286111	NA	NA
1	"Q2"	267	1	1	-0.0303795883505495	NA	NA
1	"Q2"	268	1	1	-0.048414367312774	NA	NA
1	"Q2"	269	1	1	-0.0388114125334412	NA	NA
1	"Q2"	270	1	1	-0.0481489267649098	NA	NA
1	"Q2"	271	1	1	-0.0459759181092074	NA	NA
1	"Q2"	272	1	1	-0.0581437673532578	NA	NA
1	"Q2"	273	1	1	-0.0705031201119981	NA	NA
1	"Q2"	274	1	1	-0.049771660015489	NA	NA
1	"Q2"	275	1	1	-0.0409466207978262	NA	NA
1	"Q2"	276	1	1	-0.0530037784770012	NA	NA
1	"Q2"	277	1	1	-0.0494749912087256	NA	NA
1	"Q2"	278	1	1	-0.0375758624523476	NA	NA
1	"Q2"	279	1	1	-0.0741095578125144	NA	NA
1	"Q2"	280	1	1	-0.0461703224523325	NA	NA
1	"Q2"	281	1	1	-0.0433244362794045	NA	NA
1	"Q2"	282	1	1	-0.0456061430846271	NA	NA
1	"Q2"	283	1	1	-0.0513657584686879	NA	NA
1	"Q2"	284	1	1	-0.0468060491984311	NA	NA
1	"Q2"	285	1	1	-0.0556126434063895	NA	NA
1	"Q2"	286	1	1	-0.0456306863538076	NA	NA
1	"Q2"	287	1	1	-0.051660179589178	NA	NA
1	"Q2"	288	1	1	-0.0464071708739147	NA	NA
1	"Q2"	289	1	1	-0.0595598092522886	NA	NA
1	"Q2"	290	1	1	-0.0407072029304716	NA	NA
1	"Q2"	291	1	1	-0.0361985674026273	NA	NA
1	"Q2"	292	1	1	-0.0662487235251759	NA	NA
1	"Q2"	293	1	1	-0.0489330567126258	NA	NA
1	"Q2"	294	1	1	-0.044006267021803	NA	NA
1	"Q2"	295	1	1	-0.0336288190239212	NA	NA
1	"Q2"	296	1	1	-0.0683932397195783	NA	NA
1	"Q2"	297	1	1	-0.0423848935415541	NA	NA
1	"Q2"	298	1	1	-0.0394256446976853	NA	NA
1	"Q2"	299	1	1	-0.0358172452297358	NA	NA
1	"Q2"	300	1	1	-0.0516939088318942	NA	NA
1	"Q2"	301	1	1	-0.0602162361222929	NA	NA
1	"Q2"	302	1	1	-0.0620967795122917	NA	NA
1	"Q2"	303	1	1	-0.0376693819566654	NA	NA
1	"Q2"	304	1	1	-0.0489573443126847	NA	NA
1	"Q2"	305	1	1	-0.0590192216819237	NA	NA
1	"Q2"	306	1	1	-0.0477657749040513	NA	NA
1	"Q2"	307	1	1	-0.0540904579481253	NA	NA
1	"Q2"	308	1	1	-0.0418667474099482	NA	NA
1	"Q2"	309	1	1	-0.046414011017894	NA	NA
1	"Q2"	310	1	1	-0.0362835819397999	NA	NA
1	"Q2"	311	1	1	-0.0399336683307172	NA	NA
1	"Q2"	312	1	1	-0.0568628360202822	NA	NA
1	"Q2"	313	1	1	-0.0605751894332019	NA	NA
1	"Q2"	314	1	1	-0.0540084104084749	NA	NA
1	"Q2"	315	1	1	-0.0488220139221439	NA	NA
1	"Q2"	316	1	1	-0.0482233082085243	NA	NA
1	"Q2"	317	1	1	-0.0571087212912264	NA	NA
1	"Q2"	318	1	1	-0.0791410666913467	NA	NA
1	"Q2"	319	1	1	-0.0671588866121643	NA	NA
1	"Q2"	320	1	1	-0.0454298823364541	NA	NA
1	"Q2"	321	1	1	-0.0488346293165681	NA	NA
1	"Q2"	322	1	1	-0.0483866432508948	NA	NA
1	"Q2"	323	1	1	-0.051908407725058	NA	NA
1	"Q2"	324	1	1	-0.0486955091913154	NA	NA
1	"Q2"	325	1	1	-0.0559066233435168	NA	NA
1	"Q2"	326	1	1	-0.0412129696903814	NA	NA
1	"Q2"	327	1	1	-0.0602052790799928	NA	NA
1	"Q2"	328	1	1	-0.0423454654777138	NA	NA
1	"Q2"	329	1	1	-0.0592359296602656	NA	NA
1	"Q2"	330	1	1	-0.0433721133648611	NA	NA
1	"Q2"	331	1	1	-0.0458806069944371	NA	NA
1	"Q2"	332	1	1	-0.0387821956840568	NA	NA
1	"Q2"	333	1	1	-0.049584034757248	NA	NA
1	"Q2"	334	1	1	-0.028461776075049	NA	NA
1	"Q2"	335	1	1	-0.0607855027497347	NA	NA
1	"Q2"	336	1	1	-0.0425465469986934	NA	NA
1	"Q2"	337	1	1	-0.0405024662676328	NA	NA
1	"Q2"	338	1	1	-0.0414636687789014	NA	NA
1	"Q2"	339	1	1	-0.0306991765838359	NA	NA
1	"Q2"	340	1	1	-0.0452732207248515	NA	NA
1	"Q2"	341	1	1	-0.0447929652865447	NA	NA
1	"Q2"	342	1	1	-0.0590820466030612	NA	NA
1	"Q2"	343	1	1	-0.0446458817977711	NA	NA
1	"Q2"	344	1	1	-0.0438843547009024	NA	NA
1	"Q2"	345	1	1	-0.0644441947979221	NA	NA
1	"Q2"	346	1	1	-0.0407994392210737	NA	NA
1	"Q2"	347	1	1	-0.0507118848751519	NA	NA
1	"Q2"	348	1	1	-0.0358391865023657	NA	NA
1	"Q2"	349	1	1	-0.0599448400814585	NA	NA
1	"Q2"	350	1	1	-0.0378989613613513	NA	NA
1	"Q2"	351	1	1	-0.0479199981759787	NA	NA
1	"Q2"	352	1	1	-0.0447109775531857	NA	NA
1	"Q2"	353	1	1	-0.064420719729162	NA	NA
1	"Q2"	354	1	1	-0.0496720451867408	NA	NA
1	"Q2"	355	1	1	-0.061463003431015	NA	NA
1	"Q2"	356	1	1	-0.0526401303564095	NA	NA
1	"Q2"	357	1	1	-0.0404162685307911	NA	NA
1	"Q2"	358	1	1	-0.0447398211711633	NA	NA
1	"Q2"	359	1	1	-0.0524377250645279	NA	NA
1	"Q2"	360	1	1	-0.0513777671326404	NA	NA
1	"Q2"	361	1	1	-0.0366267775281427	NA	NA
1	"Q2"	362	1	1	-0.0520854507013048	NA	NA
1	"Q2"	363	1	1	-0.0625015289120731	NA	NA
1	"Q2"	364	1	1	-0.0425896334672732	NA	NA
1	"Q2"	365	1	1	-0.0573342501236935	NA	NA
1	"Q2"	366	1	1	-0.00705080976430438	NA	NA
1	"Q2"	367	1	1	-0.0414442779396212	NA	NA
1	"Q2"	368	1	1	-0.0499570960658978	NA	NA
1	"Q2"	369	1	1	-0.0650800359267957	NA	NA
1	"Q2"	370	1	1	-0.047624940948743	NA	NA
1	"Q2"	371	1	1	-0.0337458657261391	NA	NA
1	"Q2"	372	1	1	-0.0476036188677518	NA	NA
1	"Q2"	373	1	1	-0.0467599029134776	NA	NA
1	"Q2"	374	1	1	-0.0484621578291706	NA	NA
1	"Q2"	375	1	1	-0.0325082321039255	NA	NA
1	"Q2"	376	1	1	-0.0461186170243529	NA	NA
1	"Q2"	377	1	1	-0.0499060940942027	NA	NA
1	"Q2"	378	1	1	-0.03899644982173	NA	NA
1	"Q2"	379	1	1	-0.0529237987699608	NA	NA
1	"Q2"	380	1	1	-0.0527283757312479	NA	NA
1	"Q2"	381	1	1	-0.0495142951546656	NA	NA
1	"Q2"	382	1	1	-0.0494641304991885	NA	NA
1	"Q2"	383	1	1	-0.0418523002345912	NA	NA
1	"Q2"	384	1	1	-0.048857346251377	NA	NA
1	"Q2"	385	1	1	-0.0398107768224467	NA	NA
1	"Q2"	386	1	1	-0.0449916197272455	NA	NA
1	"Q2"	387	1	1	-0.0355204768568793	NA	NA
1	"Q2"	388	1	1	-0.0600614641914632	NA	NA
1	"Q2"	389	1	1	-0.0515910711309454	NA	NA
1	"Q2"	390	1	1	-0.0474231318644268	NA	NA
1	"Q2"	391	1	1	-0.0438510569182033	NA	NA
1	"Q2"	392	1	1	-0.0518438679477022	NA	NA
1	"Q2"	393	1	1	-0.0544305528751899	NA	NA
1	"Q2"	394	1	1	-0.0487251207565604	NA	NA
1	"Q2"	395	1	1	-0.0449297627935968	NA	NA
1	"Q2"	396	1	1	-0.0487995055842668	NA	NA
1	"Q2"	397	1	1	-0.0473097446244908	NA	NA
1	"Q2"	398	1	1	-0.0458243696209451	NA	NA
1	"Q2"	399	1	1	-0.057787230002859	NA	NA
1	"Q2"	400	1	1	-0.0309871363301998	NA	NA
1	"Q3"	1	1	2	0.0242895686743221	NA	NA
1	"Q3"	2	1	2	0.0343162875869974	NA	NA
1	"Q3"	3	1	2	0.0180559766927853	NA	NA
1	"Q3"	4	1	2	0.00688435902504038	NA	NA
1	"Q3"	5	1	2	0.00649670700645686	NA	NA
1	"Q3"	6	1	2	0.013643295671269	NA	NA
1	"Q3"	7	1	2	0.010991129538822	NA	NA
1	"Q3"	8	1	2	0.0144111809272914	NA	NA
1	"Q3"	9	1	2	0.0106952441876228	NA	NA
1	"Q3"	10	1	2	0.015930121539263	NA	NA
1	"Q3"	11	1	2	0.0292436606231014	NA	NA
1	"Q3"	12	1	2	0.0186947338625626	NA	NA
1	"Q3"	13	1	2	0.0201099279515115	NA	NA
1	"Q3"	14	1	2	0.036559700175582	NA	NA
1	"Q3"	15	1	2	-0.00423868886831955	NA	NA
1	"Q3"	16	1	2	0.00246638621019042	NA	NA
1	"Q3"	17	1	2	0.00825951237242593	NA	NA
1	"Q3"	18	1	2	0.0155428007653619	NA	NA
1	"Q3"	19	1	2	0.0217307847052192	NA	NA
1	"Q3"	20	1	2	0.0136031905020441	NA	NA
1	"Q3"	21	1	2	0.0269367346870198	NA	NA
1	"Q3"	22	1	2	0.020415100851444	NA	NA
1	"Q3"	23	1	2	0.0127677118216633	NA	NA
1	"Q3"	24	1	2	0.0105481531913658	NA	NA
1	"Q3"	25	1	2	0.0265137924766749	NA	NA
1	"Q3"	26	1	2	0.0120017970804799	NA	NA
1	"Q3"	27	1	2	0.0187934875073383	NA	NA
1	"Q3"	28	1	2	0.020061159497567	NA	NA
1	"Q3"	29	1	2	0.0264602855710513	NA	NA
1	"Q3"	30	1	2	0.0272850071377265	NA	NA
1	"Q3"	31	1	2	0.0164814156336698	NA	NA
1	"Q3"	32	1	2	0.013628514626422	NA	NA
1	"Q3"	33	1	2	0.00549094373963874	NA	NA
1	"Q3"	34	1	2	0.0199750497245361	NA	NA
1	"Q3"	35	1	2	0.0326299340533711	NA	NA
1	"Q3"	36	1	2	0.0224999256744837	NA	NA
1	"Q3"	37	1	2	0.0052413752587334	NA	NA
1	"Q3"	38	1	2	0.0217803506043998	NA	NA
1	"Q3"	39	1	2	0.0211748086883389	NA	NA
1	"Q3"	40	1	2	0.0238301973480372	NA	NA
1	"Q3"	41	1	2	0.0308706974408106	NA	NA
1	"Q3"	42	1	2	0.00510257369902584	NA	NA
1	"Q3"	43	1	2	0.0137094624120599	NA	NA
1	"Q3"	44	1	2	0.0162921858414524	NA	NA
1	"Q3"	45	1	2	0.0173887084237323	NA	NA
1	"Q3"	46	1	2	0.00359962115217359	NA	NA
1	"Q3"	47	1	2	0.0270275514913259	NA	NA
1	"Q3"	48	1	2	0.0189848255441726	NA	NA
1	"Q3"	49	1	2	0.0218441936429576	NA	NA
1	"Q3"	50	1	2	0.0181425755262178	NA	NA
1	"Q3"	51	1	2	0.028532804367509	NA	NA
1	"Q3"	52	1	2	0.0296192984892754	NA	NA
1	"Q3"	53	1	2	0.0175408600603904	NA	NA
1	"Q3"	54	1	2	0.0174405781042184	NA	NA
1	"Q3"	55	1	2	0.0281445331698178	NA	NA
1	"Q3"	56	1	2	0.0140021857367036	NA	NA
1	"Q3"	57	1	2	-0.00355011012070374	NA	NA
1	"Q3"	58	1	2	0.0162111303510624	NA	NA
1	"Q3"	59	1	2	0.0387483289831171	NA	NA
1	"Q3"	60	1	2	0.0144513178065735	NA	NA
1	"Q3"	61	1	2	0.00608298429893935	NA	NA
1	"Q3"	62	1	2	0.00354965843092249	NA	NA
1	"Q3"	63	1	2	0.0140276697753621	NA	NA
1	"Q3"	64	1	2	0.035516536123239	NA	NA
1	"Q3"	65	1	2	0.0147694082469161	NA	NA
1	"Q3"	66	1	2	0.0120631364102724	NA	NA
1	"Q3"	67	1	2	0.0433134709234353	NA	NA
1	"Q3"	68	1	2	0.00181104227592272	NA	NA
1	"Q3"	69	1	2	0.0183012652034954	NA	NA
1	"Q3"	70	1	2	0.035472776216472	NA	NA
1	"Q3"	71	1	2	0.018734238047355	NA	NA
1	"Q3"	72	1	2	0.0242732114793897	NA	NA
1	"Q3"	73	1	2	0.00864733545329893	NA	NA
1	"Q3"	74	1	2	0.0137930357129918	NA	NA
1	"Q3"	75	1	2	0.0199932232066168	NA	NA
1	"Q3"	76	1	2	0.0103954301772959	NA	NA
1	"Q3"	77	1	2	0.0203814468783121	NA	NA
1	"Q3"	78	1	2	0.00936139265980617	NA	NA
1	"Q3"	79	1	2	0.010051632901336	NA	NA
1	"Q3"	80	1	2	0.0297018280357863	NA	NA
1	"Q3"	81	1	2	0.0128200021329479	NA	NA
1	"Q3"	82	1	2	0.0348297968616969	NA	NA
1	"Q3"	83	1	2	0.0281996442938014	NA	NA
1	"Q3"	84	1	2	0.0238328133701734	NA	NA
1	"Q3"	85	1	2	0.0178979629842049	NA	NA
1	"Q3"	86	1	2	0.0114560088561966	NA	NA
1	"Q3"	87	1	2	0.0102935011179762	NA	NA
1	"Q3"	88	1	2	0.00312712625710817	NA	NA
1	"Q3"	89	1	2	0.0180701745661015	NA	NA
1	"Q3"	90	1	2	0.0154573542553379	NA	NA
1	"Q3"	91	1	2	0.0172008514646564	NA	NA
1	"Q3"	92	1	2	0.0275235359344351	NA	NA
1	"Q3"	93	1	2	0.0229806581118305	NA	NA
1	"Q3"	94	1	2	0.0186872562442917	NA	NA
1	"Q3"	95	1	2	0.0249671538257805	NA	NA
1	"Q3"	96	1	2	0.0233300681581953	NA	NA
1	"Q3"	97	1	2	0.0180101126557115	NA	NA
1	"Q3"	98	1	2	0.0174192373672235	NA	NA
1	"Q3"	99	1	2	0.0192606496959344	NA	NA
1	"Q3"	100	1	2	0.015515511355013	NA	NA
1	"Q3"	101	1	2	0.0252458429324596	NA	NA
1	"Q3"	102	1	2	0.0208408944153862	NA	NA
1	"Q3"	103	1	2	0.00184125338012619	NA	NA
1	"Q3"	104	1	2	0.0162732494444163	NA	NA
1	"Q3"	105	1	2	0.0147876968726597	NA	NA
1	"Q3"	106	1	2	0.019426333071701	NA	NA
1	"Q3"	107	1	2	0.0154981078297924	NA	NA
1	"Q3"	108	1	2	0.020041622328192	NA	NA
1	"Q3"	109	1	2	0.0122445296798482	NA	NA
1	"Q3"	110	1	2	0.0175252425304842	NA	NA
1	"Q3"	111	1	2	0.014976746672078	NA	NA
1	"Q3"	112	1	2	0.00474377280549667	NA	NA
1	"Q3"	113	1	2	0.0319159250301274	NA	NA
1	"Q3"	114	1	2	0.042730059564693	NA	NA
1	"Q3"	115	1	2	0.0164075533188881	NA	NA
1	"Q3"	116	1	2	0.014795928283731	NA	NA
1	"Q3"	117	1	2	0.0117275665205048	NA	NA
1	"Q3"	118	1	2	0.0274031413265195	NA	NA
1	"Q3"	119	1	2	0.0216757783155782	NA	NA
1	"Q3"	120	1	2	0.000865405343236646	NA	NA
1	"Q3"	121	1	2	0.0186271230699055	NA	NA
1	"Q3"	122	1	2	0.0175876672949672	NA	NA
1	"Q3"	123	1	2	0.0137168229588933	NA	NA
1	"Q3"	124	1	2	0.00876099680027976	NA	NA
1	"Q3"	125	1	2	0.0205561534091876	NA	NA
1	"Q3"	126	1	2	0.0267176491967761	NA	NA
1	"Q3"	127	1	2	0.0247624795377849	NA	NA
1	"Q3"	128	1	2	0.0168210785670993	NA	NA
1	"Q3"	129	1	2	0.00233833525236534	NA	NA
1	"Q3"	130	1	2	0.00992445538336098	NA	NA
1	"Q3"	131	1	2	0.0102192693233749	NA	NA
1	"Q3"	132	1	2	0.005741969157666	NA	NA
1	"Q3"	133	1	2	0.0332042065861047	NA	NA
1	"Q3"	134	1	2	0.01315707859394	NA	NA
1	"Q3"	135	1	2	0.0100543678263268	NA	NA
1	"Q3"	136	1	2	0.00705266226398601	NA	NA
1	"Q3"	137	1	2	0.0184206403209278	NA	NA
1	"Q3"	138	1	2	0.0233858491400362	NA	NA
1	"Q3"	139	1	2	0.0385228493048635	NA	NA
1	"Q3"	140	1	2	0.0320269794198732	NA	NA
1	"Q3"	141	1	2	0.0243558924272541	NA	NA
1	"Q3"	142	1	2	0.0184197442988983	NA	NA
1	"Q3"	143	1	2	0.0230253649110984	NA	NA
1	"Q3"	144	1	2	-0.000754241057276333	NA	NA
1	"Q3"	145	1	2	0.0186791735391611	NA	NA
1	"Q3"	146	1	2	0.0175370716457952	NA	NA
1	"Q3"	147	1	2	-0.00115658856854826	NA	NA
1	"Q3"	148	1	2	0.031519566948259	NA	NA
1	"Q3"	149	1	2	0.00883866039116393	NA	NA
1	"Q3"	150	1	2	0.0138582125025337	NA	NA
1	"Q3"	151	1	2	0.00527367808305126	NA	NA
1	"Q3"	152	1	2	0.0485558405194001	NA	NA
1	"Q3"	153	1	2	0.00357513108657933	NA	NA
1	"Q3"	154	1	2	0.0153835269916164	NA	NA
1	"Q3"	155	1	2	0.0218516878149832	NA	NA
1	"Q3"	156	1	2	0.0109505096327574	NA	NA
1	"Q3"	157	1	2	0.0283336918379995	NA	NA
1	"Q3"	158	1	2	0.0267172244156531	NA	NA
1	"Q3"	159	1	2	0.0252361908759457	NA	NA
1	"Q3"	160	1	2	0.0282808131776432	NA	NA
1	"Q3"	161	1	2	0.018479171943429	NA	NA
1	"Q3"	162	1	2	0.0161266805765413	NA	NA
1	"Q3"	163	1	2	0.0137297696817942	NA	NA
1	"Q3"	164	1	2	0.0320413601332685	NA	NA
1	"Q3"	165	1	2	0.0193031753954933	NA	NA
1	"Q3"	166	1	2	0.012230526586419	NA	NA
1	"Q3"	167	1	2	0.032400147535247	NA	NA
1	"Q3"	168	1	2	0.00594358529111741	NA	NA
1	"Q3"	169	1	2	0.0166107811158948	NA	NA
1	"Q3"	170	1	2	0.00957779360956257	NA	NA
1	"Q3"	171	1	2	0.00918157947328872	NA	NA
1	"Q3"	172	1	2	0.0114973783466082	NA	NA
1	"Q3"	173	1	2	0.016826136985806	NA	NA
1	"Q3"	174	1	2	0.0301355448288079	NA	NA
1	"Q3"	175	1	2	0.0256789668846519	NA	NA
1	"Q3"	176	1	2	0.0220378498558547	NA	NA
1	"Q3"	177	1	2	0.0206080670008063	NA	NA
1	"Q3"	178	1	2	0.0257251293212667	NA	NA
1	"Q3"	179	1	2	0.0184262171559147	NA	NA
1	"Q3"	180	1	2	0.0307863492686892	NA	NA
1	"Q3"	181	1	2	0.0146210778545556	NA	NA
1	"Q3"	182	1	2	0.0150943279099633	NA	NA
1	"Q3"	183	1	2	0.0244569765756477	NA	NA
1	"Q3"	184	1	2	0.0323796515766914	NA	NA
1	"Q3"	185	1	2	0.008414009897878	NA	NA
1	"Q3"	186	1	2	0.0329714852297816	NA	NA
1	"Q3"	187	1	2	0.0135424380042314	NA	NA
1	"Q3"	188	1	2	0.0154594782663469	NA	NA
1	"Q3"	189	1	2	0.0189893591468913	NA	NA
1	"Q3"	190	1	2	0.0125040582046757	NA	NA
1	"Q3"	191	1	2	0.0159121163942756	NA	NA
1	"Q3"	192	1	2	-0.0055432926488511	NA	NA
1	"Q3"	193	1	2	0.0109386751110894	NA	NA
1	"Q3"	194	1	2	0.0174964625825661	NA	NA
1	"Q3"	195	1	2	0.00165735911406875	NA	NA
1	"Q3"	196	1	2	0.0197452664560714	NA	NA
1	"Q3"	197	1	2	0.016465406513463	NA	NA
1	"Q3"	198	1	2	0.0327595086273652	NA	NA
1	"Q3"	199	1	2	0.0256642578795522	NA	NA
1	"Q3"	200	1	2	-0.00274812399033491	NA	NA
1	"Q3"	201	1	2	0.00214819732051772	NA	NA
1	"Q3"	202	1	2	0.0200952955575968	NA	NA
1	"Q3"	203	1	2	0.0223896745411829	NA	NA
1	"Q3"	204	1	2	0.0186950789256349	NA	NA
1	"Q3"	205	1	2	0.0174343305891219	NA	NA
1	"Q3"	206	1	2	0.0239148571367336	NA	NA
1	"Q3"	207	1	2	0.0229552074007795	NA	NA
1	"Q3"	208	1	2	0.0174297750604416	NA	NA
1	"Q3"	209	1	2	0.0121486420298691	NA	NA
1	"Q3"	210	1	2	0.0299051954502571	NA	NA
1	"Q3"	211	1	2	0.00890649796087321	NA	NA
1	"Q3"	212	1	2	0.0268195398033875	NA	NA
1	"Q3"	213	1	2	0.0217035299997533	NA	NA
1	"Q3"	214	1	2	0.0207837963515602	NA	NA
1	"Q3"	215	1	2	0.0221263360834237	NA	NA
1	"Q3"	216	1	2	0.0253012985788547	NA	NA
1	"Q3"	217	1	2	0.00826800229824158	NA	NA
1	"Q3"	218	1	2	0.0207398516257805	NA	NA
1	"Q3"	219	1	2	0.0136189269703301	NA	NA
1	"Q3"	220	1	2	0.024114856474289	NA	NA
1	"Q3"	221	1	2	0.0158571375277538	NA	NA
1	"Q3"	222	1	2	0.0141569724765022	NA	NA
1	"Q3"	223	1	2	0.00575961902188059	NA	NA
1	"Q3"	224	1	2	0.0369818980417354	NA	NA
1	"Q3"	225	1	2	0.0209059039842032	NA	NA
1	"Q3"	226	1	2	0.0189284444590043	NA	NA
1	"Q3"	227	1	2	0.0107097047282391	NA	NA
1	"Q3"	228	1	2	0.0194325072428147	NA	NA
1	"Q3"	229	1	2	0.0295764864955141	NA	NA
1	"Q3"	230	1	2	0.0114636606010471	NA	NA
1	"Q3"	231	1	2	0.0235634950423155	NA	NA
1	"Q3"	232	1	2	0.02840189242501	NA	NA
1	"Q3"	233	1	2	0.0117965524323288	NA	NA
1	"Q3"	234	1	2	0.022149160193048	NA	NA
1	"Q3"	235	1	2	0.0193454679936679	NA	NA
1	"Q3"	236	1	2	0.00604038639900351	NA	NA
1	"Q3"	237	1	2	0.00889196678440744	NA	NA
1	"Q3"	238	1	2	0.020618680069662	NA	NA
1	"Q3"	239	1	2	0.0334561413659732	NA	NA
1	"Q3"	240	1	2	0.00573463184880639	NA	NA
1	"Q3"	241	1	2	0.0209444706127527	NA	NA
1	"Q3"	242	1	2	0.00676718692987855	NA	NA
1	"Q3"	243	1	2	0.0162159908814566	NA	NA
1	"Q3"	244	1	2	0.013091512251215	NA	NA
1	"Q3"	245	1	2	0.0197733468267383	NA	NA
1	"Q3"	246	1	2	0.0226116236700599	NA	NA
1	"Q3"	247	1	2	0.0245805890051904	NA	NA
1	"Q3"	248	1	2	0.00741630341930331	NA	NA
1	"Q3"	249	1	2	0.0150280639129033	NA	NA
1	"Q3"	250	1	2	0.0188883501071229	NA	NA
1	"Q3"	251	1	2	0.0170273372640947	NA	NA
1	"Q3"	252	1	2	0.0227263823335675	NA	NA
1	"Q3"	253	1	2	0.0110165139704695	NA	NA
1	"Q3"	254	1	2	-0.00457887739616353	NA	NA
1	"Q3"	255	1	2	0.0302492616910094	NA	NA
1	"Q3"	256	1	2	0.0240231641246606	NA	NA
1	"Q3"	257	1	2	0.0258407309241217	NA	NA
1	"Q3"	258	1	2	0.0185869266194074	NA	NA
1	"Q3"	259	1	2	0.0184850377853233	NA	NA
1	"Q3"	260	1	2	0.00855601394028064	NA	NA
1	"Q3"	261	1	2	0.0372026756057407	NA	NA
1	"Q3"	262	1	2	-0.000283393936713148	NA	NA
1	"Q3"	263	1	2	0.0323617256215439	NA	NA
1	"Q3"	264	1	2	0.0135526998052708	NA	NA
1	"Q3"	265	1	2	0.0336538462477386	NA	NA
1	"Q3"	266	1	2	0.0120938297139929	NA	NA
1	"Q3"	267	1	2	0.0135501767933071	NA	NA
1	"Q3"	268	1	2	0.00829705385167119	NA	NA
1	"Q3"	269	1	2	-0.00448742223345271	NA	NA
1	"Q3"	270	1	2	0.00351763893099543	NA	NA
1	"Q3"	271	1	2	0.00745626148442481	NA	NA
1	"Q3"	272	1	2	0.0383420866662519	NA	NA
1	"Q3"	273	1	2	0.0279605382042948	NA	NA
1	"Q3"	274	1	2	0.0155390597847846	NA	NA
1	"Q3"	275	1	2	0.0184096661944074	NA	NA
1	"Q3"	276	1	2	0.0135506777922808	NA	NA
1	"Q3"	277	1	2	0.0296910648234028	NA	NA
1	"Q3"	278	1	2	0.0118573596770622	NA	NA
1	"Q3"	279	1	2	0.0324892383565093	NA	NA
1	"Q3"	280	1	2	0.0351877509911688	NA	NA
1	"Q3"	281	1	2	-0.00302643800153806	NA	NA
1	"Q3"	282	1	2	-0.00265986532116779	NA	NA
1	"Q3"	283	1	2	0.0250667508214424	NA	NA
1	"Q3"	284	1	2	0.0303403962725933	NA	NA
1	"Q3"	285	1	2	0.00759788747143928	NA	NA
1	"Q3"	286	1	2	0.020832183149845	NA	NA
1	"Q3"	287	1	2	0.0258590723743226	NA	NA
1	"Q3"	288	1	2	0.0197960579337607	NA	NA
1	"Q3"	289	1	2	0.0192995045568219	NA	NA
1	"Q3"	290	1	2	0.01378040449747	NA	NA
1	"Q3"	291	1	2	0.0353552583300816	NA	NA
1	"Q3"	292	1	2	0.0196775013874517	NA	NA
1	"Q3"	293	1	2	0.0194436578217946	NA	NA
1	"Q3"	294	1	2	0.0262067968648629	NA	NA
1	"Q3"	295	1	2	0.0101600218426384	NA	NA
1	"Q3"	296	1	2	0.017319783302334	NA	NA
1	"Q3"	297	1	2	0.00977681333438344	NA	NA
1	"Q3"	298	1	2	0.0228597053034518	NA	NA
1	"Q3"	299	1	2	0.0179328472385338	NA	NA
1	"Q3"	300	1	2	0.0231414761355162	NA	NA
1	"Q3"	301	1	2	0.0169084292812966	NA	NA
1	"Q3"	302	1	2	0.0104397063365219	NA	NA
1	"Q3"	303	1	2	0.0256552932492408	NA	NA
1	"Q3"	304	1	2	0.00591170874885357	NA	NA
1	"Q3"	305	1	2	0.0298455134566973	NA	NA
1	"Q3"	306	1	2	0.00644043221247107	NA	NA
1	"Q3"	307	1	2	0.0177429190766418	NA	NA
1	"Q3"	308	1	2	0.0362646705827583	NA	NA
1	"Q3"	309	1	2	0.0115710651344557	NA	NA
1	"Q3"	310	1	2	0.019245061572103	NA	NA
1	"Q3"	311	1	2	0.0119767309064453	NA	NA
1	"Q3"	312	1	2	0.012001951331842	NA	NA
1	"Q3"	313	1	2	0.00678456585946552	NA	NA
1	"Q3"	314	1	2	0.0104004255345827	NA	NA
1	"Q3"	315	1	2	0.0243147061378699	NA	NA
1	"Q3"	316	1	2	0.0270326898345205	NA	NA
1	"Q3"	317	1	2	0.0233772204015277	NA	NA
1	"Q3"	318	1	2	0.0104873983799756	NA	NA
1	"Q3"	319	1	2	0.0300653196467807	NA	NA
1	"Q3"	320	1	2	0.0218762509228419	NA	NA
1	"Q3"	321	1	2	0.000361982881277779	NA	NA
1	"Q3"	322	1	2	0.00744561656225783	NA	NA
1	"Q3"	323	1	2	0.0261781071488398	NA	NA
1	"Q3"	324	1	2	0.0202707493588195	NA	NA
1	"Q3"	325	1	2	0.028737927090841	NA	NA
1	"Q3"	326	1	2	0.0298547961580297	NA	NA
1	"Q3"	327	1	2	0.0164668015742176	NA	NA
1	"Q3"	328	1	2	0.0386887678340792	NA	NA
1	"Q3"	329	1	2	0.0220111963338459	NA	NA
1	"Q3"	330	1	2	0.0129644017474768	NA	NA
1	"Q3"	331	1	2	0.0209076183940199	NA	NA
1	"Q3"	332	1	2	0.0220793593026778	NA	NA
1	"Q3"	333	1	2	0.00703045951673624	NA	NA
1	"Q3"	334	1	2	0.0232410674405016	NA	NA
1	"Q3"	335	1	2	0.0203039118269576	NA	NA
1	"Q3"	336	1	2	0.0111049006119118	NA	NA
1	"Q3"	337	1	2	0.00883279310459421	NA	NA
1	"Q3"	338	1	2	-0.0068858214608931	NA	NA
1	"Q3"	339	1	2	0.0152628136498462	NA	NA
1	"Q3"	340	1	2	0.0320176384321947	NA	NA
1	"Q3"	341	1	2	0.0100308636390844	NA	NA
1	"Q3"	342	1	2	0.00544198892455974	NA	NA
1	"Q3"	343	1	2	0.0153068250330246	NA	NA
1	"Q3"	344	1	2	0.0229511818591817	NA	NA
1	"Q3"	345	1	2	0.0316947906070518	NA	NA
1	"Q3"	346	1	2	0.00964398194981052	NA	NA
1	"Q3"	347	1	2	0.0268541816203619	NA	NA
1	"Q3"	348	1	2	0.0199315456789295	NA	NA
1	"Q3"	349	1	2	0.0226881969881023	NA	NA
1	"Q3"	350	1	2	0.0135143437270204	NA	NA
1	"Q3"	351	1	2	0.0191992539429417	NA	NA
1	"Q3"	352	1	2	0.0125323594378883	NA	NA
1	"Q3"	353	1	2	0.0372122163004613	NA	NA
1	"Q3"	354	1	2	0.0207498953797194	NA	NA
1	"Q3"	355	1	2	0.0176010733499154	NA	NA
1	"Q3"	356	1	2	0.0137487995498768	NA	NA
1	"Q3"	357	1	2	0.013468906703043	NA	NA
1	"Q3"	358	1	2	0.0212650997484358	NA	NA
1	"Q3"	359	1	2	0.0124630279437318	NA	NA
1	"Q3"	360	1	2	0.0206938025566051	NA	NA
1	"Q3"	361	1	2	0.0131685859536068	NA	NA
1	"Q3"	362	1	2	0.00802718468302766	NA	NA
1	"Q3"	363	1	2	0.0272616255817052	NA	NA
1	"Q3"	364	1	2	0.0179978867936759	NA	NA
1	"Q3"	365	1	2	0.0168693562457322	NA	NA
1	"Q3"	366	1	2	0.0198136797056852	NA	NA
1	"Q3"	367	1	2	0.0149791199686218	NA	NA
1	"Q3"	368	1	2	0.0354014235575356	NA	NA
1	"Q3"	369	1	2	0.017214642707838	NA	NA
1	"Q3"	370	1	2	0.0265134777656532	NA	NA
1	"Q3"	371	1	2	0.025417478901178	NA	NA
1	"Q3"	372	1	2	0.0138675894308362	NA	NA
1	"Q3"	373	1	2	0.0274363296815715	NA	NA
1	"Q3"	374	1	2	0.0218096591346238	NA	NA
1	"Q3"	375	1	2	0.00836171803367559	NA	NA
1	"Q3"	376	1	2	0.0156107080256529	NA	NA
1	"Q3"	377	1	2	0.017124346584407	NA	NA
1	"Q3"	378	1	2	0.00297219307867494	NA	NA
1	"Q3"	379	1	2	0.00871664261627899	NA	NA
1	"Q3"	380	1	2	0.0189143826693792	NA	NA
1	"Q3"	381	1	2	0.0161296442118029	NA	NA
1	"Q3"	382	1	2	0.0277912799287252	NA	NA
1	"Q3"	383	1	2	0.0202812338909911	NA	NA
1	"Q3"	384	1	2	0.00624986677028523	NA	NA
1	"Q3"	385	1	2	0.00521861535953755	NA	NA
1	"Q3"	386	1	2	0.0201664059163389	NA	NA
1	"Q3"	387	1	2	0.0144727486055553	NA	NA
1	"Q3"	388	1	2	0.0288706731967223	NA	NA
1	"Q3"	389	1	2	-7.30012164227899e-05	NA	NA
1	"Q3"	390	1	2	0.0131605493261479	NA	NA
1	"Q3"	391	1	2	0.0199170413859876	NA	NA
1	"Q3"	392	1	2	0.0361113283463466	NA	NA
1	"Q3"	393	1	2	0.0172750771150033	NA	NA
1	"Q3"	394	1	2	0.0036127130102845	NA	NA
1	"Q3"	395	1	2	0.0235162312065086	NA	NA
1	"Q3"	396	1	2	0.0101607982085456	NA	NA
1	"Q3"	397	1	2	0.0153449045616937	NA	NA
1	"Q3"	398	1	2	0.0123372528250022	NA	NA
1	"Q3"	399	1	2	0.0170414719075831	NA	NA
1	"Q3"	400	1	2	0.0326078415008661	NA	NA
1	"Q4"	1	1	3	0.029460549331307	NA	NA
1	"Q4"	2	1	3	0.0137122492201764	NA	NA
1	"Q4"	3	1	3	0.031805650341777	NA	NA
1	"Q4"	4	1	3	0.0380942324033435	NA	NA
1	"Q4"	5	1	3	0.0488121482078072	NA	NA
1	"Q4"	6	1	3	0.0418435850892025	NA	NA
1	"Q4"	7	1	3	0.0281735864867266	NA	NA
1	"Q4"	8	1	3	0.027441664145196	NA	NA
1	"Q4"	9	1	3	0.0508337569957984	NA	NA
1	"Q4"	10	1	3	0.0283163266366835	NA	NA
1	"Q4"	11	1	3	0.0185785784513199	NA	NA
1	"Q4"	12	1	3	0.0207477302336746	NA	NA
1	"Q4"	13	1	3	0.0334213893228628	NA	NA
1	"Q4"	14	1	3	0.012515521447477	NA	NA
1	"Q4"	15	1	3	0.0530186621788577	NA	NA
1	"Q4"	16	1	3	0.0539013623754325	NA	NA
1	"Q4"	17	1	3	0.0331012314667783	NA	NA
1	"Q4"	18	1	3	0.0298221034542937	NA	NA
1	"Q4"	19	1	3	0.0237041412877354	NA	NA
1	"Q4"	20	1	3	0.0303458024579663	NA	NA
1	"Q4"	21	1	3	0.0170225662786115	NA	NA
1	"Q4"	22	1	3	0.0217843216766847	NA	NA
1	"Q4"	23	1	3	0.0312864313726253	NA	NA
1	"Q4"	24	1	3	0.0236068297074688	NA	NA
1	"Q4"	25	1	3	0.0192921823073841	NA	NA
1	"Q4"	26	1	3	0.0421526729069726	NA	NA
1	"Q4"	27	1	3	0.042825757445201	NA	NA
1	"Q4"	28	1	3	0.0389221624712367	NA	NA
1	"Q4"	29	1	3	0.0351982949641665	NA	NA
1	"Q4"	30	1	3	0.0285958013500807	NA	NA
1	"Q4"	31	1	3	0.0257402883343735	NA	NA
1	"Q4"	32	1	3	0.0317616785367999	NA	NA
1	"Q4"	33	1	3	0.0467976444840406	NA	NA
1	"Q4"	34	1	3	0.0251241742661006	NA	NA
1	"Q4"	35	1	3	0.0321988791611598	NA	NA
1	"Q4"	36	1	3	0.0174497245274362	NA	NA
1	"Q4"	37	1	3	0.0521755092449654	NA	NA
1	"Q4"	38	1	3	0.0303260159906913	NA	NA
1	"Q4"	39	1	3	0.013083608892402	NA	NA
1	"Q4"	40	1	3	0.0220638042976121	NA	NA
1	"Q4"	41	1	3	0.0261331736587694	NA	NA
1	"Q4"	42	1	3	0.0360422246828556	NA	NA
1	"Q4"	43	1	3	0.0358045438885448	NA	NA
1	"Q4"	44	1	3	0.052128523877665	NA	NA
1	"Q4"	45	1	3	0.031187853898459	NA	NA
1	"Q4"	46	1	3	0.0332268586230654	NA	NA
1	"Q4"	47	1	3	0.0273553743317572	NA	NA
1	"Q4"	48	1	3	0.0225901316051067	NA	NA
1	"Q4"	49	1	3	0.0395853153167629	NA	NA
1	"Q4"	50	1	3	0.0333282107422038	NA	NA
1	"Q4"	51	1	3	0.0154018014261666	NA	NA
1	"Q4"	52	1	3	0.0283355014338369	NA	NA
1	"Q4"	53	1	3	0.0209444362046612	NA	NA
1	"Q4"	54	1	3	0.029327588285192	NA	NA
1	"Q4"	55	1	3	0.0115304593562634	NA	NA
1	"Q4"	56	1	3	0.0358636541928929	NA	NA
1	"Q4"	57	1	3	0.0466595726159419	NA	NA
1	"Q4"	58	1	3	0.0396190305337338	NA	NA
1	"Q4"	59	1	3	0.0164368461169738	NA	NA
1	"Q4"	60	1	3	0.0296332038441731	NA	NA
1	"Q4"	61	1	3	0.0443112039015829	NA	NA
1	"Q4"	62	1	3	0.0459956044266071	NA	NA
1	"Q4"	63	1	3	0.0327789280674266	NA	NA
1	"Q4"	64	1	3	0.0171876388302589	NA	NA
1	"Q4"	65	1	3	0.0373653861680081	NA	NA
1	"Q4"	66	1	3	0.0207549659865913	NA	NA
1	"Q4"	67	1	3	0.0180260515794955	NA	NA
1	"Q4"	68	1	3	0.0654031348927564	NA	NA
1	"Q4"	69	1	3	0.0402193784872882	NA	NA
1	"Q4"	70	1	3	0.000337685359184372	NA	NA
1	"Q4"	71	1	3	0.0350643997682348	NA	NA
1	"Q4"	72	1	3	0.0328552165369121	NA	NA
1	"Q4"	73	1	3	0.0401585806882352	NA	NA
1	"Q4"	74	1	3	0.0285614508864646	NA	NA
1	"Q4"	75	1	3	0.0252696929499505	NA	NA
1	"Q4"	76	1	3	0.0405730097979603	NA	NA
1	"Q4"	77	1	3	0.0288145866225232	NA	NA
1	"Q4"	78	1	3	0.0356381739028671	NA	NA
1	"Q4"	79	1	3	0.0347955994338505	NA	NA
1	"Q4"	80	1	3	0.0223485510239037	NA	NA
1	"Q4"	81	1	3	0.034340909008214	NA	NA
1	"Q4"	82	1	3	0.00669029336958201	NA	NA
1	"Q4"	83	1	3	0.0154369999259924	NA	NA
1	"Q4"	84	1	3	0.0270236272283294	NA	NA
1	"Q4"	85	1	3	0.029981438993623	NA	NA
1	"Q4"	86	1	3	0.0341904902255416	NA	NA
1	"Q4"	87	1	3	0.0277388218976115	NA	NA
1	"Q4"	88	1	3	0.0371725992765685	NA	NA
1	"Q4"	89	1	3	0.0199700680421564	NA	NA
1	"Q4"	90	1	3	0.0237551838393172	NA	NA
1	"Q4"	91	1	3	0.0290819563839548	NA	NA
1	"Q4"	92	1	3	0.0257329990551831	NA	NA
1	"Q4"	93	1	3	0.00944248117128799	NA	NA
1	"Q4"	94	1	3	0.0304718933619557	NA	NA
1	"Q4"	95	1	3	0.0354275782691036	NA	NA
1	"Q4"	96	1	3	0.0260185577093656	NA	NA
1	"Q4"	97	1	3	0.0144016308850146	NA	NA
1	"Q4"	98	1	3	0.0301824747567909	NA	NA
1	"Q4"	99	1	3	0.0231596829293315	NA	NA
1	"Q4"	100	1	3	0.012293035545465	NA	NA
1	"Q4"	101	1	3	0.0210739917138165	NA	NA
1	"Q4"	102	1	3	0.0407803013081859	NA	NA
1	"Q4"	103	1	3	0.0503707437322044	NA	NA
1	"Q4"	104	1	3	0.0367431959348395	NA	NA
1	"Q4"	105	1	3	0.0255534676398476	NA	NA
1	"Q4"	106	1	3	0.0251619616462588	NA	NA
1	"Q4"	107	1	3	0.0292816495857557	NA	NA
1	"Q4"	108	1	3	0.0376618419392572	NA	NA
1	"Q4"	109	1	3	0.0313714741931414	NA	NA
1	"Q4"	110	1	3	0.0276849223286555	NA	NA
1	"Q4"	111	1	3	0.0228143359058843	NA	NA
1	"Q4"	112	1	3	0.0739894540503	NA	NA
1	"Q4"	113	1	3	0.0233311378525913	NA	NA
1	"Q4"	114	1	3	0.00301371779884144	NA	NA
1	"Q4"	115	1	3	0.0470969437501354	NA	NA
1	"Q4"	116	1	3	0.0315849516228087	NA	NA
1	"Q4"	117	1	3	0.0415115055862579	NA	NA
1	"Q4"	118	1	3	0.0169214170664602	NA	NA
1	"Q4"	119	1	3	0.0265657458743307	NA	NA
1	"Q4"	120	1	3	0.0523876994928976	NA	NA
1	"Q4"	121	1	3	0.0411237466821693	NA	NA
1	"Q4"	122	1	3	0.03836970373724	NA	NA
1	"Q4"	123	1	3	0.0244793170849183	NA	NA
1	"Q4"	124	1	3	0.0445624833213656	NA	NA
1	"Q4"	125	1	3	0.0186521411951403	NA	NA
1	"Q4"	126	1	3	0.0264259732216716	NA	NA
1	"Q4"	127	1	3	0.0282969000805086	NA	NA
1	"Q4"	128	1	3	0.0355597442089838	NA	NA
1	"Q4"	129	1	3	0.0398204411318979	NA	NA
1	"Q4"	130	1	3	0.0282055942487889	NA	NA
1	"Q4"	131	1	3	0.0387111195195503	NA	NA
1	"Q4"	132	1	3	0.0502638496716988	NA	NA
1	"Q4"	133	1	3	0.0226898140340312	NA	NA
1	"Q4"	134	1	3	0.0200104320150242	NA	NA
1	"Q4"	135	1	3	0.0344217317442988	NA	NA
1	"Q4"	136	1	3	0.0327732723571398	NA	NA
1	"Q4"	137	1	3	0.0529730885720255	NA	NA
1	"Q4"	138	1	3	0.0338895884412989	NA	NA
1	"Q4"	139	1	3	0.0140898009369641	NA	NA
1	"Q4"	140	1	3	0.0010166328250801	NA	NA
1	"Q4"	141	1	3	0.018756542458857	NA	NA
1	"Q4"	142	1	3	0.0575939533311307	NA	NA
1	"Q4"	143	1	3	0.0352138522486996	NA	NA
1	"Q4"	144	1	3	0.0410256750158802	NA	NA
1	"Q4"	145	1	3	0.0510564399480274	NA	NA
1	"Q4"	146	1	3	0.0454646233957679	NA	NA
1	"Q4"	147	1	3	0.0552952397508398	NA	NA
1	"Q4"	148	1	3	0.0140416470131343	NA	NA
1	"Q4"	149	1	3	0.0330406806450208	NA	NA
1	"Q4"	150	1	3	0.0517261119873557	NA	NA
1	"Q4"	151	1	3	0.0440196311631847	NA	NA
1	"Q4"	152	1	3	0.000491053349713002	NA	NA
1	"Q4"	153	1	3	0.0473736263947754	NA	NA
1	"Q4"	154	1	3	0.0301599548426684	NA	NA
1	"Q4"	155	1	3	0.0278413589792878	NA	NA
1	"Q4"	156	1	3	0.0315268823925208	NA	NA
1	"Q4"	157	1	3	0.0181951132066524	NA	NA
1	"Q4"	158	1	3	0.00664831400356505	NA	NA
1	"Q4"	159	1	3	0.0211432397128912	NA	NA
1	"Q4"	160	1	3	0.0153064812039462	NA	NA
1	"Q4"	161	1	3	0.0398825292708464	NA	NA
1	"Q4"	162	1	3	0.0417665684467083	NA	NA
1	"Q4"	163	1	3	0.046580612430782	NA	NA
1	"Q4"	164	1	3	0.0136690642922784	NA	NA
1	"Q4"	165	1	3	0.052143849308419	NA	NA
1	"Q4"	166	1	3	0.0309078165563232	NA	NA
1	"Q4"	167	1	3	0.0290406970261119	NA	NA
1	"Q4"	168	1	3	0.0565339748854482	NA	NA
1	"Q4"	169	1	3	0.0441941824423315	NA	NA
1	"Q4"	170	1	3	0.0320543151169193	NA	NA
1	"Q4"	171	1	3	0.0479145897776849	NA	NA
1	"Q4"	172	1	3	0.0448036406113853	NA	NA
1	"Q4"	173	1	3	0.0457708085071797	NA	NA
1	"Q4"	174	1	3	0.0180260466444485	NA	NA
1	"Q4"	175	1	3	0.0134761915168545	NA	NA
1	"Q4"	176	1	3	0.0350633083462148	NA	NA
1	"Q4"	177	1	3	0.0312664045972434	NA	NA
1	"Q4"	178	1	3	0.0325587912537139	NA	NA
1	"Q4"	179	1	3	0.0503811877980835	NA	NA
1	"Q4"	180	1	3	0.00404230110450729	NA	NA
1	"Q4"	181	1	3	0.0490547400694917	NA	NA
1	"Q4"	182	1	3	0.0236641132141879	NA	NA
1	"Q4"	183	1	3	0.0293403017659949	NA	NA
1	"Q4"	184	1	3	0.0113327483385537	NA	NA
1	"Q4"	185	1	3	0.04246422816638	NA	NA
1	"Q4"	186	1	3	0.0285915563755516	NA	NA
1	"Q4"	187	1	3	0.0414651512811914	NA	NA
1	"Q4"	188	1	3	0.0250108759189446	NA	NA
1	"Q4"	189	1	3	0.0119687101872613	NA	NA
1	"Q4"	190	1	3	0.0390534019607175	NA	NA
1	"Q4"	191	1	3	0.0343064122027174	NA	NA
1	"Q4"	192	1	3	0.0497081330464122	NA	NA
1	"Q4"	193	1	3	0.0371682231244637	NA	NA
1	"Q4"	194	1	3	0.0281332171281412	NA	NA
1	"Q4"	195	1	3	0.0474662702451431	NA	NA
1	"Q4"	196	1	3	0.0354252097197627	NA	NA
1	"Q4"	197	1	3	0.0164514892062167	NA	NA
1	"Q4"	198	1	3	0.00672263240373548	NA	NA
1	"Q4"	199	1	3	-0.00360071331193719	NA	NA
1	"Q4"	200	1	3	0.0467623555661213	NA	NA
1	"Q4"	201	1	3	0.0389234165636731	NA	NA
1	"Q4"	202	1	3	0.0392199152147892	NA	NA
1	"Q4"	203	1	3	0.00975308367959164	NA	NA
1	"Q4"	204	1	3	0.00708439613220279	NA	NA
1	"Q4"	205	1	3	0.0137265591751177	NA	NA
1	"Q4"	206	1	3	0.0180520156322832	NA	NA
1	"Q4"	207	1	3	0.0217316580145297	NA	NA
1	"Q4"	208	1	3	0.045475881676489	NA	NA
1	"Q4"	209	1	3	0.0407080304762074	NA	NA
1	"Q4"	210	1	3	0.00941090565707476	NA	NA
1	"Q4"	211	1	3	0.0447016792392661	NA	NA
1	"Q4"	212	1	3	-0.000296542424832721	NA	NA
1	"Q4"	213	1	3	0.0201852903805691	NA	NA
1	"Q4"	214	1	3	0.0344178897565254	NA	NA
1	"Q4"	215	1	3	0.0321707261006844	NA	NA
1	"Q4"	216	1	3	0.00268447595312719	NA	NA
1	"Q4"	217	1	3	0.0470223691831913	NA	NA
1	"Q4"	218	1	3	0.0391214244052166	NA	NA
1	"Q4"	219	1	3	0.0341903206697101	NA	NA
1	"Q4"	220	1	3	0.0200093990548818	NA	NA
1	"Q4"	221	1	3	0.035771707542824	NA	NA
1	"Q4"	222	1	3	0.0313104510672177	NA	NA
1	"Q4"	223	1	3	0.0209844262549918	NA	NA
1	"Q4"	224	1	3	-0.00582353736917661	NA	NA
1	"Q4"	225	1	3	0.0505834999015135	NA	NA
1	"Q4"	226	1	3	0.0248496414499648	NA	NA
1	"Q4"	227	1	3	0.0567085035756164	NA	NA
1	"Q4"	228	1	3	0.00732139572400272	NA	NA
1	"Q4"	229	1	3	0.00721392811217979	NA	NA
1	"Q4"	230	1	3	0.0340408613267217	NA	NA
1	"Q4"	231	1	3	0.0256038247299572	NA	NA
1	"Q4"	232	1	3	0.0237391975415111	NA	NA
1	"Q4"	233	1	3	0.0444686309537994	NA	NA
1	"Q4"	234	1	3	0.0213774193649114	NA	NA
1	"Q4"	235	1	3	0.0404892022201599	NA	NA
1	"Q4"	236	1	3	0.0161461488673326	NA	NA
1	"Q4"	237	1	3	0.068193787261845	NA	NA
1	"Q4"	238	1	3	0.0337012462048935	NA	NA
1	"Q4"	239	1	3	0.0120584564625367	NA	NA
1	"Q4"	240	1	3	0.0439332615675167	NA	NA
1	"Q4"	241	1	3	0.0419131819607988	NA	NA
1	"Q4"	242	1	3	0.0428981413007815	NA	NA
1	"Q4"	243	1	3	0.0233642740585558	NA	NA
1	"Q4"	244	1	3	0.038996082743812	NA	NA
1	"Q4"	245	1	3	0.025485770471859	NA	NA
1	"Q4"	246	1	3	0.0124817963519967	NA	NA
1	"Q4"	247	1	3	0.0401102311650865	NA	NA
1	"Q4"	248	1	3	0.0220418302603355	NA	NA
1	"Q4"	249	1	3	0.0513829997215447	NA	NA
1	"Q4"	250	1	3	0.0428631345540034	NA	NA
1	"Q4"	251	1	3	0.040574441780986	NA	NA
1	"Q4"	252	1	3	0.0257207721794351	NA	NA
1	"Q4"	253	1	3	0.0309602067799258	NA	NA
1	"Q4"	254	1	3	0.0329485652586704	NA	NA
1	"Q4"	255	1	3	0.0153586207576245	NA	NA
1	"Q4"	256	1	3	0.0194319179745377	NA	NA
1	"Q4"	257	1	3	0.030823625600056	NA	NA
1	"Q4"	258	1	3	0.031373054642014	NA	NA
1	"Q4"	259	1	3	0.0262873224298182	NA	NA
1	"Q4"	260	1	3	0.030412808366945	NA	NA
1	"Q4"	261	1	3	-0.00263689504239948	NA	NA
1	"Q4"	262	1	3	0.0499883353824886	NA	NA
1	"Q4"	263	1	3	0.0187285464742362	NA	NA
1	"Q4"	264	1	3	0.0231884542418886	NA	NA
1	"Q4"	265	1	3	0.03742317989396	NA	NA
1	"Q4"	266	1	3	0.043793727914622	NA	NA
1	"Q4"	267	1	3	0.0168294115572316	NA	NA
1	"Q4"	268	1	3	0.0401173134611059	NA	NA
1	"Q4"	269	1	3	0.0432988347668956	NA	NA
1	"Q4"	270	1	3	0.044631287833906	NA	NA
1	"Q4"	271	1	3	0.0385196566247805	NA	NA
1	"Q4"	272	1	3	0.0198016806870015	NA	NA
1	"Q4"	273	1	3	0.042542581907709	NA	NA
1	"Q4"	274	1	3	0.0342326002307087	NA	NA
1	"Q4"	275	1	3	0.0225369546034195	NA	NA
1	"Q4"	276	1	3	0.0394531006847164	NA	NA
1	"Q4"	277	1	3	0.0197839263853191	NA	NA
1	"Q4"	278	1	3	0.0257185027752983	NA	NA
1	"Q4"	279	1	3	0.0416203194560039	NA	NA
1	"Q4"	280	1	3	0.0109825714611588	NA	NA
1	"Q4"	281	1	3	0.046350874280947	NA	NA
1	"Q4"	282	1	3	0.0482660084057869	NA	NA
1	"Q4"	283	1	3	0.0262990076472426	NA	NA
1	"Q4"	284	1	3	0.0164656529258369	NA	NA
1	"Q4"	285	1	3	0.0480147559349596	NA	NA
1	"Q4"	286	1	3	0.0247985032039667	NA	NA
1	"Q4"	287	1	3	0.0258011072148638	NA	NA
1	"Q4"	288	1	3	0.0266111129401603	NA	NA
1	"Q4"	289	1	3	0.0402603046954668	NA	NA
1	"Q4"	290	1	3	0.0269267984329912	NA	NA
1	"Q4"	291	1	3	0.000843309072542239	NA	NA
1	"Q4"	292	1	3	0.0465712221377293	NA	NA
1	"Q4"	293	1	3	0.0294893988908419	NA	NA
1	"Q4"	294	1	3	0.0177994701569399	NA	NA
1	"Q4"	295	1	3	0.0234687971812782	NA	NA
1	"Q4"	296	1	3	0.0510734564172418	NA	NA
1	"Q4"	297	1	3	0.0326080802071717	NA	NA
1	"Q4"	298	1	3	0.0165659393942325	NA	NA
1	"Q4"	299	1	3	0.0178843979912025	NA	NA
1	"Q4"	300	1	3	0.0285524326963691	NA	NA
1	"Q4"	301	1	3	0.0433078068409845	NA	NA
1	"Q4"	302	1	3	0.0516570731757736	NA	NA
1	"Q4"	303	1	3	0.0120140887074394	NA	NA
1	"Q4"	304	1	3	0.0430456355638319	NA	NA
1	"Q4"	305	1	3	0.0291737082252141	NA	NA
1	"Q4"	306	1	3	0.0413253426915868	NA	NA
1	"Q4"	307	1	3	0.0363475388714914	NA	NA
1	"Q4"	308	1	3	0.0056020768271857	NA	NA
1	"Q4"	309	1	3	0.0348429458834431	NA	NA
1	"Q4"	310	1	3	0.0170385203677043	NA	NA
1	"Q4"	311	1	3	0.0279569374242704	NA	NA
1	"Q4"	312	1	3	0.0448608846884421	NA	NA
1	"Q4"	313	1	3	0.0537906235737414	NA	NA
1	"Q4"	314	1	3	0.043607984873888	NA	NA
1	"Q4"	315	1	3	0.0245073077842758	NA	NA
1	"Q4"	316	1	3	0.0211906183740069	NA	NA
1	"Q4"	317	1	3	0.0337315008896931	NA	NA
1	"Q4"	318	1	3	0.0686536683113677	NA	NA
1	"Q4"	319	1	3	0.0370935669653882	NA	NA
1	"Q4"	320	1	3	0.023553631413605	NA	NA
1	"Q4"	321	1	3	0.0484726464352934	NA	NA
1	"Q4"	322	1	3	0.0409410266886396	NA	NA
1	"Q4"	323	1	3	0.0257303005762209	NA	NA
1	"Q4"	324	1	3	0.0284247598324923	NA	NA
1	"Q4"	325	1	3	0.027168696252677	NA	NA
1	"Q4"	326	1	3	0.011358173532353	NA	NA
1	"Q4"	327	1	3	0.043738477505782	NA	NA
1	"Q4"	328	1	3	0.00365669764363421	NA	NA
1	"Q4"	329	1	3	0.0372247333264285	NA	NA
1	"Q4"	330	1	3	0.0304077116173791	NA	NA
1	"Q4"	331	1	3	0.0249729886004206	NA	NA
1	"Q4"	332	1	3	0.0167028363813824	NA	NA
1	"Q4"	333	1	3	0.0425535752405178	NA	NA
1	"Q4"	334	1	3	0.00522070863455251	NA	NA
1	"Q4"	335	1	3	0.0404815909227744	NA	NA
1	"Q4"	336	1	3	0.0314416463867739	NA	NA
1	"Q4"	337	1	3	0.0316696731630398	NA	NA
1	"Q4"	338	1	3	0.0483494902397921	NA	NA
1	"Q4"	339	1	3	0.0154363629339921	NA	NA
1	"Q4"	340	1	3	0.0132555822926732	NA	NA
1	"Q4"	341	1	3	0.0347621016474545	NA	NA
1	"Q4"	342	1	3	0.0536400576785092	NA	NA
1	"Q4"	343	1	3	0.0293390567647406	NA	NA
1	"Q4"	344	1	3	0.0209331728417118	NA	NA
1	"Q4"	345	1	3	0.032749404190862	NA	NA
1	"Q4"	346	1	3	0.0311554572712656	NA	NA
1	"Q4"	347	1	3	0.0238577032547836	NA	NA
1	"Q4"	348	1	3	0.0159076408234452	NA	NA
1	"Q4"	349	1	3	0.0372566430933612	NA	NA
1	"Q4"	350	1	3	0.024384617634345	NA	NA
1	"Q4"	351	1	3	0.0287207442330393	NA	NA
1	"Q4"	352	1	3	0.0321786181152849	NA	NA
1	"Q4"	353	1	3	0.0272085034287083	NA	NA
1	"Q4"	354	1	3	0.0289221498070232	NA	NA
1	"Q4"	355	1	3	0.0438619300811023	NA	NA
1	"Q4"	356	1	3	0.0388913308065389	NA	NA
1	"Q4"	357	1	3	0.0269473618277455	NA	NA
1	"Q4"	358	1	3	0.0234747214227229	NA	NA
1	"Q4"	359	1	3	0.0399746971207951	NA	NA
1	"Q4"	360	1	3	0.0306839645760372	NA	NA
1	"Q4"	361	1	3	0.0234581915745421	NA	NA
1	"Q4"	362	1	3	0.0440582660182834	NA	NA
1	"Q4"	363	1	3	0.0352399033303695	NA	NA
1	"Q4"	364	1	3	0.024591746673592	NA	NA
1	"Q4"	365	1	3	0.0404648938779596	NA	NA
1	"Q4"	366	1	3	-0.0127628699413872	NA	NA
1	"Q4"	367	1	3	0.0264651579710021	NA	NA
1	"Q4"	368	1	3	0.014555672508366	NA	NA
1	"Q4"	369	1	3	0.0478653932189622	NA	NA
1	"Q4"	370	1	3	0.0211114631830851	NA	NA
1	"Q4"	371	1	3	0.00832838682495849	NA	NA
1	"Q4"	372	1	3	0.0337360294369029	NA	NA
1	"Q4"	373	1	3	0.0193235732319026	NA	NA
1	"Q4"	374	1	3	0.0266524986945379	NA	NA
1	"Q4"	375	1	3	0.024146514070253	NA	NA
1	"Q4"	376	1	3	0.0305079089987019	NA	NA
1	"Q4"	377	1	3	0.0327817475097937	NA	NA
1	"Q4"	378	1	3	0.03602425674305	NA	NA
1	"Q4"	379	1	3	0.0442071561536815	NA	NA
1	"Q4"	380	1	3	0.033813993061864	NA	NA
1	"Q4"	381	1	3	0.0333846509428686	NA	NA
1	"Q4"	382	1	3	0.0216728505704678	NA	NA
1	"Q4"	383	1	3	0.0215710663435892	NA	NA
1	"Q4"	384	1	3	0.0426074794810895	NA	NA
1	"Q4"	385	1	3	0.034592161462908	NA	NA
1	"Q4"	386	1	3	0.024825213810914	NA	NA
1	"Q4"	387	1	3	0.0210477282513274	NA	NA
1	"Q4"	388	1	3	0.0311907909947457	NA	NA
1	"Q4"	389	1	3	0.0516640723473639	NA	NA
1	"Q4"	390	1	3	0.0342625825382776	NA	NA
1	"Q4"	391	1	3	0.02393401553221	NA	NA
1	"Q4"	392	1	3	0.0157325396013554	NA	NA
1	"Q4"	393	1	3	0.0371554757601831	NA	NA
1	"Q4"	394	1	3	0.0451124077462848	NA	NA
1	"Q4"	395	1	3	0.0214135315870883	NA	NA
1	"Q4"	396	1	3	0.0386387073757274	NA	NA
1	"Q4"	397	1	3	0.0319648400627944	NA	NA
1	"Q4"	398	1	3	0.0334871167959354	NA	NA
1	"Q4"	399	1	3	0.0407457580952732	NA	NA
1	"Q4"	400	1	3	-0.00162070517065882	NA	NA
