"Age"	"Level"	"Iteration"	"AgeIndex"	"LevelIndex"	"Intercept"	"tau_Intercept"	"ar_Intercept"
1	"27.4.aE"	1	1	1	0.00613620994567886	NA	NA
1	"27.4.aE"	2	1	1	0.000563599987428792	NA	NA
1	"27.4.aE"	3	1	1	-0.00704095893680402	NA	NA
1	"27.4.aE"	4	1	1	-0.00952896030110286	NA	NA
1	"27.4.aE"	5	1	1	0.00232430633627388	NA	NA
1	"27.4.aE"	6	1	1	0.00418271713779133	NA	NA
1	"27.4.aE"	7	1	1	-0.0123981557494004	NA	NA
1	"27.4.aE"	8	1	1	-0.00905987622515535	NA	NA
1	"27.4.aE"	9	1	1	0.021135538882316	NA	NA
1	"27.4.aE"	10	1	1	-0.00878455558184369	NA	NA
1	"27.4.aE"	11	1	1	-0.0197546040645059	NA	NA
1	"27.4.aE"	12	1	1	0.00402522003585816	NA	NA
1	"27.4.aE"	13	1	1	-0.0099294998004466	NA	NA
1	"27.4.aE"	14	1	1	0.00314068685439667	NA	NA
1	"27.4.aE"	15	1	1	0.00330180245194128	NA	NA
1	"27.4.aE"	16	1	1	-0.00181095968041988	NA	NA
1	"27.4.aE"	17	1	1	-0.0339303279452434	NA	NA
1	"27.4.aE"	18	1	1	0.00729348762890209	NA	NA
1	"27.4.aE"	19	1	1	0.00204677044042799	NA	NA
1	"27.4.aE"	20	1	1	-0.0133668358364016	NA	NA
1	"27.4.aE"	21	1	1	0.00166707870564931	NA	NA
1	"27.4.aE"	22	1	1	-0.00241061361548887	NA	NA
1	"27.4.aE"	23	1	1	-0.00272409183545054	NA	NA
1	"27.4.aE"	24	1	1	-0.0124622237669548	NA	NA
1	"27.4.aE"	25	1	1	-0.0112230084292159	NA	NA
1	"27.4.aE"	26	1	1	-0.000980286469859404	NA	NA
1	"27.4.aE"	27	1	1	0.00742935921820599	NA	NA
1	"27.4.aE"	28	1	1	-0.000963646174698224	NA	NA
1	"27.4.aE"	29	1	1	0.00279291313530832	NA	NA
1	"27.4.aE"	30	1	1	0.00380449058656541	NA	NA
1	"27.4.aE"	31	1	1	-0.0154359995408577	NA	NA
1	"27.4.aE"	32	1	1	-0.0189480619980352	NA	NA
1	"27.4.aE"	33	1	1	-0.00985756212340018	NA	NA
1	"27.4.aE"	34	1	1	-0.00580314717158683	NA	NA
1	"27.4.aE"	35	1	1	0.00862563550150331	NA	NA
1	"27.4.aE"	36	1	1	-0.00739091643207061	NA	NA
1	"27.4.aE"	37	1	1	0.00884934585821747	NA	NA
1	"27.4.aE"	38	1	1	0.00390585894432265	NA	NA
1	"27.4.aE"	39	1	1	-0.0105998659507206	NA	NA
1	"27.4.aE"	40	1	1	0.00214063756317393	NA	NA
1	"27.4.aE"	41	1	1	-0.0192228406705588	NA	NA
1	"27.4.aE"	42	1	1	-0.0138301661335482	NA	NA
1	"27.4.aE"	43	1	1	-0.00651069869419208	NA	NA
1	"27.4.aE"	44	1	1	-0.0131929193781792	NA	NA
1	"27.4.aE"	45	1	1	-0.00551430105799878	NA	NA
1	"27.4.aE"	46	1	1	-0.0109453212407052	NA	NA
1	"27.4.aE"	47	1	1	0.0076528317382638	NA	NA
1	"27.4.aE"	48	1	1	-0.00337654149266567	NA	NA
1	"27.4.aE"	49	1	1	-0.00562081978343928	NA	NA
1	"27.4.aE"	50	1	1	-0.00761976247472909	NA	NA
1	"27.4.aE"	51	1	1	-0.0133699567399448	NA	NA
1	"27.4.aE"	52	1	1	0.00526277109169475	NA	NA
1	"27.4.aE"	53	1	1	-0.0114667156938811	NA	NA
1	"27.4.aE"	54	1	1	0.00801106500606941	NA	NA
1	"27.4.aE"	55	1	1	0.00375969570599581	NA	NA
1	"27.4.aE"	56	1	1	-0.014027028672455	NA	NA
1	"27.4.aE"	57	1	1	0.00106190595714818	NA	NA
1	"27.4.aE"	58	1	1	0.00439869073547789	NA	NA
1	"27.4.aE"	59	1	1	0.0113260942038146	NA	NA
1	"27.4.aE"	60	1	1	0.0186477340971636	NA	NA
1	"27.4.aE"	61	1	1	0.00463910348031959	NA	NA
1	"27.4.aE"	62	1	1	-0.0173061873585507	NA	NA
1	"27.4.aE"	63	1	1	-0.00397791727515701	NA	NA
1	"27.4.aE"	64	1	1	-0.00541748470593618	NA	NA
1	"27.4.aE"	65	1	1	0.00323229865776976	NA	NA
1	"27.4.aE"	66	1	1	-0.0215951200532442	NA	NA
1	"27.4.aE"	67	1	1	0.00438928427926186	NA	NA
1	"27.4.aE"	68	1	1	-0.00177758914035716	NA	NA
1	"27.4.aE"	69	1	1	0.00776473351911993	NA	NA
1	"27.4.aE"	70	1	1	-0.00227897670074592	NA	NA
1	"27.4.aE"	71	1	1	-0.0129335894158004	NA	NA
1	"27.4.aE"	72	1	1	0.00320850385416326	NA	NA
1	"27.4.aE"	73	1	1	-0.00297660810650271	NA	NA
1	"27.4.aE"	74	1	1	-0.0154852290323522	NA	NA
1	"27.4.aE"	75	1	1	0.00484460195253119	NA	NA
1	"27.4.aE"	76	1	1	-0.00853442523084317	NA	NA
1	"27.4.aE"	77	1	1	0.00507510705243459	NA	NA
1	"27.4.aE"	78	1	1	0.000793424758394935	NA	NA
1	"27.4.aE"	79	1	1	-0.0029187828314136	NA	NA
1	"27.4.aE"	80	1	1	-0.00686350091990629	NA	NA
1	"27.4.aE"	81	1	1	-0.0115223938454507	NA	NA
1	"27.4.aE"	82	1	1	-0.0119530082002491	NA	NA
1	"27.4.aE"	83	1	1	-0.0263118100613207	NA	NA
1	"27.4.aE"	84	1	1	-0.00287886043381593	NA	NA
1	"27.4.aE"	85	1	1	0.00686912797113437	NA	NA
1	"27.4.aE"	86	1	1	-0.0105968512713068	NA	NA
1	"27.4.aE"	87	1	1	-0.00402800382014128	NA	NA
1	"27.4.aE"	88	1	1	0.00842410060214376	NA	NA
1	"27.4.aE"	89	1	1	-0.00904188015107873	NA	NA
1	"27.4.aE"	90	1	1	0.0080813877284906	NA	NA
1	"27.4.aE"	91	1	1	-0.00368112352630104	NA	NA
1	"27.4.aE"	92	1	1	-0.0124949638968561	NA	NA
1	"27.4.aE"	93	1	1	-0.0220205514412787	NA	NA
1	"27.4.aE"	94	1	1	0.0094327568938447	NA	NA
1	"27.4.aE"	95	1	1	-0.00666685374516939	NA	NA
1	"27.4.aE"	96	1	1	-0.00731439595290681	NA	NA
1	"27.4.aE"	97	1	1	-0.0185704249647884	NA	NA
1	"27.4.aE"	98	1	1	0.0117891815071682	NA	NA
1	"27.4.aE"	99	1	1	-0.00729279249122465	NA	NA
1	"27.4.aE"	100	1	1	-0.0226225488413199	NA	NA
1	"27.4.aE"	101	1	1	-0.00837435760216521	NA	NA
1	"27.4.aE"	102	1	1	-0.0103918337787828	NA	NA
1	"27.4.aE"	103	1	1	-0.000923537042809924	NA	NA
1	"27.4.aE"	104	1	1	-0.0174069731989426	NA	NA
1	"27.4.aE"	105	1	1	-0.00363111908558438	NA	NA
1	"27.4.aE"	106	1	1	0.00494837040911976	NA	NA
1	"27.4.aE"	107	1	1	0.0127331012549607	NA	NA
1	"27.4.aE"	108	1	1	0.00063497472094208	NA	NA
1	"27.4.aE"	109	1	1	-0.00693277127374026	NA	NA
1	"27.4.aE"	110	1	1	-0.022015664583229	NA	NA
1	"27.4.aE"	111	1	1	3.11034398870648e-05	NA	NA
1	"27.4.aE"	112	1	1	0.0143438978610567	NA	NA
1	"27.4.aE"	113	1	1	0.00550639234636737	NA	NA
1	"27.4.aE"	114	1	1	0.00213682563622919	NA	NA
1	"27.4.aE"	115	1	1	0.0158915673330513	NA	NA
1	"27.4.aE"	116	1	1	-0.00794587708109241	NA	NA
1	"27.4.aE"	117	1	1	0.0234660428202815	NA	NA
1	"27.4.aE"	118	1	1	-0.0181044340768091	NA	NA
1	"27.4.aE"	119	1	1	-0.00919753475439772	NA	NA
1	"27.4.aE"	120	1	1	-0.00766340415576536	NA	NA
1	"27.4.aE"	121	1	1	0.00680414509390558	NA	NA
1	"27.4.aE"	122	1	1	0.0126617672898366	NA	NA
1	"27.4.aE"	123	1	1	-0.0030856531030407	NA	NA
1	"27.4.aE"	124	1	1	-0.00778118221341955	NA	NA
1	"27.4.aE"	125	1	1	-0.0115886438965882	NA	NA
1	"27.4.aE"	126	1	1	-0.00507336169307712	NA	NA
1	"27.4.aE"	127	1	1	0.00142630803231578	NA	NA
1	"27.4.aE"	128	1	1	-0.00348903589931966	NA	NA
1	"27.4.aE"	129	1	1	-0.00645216570557482	NA	NA
1	"27.4.aE"	130	1	1	-0.00555244510313332	NA	NA
1	"27.4.aE"	131	1	1	-0.00177699840859714	NA	NA
1	"27.4.aE"	132	1	1	-0.00969684389795985	NA	NA
1	"27.4.aE"	133	1	1	0.00502759692956256	NA	NA
1	"27.4.aE"	134	1	1	-0.0177616113519982	NA	NA
1	"27.4.aE"	135	1	1	0.0124211033501966	NA	NA
1	"27.4.aE"	136	1	1	-0.00446670049375983	NA	NA
1	"27.4.aE"	137	1	1	-0.0024372333215841	NA	NA
1	"27.4.aE"	138	1	1	-0.000147111298132865	NA	NA
1	"27.4.aE"	139	1	1	-0.015254628617398	NA	NA
1	"27.4.aE"	140	1	1	-0.00799799844082782	NA	NA
1	"27.4.aE"	141	1	1	-0.0130983763837164	NA	NA
1	"27.4.aE"	142	1	1	-0.00156036110045358	NA	NA
1	"27.4.aE"	143	1	1	-0.00360090361206343	NA	NA
1	"27.4.aE"	144	1	1	-0.00422997956137487	NA	NA
1	"27.4.aE"	145	1	1	0.0135715714833447	NA	NA
1	"27.4.aE"	146	1	1	0.00347596112292889	NA	NA
1	"27.4.aE"	147	1	1	0.00706992425615666	NA	NA
1	"27.4.aE"	148	1	1	-0.000809166640241295	NA	NA
1	"27.4.aE"	149	1	1	-0.00840024909354835	NA	NA
1	"27.4.aE"	150	1	1	-0.00376720403306859	NA	NA
1	"27.4.aE"	151	1	1	0.000722508448760709	NA	NA
1	"27.4.aE"	152	1	1	-0.000384627658539546	NA	NA
1	"27.4.aE"	153	1	1	0.00614588926027056	NA	NA
1	"27.4.aE"	154	1	1	-0.00508317578998105	NA	NA
1	"27.4.aE"	155	1	1	-3.37343305730907e-05	NA	NA
1	"27.4.aE"	156	1	1	-0.0062390395836389	NA	NA
1	"27.4.aE"	157	1	1	0.00613709901798533	NA	NA
1	"27.4.aE"	158	1	1	-0.0121982518906623	NA	NA
1	"27.4.aE"	159	1	1	-0.0165269431041289	NA	NA
1	"27.4.aE"	160	1	1	0.00169382503024719	NA	NA
1	"27.4.aE"	161	1	1	0.00300739603193033	NA	NA
1	"27.4.aE"	162	1	1	0.00379967159026913	NA	NA
1	"27.4.aE"	163	1	1	0.00549712375990752	NA	NA
1	"27.4.aE"	164	1	1	-0.000860515680856255	NA	NA
1	"27.4.aE"	165	1	1	0.002240429753339	NA	NA
1	"27.4.aE"	166	1	1	0.00376494742124048	NA	NA
1	"27.4.aE"	167	1	1	0.0136901092576028	NA	NA
1	"27.4.aE"	168	1	1	0.0137312828270372	NA	NA
1	"27.4.aE"	169	1	1	0.0137144993807261	NA	NA
1	"27.4.aE"	170	1	1	-0.00469190919752048	NA	NA
1	"27.4.aE"	171	1	1	0.0145680561682721	NA	NA
1	"27.4.aE"	172	1	1	0.00764916519301327	NA	NA
1	"27.4.aE"	173	1	1	0.00106236131424592	NA	NA
1	"27.4.aE"	174	1	1	-0.00489318928869862	NA	NA
1	"27.4.aE"	175	1	1	-0.00184682068720329	NA	NA
1	"27.4.aE"	176	1	1	0.00209543976588913	NA	NA
1	"27.4.aE"	177	1	1	-0.0114894518538719	NA	NA
1	"27.4.aE"	178	1	1	0.00870840565672518	NA	NA
1	"27.4.aE"	179	1	1	0.00951676539379116	NA	NA
1	"27.4.aE"	180	1	1	-0.00354388811634236	NA	NA
1	"27.4.aE"	181	1	1	0.0141194128770671	NA	NA
1	"27.4.aE"	182	1	1	-0.00880653647488805	NA	NA
1	"27.4.aE"	183	1	1	0.000333359008675747	NA	NA
1	"27.4.aE"	184	1	1	-0.00187673551311993	NA	NA
1	"27.4.aE"	185	1	1	-0.00460415053613751	NA	NA
1	"27.4.aE"	186	1	1	-0.00307171643753625	NA	NA
1	"27.4.aE"	187	1	1	-0.00344669663537583	NA	NA
1	"27.4.aE"	188	1	1	-0.000733328426319543	NA	NA
1	"27.4.aE"	189	1	1	-0.00966520163079635	NA	NA
1	"27.4.aE"	190	1	1	0.00251678433267385	NA	NA
1	"27.4.aE"	191	1	1	-0.00375825898495033	NA	NA
1	"27.4.aE"	192	1	1	-0.030618191512648	NA	NA
1	"27.4.aE"	193	1	1	0.0103271541986206	NA	NA
1	"27.4.aE"	194	1	1	0.00241304536270665	NA	NA
1	"27.4.aE"	195	1	1	-0.0156229647471451	NA	NA
1	"27.4.aE"	196	1	1	-0.00396146834653421	NA	NA
1	"27.4.aE"	197	1	1	-0.0193326979596146	NA	NA
1	"27.4.aE"	198	1	1	-0.000874071650008411	NA	NA
1	"27.4.aE"	199	1	1	0.000979374175603316	NA	NA
1	"27.4.aE"	200	1	1	0.00779174233696881	NA	NA
1	"27.4.aE"	201	1	1	4.79292096432983e-05	NA	NA
1	"27.4.aE"	202	1	1	0.00431304372197472	NA	NA
1	"27.4.aE"	203	1	1	-0.0143080613491415	NA	NA
1	"27.4.aE"	204	1	1	-0.0188119277302684	NA	NA
1	"27.4.aE"	205	1	1	-0.00833117703044745	NA	NA
1	"27.4.aE"	206	1	1	-0.0108664478325579	NA	NA
1	"27.4.aE"	207	1	1	0.00584345796929496	NA	NA
1	"27.4.aE"	208	1	1	0.00333062170555247	NA	NA
1	"27.4.aE"	209	1	1	-0.00434099556308966	NA	NA
1	"27.4.aE"	210	1	1	-0.00141600014972502	NA	NA
1	"27.4.aE"	211	1	1	-0.00428219873797841	NA	NA
1	"27.4.aE"	212	1	1	-0.017016281957507	NA	NA
1	"27.4.aE"	213	1	1	-0.00778224646529813	NA	NA
1	"27.4.aE"	214	1	1	-0.00163090212449639	NA	NA
1	"27.4.aE"	215	1	1	0.0114929343254334	NA	NA
1	"27.4.aE"	216	1	1	0.00124806384650947	NA	NA
1	"27.4.aE"	217	1	1	0.00191343130359925	NA	NA
1	"27.4.aE"	218	1	1	-0.00754215976376896	NA	NA
1	"27.4.aE"	219	1	1	0.004586815490802	NA	NA
1	"27.4.aE"	220	1	1	0.00856216866868036	NA	NA
1	"27.4.aE"	221	1	1	-0.01935184041238	NA	NA
1	"27.4.aE"	222	1	1	-0.00312408378850897	NA	NA
1	"27.4.aE"	223	1	1	-0.0106894834988364	NA	NA
1	"27.4.aE"	224	1	1	-0.018354502982006	NA	NA
1	"27.4.aE"	225	1	1	0.0183077150841176	NA	NA
1	"27.4.aE"	226	1	1	-0.0128107903286359	NA	NA
1	"27.4.aE"	227	1	1	0.00966569997440825	NA	NA
1	"27.4.aE"	228	1	1	-0.0060183860533903	NA	NA
1	"27.4.aE"	229	1	1	-0.0236887399710487	NA	NA
1	"27.4.aE"	230	1	1	-0.00792890606395049	NA	NA
1	"27.4.aE"	231	1	1	0.00118382244382642	NA	NA
1	"27.4.aE"	232	1	1	0.0132804803589861	NA	NA
1	"27.4.aE"	233	1	1	-0.0035379109013928	NA	NA
1	"27.4.aE"	234	1	1	-0.00205341228394185	NA	NA
1	"27.4.aE"	235	1	1	-0.00493589906427033	NA	NA
1	"27.4.aE"	236	1	1	-0.0190536335980781	NA	NA
1	"27.4.aE"	237	1	1	0.00678332253018994	NA	NA
1	"27.4.aE"	238	1	1	-0.00571856730721582	NA	NA
1	"27.4.aE"	239	1	1	0.0035068406002976	NA	NA
1	"27.4.aE"	240	1	1	0.00978314222250576	NA	NA
1	"27.4.aE"	241	1	1	0.00564761203337458	NA	NA
1	"27.4.aE"	242	1	1	-0.00931136848869705	NA	NA
1	"27.4.aE"	243	1	1	-0.00227913520018651	NA	NA
1	"27.4.aE"	244	1	1	0.0108140565386415	NA	NA
1	"27.4.aE"	245	1	1	-0.00443899641197708	NA	NA
1	"27.4.aE"	246	1	1	-0.0217485264240545	NA	NA
1	"27.4.aE"	247	1	1	0.00708947145555992	NA	NA
1	"27.4.aE"	248	1	1	-0.0153644731266987	NA	NA
1	"27.4.aE"	249	1	1	0.000965754069608311	NA	NA
1	"27.4.aE"	250	1	1	0.0121683664439982	NA	NA
1	"27.4.aE"	251	1	1	-0.00383854627158373	NA	NA
1	"27.4.aE"	252	1	1	-0.00197797726296977	NA	NA
1	"27.4.aE"	253	1	1	0.0113770822394757	NA	NA
1	"27.4.aE"	254	1	1	-0.0126223058034154	NA	NA
1	"27.4.aE"	255	1	1	-0.00863262338242124	NA	NA
1	"27.4.aE"	256	1	1	0.00273789582098761	NA	NA
1	"27.4.aE"	257	1	1	-0.00177863524074937	NA	NA
1	"27.4.aE"	258	1	1	-0.00428444412146415	NA	NA
1	"27.4.aE"	259	1	1	-0.0132022167314017	NA	NA
1	"27.4.aE"	260	1	1	-0.00677932384133158	NA	NA
1	"27.4.aE"	261	1	1	-0.00045866585797088	NA	NA
1	"27.4.aE"	262	1	1	-0.00199172599998936	NA	NA
1	"27.4.aE"	263	1	1	0.00404793833879609	NA	NA
1	"27.4.aE"	264	1	1	-0.00629062946289138	NA	NA
1	"27.4.aE"	265	1	1	0.0041771344820789	NA	NA
1	"27.4.aE"	266	1	1	-0.000199117128841405	NA	NA
1	"27.4.aE"	267	1	1	-0.018391300906884	NA	NA
1	"27.4.aE"	268	1	1	-0.00748303852077191	NA	NA
1	"27.4.aE"	269	1	1	-0.0103002623266834	NA	NA
1	"27.4.aE"	270	1	1	0.0102232502388721	NA	NA
1	"27.4.aE"	271	1	1	0.00366348778392546	NA	NA
1	"27.4.aE"	272	1	1	0.0115100643256835	NA	NA
1	"27.4.aE"	273	1	1	-0.000275929304276108	NA	NA
1	"27.4.aE"	274	1	1	0.00437169069026031	NA	NA
1	"27.4.aE"	275	1	1	-0.0125979066514568	NA	NA
1	"27.4.aE"	276	1	1	-0.0123410125838438	NA	NA
1	"27.4.aE"	277	1	1	-0.00536094360593078	NA	NA
1	"27.4.aE"	278	1	1	0.00350158112588469	NA	NA
1	"27.4.aE"	279	1	1	0.0109998392316633	NA	NA
1	"27.4.aE"	280	1	1	-0.0178637191775298	NA	NA
1	"27.4.aE"	281	1	1	-0.0173726055246414	NA	NA
1	"27.4.aE"	282	1	1	0.00283695261583035	NA	NA
1	"27.4.aE"	283	1	1	0.00144138668958079	NA	NA
1	"27.4.aE"	284	1	1	0.00292302101038874	NA	NA
1	"27.4.aE"	285	1	1	-0.0022343622953204	NA	NA
1	"27.4.aE"	286	1	1	-0.00743774978418849	NA	NA
1	"27.4.aE"	287	1	1	-0.0078073726251487	NA	NA
1	"27.4.aE"	288	1	1	0.011461821892306	NA	NA
1	"27.4.aE"	289	1	1	0.00524100224767448	NA	NA
1	"27.4.aE"	290	1	1	-0.00388845615800056	NA	NA
1	"27.4.aE"	291	1	1	-0.00160991449327027	NA	NA
1	"27.4.aE"	292	1	1	-0.00481788986244625	NA	NA
1	"27.4.aE"	293	1	1	-0.0229210602028213	NA	NA
1	"27.4.aE"	294	1	1	0.00699620366740409	NA	NA
1	"27.4.aE"	295	1	1	0.010695745974463	NA	NA
1	"27.4.aE"	296	1	1	-0.0100352464757497	NA	NA
1	"27.4.aE"	297	1	1	0.00204996014592233	NA	NA
1	"27.4.aE"	298	1	1	0.00878916138136192	NA	NA
1	"27.4.aE"	299	1	1	6.11823288167415e-05	NA	NA
1	"27.4.aE"	300	1	1	-0.0018993550384662	NA	NA
1	"27.4.aE"	301	1	1	-0.0108898917142469	NA	NA
1	"27.4.aE"	302	1	1	0.00507809649704801	NA	NA
1	"27.4.aE"	303	1	1	-0.00744810467355115	NA	NA
1	"27.4.aE"	304	1	1	-0.0226119527113283	NA	NA
1	"27.4.aE"	305	1	1	0.00911730963114289	NA	NA
1	"27.4.aE"	306	1	1	-0.00506752424556687	NA	NA
1	"27.4.aE"	307	1	1	0.000131895377393962	NA	NA
1	"27.4.aE"	308	1	1	-0.00257789627742513	NA	NA
1	"27.4.aE"	309	1	1	-0.00228864379968161	NA	NA
1	"27.4.aE"	310	1	1	-0.00492320936609071	NA	NA
1	"27.4.aE"	311	1	1	-0.0117266247310014	NA	NA
1	"27.4.aE"	312	1	1	-0.00498764122881362	NA	NA
1	"27.4.aE"	313	1	1	0.0137913142439157	NA	NA
1	"27.4.aE"	314	1	1	-0.00383806569898159	NA	NA
1	"27.4.aE"	315	1	1	-0.0130926947887111	NA	NA
1	"27.4.aE"	316	1	1	-0.00889140866491787	NA	NA
1	"27.4.aE"	317	1	1	-0.00138475811159847	NA	NA
1	"27.4.aE"	318	1	1	0.0116096471991131	NA	NA
1	"27.4.aE"	319	1	1	0.00852328428901158	NA	NA
1	"27.4.aE"	320	1	1	-0.0030194402781767	NA	NA
1	"27.4.aE"	321	1	1	-0.0124577529640953	NA	NA
1	"27.4.aE"	322	1	1	-0.0140803413847569	NA	NA
1	"27.4.aE"	323	1	1	-0.0153924035275607	NA	NA
1	"27.4.aE"	324	1	1	-0.0035449796270036	NA	NA
1	"27.4.aE"	325	1	1	0.00417041933489593	NA	NA
1	"27.4.aE"	326	1	1	-0.0203927364485926	NA	NA
1	"27.4.aE"	327	1	1	-0.000843642367024639	NA	NA
1	"27.4.aE"	328	1	1	-0.0161336378716035	NA	NA
1	"27.4.aE"	329	1	1	-0.0160558623127272	NA	NA
1	"27.4.aE"	330	1	1	-0.0144068440011015	NA	NA
1	"27.4.aE"	331	1	1	0.000771645845518656	NA	NA
1	"27.4.aE"	332	1	1	0.00268609789401432	NA	NA
1	"27.4.aE"	333	1	1	-0.00178291019112645	NA	NA
1	"27.4.aE"	334	1	1	0.00433738660686742	NA	NA
1	"27.4.aE"	335	1	1	0.00080742825528288	NA	NA
1	"27.4.aE"	336	1	1	-0.000411902919034658	NA	NA
1	"27.4.aE"	337	1	1	-0.0105513326415358	NA	NA
1	"27.4.aE"	338	1	1	-0.00796466729108414	NA	NA
1	"27.4.aE"	339	1	1	-0.0122565966138363	NA	NA
1	"27.4.aE"	340	1	1	0.000200374118617311	NA	NA
1	"27.4.aE"	341	1	1	-0.00826769369074086	NA	NA
1	"27.4.aE"	342	1	1	-0.00314645864554917	NA	NA
1	"27.4.aE"	343	1	1	-0.00855695861405329	NA	NA
1	"27.4.aE"	344	1	1	-0.018875713582655	NA	NA
1	"27.4.aE"	345	1	1	-0.011800937204654	NA	NA
1	"27.4.aE"	346	1	1	0.00146539250914475	NA	NA
1	"27.4.aE"	347	1	1	-0.0190665091254422	NA	NA
1	"27.4.aE"	348	1	1	-0.0159999210367992	NA	NA
1	"27.4.aE"	349	1	1	0.0185334485061232	NA	NA
1	"27.4.aE"	350	1	1	-0.00506774535000197	NA	NA
1	"27.4.aE"	351	1	1	0.0081974876125414	NA	NA
1	"27.4.aE"	352	1	1	-0.00509048876105073	NA	NA
1	"27.4.aE"	353	1	1	-0.0104131622169829	NA	NA
1	"27.4.aE"	354	1	1	0.00569905790411754	NA	NA
1	"27.4.aE"	355	1	1	0.011662413934992	NA	NA
1	"27.4.aE"	356	1	1	0.0100274444277063	NA	NA
1	"27.4.aE"	357	1	1	0.000157820535970752	NA	NA
1	"27.4.aE"	358	1	1	0.00589251643121761	NA	NA
1	"27.4.aE"	359	1	1	-0.0127482055741907	NA	NA
1	"27.4.aE"	360	1	1	0.0117897731878018	NA	NA
1	"27.4.aE"	361	1	1	-0.0161942589648716	NA	NA
1	"27.4.aE"	362	1	1	0.00598986573620797	NA	NA
1	"27.4.aE"	363	1	1	-0.00560421951982408	NA	NA
1	"27.4.aE"	364	1	1	-0.0231204028554988	NA	NA
1	"27.4.aE"	365	1	1	0.00671587561168373	NA	NA
1	"27.4.aE"	366	1	1	-0.0233003694645162	NA	NA
1	"27.4.aE"	367	1	1	-0.00859646296145652	NA	NA
1	"27.4.aE"	368	1	1	-0.0181972322603267	NA	NA
1	"27.4.aE"	369	1	1	0.0128758977601505	NA	NA
1	"27.4.aE"	370	1	1	-0.0111235326571878	NA	NA
1	"27.4.aE"	371	1	1	-0.0124469933992608	NA	NA
1	"27.4.aE"	372	1	1	-0.017762571559018	NA	NA
1	"27.4.aE"	373	1	1	-0.0167537929349039	NA	NA
1	"27.4.aE"	374	1	1	-0.00630611250311981	NA	NA
1	"27.4.aE"	375	1	1	-0.0193782768279709	NA	NA
1	"27.4.aE"	376	1	1	-0.0117564967557298	NA	NA
1	"27.4.aE"	377	1	1	-0.00199805412645718	NA	NA
1	"27.4.aE"	378	1	1	-0.00416009187119568	NA	NA
1	"27.4.aE"	379	1	1	-0.0153757474210769	NA	NA
1	"27.4.aE"	380	1	1	0.0144897051666654	NA	NA
1	"27.4.aE"	381	1	1	0.00956470927144971	NA	NA
1	"27.4.aE"	382	1	1	-0.00581854761091655	NA	NA
1	"27.4.aE"	383	1	1	-3.47959639997769e-05	NA	NA
1	"27.4.aE"	384	1	1	0.000941647794481137	NA	NA
1	"27.4.aE"	385	1	1	-0.00913384814230906	NA	NA
1	"27.4.aE"	386	1	1	0.0070600891690922	NA	NA
1	"27.4.aE"	387	1	1	-0.00899308141957441	NA	NA
1	"27.4.aE"	388	1	1	0.000964457184203599	NA	NA
1	"27.4.aE"	389	1	1	0.009204145544322	NA	NA
1	"27.4.aE"	390	1	1	-0.000521103760516738	NA	NA
1	"27.4.aE"	391	1	1	0.00406359710044511	NA	NA
1	"27.4.aE"	392	1	1	-0.00578486507722739	NA	NA
1	"27.4.aE"	393	1	1	0.0128815648809085	NA	NA
1	"27.4.aE"	394	1	1	-0.0107428659634831	NA	NA
1	"27.4.aE"	395	1	1	-0.0121377570938134	NA	NA
1	"27.4.aE"	396	1	1	0.00661430303647364	NA	NA
1	"27.4.aE"	397	1	1	0.00634922132449133	NA	NA
1	"27.4.aE"	398	1	1	-0.00592602510013824	NA	NA
1	"27.4.aE"	399	1	1	-0.00384514903960062	NA	NA
1	"27.4.aE"	400	1	1	0.00167472913925688	NA	NA
1	"27.4.aW"	1	1	2	-0.00613620994568125	NA	NA
1	"27.4.aW"	2	1	2	-0.00056359998743131	NA	NA
1	"27.4.aW"	3	1	2	0.00704095893680684	NA	NA
1	"27.4.aW"	4	1	2	0.0095289603011021	NA	NA
1	"27.4.aW"	5	1	2	-0.00232430633627682	NA	NA
1	"27.4.aW"	6	1	2	-0.00418271713778993	NA	NA
1	"27.4.aW"	7	1	2	0.0123981557494007	NA	NA
1	"27.4.aW"	8	1	2	0.00905987622515264	NA	NA
1	"27.4.aW"	9	1	2	-0.021135538882314	NA	NA
1	"27.4.aW"	10	1	2	0.00878455558184367	NA	NA
1	"27.4.aW"	11	1	2	0.0197546040645065	NA	NA
1	"27.4.aW"	12	1	2	-0.00402522003586298	NA	NA
1	"27.4.aW"	13	1	2	0.00992949980044993	NA	NA
1	"27.4.aW"	14	1	2	-0.00314068685439327	NA	NA
1	"27.4.aW"	15	1	2	-0.00330180245193806	NA	NA
1	"27.4.aW"	16	1	2	0.0018109596804261	NA	NA
1	"27.4.aW"	17	1	2	0.0339303279452414	NA	NA
1	"27.4.aW"	18	1	2	-0.00729348762890077	NA	NA
1	"27.4.aW"	19	1	2	-0.00204677044042796	NA	NA
1	"27.4.aW"	20	1	2	0.0133668358364056	NA	NA
1	"27.4.aW"	21	1	2	-0.0016670787056509	NA	NA
1	"27.4.aW"	22	1	2	0.00241061361549042	NA	NA
1	"27.4.aW"	23	1	2	0.00272409183545187	NA	NA
1	"27.4.aW"	24	1	2	0.0124622237669553	NA	NA
1	"27.4.aW"	25	1	2	0.0112230084292156	NA	NA
1	"27.4.aW"	26	1	2	0.000980286469857932	NA	NA
1	"27.4.aW"	27	1	2	-0.00742935921820728	NA	NA
1	"27.4.aW"	28	1	2	0.000963646174697478	NA	NA
1	"27.4.aW"	29	1	2	-0.00279291313530593	NA	NA
1	"27.4.aW"	30	1	2	-0.00380449058656447	NA	NA
1	"27.4.aW"	31	1	2	0.0154359995408565	NA	NA
1	"27.4.aW"	32	1	2	0.0189480619980417	NA	NA
1	"27.4.aW"	33	1	2	0.00985756212340025	NA	NA
1	"27.4.aW"	34	1	2	0.00580314717158684	NA	NA
1	"27.4.aW"	35	1	2	-0.00862563550150578	NA	NA
1	"27.4.aW"	36	1	2	0.00739091643207666	NA	NA
1	"27.4.aW"	37	1	2	-0.00884934585821817	NA	NA
1	"27.4.aW"	38	1	2	-0.0039058589443232	NA	NA
1	"27.4.aW"	39	1	2	0.0105998659507229	NA	NA
1	"27.4.aW"	40	1	2	-0.00214063756317471	NA	NA
1	"27.4.aW"	41	1	2	0.0192228406705561	NA	NA
1	"27.4.aW"	42	1	2	0.0138301661335513	NA	NA
1	"27.4.aW"	43	1	2	0.00651069869419269	NA	NA
1	"27.4.aW"	44	1	2	0.0131929193781782	NA	NA
1	"27.4.aW"	45	1	2	0.00551430105799816	NA	NA
1	"27.4.aW"	46	1	2	0.0109453212407047	NA	NA
1	"27.4.aW"	47	1	2	-0.00765283173826534	NA	NA
1	"27.4.aW"	48	1	2	0.00337654149266551	NA	NA
1	"27.4.aW"	49	1	2	0.0056208197834363	NA	NA
1	"27.4.aW"	50	1	2	0.00761976247472831	NA	NA
1	"27.4.aW"	51	1	2	0.0133699567399394	NA	NA
1	"27.4.aW"	52	1	2	-0.0052627710916944	NA	NA
1	"27.4.aW"	53	1	2	0.0114667156938824	NA	NA
1	"27.4.aW"	54	1	2	-0.00801106500606869	NA	NA
1	"27.4.aW"	55	1	2	-0.00375969570599537	NA	NA
1	"27.4.aW"	56	1	2	0.0140270286724571	NA	NA
1	"27.4.aW"	57	1	2	-0.00106190595714594	NA	NA
1	"27.4.aW"	58	1	2	-0.00439869073547807	NA	NA
1	"27.4.aW"	59	1	2	-0.0113260942038177	NA	NA
1	"27.4.aW"	60	1	2	-0.0186477340971673	NA	NA
1	"27.4.aW"	61	1	2	-0.00463910348032063	NA	NA
1	"27.4.aW"	62	1	2	0.0173061873585504	NA	NA
1	"27.4.aW"	63	1	2	0.00397791727515844	NA	NA
1	"27.4.aW"	64	1	2	0.00541748470593639	NA	NA
1	"27.4.aW"	65	1	2	-0.00323229865776937	NA	NA
1	"27.4.aW"	66	1	2	0.0215951200532476	NA	NA
1	"27.4.aW"	67	1	2	-0.0043892842792614	NA	NA
1	"27.4.aW"	68	1	2	0.00177758914035556	NA	NA
1	"27.4.aW"	69	1	2	-0.00776473351911541	NA	NA
1	"27.4.aW"	70	1	2	0.00227897670074506	NA	NA
1	"27.4.aW"	71	1	2	0.0129335894158026	NA	NA
1	"27.4.aW"	72	1	2	-0.00320850385416259	NA	NA
1	"27.4.aW"	73	1	2	0.00297660810650579	NA	NA
1	"27.4.aW"	74	1	2	0.0154852290323568	NA	NA
1	"27.4.aW"	75	1	2	-0.00484460195253266	NA	NA
1	"27.4.aW"	76	1	2	0.00853442523084282	NA	NA
1	"27.4.aW"	77	1	2	-0.00507510705243517	NA	NA
1	"27.4.aW"	78	1	2	-0.000793424758397543	NA	NA
1	"27.4.aW"	79	1	2	0.00291878283141231	NA	NA
1	"27.4.aW"	80	1	2	0.006863500919909	NA	NA
1	"27.4.aW"	81	1	2	0.0115223938454504	NA	NA
1	"27.4.aW"	82	1	2	0.0119530082002526	NA	NA
1	"27.4.aW"	83	1	2	0.0263118100613233	NA	NA
1	"27.4.aW"	84	1	2	0.00287886043381456	NA	NA
1	"27.4.aW"	85	1	2	-0.00686912797113396	NA	NA
1	"27.4.aW"	86	1	2	0.0105968512713029	NA	NA
1	"27.4.aW"	87	1	2	0.00402800382013801	NA	NA
1	"27.4.aW"	88	1	2	-0.0084241006021442	NA	NA
1	"27.4.aW"	89	1	2	0.00904188015107418	NA	NA
1	"27.4.aW"	90	1	2	-0.00808138772849135	NA	NA
1	"27.4.aW"	91	1	2	0.00368112352630483	NA	NA
1	"27.4.aW"	92	1	2	0.0124949638968567	NA	NA
1	"27.4.aW"	93	1	2	0.0220205514412781	NA	NA
1	"27.4.aW"	94	1	2	-0.00943275689384559	NA	NA
1	"27.4.aW"	95	1	2	0.00666685374516718	NA	NA
1	"27.4.aW"	96	1	2	0.0073143959529041	NA	NA
1	"27.4.aW"	97	1	2	0.0185704249647906	NA	NA
1	"27.4.aW"	98	1	2	-0.0117891815071662	NA	NA
1	"27.4.aW"	99	1	2	0.00729279249122305	NA	NA
1	"27.4.aW"	100	1	2	0.0226225488413227	NA	NA
1	"27.4.aW"	101	1	2	0.00837435760216672	NA	NA
1	"27.4.aW"	102	1	2	0.0103918337787826	NA	NA
1	"27.4.aW"	103	1	2	0.000923537042811212	NA	NA
1	"27.4.aW"	104	1	2	0.0174069731989429	NA	NA
1	"27.4.aW"	105	1	2	0.0036311190855848	NA	NA
1	"27.4.aW"	106	1	2	-0.0049483704091206	NA	NA
1	"27.4.aW"	107	1	2	-0.0127331012549602	NA	NA
1	"27.4.aW"	108	1	2	-0.000634974720944497	NA	NA
1	"27.4.aW"	109	1	2	0.00693277127374381	NA	NA
1	"27.4.aW"	110	1	2	0.0220156645832348	NA	NA
1	"27.4.aW"	111	1	2	-3.11034398873429e-05	NA	NA
1	"27.4.aW"	112	1	2	-0.0143438978610561	NA	NA
1	"27.4.aW"	113	1	2	-0.00550639234636569	NA	NA
1	"27.4.aW"	114	1	2	-0.00213682563623053	NA	NA
1	"27.4.aW"	115	1	2	-0.0158915673330507	NA	NA
1	"27.4.aW"	116	1	2	0.0079458770810917	NA	NA
1	"27.4.aW"	117	1	2	-0.023466042820286	NA	NA
1	"27.4.aW"	118	1	2	0.0181044340768082	NA	NA
1	"27.4.aW"	119	1	2	0.00919753475439768	NA	NA
1	"27.4.aW"	120	1	2	0.00766340415576237	NA	NA
1	"27.4.aW"	121	1	2	-0.00680414509390881	NA	NA
1	"27.4.aW"	122	1	2	-0.0126617672898358	NA	NA
1	"27.4.aW"	123	1	2	0.00308565310303801	NA	NA
1	"27.4.aW"	124	1	2	0.00778118221342282	NA	NA
1	"27.4.aW"	125	1	2	0.0115886438965869	NA	NA
1	"27.4.aW"	126	1	2	0.00507336169307596	NA	NA
1	"27.4.aW"	127	1	2	-0.00142630803231082	NA	NA
1	"27.4.aW"	128	1	2	0.00348903589932319	NA	NA
1	"27.4.aW"	129	1	2	0.00645216570557659	NA	NA
1	"27.4.aW"	130	1	2	0.00555244510313017	NA	NA
1	"27.4.aW"	131	1	2	0.00177699840859948	NA	NA
1	"27.4.aW"	132	1	2	0.00969684389795703	NA	NA
1	"27.4.aW"	133	1	2	-0.00502759692956349	NA	NA
1	"27.4.aW"	134	1	2	0.0177616113520008	NA	NA
1	"27.4.aW"	135	1	2	-0.0124211033501941	NA	NA
1	"27.4.aW"	136	1	2	0.00446670049375815	NA	NA
1	"27.4.aW"	137	1	2	0.00243723332158089	NA	NA
1	"27.4.aW"	138	1	2	0.000147111298134897	NA	NA
1	"27.4.aW"	139	1	2	0.0152546286173962	NA	NA
1	"27.4.aW"	140	1	2	0.00799799844082701	NA	NA
1	"27.4.aW"	141	1	2	0.0130983763837193	NA	NA
1	"27.4.aW"	142	1	2	0.00156036110045027	NA	NA
1	"27.4.aW"	143	1	2	0.00360090361206353	NA	NA
1	"27.4.aW"	144	1	2	0.00422997956137591	NA	NA
1	"27.4.aW"	145	1	2	-0.0135715714833426	NA	NA
1	"27.4.aW"	146	1	2	-0.00347596112292926	NA	NA
1	"27.4.aW"	147	1	2	-0.00706992425615837	NA	NA
1	"27.4.aW"	148	1	2	0.000809166640241706	NA	NA
1	"27.4.aW"	149	1	2	0.00840024909354706	NA	NA
1	"27.4.aW"	150	1	2	0.00376720403307008	NA	NA
1	"27.4.aW"	151	1	2	-0.000722508448759036	NA	NA
1	"27.4.aW"	152	1	2	0.000384627658540662	NA	NA
1	"27.4.aW"	153	1	2	-0.00614588926027331	NA	NA
1	"27.4.aW"	154	1	2	0.00508317578998448	NA	NA
1	"27.4.aW"	155	1	2	3.37343305717441e-05	NA	NA
1	"27.4.aW"	156	1	2	0.00623903958364166	NA	NA
1	"27.4.aW"	157	1	2	-0.00613709901798678	NA	NA
1	"27.4.aW"	158	1	2	0.0121982518906621	NA	NA
1	"27.4.aW"	159	1	2	0.0165269431041319	NA	NA
1	"27.4.aW"	160	1	2	-0.00169382503024829	NA	NA
1	"27.4.aW"	161	1	2	-0.00300739603193072	NA	NA
1	"27.4.aW"	162	1	2	-0.00379967159026001	NA	NA
1	"27.4.aW"	163	1	2	-0.00549712375990528	NA	NA
1	"27.4.aW"	164	1	2	0.000860515680850559	NA	NA
1	"27.4.aW"	165	1	2	-0.00224042975333663	NA	NA
1	"27.4.aW"	166	1	2	-0.00376494742124206	NA	NA
1	"27.4.aW"	167	1	2	-0.0136901092576031	NA	NA
1	"27.4.aW"	168	1	2	-0.0137312828270391	NA	NA
1	"27.4.aW"	169	1	2	-0.0137144993807252	NA	NA
1	"27.4.aW"	170	1	2	0.00469190919752421	NA	NA
1	"27.4.aW"	171	1	2	-0.0145680561682752	NA	NA
1	"27.4.aW"	172	1	2	-0.00764916519301357	NA	NA
1	"27.4.aW"	173	1	2	-0.00106236131424887	NA	NA
1	"27.4.aW"	174	1	2	0.00489318928869801	NA	NA
1	"27.4.aW"	175	1	2	0.00184682068720304	NA	NA
1	"27.4.aW"	176	1	2	-0.00209543976589027	NA	NA
1	"27.4.aW"	177	1	2	0.011489451853868	NA	NA
1	"27.4.aW"	178	1	2	-0.00870840565672434	NA	NA
1	"27.4.aW"	179	1	2	-0.00951676539378592	NA	NA
1	"27.4.aW"	180	1	2	0.00354388811634301	NA	NA
1	"27.4.aW"	181	1	2	-0.014119412877067	NA	NA
1	"27.4.aW"	182	1	2	0.00880653647488867	NA	NA
1	"27.4.aW"	183	1	2	-0.000333359008674687	NA	NA
1	"27.4.aW"	184	1	2	0.00187673551312198	NA	NA
1	"27.4.aW"	185	1	2	0.00460415053613927	NA	NA
1	"27.4.aW"	186	1	2	0.00307171643752716	NA	NA
1	"27.4.aW"	187	1	2	0.00344669663537708	NA	NA
1	"27.4.aW"	188	1	2	0.000733328426320661	NA	NA
1	"27.4.aW"	189	1	2	0.00966520163079693	NA	NA
1	"27.4.aW"	190	1	2	-0.00251678433266892	NA	NA
1	"27.4.aW"	191	1	2	0.00375825898494871	NA	NA
1	"27.4.aW"	192	1	2	0.0306181915126455	NA	NA
1	"27.4.aW"	193	1	2	-0.0103271541986189	NA	NA
1	"27.4.aW"	194	1	2	-0.0024130453627064	NA	NA
1	"27.4.aW"	195	1	2	0.0156229647471476	NA	NA
1	"27.4.aW"	196	1	2	0.00396146834654329	NA	NA
1	"27.4.aW"	197	1	2	0.0193326979596181	NA	NA
1	"27.4.aW"	198	1	2	0.0008740716500066	NA	NA
1	"27.4.aW"	199	1	2	-0.00097937417560207	NA	NA
1	"27.4.aW"	200	1	2	-0.00779174233696736	NA	NA
1	"27.4.aW"	201	1	2	-4.79292096434973e-05	NA	NA
1	"27.4.aW"	202	1	2	-0.00431304372197478	NA	NA
1	"27.4.aW"	203	1	2	0.0143080613491356	NA	NA
1	"27.4.aW"	204	1	2	0.018811927730266	NA	NA
1	"27.4.aW"	205	1	2	0.00833117703044718	NA	NA
1	"27.4.aW"	206	1	2	0.0108664478325556	NA	NA
1	"27.4.aW"	207	1	2	-0.00584345796929353	NA	NA
1	"27.4.aW"	208	1	2	-0.00333062170555264	NA	NA
1	"27.4.aW"	209	1	2	0.004340995563087	NA	NA
1	"27.4.aW"	210	1	2	0.00141600014972006	NA	NA
1	"27.4.aW"	211	1	2	0.00428219873798191	NA	NA
1	"27.4.aW"	212	1	2	0.0170162819575055	NA	NA
1	"27.4.aW"	213	1	2	0.00778224646529665	NA	NA
1	"27.4.aW"	214	1	2	0.00163090212449618	NA	NA
1	"27.4.aW"	215	1	2	-0.0114929343254325	NA	NA
1	"27.4.aW"	216	1	2	-0.00124806384649832	NA	NA
1	"27.4.aW"	217	1	2	-0.0019134313035971	NA	NA
1	"27.4.aW"	218	1	2	0.00754215976377001	NA	NA
1	"27.4.aW"	219	1	2	-0.00458681549080175	NA	NA
1	"27.4.aW"	220	1	2	-0.00856216866867826	NA	NA
1	"27.4.aW"	221	1	2	0.0193518404123814	NA	NA
1	"27.4.aW"	222	1	2	0.00312408378850833	NA	NA
1	"27.4.aW"	223	1	2	0.0106894834988338	NA	NA
1	"27.4.aW"	224	1	2	0.0183545029820043	NA	NA
1	"27.4.aW"	225	1	2	-0.0183077150841165	NA	NA
1	"27.4.aW"	226	1	2	0.0128107903286347	NA	NA
1	"27.4.aW"	227	1	2	-0.00966569997440742	NA	NA
1	"27.4.aW"	228	1	2	0.0060183860533919	NA	NA
1	"27.4.aW"	229	1	2	0.0236887399710501	NA	NA
1	"27.4.aW"	230	1	2	0.00792890606395149	NA	NA
1	"27.4.aW"	231	1	2	-0.00118382244382586	NA	NA
1	"27.4.aW"	232	1	2	-0.0132804803589854	NA	NA
1	"27.4.aW"	233	1	2	0.00353791090139031	NA	NA
1	"27.4.aW"	234	1	2	0.00205341228394149	NA	NA
1	"27.4.aW"	235	1	2	0.00493589906427267	NA	NA
1	"27.4.aW"	236	1	2	0.0190536335980769	NA	NA
1	"27.4.aW"	237	1	2	-0.00678332253019065	NA	NA
1	"27.4.aW"	238	1	2	0.00571856730721024	NA	NA
1	"27.4.aW"	239	1	2	-0.00350684060029819	NA	NA
1	"27.4.aW"	240	1	2	-0.00978314222250736	NA	NA
1	"27.4.aW"	241	1	2	-0.00564761203337231	NA	NA
1	"27.4.aW"	242	1	2	0.00931136848869376	NA	NA
1	"27.4.aW"	243	1	2	0.00227913520018496	NA	NA
1	"27.4.aW"	244	1	2	-0.0108140565386415	NA	NA
1	"27.4.aW"	245	1	2	0.00443899641197361	NA	NA
1	"27.4.aW"	246	1	2	0.021748526424055	NA	NA
1	"27.4.aW"	247	1	2	-0.00708947145556188	NA	NA
1	"27.4.aW"	248	1	2	0.0153644731266994	NA	NA
1	"27.4.aW"	249	1	2	-0.000965754069610542	NA	NA
1	"27.4.aW"	250	1	2	-0.0121683664439977	NA	NA
1	"27.4.aW"	251	1	2	0.0038385462715805	NA	NA
1	"27.4.aW"	252	1	2	0.00197797726297011	NA	NA
1	"27.4.aW"	253	1	2	-0.0113770822394742	NA	NA
1	"27.4.aW"	254	1	2	0.0126223058034141	NA	NA
1	"27.4.aW"	255	1	2	0.00863262338242381	NA	NA
1	"27.4.aW"	256	1	2	-0.00273789582098986	NA	NA
1	"27.4.aW"	257	1	2	0.0017786352407486	NA	NA
1	"27.4.aW"	258	1	2	0.00428444412146385	NA	NA
1	"27.4.aW"	259	1	2	0.0132022167314008	NA	NA
1	"27.4.aW"	260	1	2	0.00677932384132733	NA	NA
1	"27.4.aW"	261	1	2	0.000458665857971407	NA	NA
1	"27.4.aW"	262	1	2	0.00199172599998977	NA	NA
1	"27.4.aW"	263	1	2	-0.00404793833879583	NA	NA
1	"27.4.aW"	264	1	2	0.00629062946288981	NA	NA
1	"27.4.aW"	265	1	2	-0.0041771344820824	NA	NA
1	"27.4.aW"	266	1	2	0.000199117128846336	NA	NA
1	"27.4.aW"	267	1	2	0.0183913009068846	NA	NA
1	"27.4.aW"	268	1	2	0.00748303852077277	NA	NA
1	"27.4.aW"	269	1	2	0.0103002623266867	NA	NA
1	"27.4.aW"	270	1	2	-0.0102232502388753	NA	NA
1	"27.4.aW"	271	1	2	-0.00366348778392859	NA	NA
1	"27.4.aW"	272	1	2	-0.011510064325683	NA	NA
1	"27.4.aW"	273	1	2	0.000275929304276662	NA	NA
1	"27.4.aW"	274	1	2	-0.0043716906902589	NA	NA
1	"27.4.aW"	275	1	2	0.0125979066514558	NA	NA
1	"27.4.aW"	276	1	2	0.0123410125838472	NA	NA
1	"27.4.aW"	277	1	2	0.00536094360592983	NA	NA
1	"27.4.aW"	278	1	2	-0.00350158112588346	NA	NA
1	"27.4.aW"	279	1	2	-0.0109998392316622	NA	NA
1	"27.4.aW"	280	1	2	0.0178637191775277	NA	NA
1	"27.4.aW"	281	1	2	0.0173726055246414	NA	NA
1	"27.4.aW"	282	1	2	-0.00283695261583352	NA	NA
1	"27.4.aW"	283	1	2	-0.0014413866895807	NA	NA
1	"27.4.aW"	284	1	2	-0.00292302101038729	NA	NA
1	"27.4.aW"	285	1	2	0.00223436229532639	NA	NA
1	"27.4.aW"	286	1	2	0.00743774978418859	NA	NA
1	"27.4.aW"	287	1	2	0.00780737262514941	NA	NA
1	"27.4.aW"	288	1	2	-0.0114618218923011	NA	NA
1	"27.4.aW"	289	1	2	-0.00524100224767644	NA	NA
1	"27.4.aW"	290	1	2	0.00388845615799674	NA	NA
1	"27.4.aW"	291	1	2	0.00160991449327026	NA	NA
1	"27.4.aW"	292	1	2	0.00481788986244745	NA	NA
1	"27.4.aW"	293	1	2	0.0229210602028246	NA	NA
1	"27.4.aW"	294	1	2	-0.00699620366740554	NA	NA
1	"27.4.aW"	295	1	2	-0.0106957459744642	NA	NA
1	"27.4.aW"	296	1	2	0.0100352464757482	NA	NA
1	"27.4.aW"	297	1	2	-0.00204996014592004	NA	NA
1	"27.4.aW"	298	1	2	-0.00878916138136072	NA	NA
1	"27.4.aW"	299	1	2	-6.11823288168375e-05	NA	NA
1	"27.4.aW"	300	1	2	0.00189935503846772	NA	NA
1	"27.4.aW"	301	1	2	0.0108898917142454	NA	NA
1	"27.4.aW"	302	1	2	-0.00507809649704691	NA	NA
1	"27.4.aW"	303	1	2	0.00744810467355348	NA	NA
1	"27.4.aW"	304	1	2	0.0226119527113297	NA	NA
1	"27.4.aW"	305	1	2	-0.00911730963114514	NA	NA
1	"27.4.aW"	306	1	2	0.00506752424557096	NA	NA
1	"27.4.aW"	307	1	2	-0.00013189537739322	NA	NA
1	"27.4.aW"	308	1	2	0.00257789627742449	NA	NA
1	"27.4.aW"	309	1	2	0.00228864379968597	NA	NA
1	"27.4.aW"	310	1	2	0.00492320936609115	NA	NA
1	"27.4.aW"	311	1	2	0.0117266247310001	NA	NA
1	"27.4.aW"	312	1	2	0.00498764122881088	NA	NA
1	"27.4.aW"	313	1	2	-0.0137913142439142	NA	NA
1	"27.4.aW"	314	1	2	0.00383806569898187	NA	NA
1	"27.4.aW"	315	1	2	0.0130926947887119	NA	NA
1	"27.4.aW"	316	1	2	0.00889140866491921	NA	NA
1	"27.4.aW"	317	1	2	0.00138475811159589	NA	NA
1	"27.4.aW"	318	1	2	-0.0116096471991146	NA	NA
1	"27.4.aW"	319	1	2	-0.00852328428901087	NA	NA
1	"27.4.aW"	320	1	2	0.00301944027817795	NA	NA
1	"27.4.aW"	321	1	2	0.0124577529640935	NA	NA
1	"27.4.aW"	322	1	2	0.0140803413847592	NA	NA
1	"27.4.aW"	323	1	2	0.0153924035275621	NA	NA
1	"27.4.aW"	324	1	2	0.0035449796270031	NA	NA
1	"27.4.aW"	325	1	2	-0.00417041933489455	NA	NA
1	"27.4.aW"	326	1	2	0.0203927364485941	NA	NA
1	"27.4.aW"	327	1	2	0.00084364236702764	NA	NA
1	"27.4.aW"	328	1	2	0.0161336378716065	NA	NA
1	"27.4.aW"	329	1	2	0.0160558623127308	NA	NA
1	"27.4.aW"	330	1	2	0.0144068440010998	NA	NA
1	"27.4.aW"	331	1	2	-0.000771645845516177	NA	NA
1	"27.4.aW"	332	1	2	-0.00268609789401412	NA	NA
1	"27.4.aW"	333	1	2	0.00178291019112738	NA	NA
1	"27.4.aW"	334	1	2	-0.00433738660687027	NA	NA
1	"27.4.aW"	335	1	2	-0.000807428255284077	NA	NA
1	"27.4.aW"	336	1	2	0.000411902919031957	NA	NA
1	"27.4.aW"	337	1	2	0.0105513326415385	NA	NA
1	"27.4.aW"	338	1	2	0.00796466729108279	NA	NA
1	"27.4.aW"	339	1	2	0.0122565966138343	NA	NA
1	"27.4.aW"	340	1	2	-0.000200374118614239	NA	NA
1	"27.4.aW"	341	1	2	0.00826769369074011	NA	NA
1	"27.4.aW"	342	1	2	0.00314645864555256	NA	NA
1	"27.4.aW"	343	1	2	0.00855695861405271	NA	NA
1	"27.4.aW"	344	1	2	0.0188757135826504	NA	NA
1	"27.4.aW"	345	1	2	0.0118009372046539	NA	NA
1	"27.4.aW"	346	1	2	-0.00146539250914603	NA	NA
1	"27.4.aW"	347	1	2	0.0190665091254387	NA	NA
1	"27.4.aW"	348	1	2	0.0159999210368032	NA	NA
1	"27.4.aW"	349	1	2	-0.018533448506122	NA	NA
1	"27.4.aW"	350	1	2	0.00506774535000276	NA	NA
1	"27.4.aW"	351	1	2	-0.00819748761253991	NA	NA
1	"27.4.aW"	352	1	2	0.00509048876104567	NA	NA
1	"27.4.aW"	353	1	2	0.0104131622169836	NA	NA
1	"27.4.aW"	354	1	2	-0.00569905790411842	NA	NA
1	"27.4.aW"	355	1	2	-0.0116624139349914	NA	NA
1	"27.4.aW"	356	1	2	-0.0100274444277049	NA	NA
1	"27.4.aW"	357	1	2	-0.000157820535970383	NA	NA
1	"27.4.aW"	358	1	2	-0.00589251643121618	NA	NA
1	"27.4.aW"	359	1	2	0.0127482055741895	NA	NA
1	"27.4.aW"	360	1	2	-0.0117897731878016	NA	NA
1	"27.4.aW"	361	1	2	0.0161942589648722	NA	NA
1	"27.4.aW"	362	1	2	-0.00598986573620698	NA	NA
1	"27.4.aW"	363	1	2	0.0056042195198238	NA	NA
1	"27.4.aW"	364	1	2	0.0231204028554991	NA	NA
1	"27.4.aW"	365	1	2	-0.00671587561168639	NA	NA
1	"27.4.aW"	366	1	2	0.0233003694645165	NA	NA
1	"27.4.aW"	367	1	2	0.00859646296145944	NA	NA
1	"27.4.aW"	368	1	2	0.0181972322603265	NA	NA
1	"27.4.aW"	369	1	2	-0.0128758977601497	NA	NA
1	"27.4.aW"	370	1	2	0.011123532657187	NA	NA
1	"27.4.aW"	371	1	2	0.0124469933992604	NA	NA
1	"27.4.aW"	372	1	2	0.0177625715590166	NA	NA
1	"27.4.aW"	373	1	2	0.0167537929349008	NA	NA
1	"27.4.aW"	374	1	2	0.00630611250311886	NA	NA
1	"27.4.aW"	375	1	2	0.019378276827972	NA	NA
1	"27.4.aW"	376	1	2	0.0117564967557301	NA	NA
1	"27.4.aW"	377	1	2	0.0019980541264553	NA	NA
1	"27.4.aW"	378	1	2	0.00416009187119882	NA	NA
1	"27.4.aW"	379	1	2	0.0153757474210753	NA	NA
1	"27.4.aW"	380	1	2	-0.0144897051666653	NA	NA
1	"27.4.aW"	381	1	2	-0.00956470927145056	NA	NA
1	"27.4.aW"	382	1	2	0.00581854761091771	NA	NA
1	"27.4.aW"	383	1	2	3.47959639966401e-05	NA	NA
1	"27.4.aW"	384	1	2	-0.000941647794481896	NA	NA
1	"27.4.aW"	385	1	2	0.00913384814230771	NA	NA
1	"27.4.aW"	386	1	2	-0.00706008916908949	NA	NA
1	"27.4.aW"	387	1	2	0.00899308141957717	NA	NA
1	"27.4.aW"	388	1	2	-0.000964457184203896	NA	NA
1	"27.4.aW"	389	1	2	-0.00920414554432171	NA	NA
1	"27.4.aW"	390	1	2	0.000521103760516528	NA	NA
1	"27.4.aW"	391	1	2	-0.00406359710044698	NA	NA
1	"27.4.aW"	392	1	2	0.00578486507722778	NA	NA
1	"27.4.aW"	393	1	2	-0.012881564880909	NA	NA
1	"27.4.aW"	394	1	2	0.0107428659634813	NA	NA
1	"27.4.aW"	395	1	2	0.012137757093813	NA	NA
1	"27.4.aW"	396	1	2	-0.00661430303647135	NA	NA
1	"27.4.aW"	397	1	2	-0.00634922132448936	NA	NA
1	"27.4.aW"	398	1	2	0.00592602510013485	NA	NA
1	"27.4.aW"	399	1	2	0.0038451490395964	NA	NA
1	"27.4.aW"	400	1	2	-0.00167472913925679	NA	NA
