"LogLikelihood"	"Iteration"
-7059.92244448206	1
-7074.67724696516	2
-7056.06999052374	3
-7062.06207601005	4
-7053.01619779602	5
-7073.60819313762	6
-7063.85897556826	7
-7077.97474630203	8
-7056.40572145914	9
-7069.09968639552	10
-7050.35030993819	11
-7040.13680119233	12
-7036.10056599123	13
-7045.49241155408	14
-7077.88361261877	15
-7075.84507183762	16
-7084.46237173924	17
-7078.04153232294	18
-7110.7412406303	19
-7078.2526659319	20
-7055.3717017722	21
-7092.78471223309	22
-7062.7343685548	23
-7096.29175328942	24
-7076.64978894274	25
-7078.90851668126	26
-7057.43935185657	27
-7074.8341754275	28
-7101.08806769905	29
-7061.2341803793	30
-7059.78326755684	31
-7069.49459310294	32
-7091.50225928246	33
-7060.5351075032	34
-7095.3809379921	35
-7073.32601642911	36
-7084.82384110487	37
-7060.74016542642	38
-7078.18646379728	39
-7095.19155491148	40
-7089.21668216851	41
-7052.39836176926	42
-7091.52896419189	43
-7078.33204119173	44
-7109.7007487596	45
-7065.27968458741	46
-7069.85555125324	47
-7050.66314728761	48
-7085.9136715563	49
-7043.89906494738	50
-7069.01228987318	51
-7087.75322891026	52
-7090.61706473425	53
-7092.72675517758	54
-7105.64635397966	55
-7071.25753782778	56
-7054.2848771762	57
-7141.96028093692	58
-7039.14322672756	59
-7075.91221848402	60
-7073.37007879342	61
-7050.75730621265	62
-7066.29051246319	63
-7089.13850796972	64
-7088.47811571043	65
-7062.41699941414	66
-7068.47296752782	67
-7074.74398923842	68
-7037.2234670758	69
-7119.74708903864	70
-7091.38857175915	71
-7059.64237047692	72
-7093.92012226571	73
-7055.54618859756	74
-7063.47712142925	75
-7046.25755077042	76
-7099.74664133788	77
-7092.77194755464	78
-7072.8903405042	79
-7092.79526308345	80
-7059.14561277474	81
-7088.60137740038	82
-7066.97142552464	83
-7092.56283635024	84
-7057.99683481936	85
-7069.92886603417	86
-7028.21440314808	87
-7084.36014682894	88
-7062.95305209627	89
-7089.15050127562	90
-7072.76151833781	91
-7057.78790843533	92
-7065.82591283407	93
-7056.71383175433	94
-7113.7870164547	95
-7066.98641295882	96
-7088.6717151753	97
-7036.82313677297	98
-7022.74426416908	99
-7092.75046033924	100
-7082.3772837395	101
-7101.79013603514	102
-7062.06694397698	103
-7043.62981337615	104
-7067.87738746312	105
-7085.46369225675	106
-7086.09062673352	107
-7075.24499371664	108
-7066.63455301924	109
-7085.9010528496	110
-7080.66746747336	111
-7112.95242316141	112
-7106.81865394481	113
-7089.30197739841	114
-7088.02339777088	115
-7061.97593608619	116
-7050.32780067337	117
-7078.56353305342	118
-7089.56810768302	119
-7063.99137850353	120
-7060.41407672553	121
-7046.86909062682	122
-7072.66062709361	123
-7038.91699134443	124
-7082.90742075893	125
-7067.38775605376	126
-7077.56724154362	127
-7058.4364025855	128
-7086.63293147375	129
-7084.91683380905	130
-7086.55727134696	131
-7077.60234627887	132
-7071.97322741114	133
-7092.48062771567	134
-7060.37347552314	135
-7058.25020366983	136
-7063.77251424996	137
-7062.56359254506	138
-7045.61688770107	139
-7065.52970278588	140
-7087.52237376816	141
-7044.28439909257	142
-7061.94951910417	143
-7059.11975914644	144
-7079.89759772877	145
-7049.38906027974	146
-7077.09308956817	147
-7067.28891592619	148
-7057.48505439131	149
-7036.72026553858	150
-7074.43517233834	151
-7067.62458364026	152
-7072.42691839177	153
-7056.98660022784	154
-7051.4875087156	155
-7088.77948552095	156
-7073.20090704015	157
-7034.54157771203	158
-7065.44729569944	159
-7073.15199740585	160
-7088.3498480009	161
-7078.19145017312	162
-7062.61698952912	163
-7064.57961947674	164
-7042.02490345029	165
-7063.27920859525	166
-7063.75360598801	167
-7079.08996589557	168
-7059.63138733504	169
-7045.41301772935	170
-7085.84838190298	171
-7105.23440728303	172
-7048.00172607683	173
-7095.2075744121	174
-7054.13965952681	175
-7086.08344931565	176
-7090.97205924868	177
-7098.56622513723	178
-7099.59726480378	179
-7094.98209907332	180
-7082.63969183292	181
-7084.2233903741	182
-7060.16563450277	183
-7037.15642186955	184
-7107.22544810042	185
-7055.74160929916	186
-7067.60436800954	187
-7101.72709050498	188
-7104.12656526976	189
-7054.52844876897	190
-7088.01484795286	191
-7096.09517823607	192
-7079.53927844961	193
-7085.48614328503	194
-7084.64550228737	195
-7072.06099306541	196
-7061.24269507803	197
-7076.44600532122	198
-7076.47482582812	199
-7060.06613668792	200
-7077.55844305161	201
-7055.66064138027	202
-7069.45936525328	203
-7062.25242435096	204
-7077.79703865604	205
-7073.07753830346	206
-7083.61881315256	207
-7085.22035254332	208
-7060.49634017403	209
-7084.26922642421	210
-7066.77097372762	211
-7057.90763341051	212
-7074.48575718474	213
-7062.08022956438	214
-7056.66965479971	215
-7060.43304902851	216
-7101.53225559453	217
-7064.74195029635	218
-7081.22855851531	219
-7094.15095793443	220
-7089.14042873588	221
-7053.1821300706	222
-7083.93057060232	223
-7061.48177244066	224
-7092.78083054857	225
-7083.17695721419	226
-7085.57201018341	227
-7037.23571411228	228
-7114.59378227844	229
-7080.91766852471	230
-7069.37584088233	231
-7080.42143360549	232
-7108.37643493109	233
-7095.6627387773	234
-7065.41035930171	235
-7087.8191185471	236
-7080.20260109358	237
-7053.62589715171	238
-7095.29668828022	239
-7050.61599547083	240
-7072.55811620508	241
-7089.66972579482	242
-7063.17767164417	243
-7083.31070653443	244
-7097.07737610764	245
-7058.69455088035	246
-7051.75705214023	247
-7069.24914054788	248
-7065.72304895594	249
-7084.95967332631	250
-7102.80873629963	251
-7057.16663267635	252
-7058.71994127861	253
-7065.57846700721	254
-7092.88158256036	255
-7088.84674414442	256
-7092.92907026263	257
-7090.64634644427	258
-7046.01725169474	259
-7058.9272930408	260
-7073.21006236767	261
-7070.15264337794	262
-7053.44579892099	263
-7090.91970689487	264
-7082.28721578683	265
-7057.67094432689	266
-7047.35645785064	267
-7098.90097162654	268
-7118.09854386933	269
-7065.22418712789	270
-7063.12459757146	271
-7081.20847923985	272
-7060.77303562392	273
-7086.79415690371	274
-7069.74333157381	275
-7086.11877839471	276
-7071.60759663804	277
-7054.0634260991	278
-7067.73511264582	279
-7089.26289126603	280
-7074.40844674437	281
-7090.33697505912	282
-7064.35699038606	283
-7081.87908194269	284
-7094.91353191499	285
-7098.31254259575	286
-7056.64046004039	287
-7106.09206866984	288
-7056.11144221092	289
-7014.70361336795	290
-7099.4787768466	291
-7074.94079973874	292
-7043.19897343858	293
-7044.44631801163	294
-7061.19658798415	295
-7096.91188873113	296
-7067.05148584496	297
-7091.57618827305	298
-7079.45458225488	299
-7042.23110353765	300
-7086.49153071677	301
-7079.75515091683	302
-7074.65935241551	303
-7075.18344905724	304
-7054.82354162987	305
-7071.51802424177	306
-7086.14083216525	307
-7089.89547953221	308
-7042.54404786475	309
-7066.31916830101	310
-7063.0197441173	311
-7092.8490077928	312
-7059.64501772931	313
-7071.5680540644	314
-7055.73709409286	315
-7072.41879195585	316
-7036.29099435456	317
-7093.24638774427	318
-7048.2800824822	319
-7060.08308877723	320
-7094.55314515584	321
-7052.30844759966	322
-7091.18163346931	323
-7096.33457846571	324
-7055.04131221004	325
-7072.64917969336	326
-7084.81854996927	327
-7107.79161072311	328
-7066.39113955607	329
-7094.85125360313	330
-7089.56959903875	331
-7043.99912981929	332
-7076.79422353996	333
-7059.49959716648	334
-7098.86020084421	335
-7060.29187087592	336
-7046.8517346894	337
-7073.18638318047	338
-7093.48819036178	339
-7085.69163238186	340
-7033.1985628772	341
-7042.6096873759	342
-7088.77375007567	343
-7074.77374367483	344
-7088.6868951691	345
-7092.76375971798	346
-7080.7096688576	347
-7111.73261949832	348
-7075.28464308057	349
-7096.38696995144	350
-7081.2513449437	351
-7093.27606549336	352
-7110.84994679803	353
-7084.36296897717	354
-7099.52686167268	355
-7087.15448738724	356
-7053.67606229627	357
-7101.96297337233	358
-7049.45860907082	359
-7070.586723133	360
-7099.13221430508	361
-7093.34080364538	362
-7066.3788283479	363
-7045.24300779847	364
-7080.55121586875	365
-7078.12532902278	366
-7059.65766632949	367
-7096.32800577729	368
-7047.83660457484	369
-7086.52498757532	370
-7111.55434638248	371
-7098.52670792542	372
-7060.50476103298	373
-7065.24990585109	374
-7067.27220105969	375
-7061.95364833645	376
-7054.58411075819	377
-7082.00650190575	378
-7079.59093589475	379
-7032.26349924341	380
-7038.38524838562	381
-7077.31536775479	382
-7081.65473048218	383
-7054.17173084355	384
-7084.75879507643	385
-7090.03529991627	386
-7103.27427719633	387
-7093.23896255341	388
-7090.43882901401	389
-7054.72802168889	390
-7047.90003524884	391
-7063.20706238971	392
-7088.05836777298	393
-7060.44099233719	394
-7079.97912354512	395
-7101.99805373811	396
-7078.80280972004	397
-7089.07108381503	398
-7105.86945978402	399
-7058.49358545576	400
