"Age"	"Level"	"Iteration"	"AgeIndex"	"LevelIndex"	"Intercept"	"tau_Intercept"	"ar_Intercept"
1	"Q2"	1	1	1	0.0399534700729389	NA	NA
1	"Q2"	2	1	1	0.0545066548762503	NA	NA
1	"Q2"	3	1	1	0.0233121080365934	NA	NA
1	"Q2"	4	1	1	0.0556859214895646	NA	NA
1	"Q2"	5	1	1	0.0312658069072691	NA	NA
1	"Q2"	6	1	1	0.029646487807456	NA	NA
1	"Q2"	7	1	1	0.0239520971737244	NA	NA
1	"Q2"	8	1	1	0.046247341108981	NA	NA
1	"Q2"	9	1	1	0.0244623897434582	NA	NA
1	"Q2"	10	1	1	0.0374401486964042	NA	NA
1	"Q2"	11	1	1	0.0247510160270578	NA	NA
1	"Q2"	12	1	1	0.0383691986812624	NA	NA
1	"Q2"	13	1	1	0.037108830014047	NA	NA
1	"Q2"	14	1	1	0.0219098400797849	NA	NA
1	"Q2"	15	1	1	0.0181588129756512	NA	NA
1	"Q2"	16	1	1	0.0289067249011672	NA	NA
1	"Q2"	17	1	1	0.0343526493151976	NA	NA
1	"Q2"	18	1	1	0.0349848307688415	NA	NA
1	"Q2"	19	1	1	0.038023213437224	NA	NA
1	"Q2"	20	1	1	0.019037316733879	NA	NA
1	"Q2"	21	1	1	0.0390515074624715	NA	NA
1	"Q2"	22	1	1	0.0458696480817676	NA	NA
1	"Q2"	23	1	1	0.0218001301592654	NA	NA
1	"Q2"	24	1	1	0.0247472993493195	NA	NA
1	"Q2"	25	1	1	0.0213027140666241	NA	NA
1	"Q2"	26	1	1	0.0350473558260659	NA	NA
1	"Q2"	27	1	1	0.0312120419963744	NA	NA
1	"Q2"	28	1	1	0.0440482670059955	NA	NA
1	"Q2"	29	1	1	0.0173285266773425	NA	NA
1	"Q2"	30	1	1	0.022687654178892	NA	NA
1	"Q2"	31	1	1	0.0378266679442433	NA	NA
1	"Q2"	32	1	1	0.0425601783996179	NA	NA
1	"Q2"	33	1	1	0.011595891955225	NA	NA
1	"Q2"	34	1	1	0.0147113246374194	NA	NA
1	"Q2"	35	1	1	0.038022644512909	NA	NA
1	"Q2"	36	1	1	0.0239854274863569	NA	NA
1	"Q2"	37	1	1	0.0129480185733481	NA	NA
1	"Q2"	38	1	1	0.0286814327812409	NA	NA
1	"Q2"	39	1	1	0.029642130981797	NA	NA
1	"Q2"	40	1	1	0.0238096401751741	NA	NA
1	"Q2"	41	1	1	0.0429551527138013	NA	NA
1	"Q2"	42	1	1	0.018191339200348	NA	NA
1	"Q2"	43	1	1	0.0409729831725744	NA	NA
1	"Q2"	44	1	1	0.0354131183904302	NA	NA
1	"Q2"	45	1	1	0.020982706415076	NA	NA
1	"Q2"	46	1	1	0.0283887536018316	NA	NA
1	"Q2"	47	1	1	0.0477548192277253	NA	NA
1	"Q2"	48	1	1	0.0282002779893286	NA	NA
1	"Q2"	49	1	1	0.0400787121101773	NA	NA
1	"Q2"	50	1	1	0.0287888064887675	NA	NA
1	"Q2"	51	1	1	0.0379984357886863	NA	NA
1	"Q2"	52	1	1	0.020097295949566	NA	NA
1	"Q2"	53	1	1	0.0308554643340274	NA	NA
1	"Q2"	54	1	1	0.0348097314104762	NA	NA
1	"Q2"	55	1	1	0.015438102771011	NA	NA
1	"Q2"	56	1	1	0.0267689361679308	NA	NA
1	"Q2"	57	1	1	0.047739725303923	NA	NA
1	"Q2"	58	1	1	0.0303352231859691	NA	NA
1	"Q2"	59	1	1	0.019386412597576	NA	NA
1	"Q2"	60	1	1	0.0346540197936296	NA	NA
1	"Q2"	61	1	1	0.0260103693401281	NA	NA
1	"Q2"	62	1	1	0.0377852524340952	NA	NA
1	"Q2"	63	1	1	0.0188986516760652	NA	NA
1	"Q2"	64	1	1	0.028653525808356	NA	NA
1	"Q2"	65	1	1	0.0252018849360042	NA	NA
1	"Q2"	66	1	1	0.0511327929066223	NA	NA
1	"Q2"	67	1	1	0.0138234141281713	NA	NA
1	"Q2"	68	1	1	0.037974095558805	NA	NA
1	"Q2"	69	1	1	0.0433193290505323	NA	NA
1	"Q2"	70	1	1	0.042685209361483	NA	NA
1	"Q2"	71	1	1	0.0245662175386991	NA	NA
1	"Q2"	72	1	1	0.0173112379864914	NA	NA
1	"Q2"	73	1	1	0.0398111652035811	NA	NA
1	"Q2"	74	1	1	0.0113002159523446	NA	NA
1	"Q2"	75	1	1	0.0426469134625667	NA	NA
1	"Q2"	76	1	1	0.0185335477838421	NA	NA
1	"Q2"	77	1	1	0.0277054098126368	NA	NA
1	"Q2"	78	1	1	0.0425008285296804	NA	NA
1	"Q2"	79	1	1	0.0219169785928319	NA	NA
1	"Q2"	80	1	1	0.0176552129010231	NA	NA
1	"Q2"	81	1	1	0.0268012815284292	NA	NA
1	"Q2"	82	1	1	0.0342327621601024	NA	NA
1	"Q2"	83	1	1	0.0336711530158695	NA	NA
1	"Q2"	84	1	1	0.0226447123952494	NA	NA
1	"Q2"	85	1	1	0.0165350629523854	NA	NA
1	"Q2"	86	1	1	0.026479790720361	NA	NA
1	"Q2"	87	1	1	0.0291513213643837	NA	NA
1	"Q2"	88	1	1	0.0258320013196907	NA	NA
1	"Q2"	89	1	1	0.0367380364325579	NA	NA
1	"Q2"	90	1	1	0.0258013417702302	NA	NA
1	"Q2"	91	1	1	0.0185879671672602	NA	NA
1	"Q2"	92	1	1	0.0318038625707109	NA	NA
1	"Q2"	93	1	1	0.0153672626002028	NA	NA
1	"Q2"	94	1	1	0.0191799556768094	NA	NA
1	"Q2"	95	1	1	0.0302795989804193	NA	NA
1	"Q2"	96	1	1	0.0316705698876668	NA	NA
1	"Q2"	97	1	1	0.0405715750557939	NA	NA
1	"Q2"	98	1	1	0.0234611063660146	NA	NA
1	"Q2"	99	1	1	0.0162699807687417	NA	NA
1	"Q2"	100	1	1	0.0242791531932947	NA	NA
1	"Q2"	101	1	1	0.0185769995142674	NA	NA
1	"Q2"	102	1	1	0.0279070429152017	NA	NA
1	"Q2"	103	1	1	0.0263663524260506	NA	NA
1	"Q2"	104	1	1	0.0445944456354812	NA	NA
1	"Q2"	105	1	1	0.0324785027327048	NA	NA
1	"Q2"	106	1	1	0.0255526885752558	NA	NA
1	"Q2"	107	1	1	0.0343740032327995	NA	NA
1	"Q2"	108	1	1	0.0441921751625459	NA	NA
1	"Q2"	109	1	1	0.0409751511993584	NA	NA
1	"Q2"	110	1	1	0.0184130807429124	NA	NA
1	"Q2"	111	1	1	0.0451787826351236	NA	NA
1	"Q2"	112	1	1	0.0474215630569834	NA	NA
1	"Q2"	113	1	1	0.040340748570443	NA	NA
1	"Q2"	114	1	1	0.0273856818657758	NA	NA
1	"Q2"	115	1	1	0.0270132799758426	NA	NA
1	"Q2"	116	1	1	0.038252833283032	NA	NA
1	"Q2"	117	1	1	0.0299466327562663	NA	NA
1	"Q2"	118	1	1	0.0251993204283212	NA	NA
1	"Q2"	119	1	1	0.0351658273575499	NA	NA
1	"Q2"	120	1	1	0.024381883139514	NA	NA
1	"Q2"	121	1	1	0.0260419722389218	NA	NA
1	"Q2"	122	1	1	0.0311843309381823	NA	NA
1	"Q2"	123	1	1	0.0452634172364691	NA	NA
1	"Q2"	124	1	1	0.0329336455145071	NA	NA
1	"Q2"	125	1	1	0.0441759124921447	NA	NA
1	"Q2"	126	1	1	0.0243324854205723	NA	NA
1	"Q2"	127	1	1	0.0485961977781229	NA	NA
1	"Q2"	128	1	1	0.0371793055310791	NA	NA
1	"Q2"	129	1	1	0.0365164458660018	NA	NA
1	"Q2"	130	1	1	0.0383868832801933	NA	NA
1	"Q2"	131	1	1	0.0653787625279608	NA	NA
1	"Q2"	132	1	1	0.0219861644845096	NA	NA
1	"Q2"	133	1	1	0.0378173753995575	NA	NA
1	"Q2"	134	1	1	0.0318628532927435	NA	NA
1	"Q2"	135	1	1	0.0412611802318702	NA	NA
1	"Q2"	136	1	1	0.0229134555844619	NA	NA
1	"Q2"	137	1	1	0.0271084273581294	NA	NA
1	"Q2"	138	1	1	0.0296358855045056	NA	NA
1	"Q2"	139	1	1	0.036407587523579	NA	NA
1	"Q2"	140	1	1	0.0245795583903201	NA	NA
1	"Q2"	141	1	1	0.0222815772770374	NA	NA
1	"Q2"	142	1	1	0.0400614778463638	NA	NA
1	"Q2"	143	1	1	0.0215895414120147	NA	NA
1	"Q2"	144	1	1	0.0240957710629096	NA	NA
1	"Q2"	145	1	1	0.0416526527397785	NA	NA
1	"Q2"	146	1	1	0.0331920057384394	NA	NA
1	"Q2"	147	1	1	0.0351558000259504	NA	NA
1	"Q2"	148	1	1	0.0562296286487318	NA	NA
1	"Q2"	149	1	1	0.0325450534638373	NA	NA
1	"Q2"	150	1	1	0.0402026389723203	NA	NA
1	"Q2"	151	1	1	0.0486102961587864	NA	NA
1	"Q2"	152	1	1	0.0260755387162505	NA	NA
1	"Q2"	153	1	1	0.0380805201010879	NA	NA
1	"Q2"	154	1	1	0.0174205628123972	NA	NA
1	"Q2"	155	1	1	0.0444146286667791	NA	NA
1	"Q2"	156	1	1	0.0353674803471573	NA	NA
1	"Q2"	157	1	1	0.0331440110406814	NA	NA
1	"Q2"	158	1	1	0.0229401052975077	NA	NA
1	"Q2"	159	1	1	0.0225948246984907	NA	NA
1	"Q2"	160	1	1	0.0333177247543428	NA	NA
1	"Q2"	161	1	1	0.033330223386536	NA	NA
1	"Q2"	162	1	1	0.0378717672850004	NA	NA
1	"Q2"	163	1	1	0.0278944478381945	NA	NA
1	"Q2"	164	1	1	0.0461908654840302	NA	NA
1	"Q2"	165	1	1	0.0368131731525335	NA	NA
1	"Q2"	166	1	1	0.0318346385793926	NA	NA
1	"Q2"	167	1	1	0.0236120978371586	NA	NA
1	"Q2"	168	1	1	0.0248684802148551	NA	NA
1	"Q2"	169	1	1	0.024546132275591	NA	NA
1	"Q2"	170	1	1	0.0305606025565079	NA	NA
1	"Q2"	171	1	1	0.0272448242951029	NA	NA
1	"Q2"	172	1	1	0.0236388839230173	NA	NA
1	"Q2"	173	1	1	0.0303734598196347	NA	NA
1	"Q2"	174	1	1	0.0435493220665662	NA	NA
1	"Q2"	175	1	1	0.050733899721097	NA	NA
1	"Q2"	176	1	1	0.039617097580851	NA	NA
1	"Q2"	177	1	1	0.0294875435016448	NA	NA
1	"Q2"	178	1	1	0.0228263104621059	NA	NA
1	"Q2"	179	1	1	0.0393057464603265	NA	NA
1	"Q2"	180	1	1	0.0252972561941331	NA	NA
1	"Q2"	181	1	1	0.0300290202990115	NA	NA
1	"Q2"	182	1	1	0.00462529440119602	NA	NA
1	"Q2"	183	1	1	0.0233473895020759	NA	NA
1	"Q2"	184	1	1	0.0404896535862309	NA	NA
1	"Q2"	185	1	1	0.0547863248486217	NA	NA
1	"Q2"	186	1	1	0.0260699664132877	NA	NA
1	"Q2"	187	1	1	0.0305208493795818	NA	NA
1	"Q2"	188	1	1	0.0310326847894222	NA	NA
1	"Q2"	189	1	1	0.0134795726436211	NA	NA
1	"Q2"	190	1	1	0.00419006008070683	NA	NA
1	"Q2"	191	1	1	0.0403320422111685	NA	NA
1	"Q2"	192	1	1	0.0265569913338721	NA	NA
1	"Q2"	193	1	1	0.0218471547673519	NA	NA
1	"Q2"	194	1	1	0.028662013645289	NA	NA
1	"Q2"	195	1	1	0.00562493853146886	NA	NA
1	"Q2"	196	1	1	0.0145299033653994	NA	NA
1	"Q2"	197	1	1	0.0265548014416916	NA	NA
1	"Q2"	198	1	1	0.0161737886056704	NA	NA
1	"Q2"	199	1	1	0.0325108034007472	NA	NA
1	"Q2"	200	1	1	0.0387095737157805	NA	NA
1	"Q2"	201	1	1	0.0251036314760067	NA	NA
1	"Q2"	202	1	1	0.0327418775029064	NA	NA
1	"Q2"	203	1	1	0.0363392722612931	NA	NA
1	"Q2"	204	1	1	0.0364251103314934	NA	NA
1	"Q2"	205	1	1	0.0418296939693651	NA	NA
1	"Q2"	206	1	1	0.0381803785670698	NA	NA
1	"Q2"	207	1	1	0.0344095787319534	NA	NA
1	"Q2"	208	1	1	0.038980741546782	NA	NA
1	"Q2"	209	1	1	0.0463431169794071	NA	NA
1	"Q2"	210	1	1	0.0316377954296239	NA	NA
1	"Q2"	211	1	1	0.0439705273914699	NA	NA
1	"Q2"	212	1	1	0.0337797637075457	NA	NA
1	"Q2"	213	1	1	0.0374289360453536	NA	NA
1	"Q2"	214	1	1	0.0245736489286205	NA	NA
1	"Q2"	215	1	1	0.0324549761445187	NA	NA
1	"Q2"	216	1	1	0.0514679860855824	NA	NA
1	"Q2"	217	1	1	0.0362535733438488	NA	NA
1	"Q2"	218	1	1	0.0302481447442219	NA	NA
1	"Q2"	219	1	1	0.0387506927987311	NA	NA
1	"Q2"	220	1	1	0.0247819302375601	NA	NA
1	"Q2"	221	1	1	0.053154114273763	NA	NA
1	"Q2"	222	1	1	0.0232004054572579	NA	NA
1	"Q2"	223	1	1	0.0406089413862777	NA	NA
1	"Q2"	224	1	1	0.043325667886392	NA	NA
1	"Q2"	225	1	1	0.0279226221408262	NA	NA
1	"Q2"	226	1	1	0.0391739110378293	NA	NA
1	"Q2"	227	1	1	-0.00332482645300264	NA	NA
1	"Q2"	228	1	1	0.0234418204996618	NA	NA
1	"Q2"	229	1	1	0.0358762910099962	NA	NA
1	"Q2"	230	1	1	0.0155111457670246	NA	NA
1	"Q2"	231	1	1	0.0269399011834396	NA	NA
1	"Q2"	232	1	1	0.0245970173210534	NA	NA
1	"Q2"	233	1	1	0.0380666111197238	NA	NA
1	"Q2"	234	1	1	0.0129877923940834	NA	NA
1	"Q2"	235	1	1	0.0152457674665659	NA	NA
1	"Q2"	236	1	1	0.0343728365505869	NA	NA
1	"Q2"	237	1	1	0.0253681789640623	NA	NA
1	"Q2"	238	1	1	0.0322198906383863	NA	NA
1	"Q2"	239	1	1	0.0140098615946343	NA	NA
1	"Q2"	240	1	1	0.0320875624492056	NA	NA
1	"Q2"	241	1	1	0.047149674267037	NA	NA
1	"Q2"	242	1	1	0.0354736845767675	NA	NA
1	"Q2"	243	1	1	0.0458221203540913	NA	NA
1	"Q2"	244	1	1	0.0336475219616984	NA	NA
1	"Q2"	245	1	1	0.0318482167227983	NA	NA
1	"Q2"	246	1	1	0.0246937334490123	NA	NA
1	"Q2"	247	1	1	0.0413180794366952	NA	NA
1	"Q2"	248	1	1	0.0303883279733807	NA	NA
1	"Q2"	249	1	1	0.0218974883039811	NA	NA
1	"Q2"	250	1	1	0.022222590054426	NA	NA
1	"Q2"	251	1	1	0.0428914930199831	NA	NA
1	"Q2"	252	1	1	0.0322011112805132	NA	NA
1	"Q2"	253	1	1	0.0076284464811528	NA	NA
1	"Q2"	254	1	1	0.0367222647285334	NA	NA
1	"Q2"	255	1	1	0.0442605273297243	NA	NA
1	"Q2"	256	1	1	0.0238941913419589	NA	NA
1	"Q2"	257	1	1	0.0350221448977718	NA	NA
1	"Q2"	258	1	1	0.0290536303048945	NA	NA
1	"Q2"	259	1	1	0.0231859732027768	NA	NA
1	"Q2"	260	1	1	0.0255066778369455	NA	NA
1	"Q2"	261	1	1	0.0217482145613445	NA	NA
1	"Q2"	262	1	1	0.0207353442727549	NA	NA
1	"Q2"	263	1	1	0.0306659129581553	NA	NA
1	"Q2"	264	1	1	0.0324165286410064	NA	NA
1	"Q2"	265	1	1	0.0266087259974107	NA	NA
1	"Q2"	266	1	1	0.0179537598505446	NA	NA
1	"Q2"	267	1	1	0.0175919106995364	NA	NA
1	"Q2"	268	1	1	0.0109151084842465	NA	NA
1	"Q2"	269	1	1	0.0356295608865374	NA	NA
1	"Q2"	270	1	1	0.0418501848512494	NA	NA
1	"Q2"	271	1	1	0.0359768892444052	NA	NA
1	"Q2"	272	1	1	0.0357225347042595	NA	NA
1	"Q2"	273	1	1	0.018886406126749	NA	NA
1	"Q2"	274	1	1	0.0305181388234596	NA	NA
1	"Q2"	275	1	1	0.0375682571951115	NA	NA
1	"Q2"	276	1	1	0.0304001306618818	NA	NA
1	"Q2"	277	1	1	0.0278703118329135	NA	NA
1	"Q2"	278	1	1	0.0164887623194994	NA	NA
1	"Q2"	279	1	1	0.0243699346218604	NA	NA
1	"Q2"	280	1	1	0.026064892268484	NA	NA
1	"Q2"	281	1	1	0.0287463949460523	NA	NA
1	"Q2"	282	1	1	0.0325303440848726	NA	NA
1	"Q2"	283	1	1	0.0376169931248598	NA	NA
1	"Q2"	284	1	1	0.0304930367831359	NA	NA
1	"Q2"	285	1	1	0.0329679999284322	NA	NA
1	"Q2"	286	1	1	0.0289878866311097	NA	NA
1	"Q2"	287	1	1	0.00917628297840039	NA	NA
1	"Q2"	288	1	1	0.0356805733468759	NA	NA
1	"Q2"	289	1	1	0.0214927185284172	NA	NA
1	"Q2"	290	1	1	0.0273792105028238	NA	NA
1	"Q2"	291	1	1	0.0334468699395513	NA	NA
1	"Q2"	292	1	1	0.0258388936177262	NA	NA
1	"Q2"	293	1	1	0.027035559817865	NA	NA
1	"Q2"	294	1	1	0.0341006498922457	NA	NA
1	"Q2"	295	1	1	0.0374190280146673	NA	NA
1	"Q2"	296	1	1	0.0252440308596631	NA	NA
1	"Q2"	297	1	1	0.0275534532020263	NA	NA
1	"Q2"	298	1	1	0.0482985444844405	NA	NA
1	"Q2"	299	1	1	0.0298201019635602	NA	NA
1	"Q2"	300	1	1	0.0286377417163078	NA	NA
1	"Q2"	301	1	1	0.0495048347474381	NA	NA
1	"Q2"	302	1	1	0.0428274899453126	NA	NA
1	"Q2"	303	1	1	0.0439636974357023	NA	NA
1	"Q2"	304	1	1	0.0457607097457304	NA	NA
1	"Q2"	305	1	1	0.0376017110740185	NA	NA
1	"Q2"	306	1	1	0.034360613733212	NA	NA
1	"Q2"	307	1	1	0.0315517506932497	NA	NA
1	"Q2"	308	1	1	0.030393365686783	NA	NA
1	"Q2"	309	1	1	0.0242802490714156	NA	NA
1	"Q2"	310	1	1	0.0392533768781662	NA	NA
1	"Q2"	311	1	1	0.037017322242032	NA	NA
1	"Q2"	312	1	1	0.0312926091162554	NA	NA
1	"Q2"	313	1	1	0.0203995324752968	NA	NA
1	"Q2"	314	1	1	0.0199480878988498	NA	NA
1	"Q2"	315	1	1	0.0340838306230435	NA	NA
1	"Q2"	316	1	1	0.0343894838592647	NA	NA
1	"Q2"	317	1	1	0.0260721890825845	NA	NA
1	"Q2"	318	1	1	0.0201242027589177	NA	NA
1	"Q2"	319	1	1	0.0270585289398755	NA	NA
1	"Q2"	320	1	1	0.0215439121810371	NA	NA
1	"Q2"	321	1	1	0.0576798203518598	NA	NA
1	"Q2"	322	1	1	0.0170404166999359	NA	NA
1	"Q2"	323	1	1	0.0325931825965242	NA	NA
1	"Q2"	324	1	1	0.0393374396731742	NA	NA
1	"Q2"	325	1	1	0.0369387485546058	NA	NA
1	"Q2"	326	1	1	0.0408067639322177	NA	NA
1	"Q2"	327	1	1	0.0390933185491427	NA	NA
1	"Q2"	328	1	1	0.0330211517505521	NA	NA
1	"Q2"	329	1	1	0.0529139636529233	NA	NA
1	"Q2"	330	1	1	0.0311954987278161	NA	NA
1	"Q2"	331	1	1	0.0512215456634802	NA	NA
1	"Q2"	332	1	1	0.0386158759640747	NA	NA
1	"Q2"	333	1	1	0.0325476272432527	NA	NA
1	"Q2"	334	1	1	0.0225814020424424	NA	NA
1	"Q2"	335	1	1	0.0304951700710928	NA	NA
1	"Q2"	336	1	1	0.0317981672016479	NA	NA
1	"Q2"	337	1	1	0.0313242299202087	NA	NA
1	"Q2"	338	1	1	0.0261994476731866	NA	NA
1	"Q2"	339	1	1	0.00901446883533978	NA	NA
1	"Q2"	340	1	1	0.0289995224310494	NA	NA
1	"Q2"	341	1	1	0.0435757451182964	NA	NA
1	"Q2"	342	1	1	0.0376676495003165	NA	NA
1	"Q2"	343	1	1	0.00925586592578357	NA	NA
1	"Q2"	344	1	1	0.0362195873612943	NA	NA
1	"Q2"	345	1	1	0.0500300894324495	NA	NA
1	"Q2"	346	1	1	0.0413989200059123	NA	NA
1	"Q2"	347	1	1	0.0367318757279993	NA	NA
1	"Q2"	348	1	1	0.0251818115151315	NA	NA
1	"Q2"	349	1	1	0.0468903899125205	NA	NA
1	"Q2"	350	1	1	0.0410145037758505	NA	NA
1	"Q2"	351	1	1	0.0395221089121141	NA	NA
1	"Q2"	352	1	1	0.0222390361870813	NA	NA
1	"Q2"	353	1	1	0.0384226879141557	NA	NA
1	"Q2"	354	1	1	0.0242759891411837	NA	NA
1	"Q2"	355	1	1	0.0236779344241035	NA	NA
1	"Q2"	356	1	1	0.046560551170057	NA	NA
1	"Q2"	357	1	1	0.0365865787588998	NA	NA
1	"Q2"	358	1	1	0.03283965098473	NA	NA
1	"Q2"	359	1	1	0.0394220658259235	NA	NA
1	"Q2"	360	1	1	0.0251256216945059	NA	NA
1	"Q2"	361	1	1	0.0425464530402816	NA	NA
1	"Q2"	362	1	1	0.047299523905173	NA	NA
1	"Q2"	363	1	1	0.0325287711035387	NA	NA
1	"Q2"	364	1	1	0.0314125500164439	NA	NA
1	"Q2"	365	1	1	0.0428979421276005	NA	NA
1	"Q2"	366	1	1	0.0333807136030978	NA	NA
1	"Q2"	367	1	1	0.029968085610272	NA	NA
1	"Q2"	368	1	1	0.0313227197769035	NA	NA
1	"Q2"	369	1	1	0.0355626657826238	NA	NA
1	"Q2"	370	1	1	0.0359007948088112	NA	NA
1	"Q2"	371	1	1	0.0400029275816505	NA	NA
1	"Q2"	372	1	1	0.031445030341073	NA	NA
1	"Q2"	373	1	1	0.0325751703556347	NA	NA
1	"Q2"	374	1	1	0.0355873513351582	NA	NA
1	"Q2"	375	1	1	0.0501493816506971	NA	NA
1	"Q2"	376	1	1	0.0285883585168926	NA	NA
1	"Q2"	377	1	1	0.0315644625562423	NA	NA
1	"Q2"	378	1	1	0.0205418307944977	NA	NA
1	"Q2"	379	1	1	0.0347965528249313	NA	NA
1	"Q2"	380	1	1	0.0160033916878895	NA	NA
1	"Q2"	381	1	1	0.0281585900917973	NA	NA
1	"Q2"	382	1	1	0.0338880377546962	NA	NA
1	"Q2"	383	1	1	0.0374167243671562	NA	NA
1	"Q2"	384	1	1	0.0279182851921253	NA	NA
1	"Q2"	385	1	1	0.0414496965844706	NA	NA
1	"Q2"	386	1	1	0.0509955994868796	NA	NA
1	"Q2"	387	1	1	0.0292956899238055	NA	NA
1	"Q2"	388	1	1	0.0237210264625218	NA	NA
1	"Q2"	389	1	1	0.0276598729927591	NA	NA
1	"Q2"	390	1	1	0.0392861320245965	NA	NA
1	"Q2"	391	1	1	0.0244909146559838	NA	NA
1	"Q2"	392	1	1	0.0262668436448628	NA	NA
1	"Q2"	393	1	1	0.0195137734993613	NA	NA
1	"Q2"	394	1	1	0.0407215765879237	NA	NA
1	"Q2"	395	1	1	0.0438425064728045	NA	NA
1	"Q2"	396	1	1	0.0194935695381312	NA	NA
1	"Q2"	397	1	1	0.0341720744409032	NA	NA
1	"Q2"	398	1	1	0.0298671254072991	NA	NA
1	"Q2"	399	1	1	0.0420276903803554	NA	NA
1	"Q2"	400	1	1	0.022895836940771	NA	NA
1	"Q3"	1	1	2	0.0876671683952276	NA	NA
1	"Q3"	2	1	2	0.0718202714050133	NA	NA
1	"Q3"	3	1	2	0.0716000823218673	NA	NA
1	"Q3"	4	1	2	0.0603470913416124	NA	NA
1	"Q3"	5	1	2	0.0786240087377761	NA	NA
1	"Q3"	6	1	2	0.0797875464667238	NA	NA
1	"Q3"	7	1	2	0.0839893088952693	NA	NA
1	"Q3"	8	1	2	0.0754257540604139	NA	NA
1	"Q3"	9	1	2	0.0824175738387209	NA	NA
1	"Q3"	10	1	2	0.075482442454758	NA	NA
1	"Q3"	11	1	2	0.0800524416952768	NA	NA
1	"Q3"	12	1	2	0.0703775258633829	NA	NA
1	"Q3"	13	1	2	0.0824742996866395	NA	NA
1	"Q3"	14	1	2	0.0784179702547992	NA	NA
1	"Q3"	15	1	2	0.0828698736820451	NA	NA
1	"Q3"	16	1	2	0.0849916337458718	NA	NA
1	"Q3"	17	1	2	0.0683148243487257	NA	NA
1	"Q3"	18	1	2	0.0875295044968164	NA	NA
1	"Q3"	19	1	2	0.0758829006212954	NA	NA
1	"Q3"	20	1	2	0.0855009287494511	NA	NA
1	"Q3"	21	1	2	0.0850978131031543	NA	NA
1	"Q3"	22	1	2	0.0607869395573631	NA	NA
1	"Q3"	23	1	2	0.0793342204065528	NA	NA
1	"Q3"	24	1	2	0.0698199774645117	NA	NA
1	"Q3"	25	1	2	0.0789607261170855	NA	NA
1	"Q3"	26	1	2	0.0661105931472847	NA	NA
1	"Q3"	27	1	2	0.0780110961014909	NA	NA
1	"Q3"	28	1	2	0.0936576308737122	NA	NA
1	"Q3"	29	1	2	0.0800410719323427	NA	NA
1	"Q3"	30	1	2	0.0792945784365831	NA	NA
1	"Q3"	31	1	2	0.0756872500518911	NA	NA
1	"Q3"	32	1	2	0.0730375485347959	NA	NA
1	"Q3"	33	1	2	0.0767829967806539	NA	NA
1	"Q3"	34	1	2	0.0822291617933446	NA	NA
1	"Q3"	35	1	2	0.0888535654330003	NA	NA
1	"Q3"	36	1	2	0.0772549726714617	NA	NA
1	"Q3"	37	1	2	0.0857334684201511	NA	NA
1	"Q3"	38	1	2	0.0795302798622426	NA	NA
1	"Q3"	39	1	2	0.0644989917249148	NA	NA
1	"Q3"	40	1	2	0.0878065829403079	NA	NA
1	"Q3"	41	1	2	0.0905847669250874	NA	NA
1	"Q3"	42	1	2	0.0784320256460192	NA	NA
1	"Q3"	43	1	2	0.0832789136410966	NA	NA
1	"Q3"	44	1	2	0.0812486706193305	NA	NA
1	"Q3"	45	1	2	0.0881218690860022	NA	NA
1	"Q3"	46	1	2	0.0642919405983902	NA	NA
1	"Q3"	47	1	2	0.0684208732880884	NA	NA
1	"Q3"	48	1	2	0.0620796048361732	NA	NA
1	"Q3"	49	1	2	0.0672072674645348	NA	NA
1	"Q3"	50	1	2	0.0784953853328083	NA	NA
1	"Q3"	51	1	2	0.0702274703242901	NA	NA
1	"Q3"	52	1	2	0.0655556788044248	NA	NA
1	"Q3"	53	1	2	0.0729464924092402	NA	NA
1	"Q3"	54	1	2	0.0782327724017207	NA	NA
1	"Q3"	55	1	2	0.0858338137258015	NA	NA
1	"Q3"	56	1	2	0.0645147040045383	NA	NA
1	"Q3"	57	1	2	0.0656574942571179	NA	NA
1	"Q3"	58	1	2	0.0730119890140035	NA	NA
1	"Q3"	59	1	2	0.0738540617563771	NA	NA
1	"Q3"	60	1	2	0.0780437417487684	NA	NA
1	"Q3"	61	1	2	0.0766073543955475	NA	NA
1	"Q3"	62	1	2	0.0905235367018012	NA	NA
1	"Q3"	63	1	2	0.0805315412989095	NA	NA
1	"Q3"	64	1	2	0.0654185278271511	NA	NA
1	"Q3"	65	1	2	0.0814940750893398	NA	NA
1	"Q3"	66	1	2	0.0771189201288484	NA	NA
1	"Q3"	67	1	2	0.0531922337494939	NA	NA
1	"Q3"	68	1	2	0.0874931405784073	NA	NA
1	"Q3"	69	1	2	0.0935255010202628	NA	NA
1	"Q3"	70	1	2	0.0703160512132632	NA	NA
1	"Q3"	71	1	2	0.0738467769455018	NA	NA
1	"Q3"	72	1	2	0.0537644475667155	NA	NA
1	"Q3"	73	1	2	0.075811571612677	NA	NA
1	"Q3"	74	1	2	0.0780531472440711	NA	NA
1	"Q3"	75	1	2	0.0926243491723078	NA	NA
1	"Q3"	76	1	2	0.0764667649128072	NA	NA
1	"Q3"	77	1	2	0.0727976616836411	NA	NA
1	"Q3"	78	1	2	0.0606444417962425	NA	NA
1	"Q3"	79	1	2	0.0846048234334848	NA	NA
1	"Q3"	80	1	2	0.0806923335825121	NA	NA
1	"Q3"	81	1	2	0.0826017303644754	NA	NA
1	"Q3"	82	1	2	0.0947692169373878	NA	NA
1	"Q3"	83	1	2	0.0808505030406913	NA	NA
1	"Q3"	84	1	2	0.0709321602735432	NA	NA
1	"Q3"	85	1	2	0.0857907566088438	NA	NA
1	"Q3"	86	1	2	0.0762352530935792	NA	NA
1	"Q3"	87	1	2	0.083711557247297	NA	NA
1	"Q3"	88	1	2	0.0892662583572371	NA	NA
1	"Q3"	89	1	2	0.0765873618040267	NA	NA
1	"Q3"	90	1	2	0.078559870490321	NA	NA
1	"Q3"	91	1	2	0.0937328355143485	NA	NA
1	"Q3"	92	1	2	0.0763688176445076	NA	NA
1	"Q3"	93	1	2	0.0860658923549519	NA	NA
1	"Q3"	94	1	2	0.072332844131139	NA	NA
1	"Q3"	95	1	2	0.0882631191698059	NA	NA
1	"Q3"	96	1	2	0.0756302739060296	NA	NA
1	"Q3"	97	1	2	0.080520130952977	NA	NA
1	"Q3"	98	1	2	0.0775286632110418	NA	NA
1	"Q3"	99	1	2	0.0807207243113025	NA	NA
1	"Q3"	100	1	2	0.0811290694415948	NA	NA
1	"Q3"	101	1	2	0.0866734401504427	NA	NA
1	"Q3"	102	1	2	0.0828868961062503	NA	NA
1	"Q3"	103	1	2	0.0705549224450778	NA	NA
1	"Q3"	104	1	2	0.0751429336518817	NA	NA
1	"Q3"	105	1	2	0.0722400853356629	NA	NA
1	"Q3"	106	1	2	0.0881320848888808	NA	NA
1	"Q3"	107	1	2	0.0928798114019235	NA	NA
1	"Q3"	108	1	2	0.0869316673941261	NA	NA
1	"Q3"	109	1	2	0.0649026491279232	NA	NA
1	"Q3"	110	1	2	0.0771426400651663	NA	NA
1	"Q3"	111	1	2	0.0595661241103355	NA	NA
1	"Q3"	112	1	2	0.0859622350991958	NA	NA
1	"Q3"	113	1	2	0.0761057125223403	NA	NA
1	"Q3"	114	1	2	0.0844636883931476	NA	NA
1	"Q3"	115	1	2	0.082955930891871	NA	NA
1	"Q3"	116	1	2	0.0823596298330238	NA	NA
1	"Q3"	117	1	2	0.067164461043971	NA	NA
1	"Q3"	118	1	2	0.0834349702797669	NA	NA
1	"Q3"	119	1	2	0.0824373298043014	NA	NA
1	"Q3"	120	1	2	0.0798645553696989	NA	NA
1	"Q3"	121	1	2	0.0774511453994884	NA	NA
1	"Q3"	122	1	2	0.0962414453345924	NA	NA
1	"Q3"	123	1	2	0.0822844786785711	NA	NA
1	"Q3"	124	1	2	0.0927371355947932	NA	NA
1	"Q3"	125	1	2	0.0889790791220452	NA	NA
1	"Q3"	126	1	2	0.0839566914567622	NA	NA
1	"Q3"	127	1	2	0.0940316959184793	NA	NA
1	"Q3"	128	1	2	0.0510662530995694	NA	NA
1	"Q3"	129	1	2	0.0664756249554759	NA	NA
1	"Q3"	130	1	2	0.0865044402419157	NA	NA
1	"Q3"	131	1	2	0.0644243769891451	NA	NA
1	"Q3"	132	1	2	0.0635089974517651	NA	NA
1	"Q3"	133	1	2	0.0721840396356596	NA	NA
1	"Q3"	134	1	2	0.0928207407945285	NA	NA
1	"Q3"	135	1	2	0.0849241821982349	NA	NA
1	"Q3"	136	1	2	0.0803238656044773	NA	NA
1	"Q3"	137	1	2	0.0886836882508957	NA	NA
1	"Q3"	138	1	2	0.0867178244838449	NA	NA
1	"Q3"	139	1	2	0.0730260843894567	NA	NA
1	"Q3"	140	1	2	0.087682811470105	NA	NA
1	"Q3"	141	1	2	0.098178670450824	NA	NA
1	"Q3"	142	1	2	0.0768421048507394	NA	NA
1	"Q3"	143	1	2	0.0746866757580731	NA	NA
1	"Q3"	144	1	2	0.0751362249522367	NA	NA
1	"Q3"	145	1	2	0.0702964953125849	NA	NA
1	"Q3"	146	1	2	0.0684902940720938	NA	NA
1	"Q3"	147	1	2	0.0653431933845681	NA	NA
1	"Q3"	148	1	2	0.0699746953705149	NA	NA
1	"Q3"	149	1	2	0.0855708282216215	NA	NA
1	"Q3"	150	1	2	0.0891823840939448	NA	NA
1	"Q3"	151	1	2	0.102036475106954	NA	NA
1	"Q3"	152	1	2	0.0919179735551314	NA	NA
1	"Q3"	153	1	2	0.0681612274173731	NA	NA
1	"Q3"	154	1	2	0.0828346909355988	NA	NA
1	"Q3"	155	1	2	0.0816286080533889	NA	NA
1	"Q3"	156	1	2	0.06772452731827	NA	NA
1	"Q3"	157	1	2	0.0623525292864922	NA	NA
1	"Q3"	158	1	2	0.0866258296268546	NA	NA
1	"Q3"	159	1	2	0.0683733324255575	NA	NA
1	"Q3"	160	1	2	0.0861870045190857	NA	NA
1	"Q3"	161	1	2	0.07253266693821	NA	NA
1	"Q3"	162	1	2	0.0798080422301126	NA	NA
1	"Q3"	163	1	2	0.0721547013499862	NA	NA
1	"Q3"	164	1	2	0.0782949865633594	NA	NA
1	"Q3"	165	1	2	0.0880573287242385	NA	NA
1	"Q3"	166	1	2	0.0903772557541564	NA	NA
1	"Q3"	167	1	2	0.0732740173479302	NA	NA
1	"Q3"	168	1	2	0.0814610481136745	NA	NA
1	"Q3"	169	1	2	0.100572422386457	NA	NA
1	"Q3"	170	1	2	0.0720469521123108	NA	NA
1	"Q3"	171	1	2	0.0962586540504656	NA	NA
1	"Q3"	172	1	2	0.0786704132396596	NA	NA
1	"Q3"	173	1	2	0.0730552292974798	NA	NA
1	"Q3"	174	1	2	0.0806696124889555	NA	NA
1	"Q3"	175	1	2	0.0884406252857985	NA	NA
1	"Q3"	176	1	2	0.0793254047679257	NA	NA
1	"Q3"	177	1	2	0.0756978442389181	NA	NA
1	"Q3"	178	1	2	0.0900057276862089	NA	NA
1	"Q3"	179	1	2	0.084509362026568	NA	NA
1	"Q3"	180	1	2	0.0970968870152662	NA	NA
1	"Q3"	181	1	2	0.0631519199420266	NA	NA
1	"Q3"	182	1	2	0.0764023090831425	NA	NA
1	"Q3"	183	1	2	0.0658931271463087	NA	NA
1	"Q3"	184	1	2	0.0810363211264255	NA	NA
1	"Q3"	185	1	2	0.0823301550198321	NA	NA
1	"Q3"	186	1	2	0.0889131829420714	NA	NA
1	"Q3"	187	1	2	0.0642867740731072	NA	NA
1	"Q3"	188	1	2	0.098769530735599	NA	NA
1	"Q3"	189	1	2	0.0907212332704464	NA	NA
1	"Q3"	190	1	2	0.0660352061552763	NA	NA
1	"Q3"	191	1	2	0.0947866834880818	NA	NA
1	"Q3"	192	1	2	0.0795308473827072	NA	NA
1	"Q3"	193	1	2	0.0606815603366395	NA	NA
1	"Q3"	194	1	2	0.0931889230976988	NA	NA
1	"Q3"	195	1	2	0.0922473775519502	NA	NA
1	"Q3"	196	1	2	0.0818951348103305	NA	NA
1	"Q3"	197	1	2	0.0696170744614497	NA	NA
1	"Q3"	198	1	2	0.0861633772826941	NA	NA
1	"Q3"	199	1	2	0.0810568513552257	NA	NA
1	"Q3"	200	1	2	0.0958071489848322	NA	NA
1	"Q3"	201	1	2	0.0781659009026762	NA	NA
1	"Q3"	202	1	2	0.0750392481854744	NA	NA
1	"Q3"	203	1	2	0.0766538033652896	NA	NA
1	"Q3"	204	1	2	0.0964331986430878	NA	NA
1	"Q3"	205	1	2	0.0772255820975739	NA	NA
1	"Q3"	206	1	2	0.0768775551954461	NA	NA
1	"Q3"	207	1	2	0.0839461459591469	NA	NA
1	"Q3"	208	1	2	0.0790439895092205	NA	NA
1	"Q3"	209	1	2	0.0876948398159036	NA	NA
1	"Q3"	210	1	2	0.0873571381777317	NA	NA
1	"Q3"	211	1	2	0.0878905505021981	NA	NA
1	"Q3"	212	1	2	0.0820877582021059	NA	NA
1	"Q3"	213	1	2	0.0825073234154644	NA	NA
1	"Q3"	214	1	2	0.0709593312597006	NA	NA
1	"Q3"	215	1	2	0.0773577045106759	NA	NA
1	"Q3"	216	1	2	0.0865690259947441	NA	NA
1	"Q3"	217	1	2	0.0758852572863187	NA	NA
1	"Q3"	218	1	2	0.0861994744538426	NA	NA
1	"Q3"	219	1	2	0.0680291785786304	NA	NA
1	"Q3"	220	1	2	0.0631031267608212	NA	NA
1	"Q3"	221	1	2	0.0769843010260253	NA	NA
1	"Q3"	222	1	2	0.0840567800097449	NA	NA
1	"Q3"	223	1	2	0.0730131265911864	NA	NA
1	"Q3"	224	1	2	0.0660705688138958	NA	NA
1	"Q3"	225	1	2	0.0871691896361501	NA	NA
1	"Q3"	226	1	2	0.0739627742094308	NA	NA
1	"Q3"	227	1	2	0.0795695440105938	NA	NA
1	"Q3"	228	1	2	0.101368096184378	NA	NA
1	"Q3"	229	1	2	0.0695480919520893	NA	NA
1	"Q3"	230	1	2	0.082568252120945	NA	NA
1	"Q3"	231	1	2	0.0681151014051872	NA	NA
1	"Q3"	232	1	2	0.0872831878078233	NA	NA
1	"Q3"	233	1	2	0.0819432749919411	NA	NA
1	"Q3"	234	1	2	0.0618549802744012	NA	NA
1	"Q3"	235	1	2	0.0807130042897833	NA	NA
1	"Q3"	236	1	2	0.0802674607728645	NA	NA
1	"Q3"	237	1	2	0.0899659422925398	NA	NA
1	"Q3"	238	1	2	0.0694127644159015	NA	NA
1	"Q3"	239	1	2	0.0762367464038188	NA	NA
1	"Q3"	240	1	2	0.06081594481206	NA	NA
1	"Q3"	241	1	2	0.0616846623581006	NA	NA
1	"Q3"	242	1	2	0.0779502021380641	NA	NA
1	"Q3"	243	1	2	0.0733889919078283	NA	NA
1	"Q3"	244	1	2	0.0824106390608851	NA	NA
1	"Q3"	245	1	2	0.0835384353706952	NA	NA
1	"Q3"	246	1	2	0.0730156968920777	NA	NA
1	"Q3"	247	1	2	0.0736432509888075	NA	NA
1	"Q3"	248	1	2	0.0776953544092545	NA	NA
1	"Q3"	249	1	2	0.0876154821027254	NA	NA
1	"Q3"	250	1	2	0.0800598306594129	NA	NA
1	"Q3"	251	1	2	0.0846172421669651	NA	NA
1	"Q3"	252	1	2	0.0749222770105981	NA	NA
1	"Q3"	253	1	2	0.096142695386885	NA	NA
1	"Q3"	254	1	2	0.0859405302716275	NA	NA
1	"Q3"	255	1	2	0.083695049581756	NA	NA
1	"Q3"	256	1	2	0.0806330985226983	NA	NA
1	"Q3"	257	1	2	0.0815840202578129	NA	NA
1	"Q3"	258	1	2	0.0901612386575554	NA	NA
1	"Q3"	259	1	2	0.0741636227084955	NA	NA
1	"Q3"	260	1	2	0.0654132659766533	NA	NA
1	"Q3"	261	1	2	0.0691420508531502	NA	NA
1	"Q3"	262	1	2	0.0819839820110124	NA	NA
1	"Q3"	263	1	2	0.0659532400369692	NA	NA
1	"Q3"	264	1	2	0.0871075064658591	NA	NA
1	"Q3"	265	1	2	0.0823580421280372	NA	NA
1	"Q3"	266	1	2	0.0756310378205936	NA	NA
1	"Q3"	267	1	2	0.0726019707830035	NA	NA
1	"Q3"	268	1	2	0.0781551519174093	NA	NA
1	"Q3"	269	1	2	0.0700857247877465	NA	NA
1	"Q3"	270	1	2	0.0780617597221723	NA	NA
1	"Q3"	271	1	2	0.0707314569593763	NA	NA
1	"Q3"	272	1	2	0.0830187373552406	NA	NA
1	"Q3"	273	1	2	0.0783458816099457	NA	NA
1	"Q3"	274	1	2	0.0707726557567644	NA	NA
1	"Q3"	275	1	2	0.0642804910433004	NA	NA
1	"Q3"	276	1	2	0.0810729412404976	NA	NA
1	"Q3"	277	1	2	0.0769211813809116	NA	NA
1	"Q3"	278	1	2	0.0931533419452804	NA	NA
1	"Q3"	279	1	2	0.07422862075797	NA	NA
1	"Q3"	280	1	2	0.0907397377457302	NA	NA
1	"Q3"	281	1	2	0.0596151354438326	NA	NA
1	"Q3"	282	1	2	0.0750470071973057	NA	NA
1	"Q3"	283	1	2	0.06271392404772	NA	NA
1	"Q3"	284	1	2	0.0663124241669284	NA	NA
1	"Q3"	285	1	2	0.0828623586242596	NA	NA
1	"Q3"	286	1	2	0.0676651462545702	NA	NA
1	"Q3"	287	1	2	0.0670285914672465	NA	NA
1	"Q3"	288	1	2	0.0867212045939402	NA	NA
1	"Q3"	289	1	2	0.0872080399330472	NA	NA
1	"Q3"	290	1	2	0.0894557382184535	NA	NA
1	"Q3"	291	1	2	0.0743071876339289	NA	NA
1	"Q3"	292	1	2	0.085702805696856	NA	NA
1	"Q3"	293	1	2	0.0785326865772405	NA	NA
1	"Q3"	294	1	2	0.0693457896300876	NA	NA
1	"Q3"	295	1	2	0.0825508302434065	NA	NA
1	"Q3"	296	1	2	0.0704234910901918	NA	NA
1	"Q3"	297	1	2	0.076191384190284	NA	NA
1	"Q3"	298	1	2	0.0717725173644852	NA	NA
1	"Q3"	299	1	2	0.0722914575892019	NA	NA
1	"Q3"	300	1	2	0.0872450395523514	NA	NA
1	"Q3"	301	1	2	0.0862462031337479	NA	NA
1	"Q3"	302	1	2	0.0884771559209083	NA	NA
1	"Q3"	303	1	2	0.09159229197618	NA	NA
1	"Q3"	304	1	2	0.0757350048365323	NA	NA
1	"Q3"	305	1	2	0.0908476923568833	NA	NA
1	"Q3"	306	1	2	0.0832780941074181	NA	NA
1	"Q3"	307	1	2	0.073026422642407	NA	NA
1	"Q3"	308	1	2	0.0781089884818916	NA	NA
1	"Q3"	309	1	2	0.073211697495624	NA	NA
1	"Q3"	310	1	2	0.0704964754149907	NA	NA
1	"Q3"	311	1	2	0.0726449524391333	NA	NA
1	"Q3"	312	1	2	0.0849694570658968	NA	NA
1	"Q3"	313	1	2	0.0756869854813421	NA	NA
1	"Q3"	314	1	2	0.0664972686890397	NA	NA
1	"Q3"	315	1	2	0.0839281025999966	NA	NA
1	"Q3"	316	1	2	0.086708545801846	NA	NA
1	"Q3"	317	1	2	0.081595347943788	NA	NA
1	"Q3"	318	1	2	0.0664696334179091	NA	NA
1	"Q3"	319	1	2	0.0738904786831812	NA	NA
1	"Q3"	320	1	2	0.0697052553101971	NA	NA
1	"Q3"	321	1	2	0.0962929267573653	NA	NA
1	"Q3"	322	1	2	0.097359497760975	NA	NA
1	"Q3"	323	1	2	0.0727289311658429	NA	NA
1	"Q3"	324	1	2	0.0862362289734422	NA	NA
1	"Q3"	325	1	2	0.0821208954025699	NA	NA
1	"Q3"	326	1	2	0.103909164658426	NA	NA
1	"Q3"	327	1	2	0.0656146943532451	NA	NA
1	"Q3"	328	1	2	0.0835570331533471	NA	NA
1	"Q3"	329	1	2	0.0758887688488565	NA	NA
1	"Q3"	330	1	2	0.080581579654249	NA	NA
1	"Q3"	331	1	2	0.0818988683020787	NA	NA
1	"Q3"	332	1	2	0.0627541664583691	NA	NA
1	"Q3"	333	1	2	0.0901678584424576	NA	NA
1	"Q3"	334	1	2	0.095269126398298	NA	NA
1	"Q3"	335	1	2	0.0874786973369641	NA	NA
1	"Q3"	336	1	2	0.0568083345041755	NA	NA
1	"Q3"	337	1	2	0.0826523223882518	NA	NA
1	"Q3"	338	1	2	0.0743241185889353	NA	NA
1	"Q3"	339	1	2	0.0745698336424835	NA	NA
1	"Q3"	340	1	2	0.0928408374034012	NA	NA
1	"Q3"	341	1	2	0.0755773655761988	NA	NA
1	"Q3"	342	1	2	0.0848805848253235	NA	NA
1	"Q3"	343	1	2	0.0656294930772694	NA	NA
1	"Q3"	344	1	2	0.0697710675664855	NA	NA
1	"Q3"	345	1	2	0.0494631237381682	NA	NA
1	"Q3"	346	1	2	0.0702572696906507	NA	NA
1	"Q3"	347	1	2	0.0817562909950415	NA	NA
1	"Q3"	348	1	2	0.0660961549599851	NA	NA
1	"Q3"	349	1	2	0.0890413746405225	NA	NA
1	"Q3"	350	1	2	0.0874892443522015	NA	NA
1	"Q3"	351	1	2	0.0766972344039679	NA	NA
1	"Q3"	352	1	2	0.0783290865571737	NA	NA
1	"Q3"	353	1	2	0.0871290970251985	NA	NA
1	"Q3"	354	1	2	0.0642687048796665	NA	NA
1	"Q3"	355	1	2	0.0842201861327791	NA	NA
1	"Q3"	356	1	2	0.0704013970408458	NA	NA
1	"Q3"	357	1	2	0.109400546195626	NA	NA
1	"Q3"	358	1	2	0.0742889044641908	NA	NA
1	"Q3"	359	1	2	0.060033147629406	NA	NA
1	"Q3"	360	1	2	0.0676632243440785	NA	NA
1	"Q3"	361	1	2	0.0801909503050224	NA	NA
1	"Q3"	362	1	2	0.0635800295006573	NA	NA
1	"Q3"	363	1	2	0.0928525618544749	NA	NA
1	"Q3"	364	1	2	0.0993988290481908	NA	NA
1	"Q3"	365	1	2	0.0904972262084716	NA	NA
1	"Q3"	366	1	2	0.0895273637505917	NA	NA
1	"Q3"	367	1	2	0.101984138125517	NA	NA
1	"Q3"	368	1	2	0.0722408084617662	NA	NA
1	"Q3"	369	1	2	0.0888182880929347	NA	NA
1	"Q3"	370	1	2	0.0812437420559261	NA	NA
1	"Q3"	371	1	2	0.0719669515462732	NA	NA
1	"Q3"	372	1	2	0.0814418844070365	NA	NA
1	"Q3"	373	1	2	0.0837486222313411	NA	NA
1	"Q3"	374	1	2	0.086814118242535	NA	NA
1	"Q3"	375	1	2	0.0799283053743641	NA	NA
1	"Q3"	376	1	2	0.0707835861174789	NA	NA
1	"Q3"	377	1	2	0.0781558048332866	NA	NA
1	"Q3"	378	1	2	0.0844659433225083	NA	NA
1	"Q3"	379	1	2	0.0811451749275017	NA	NA
1	"Q3"	380	1	2	0.0742392815488636	NA	NA
1	"Q3"	381	1	2	0.0886385686409571	NA	NA
1	"Q3"	382	1	2	0.0790804802003634	NA	NA
1	"Q3"	383	1	2	0.0705015347999775	NA	NA
1	"Q3"	384	1	2	0.069571334698028	NA	NA
1	"Q3"	385	1	2	0.0682292354013417	NA	NA
1	"Q3"	386	1	2	0.0941934812705859	NA	NA
1	"Q3"	387	1	2	0.0774270309847998	NA	NA
1	"Q3"	388	1	2	0.0897537596854184	NA	NA
1	"Q3"	389	1	2	0.0749811822914572	NA	NA
1	"Q3"	390	1	2	0.0859283748951295	NA	NA
1	"Q3"	391	1	2	0.0744643069427185	NA	NA
1	"Q3"	392	1	2	0.0789581143884307	NA	NA
1	"Q3"	393	1	2	0.0646258793271135	NA	NA
1	"Q3"	394	1	2	0.0751121738023237	NA	NA
1	"Q3"	395	1	2	0.0746328680821882	NA	NA
1	"Q3"	396	1	2	0.0660085921747833	NA	NA
1	"Q3"	397	1	2	0.0733994482694753	NA	NA
1	"Q3"	398	1	2	0.0976754998172373	NA	NA
1	"Q3"	399	1	2	0.0735657186654666	NA	NA
1	"Q3"	400	1	2	0.0668012337957252	NA	NA
1	"Q4"	1	1	3	-0.127620638468167	NA	NA
1	"Q4"	2	1	3	-0.12632692628126	NA	NA
1	"Q4"	3	1	3	-0.0949121903584615	NA	NA
1	"Q4"	4	1	3	-0.116033012831178	NA	NA
1	"Q4"	5	1	3	-0.109889815645043	NA	NA
1	"Q4"	6	1	3	-0.109434034274177	NA	NA
1	"Q4"	7	1	3	-0.107941406068996	NA	NA
1	"Q4"	8	1	3	-0.121673095169396	NA	NA
1	"Q4"	9	1	3	-0.106879963582179	NA	NA
1	"Q4"	10	1	3	-0.112922591151167	NA	NA
1	"Q4"	11	1	3	-0.104803457722335	NA	NA
1	"Q4"	12	1	3	-0.108746724544643	NA	NA
1	"Q4"	13	1	3	-0.119583129700686	NA	NA
1	"Q4"	14	1	3	-0.100327810334584	NA	NA
1	"Q4"	15	1	3	-0.101028686657693	NA	NA
1	"Q4"	16	1	3	-0.11389835864704	NA	NA
1	"Q4"	17	1	3	-0.102667473663924	NA	NA
1	"Q4"	18	1	3	-0.122514335265662	NA	NA
1	"Q4"	19	1	3	-0.11390611405852	NA	NA
1	"Q4"	20	1	3	-0.104538245483331	NA	NA
1	"Q4"	21	1	3	-0.124149320565628	NA	NA
1	"Q4"	22	1	3	-0.106656587639129	NA	NA
1	"Q4"	23	1	3	-0.101134350565819	NA	NA
1	"Q4"	24	1	3	-0.0945672768138323	NA	NA
1	"Q4"	25	1	3	-0.10026344018371	NA	NA
1	"Q4"	26	1	3	-0.101157948973348	NA	NA
1	"Q4"	27	1	3	-0.109223138097865	NA	NA
1	"Q4"	28	1	3	-0.137705897879708	NA	NA
1	"Q4"	29	1	3	-0.0973695986096859	NA	NA
1	"Q4"	30	1	3	-0.101982232615477	NA	NA
1	"Q4"	31	1	3	-0.113513917996131	NA	NA
1	"Q4"	32	1	3	-0.115597726934414	NA	NA
1	"Q4"	33	1	3	-0.0883788887358798	NA	NA
1	"Q4"	34	1	3	-0.0969404864307631	NA	NA
1	"Q4"	35	1	3	-0.12687620994591	NA	NA
1	"Q4"	36	1	3	-0.10124040015782	NA	NA
1	"Q4"	37	1	3	-0.0986814869935072	NA	NA
1	"Q4"	38	1	3	-0.108211712643483	NA	NA
1	"Q4"	39	1	3	-0.0941411227067127	NA	NA
1	"Q4"	40	1	3	-0.111616223115485	NA	NA
1	"Q4"	41	1	3	-0.13353991963889	NA	NA
1	"Q4"	42	1	3	-0.0966233648463657	NA	NA
1	"Q4"	43	1	3	-0.12425189681367	NA	NA
1	"Q4"	44	1	3	-0.116661789009762	NA	NA
1	"Q4"	45	1	3	-0.109104575501077	NA	NA
1	"Q4"	46	1	3	-0.092680694200222	NA	NA
1	"Q4"	47	1	3	-0.116175692515812	NA	NA
1	"Q4"	48	1	3	-0.0902798828255011	NA	NA
1	"Q4"	49	1	3	-0.107285979574712	NA	NA
1	"Q4"	50	1	3	-0.107284191821575	NA	NA
1	"Q4"	51	1	3	-0.108225906112974	NA	NA
1	"Q4"	52	1	3	-0.0856529747539882	NA	NA
1	"Q4"	53	1	3	-0.103801956743266	NA	NA
1	"Q4"	54	1	3	-0.113042503812195	NA	NA
1	"Q4"	55	1	3	-0.101271916496814	NA	NA
1	"Q4"	56	1	3	-0.0912836401724732	NA	NA
1	"Q4"	57	1	3	-0.113397219561037	NA	NA
1	"Q4"	58	1	3	-0.103347212199972	NA	NA
1	"Q4"	59	1	3	-0.0932404743539555	NA	NA
1	"Q4"	60	1	3	-0.112697761542398	NA	NA
1	"Q4"	61	1	3	-0.102617723735679	NA	NA
1	"Q4"	62	1	3	-0.128308789135897	NA	NA
1	"Q4"	63	1	3	-0.0994301929749705	NA	NA
1	"Q4"	64	1	3	-0.0940720536355067	NA	NA
1	"Q4"	65	1	3	-0.106695960025341	NA	NA
1	"Q4"	66	1	3	-0.128251713035467	NA	NA
1	"Q4"	67	1	3	-0.0670156478776634	NA	NA
1	"Q4"	68	1	3	-0.125467236137216	NA	NA
1	"Q4"	69	1	3	-0.136844830070795	NA	NA
1	"Q4"	70	1	3	-0.113001260574746	NA	NA
1	"Q4"	71	1	3	-0.0984129944841998	NA	NA
1	"Q4"	72	1	3	-0.0710756855532076	NA	NA
1	"Q4"	73	1	3	-0.115622736816254	NA	NA
1	"Q4"	74	1	3	-0.0893533631964188	NA	NA
1	"Q4"	75	1	3	-0.135271262634871	NA	NA
1	"Q4"	76	1	3	-0.0950003126966481	NA	NA
1	"Q4"	77	1	3	-0.100503071496277	NA	NA
1	"Q4"	78	1	3	-0.103145270325925	NA	NA
1	"Q4"	79	1	3	-0.106521802026319	NA	NA
1	"Q4"	80	1	3	-0.0983475464835354	NA	NA
1	"Q4"	81	1	3	-0.109403011892901	NA	NA
1	"Q4"	82	1	3	-0.129001979097492	NA	NA
1	"Q4"	83	1	3	-0.114521656056562	NA	NA
1	"Q4"	84	1	3	-0.0935768726687926	NA	NA
1	"Q4"	85	1	3	-0.10232581956123	NA	NA
1	"Q4"	86	1	3	-0.102715043813936	NA	NA
1	"Q4"	87	1	3	-0.112862878611681	NA	NA
1	"Q4"	88	1	3	-0.115098259676924	NA	NA
1	"Q4"	89	1	3	-0.113325398236582	NA	NA
1	"Q4"	90	1	3	-0.10436121226055	NA	NA
1	"Q4"	91	1	3	-0.112320802681608	NA	NA
1	"Q4"	92	1	3	-0.108172680215222	NA	NA
1	"Q4"	93	1	3	-0.101433154955154	NA	NA
1	"Q4"	94	1	3	-0.0915127998079475	NA	NA
1	"Q4"	95	1	3	-0.118542718150228	NA	NA
1	"Q4"	96	1	3	-0.107300843793698	NA	NA
1	"Q4"	97	1	3	-0.121091706008771	NA	NA
1	"Q4"	98	1	3	-0.10098976957706	NA	NA
1	"Q4"	99	1	3	-0.0969907050800445	NA	NA
1	"Q4"	100	1	3	-0.105408222634888	NA	NA
1	"Q4"	101	1	3	-0.105250439664711	NA	NA
1	"Q4"	102	1	3	-0.110793939021452	NA	NA
1	"Q4"	103	1	3	-0.0969212748711283	NA	NA
1	"Q4"	104	1	3	-0.119737379287364	NA	NA
1	"Q4"	105	1	3	-0.104718588068368	NA	NA
1	"Q4"	106	1	3	-0.113684773464137	NA	NA
1	"Q4"	107	1	3	-0.12725381463472	NA	NA
1	"Q4"	108	1	3	-0.131123842556671	NA	NA
1	"Q4"	109	1	3	-0.105877800327283	NA	NA
1	"Q4"	110	1	3	-0.0955557208080797	NA	NA
1	"Q4"	111	1	3	-0.104744906745457	NA	NA
1	"Q4"	112	1	3	-0.133383798156175	NA	NA
1	"Q4"	113	1	3	-0.116446461092783	NA	NA
1	"Q4"	114	1	3	-0.111849370258922	NA	NA
1	"Q4"	115	1	3	-0.109969210867713	NA	NA
1	"Q4"	116	1	3	-0.120612463116057	NA	NA
1	"Q4"	117	1	3	-0.0971110938002355	NA	NA
1	"Q4"	118	1	3	-0.108634290708094	NA	NA
1	"Q4"	119	1	3	-0.117603157161851	NA	NA
1	"Q4"	120	1	3	-0.104246438509212	NA	NA
1	"Q4"	121	1	3	-0.103493117638405	NA	NA
1	"Q4"	122	1	3	-0.127425776272772	NA	NA
1	"Q4"	123	1	3	-0.127547895915043	NA	NA
1	"Q4"	124	1	3	-0.125670781109302	NA	NA
1	"Q4"	125	1	3	-0.133154991614188	NA	NA
1	"Q4"	126	1	3	-0.10828917687734	NA	NA
1	"Q4"	127	1	3	-0.1426278936966	NA	NA
1	"Q4"	128	1	3	-0.0882455586306505	NA	NA
1	"Q4"	129	1	3	-0.102992070821471	NA	NA
1	"Q4"	130	1	3	-0.12489132352211	NA	NA
1	"Q4"	131	1	3	-0.129803139517106	NA	NA
1	"Q4"	132	1	3	-0.0854951619362773	NA	NA
1	"Q4"	133	1	3	-0.11000141503522	NA	NA
1	"Q4"	134	1	3	-0.124683594087271	NA	NA
1	"Q4"	135	1	3	-0.126185362430105	NA	NA
1	"Q4"	136	1	3	-0.103237321188936	NA	NA
1	"Q4"	137	1	3	-0.115792115609025	NA	NA
1	"Q4"	138	1	3	-0.116353709988349	NA	NA
1	"Q4"	139	1	3	-0.109433671913039	NA	NA
1	"Q4"	140	1	3	-0.112262369860425	NA	NA
1	"Q4"	141	1	3	-0.12046024772786	NA	NA
1	"Q4"	142	1	3	-0.116903582697106	NA	NA
1	"Q4"	143	1	3	-0.0962762171700894	NA	NA
1	"Q4"	144	1	3	-0.0992319960151387	NA	NA
1	"Q4"	145	1	3	-0.111949148052365	NA	NA
1	"Q4"	146	1	3	-0.101682299810534	NA	NA
1	"Q4"	147	1	3	-0.100498993410515	NA	NA
1	"Q4"	148	1	3	-0.126204324019247	NA	NA
1	"Q4"	149	1	3	-0.118115881685463	NA	NA
1	"Q4"	150	1	3	-0.129385023066266	NA	NA
1	"Q4"	151	1	3	-0.150646771265739	NA	NA
1	"Q4"	152	1	3	-0.117993512271386	NA	NA
1	"Q4"	153	1	3	-0.106241747518463	NA	NA
1	"Q4"	154	1	3	-0.100255253747993	NA	NA
1	"Q4"	155	1	3	-0.126043236720169	NA	NA
1	"Q4"	156	1	3	-0.103092007665423	NA	NA
1	"Q4"	157	1	3	-0.0954965403271702	NA	NA
1	"Q4"	158	1	3	-0.109565934924361	NA	NA
1	"Q4"	159	1	3	-0.0909681571240509	NA	NA
1	"Q4"	160	1	3	-0.119504729273429	NA	NA
1	"Q4"	161	1	3	-0.105862890324748	NA	NA
1	"Q4"	162	1	3	-0.117679809515115	NA	NA
1	"Q4"	163	1	3	-0.100049149188183	NA	NA
1	"Q4"	164	1	3	-0.12448585204739	NA	NA
1	"Q4"	165	1	3	-0.124870501876769	NA	NA
1	"Q4"	166	1	3	-0.122211894333548	NA	NA
1	"Q4"	167	1	3	-0.0968861151850889	NA	NA
1	"Q4"	168	1	3	-0.106329528328529	NA	NA
1	"Q4"	169	1	3	-0.125118554662046	NA	NA
1	"Q4"	170	1	3	-0.102607554668815	NA	NA
1	"Q4"	171	1	3	-0.123503478345575	NA	NA
1	"Q4"	172	1	3	-0.102309297162675	NA	NA
1	"Q4"	173	1	3	-0.103428689117116	NA	NA
1	"Q4"	174	1	3	-0.124218934555518	NA	NA
1	"Q4"	175	1	3	-0.139174525006895	NA	NA
1	"Q4"	176	1	3	-0.118942502348776	NA	NA
1	"Q4"	177	1	3	-0.105185387740566	NA	NA
1	"Q4"	178	1	3	-0.112832038148315	NA	NA
1	"Q4"	179	1	3	-0.123815108486896	NA	NA
1	"Q4"	180	1	3	-0.122394143209398	NA	NA
1	"Q4"	181	1	3	-0.0931809402410381	NA	NA
1	"Q4"	182	1	3	-0.0810276034843391	NA	NA
1	"Q4"	183	1	3	-0.0892405166483853	NA	NA
1	"Q4"	184	1	3	-0.121525974712653	NA	NA
1	"Q4"	185	1	3	-0.137116479868455	NA	NA
1	"Q4"	186	1	3	-0.114983149355359	NA	NA
1	"Q4"	187	1	3	-0.0948076234526929	NA	NA
1	"Q4"	188	1	3	-0.129802215525024	NA	NA
1	"Q4"	189	1	3	-0.10420080591407	NA	NA
1	"Q4"	190	1	3	-0.0702252662359862	NA	NA
1	"Q4"	191	1	3	-0.13511872569925	NA	NA
1	"Q4"	192	1	3	-0.10608783871658	NA	NA
1	"Q4"	193	1	3	-0.0825287151039897	NA	NA
1	"Q4"	194	1	3	-0.121850936742988	NA	NA
1	"Q4"	195	1	3	-0.0978723160834233	NA	NA
1	"Q4"	196	1	3	-0.0964250381757286	NA	NA
1	"Q4"	197	1	3	-0.0961718759031373	NA	NA
1	"Q4"	198	1	3	-0.102337165888364	NA	NA
1	"Q4"	199	1	3	-0.113567654755973	NA	NA
1	"Q4"	200	1	3	-0.134516722700618	NA	NA
1	"Q4"	201	1	3	-0.10326953237868	NA	NA
1	"Q4"	202	1	3	-0.107781125688381	NA	NA
1	"Q4"	203	1	3	-0.112993075626582	NA	NA
1	"Q4"	204	1	3	-0.132858308974582	NA	NA
1	"Q4"	205	1	3	-0.119055276066943	NA	NA
1	"Q4"	206	1	3	-0.115057933762519	NA	NA
1	"Q4"	207	1	3	-0.118355724691097	NA	NA
1	"Q4"	208	1	3	-0.118024731056	NA	NA
1	"Q4"	209	1	3	-0.134037956795311	NA	NA
1	"Q4"	210	1	3	-0.118994933607357	NA	NA
1	"Q4"	211	1	3	-0.131861077893671	NA	NA
1	"Q4"	212	1	3	-0.115867521909651	NA	NA
1	"Q4"	213	1	3	-0.119936259460819	NA	NA
1	"Q4"	214	1	3	-0.0955329801883207	NA	NA
1	"Q4"	215	1	3	-0.109812680655193	NA	NA
1	"Q4"	216	1	3	-0.138037012080329	NA	NA
1	"Q4"	217	1	3	-0.112138830630165	NA	NA
1	"Q4"	218	1	3	-0.116447619198065	NA	NA
1	"Q4"	219	1	3	-0.10677987137736	NA	NA
1	"Q4"	220	1	3	-0.0878850569983746	NA	NA
1	"Q4"	221	1	3	-0.130138415299785	NA	NA
1	"Q4"	222	1	3	-0.107257185467002	NA	NA
1	"Q4"	223	1	3	-0.113622067977464	NA	NA
1	"Q4"	224	1	3	-0.109396236700287	NA	NA
1	"Q4"	225	1	3	-0.115091811776976	NA	NA
1	"Q4"	226	1	3	-0.113136685247257	NA	NA
1	"Q4"	227	1	3	-0.0762447175575951	NA	NA
1	"Q4"	228	1	3	-0.124809916684041	NA	NA
1	"Q4"	229	1	3	-0.105424382962082	NA	NA
1	"Q4"	230	1	3	-0.0980793978879676	NA	NA
1	"Q4"	231	1	3	-0.0950550025886247	NA	NA
1	"Q4"	232	1	3	-0.111880205128879	NA	NA
1	"Q4"	233	1	3	-0.120009886111665	NA	NA
1	"Q4"	234	1	3	-0.0748427726684825	NA	NA
1	"Q4"	235	1	3	-0.0959587717563512	NA	NA
1	"Q4"	236	1	3	-0.114640297323455	NA	NA
1	"Q4"	237	1	3	-0.115334121256598	NA	NA
1	"Q4"	238	1	3	-0.101632655054282	NA	NA
1	"Q4"	239	1	3	-0.0902466079984532	NA	NA
1	"Q4"	240	1	3	-0.0929035072612671	NA	NA
1	"Q4"	241	1	3	-0.108834336625141	NA	NA
1	"Q4"	242	1	3	-0.113423886714829	NA	NA
1	"Q4"	243	1	3	-0.119211112261923	NA	NA
1	"Q4"	244	1	3	-0.116058161022583	NA	NA
1	"Q4"	245	1	3	-0.11538665209349	NA	NA
1	"Q4"	246	1	3	-0.0977094303410887	NA	NA
1	"Q4"	247	1	3	-0.114961330425503	NA	NA
1	"Q4"	248	1	3	-0.108083682382632	NA	NA
1	"Q4"	249	1	3	-0.109512970406708	NA	NA
1	"Q4"	250	1	3	-0.102282420713837	NA	NA
1	"Q4"	251	1	3	-0.127508735186949	NA	NA
1	"Q4"	252	1	3	-0.107123388291108	NA	NA
1	"Q4"	253	1	3	-0.103771141868039	NA	NA
1	"Q4"	254	1	3	-0.122662795000162	NA	NA
1	"Q4"	255	1	3	-0.127955576911479	NA	NA
1	"Q4"	256	1	3	-0.10452728986466	NA	NA
1	"Q4"	257	1	3	-0.116606165155587	NA	NA
1	"Q4"	258	1	3	-0.119214868962449	NA	NA
1	"Q4"	259	1	3	-0.0973495959112728	NA	NA
1	"Q4"	260	1	3	-0.0909199438135979	NA	NA
1	"Q4"	261	1	3	-0.0908902654144921	NA	NA
1	"Q4"	262	1	3	-0.102719326283768	NA	NA
1	"Q4"	263	1	3	-0.0966191529951229	NA	NA
1	"Q4"	264	1	3	-0.119524035106864	NA	NA
1	"Q4"	265	1	3	-0.108966768125451	NA	NA
1	"Q4"	266	1	3	-0.0935847976711376	NA	NA
1	"Q4"	267	1	3	-0.0901938814825371	NA	NA
1	"Q4"	268	1	3	-0.089070260401655	NA	NA
1	"Q4"	269	1	3	-0.105715285674287	NA	NA
1	"Q4"	270	1	3	-0.119911944573419	NA	NA
1	"Q4"	271	1	3	-0.106708346203781	NA	NA
1	"Q4"	272	1	3	-0.118741272059498	NA	NA
1	"Q4"	273	1	3	-0.097232287736693	NA	NA
1	"Q4"	274	1	3	-0.101290794580223	NA	NA
1	"Q4"	275	1	3	-0.10184874823841	NA	NA
1	"Q4"	276	1	3	-0.111473071902377	NA	NA
1	"Q4"	277	1	3	-0.104791493213827	NA	NA
1	"Q4"	278	1	3	-0.109642104264779	NA	NA
1	"Q4"	279	1	3	-0.098598555379827	NA	NA
1	"Q4"	280	1	3	-0.116804630014221	NA	NA
1	"Q4"	281	1	3	-0.0883615303898844	NA	NA
1	"Q4"	282	1	3	-0.10757735128218	NA	NA
1	"Q4"	283	1	3	-0.100330917172582	NA	NA
1	"Q4"	284	1	3	-0.0968054609500632	NA	NA
1	"Q4"	285	1	3	-0.11583035855269	NA	NA
1	"Q4"	286	1	3	-0.0966530328856806	NA	NA
1	"Q4"	287	1	3	-0.0762048744456491	NA	NA
1	"Q4"	288	1	3	-0.122401777940812	NA	NA
1	"Q4"	289	1	3	-0.108700758461462	NA	NA
1	"Q4"	290	1	3	-0.116834948721275	NA	NA
1	"Q4"	291	1	3	-0.107754057573476	NA	NA
1	"Q4"	292	1	3	-0.111541699314582	NA	NA
1	"Q4"	293	1	3	-0.105568246395107	NA	NA
1	"Q4"	294	1	3	-0.103446439522332	NA	NA
1	"Q4"	295	1	3	-0.119969858258073	NA	NA
1	"Q4"	296	1	3	-0.0956675219498581	NA	NA
1	"Q4"	297	1	3	-0.103744837392314	NA	NA
1	"Q4"	298	1	3	-0.120071061848922	NA	NA
1	"Q4"	299	1	3	-0.102111559552765	NA	NA
1	"Q4"	300	1	3	-0.115882781268664	NA	NA
1	"Q4"	301	1	3	-0.135751037881183	NA	NA
1	"Q4"	302	1	3	-0.131304645866217	NA	NA
1	"Q4"	303	1	3	-0.135555989411876	NA	NA
1	"Q4"	304	1	3	-0.12149571458226	NA	NA
1	"Q4"	305	1	3	-0.128449403430901	NA	NA
1	"Q4"	306	1	3	-0.11763870784063	NA	NA
1	"Q4"	307	1	3	-0.104578173335657	NA	NA
1	"Q4"	308	1	3	-0.108502354168673	NA	NA
1	"Q4"	309	1	3	-0.0974919465670394	NA	NA
1	"Q4"	310	1	3	-0.109749852293154	NA	NA
1	"Q4"	311	1	3	-0.109662274681164	NA	NA
1	"Q4"	312	1	3	-0.116262066182153	NA	NA
1	"Q4"	313	1	3	-0.0960865179566361	NA	NA
1	"Q4"	314	1	3	-0.0864453565878899	NA	NA
1	"Q4"	315	1	3	-0.118011933223039	NA	NA
1	"Q4"	316	1	3	-0.121098029661109	NA	NA
1	"Q4"	317	1	3	-0.10766753702637	NA	NA
1	"Q4"	318	1	3	-0.0865938361768233	NA	NA
1	"Q4"	319	1	3	-0.100949007623059	NA	NA
1	"Q4"	320	1	3	-0.0912491674912341	NA	NA
1	"Q4"	321	1	3	-0.153972747109222	NA	NA
1	"Q4"	322	1	3	-0.114399914460914	NA	NA
1	"Q4"	323	1	3	-0.105322113762366	NA	NA
1	"Q4"	324	1	3	-0.125573668646613	NA	NA
1	"Q4"	325	1	3	-0.119059643957178	NA	NA
1	"Q4"	326	1	3	-0.144715928590639	NA	NA
1	"Q4"	327	1	3	-0.10470801290239	NA	NA
1	"Q4"	328	1	3	-0.1165781849039	NA	NA
1	"Q4"	329	1	3	-0.128802732501782	NA	NA
1	"Q4"	330	1	3	-0.111777078382064	NA	NA
1	"Q4"	331	1	3	-0.133120413965559	NA	NA
1	"Q4"	332	1	3	-0.101370042422445	NA	NA
1	"Q4"	333	1	3	-0.122715485685713	NA	NA
1	"Q4"	334	1	3	-0.117850528440742	NA	NA
1	"Q4"	335	1	3	-0.11797386740806	NA	NA
1	"Q4"	336	1	3	-0.0886065017058219	NA	NA
1	"Q4"	337	1	3	-0.113976552308459	NA	NA
1	"Q4"	338	1	3	-0.100523566262119	NA	NA
1	"Q4"	339	1	3	-0.0835843024778223	NA	NA
1	"Q4"	340	1	3	-0.121840359834451	NA	NA
1	"Q4"	341	1	3	-0.119153110694495	NA	NA
1	"Q4"	342	1	3	-0.122548234325639	NA	NA
1	"Q4"	343	1	3	-0.0748853590030525	NA	NA
1	"Q4"	344	1	3	-0.105990654927777	NA	NA
1	"Q4"	345	1	3	-0.0994932131706169	NA	NA
1	"Q4"	346	1	3	-0.111656189696563	NA	NA
1	"Q4"	347	1	3	-0.118488166723034	NA	NA
1	"Q4"	348	1	3	-0.0912779664751121	NA	NA
1	"Q4"	349	1	3	-0.135931764553044	NA	NA
1	"Q4"	350	1	3	-0.128503748128053	NA	NA
1	"Q4"	351	1	3	-0.116219343316077	NA	NA
1	"Q4"	352	1	3	-0.100568122744255	NA	NA
1	"Q4"	353	1	3	-0.125551784939354	NA	NA
1	"Q4"	354	1	3	-0.0885446940208503	NA	NA
1	"Q4"	355	1	3	-0.107898120556885	NA	NA
1	"Q4"	356	1	3	-0.116961948210907	NA	NA
1	"Q4"	357	1	3	-0.145987124954525	NA	NA
1	"Q4"	358	1	3	-0.10712855544892	NA	NA
1	"Q4"	359	1	3	-0.0994552134553294	NA	NA
1	"Q4"	360	1	3	-0.0927888460385896	NA	NA
1	"Q4"	361	1	3	-0.122737403345303	NA	NA
1	"Q4"	362	1	3	-0.110879553405831	NA	NA
1	"Q4"	363	1	3	-0.125381332958013	NA	NA
1	"Q4"	364	1	3	-0.130811379064638	NA	NA
1	"Q4"	365	1	3	-0.133395168336073	NA	NA
1	"Q4"	366	1	3	-0.122908077353684	NA	NA
1	"Q4"	367	1	3	-0.131952223735793	NA	NA
1	"Q4"	368	1	3	-0.103563528238678	NA	NA
1	"Q4"	369	1	3	-0.124380953875556	NA	NA
1	"Q4"	370	1	3	-0.117144536864734	NA	NA
1	"Q4"	371	1	3	-0.111969879127924	NA	NA
1	"Q4"	372	1	3	-0.112886914748111	NA	NA
1	"Q4"	373	1	3	-0.116323792586972	NA	NA
1	"Q4"	374	1	3	-0.122401469577693	NA	NA
1	"Q4"	375	1	3	-0.130077687025061	NA	NA
1	"Q4"	376	1	3	-0.0993719446343726	NA	NA
1	"Q4"	377	1	3	-0.109720267389529	NA	NA
1	"Q4"	378	1	3	-0.105007774117008	NA	NA
1	"Q4"	379	1	3	-0.115941727752431	NA	NA
1	"Q4"	380	1	3	-0.0902426732367497	NA	NA
1	"Q4"	381	1	3	-0.116797158732756	NA	NA
1	"Q4"	382	1	3	-0.112968517955059	NA	NA
1	"Q4"	383	1	3	-0.107918259167133	NA	NA
1	"Q4"	384	1	3	-0.0974896198901524	NA	NA
1	"Q4"	385	1	3	-0.109678931985814	NA	NA
1	"Q4"	386	1	3	-0.145189080757468	NA	NA
1	"Q4"	387	1	3	-0.106722720908605	NA	NA
1	"Q4"	388	1	3	-0.113474786147942	NA	NA
1	"Q4"	389	1	3	-0.102641055284215	NA	NA
1	"Q4"	390	1	3	-0.125214506919723	NA	NA
1	"Q4"	391	1	3	-0.0989552215987019	NA	NA
1	"Q4"	392	1	3	-0.105224958033289	NA	NA
1	"Q4"	393	1	3	-0.0841396528264757	NA	NA
1	"Q4"	394	1	3	-0.115833750390248	NA	NA
1	"Q4"	395	1	3	-0.118475374554993	NA	NA
1	"Q4"	396	1	3	-0.0855021617129133	NA	NA
1	"Q4"	397	1	3	-0.107571522710379	NA	NA
1	"Q4"	398	1	3	-0.127542625224542	NA	NA
1	"Q4"	399	1	3	-0.11559340904582	NA	NA
1	"Q4"	400	1	3	-0.0896970707364952	NA	NA
