"Age"	"Level"	"Iteration"	"AgeIndex"	"LevelIndex"	"Intercept"	"tau_Intercept"	"ar_Intercept"
1	"27.4.aE"	1	1	1	-0.0131934660905104	NA	NA
1	"27.4.aE"	2	1	1	-0.0355255004063369	NA	NA
1	"27.4.aE"	3	1	1	0.0142071704118813	NA	NA
1	"27.4.aE"	4	1	1	-0.0203177367551365	NA	NA
1	"27.4.aE"	5	1	1	-0.015970090558821	NA	NA
1	"27.4.aE"	6	1	1	-0.00709333636618161	NA	NA
1	"27.4.aE"	7	1	1	-0.00515343946632995	NA	NA
1	"27.4.aE"	8	1	1	-0.018901826464579	NA	NA
1	"27.4.aE"	9	1	1	-0.00397548776107586	NA	NA
1	"27.4.aE"	10	1	1	-0.00935628905967652	NA	NA
1	"27.4.aE"	11	1	1	0.000316192176380996	NA	NA
1	"27.4.aE"	12	1	1	-0.0120861245199513	NA	NA
1	"27.4.aE"	13	1	1	0.00116824200113322	NA	NA
1	"27.4.aE"	14	1	1	-0.0168562044908863	NA	NA
1	"27.4.aE"	15	1	1	-0.00675482896850152	NA	NA
1	"27.4.aE"	16	1	1	-0.0031996593392319	NA	NA
1	"27.4.aE"	17	1	1	-0.0215143924478312	NA	NA
1	"27.4.aE"	18	1	1	-0.012986410982845	NA	NA
1	"27.4.aE"	19	1	1	-0.00757915741672156	NA	NA
1	"27.4.aE"	20	1	1	0.000855158729766273	NA	NA
1	"27.4.aE"	21	1	1	-0.0103981203115564	NA	NA
1	"27.4.aE"	22	1	1	-0.00662365837230781	NA	NA
1	"27.4.aE"	23	1	1	-0.0181260886516428	NA	NA
1	"27.4.aE"	24	1	1	0.00235197327210713	NA	NA
1	"27.4.aE"	25	1	1	-0.00909774240083063	NA	NA
1	"27.4.aE"	26	1	1	-0.0202392877206591	NA	NA
1	"27.4.aE"	27	1	1	-0.00823572835617782	NA	NA
1	"27.4.aE"	28	1	1	-0.0104470404646276	NA	NA
1	"27.4.aE"	29	1	1	0.00193489383990575	NA	NA
1	"27.4.aE"	30	1	1	-0.0246242181640394	NA	NA
1	"27.4.aE"	31	1	1	0.00616378914314549	NA	NA
1	"27.4.aE"	32	1	1	-0.018806718540402	NA	NA
1	"27.4.aE"	33	1	1	-0.0137791325630248	NA	NA
1	"27.4.aE"	34	1	1	-0.00922197756409306	NA	NA
1	"27.4.aE"	35	1	1	-0.00625700098714919	NA	NA
1	"27.4.aE"	36	1	1	0.00557417422244759	NA	NA
1	"27.4.aE"	37	1	1	-0.0152896383771313	NA	NA
1	"27.4.aE"	38	1	1	-0.0119357782602821	NA	NA
1	"27.4.aE"	39	1	1	-0.00750075435021121	NA	NA
1	"27.4.aE"	40	1	1	-0.00948798216322874	NA	NA
1	"27.4.aE"	41	1	1	-0.0135161181081818	NA	NA
1	"27.4.aE"	42	1	1	-0.00432899837962346	NA	NA
1	"27.4.aE"	43	1	1	-0.0262010958633602	NA	NA
1	"27.4.aE"	44	1	1	-0.0171923114139725	NA	NA
1	"27.4.aE"	45	1	1	0.00295029467537712	NA	NA
1	"27.4.aE"	46	1	1	-0.00582898278801655	NA	NA
1	"27.4.aE"	47	1	1	-0.0192148420053134	NA	NA
1	"27.4.aE"	48	1	1	-0.00204571199917126	NA	NA
1	"27.4.aE"	49	1	1	-0.0111559286812812	NA	NA
1	"27.4.aE"	50	1	1	-0.00202252608619422	NA	NA
1	"27.4.aE"	51	1	1	-0.0046357439055738	NA	NA
1	"27.4.aE"	52	1	1	0.000732417678031438	NA	NA
1	"27.4.aE"	53	1	1	-0.0111046430063455	NA	NA
1	"27.4.aE"	54	1	1	-0.0219236224601501	NA	NA
1	"27.4.aE"	55	1	1	-0.00553041789719194	NA	NA
1	"27.4.aE"	56	1	1	-0.0172264010671105	NA	NA
1	"27.4.aE"	57	1	1	-0.0242572356297161	NA	NA
1	"27.4.aE"	58	1	1	-0.0172570519837088	NA	NA
1	"27.4.aE"	59	1	1	0.0114633921115179	NA	NA
1	"27.4.aE"	60	1	1	-0.0200569791434666	NA	NA
1	"27.4.aE"	61	1	1	-0.00276789251525683	NA	NA
1	"27.4.aE"	62	1	1	-0.0152158186042525	NA	NA
1	"27.4.aE"	63	1	1	-0.0131729907352199	NA	NA
1	"27.4.aE"	64	1	1	-0.00997844372041337	NA	NA
1	"27.4.aE"	65	1	1	0.00440694109570023	NA	NA
1	"27.4.aE"	66	1	1	-0.017803615366455	NA	NA
1	"27.4.aE"	67	1	1	-0.00308594788114876	NA	NA
1	"27.4.aE"	68	1	1	-0.0220795204657692	NA	NA
1	"27.4.aE"	69	1	1	-0.0167652530151857	NA	NA
1	"27.4.aE"	70	1	1	-0.00339992926392917	NA	NA
1	"27.4.aE"	71	1	1	-0.0142687332760965	NA	NA
1	"27.4.aE"	72	1	1	0.00108504380287197	NA	NA
1	"27.4.aE"	73	1	1	-0.00289781405136332	NA	NA
1	"27.4.aE"	74	1	1	0.00525505480743483	NA	NA
1	"27.4.aE"	75	1	1	-0.00073953231063149	NA	NA
1	"27.4.aE"	76	1	1	0.00364320152972578	NA	NA
1	"27.4.aE"	77	1	1	0.000494775434463819	NA	NA
1	"27.4.aE"	78	1	1	0.00382326490645359	NA	NA
1	"27.4.aE"	79	1	1	-0.0121899480401628	NA	NA
1	"27.4.aE"	80	1	1	-0.0077686265141638	NA	NA
1	"27.4.aE"	81	1	1	-0.000704216956831255	NA	NA
1	"27.4.aE"	82	1	1	-0.0183393290285786	NA	NA
1	"27.4.aE"	83	1	1	-0.0035462352238438	NA	NA
1	"27.4.aE"	84	1	1	-0.0014770766171174	NA	NA
1	"27.4.aE"	85	1	1	0.00248134351936019	NA	NA
1	"27.4.aE"	86	1	1	0.00566920378232317	NA	NA
1	"27.4.aE"	87	1	1	-0.00806744638897187	NA	NA
1	"27.4.aE"	88	1	1	-0.00429690405097478	NA	NA
1	"27.4.aE"	89	1	1	-0.0202092653670529	NA	NA
1	"27.4.aE"	90	1	1	-0.00894109143167047	NA	NA
1	"27.4.aE"	91	1	1	0.00759711968794215	NA	NA
1	"27.4.aE"	92	1	1	-0.0106888562832387	NA	NA
1	"27.4.aE"	93	1	1	-0.00577381297723946	NA	NA
1	"27.4.aE"	94	1	1	0.00729594367891887	NA	NA
1	"27.4.aE"	95	1	1	-0.0146331407930683	NA	NA
1	"27.4.aE"	96	1	1	-0.0195173376465277	NA	NA
1	"27.4.aE"	97	1	1	-0.0142935292833961	NA	NA
1	"27.4.aE"	98	1	1	0.00225881681720973	NA	NA
1	"27.4.aE"	99	1	1	-0.00129524068381559	NA	NA
1	"27.4.aE"	100	1	1	-0.000780569324297433	NA	NA
1	"27.4.aE"	101	1	1	-0.00690180240835923	NA	NA
1	"27.4.aE"	102	1	1	-0.00711854611154939	NA	NA
1	"27.4.aE"	103	1	1	0.010484966814574	NA	NA
1	"27.4.aE"	104	1	1	0.00230669284251172	NA	NA
1	"27.4.aE"	105	1	1	-0.00310119558540053	NA	NA
1	"27.4.aE"	106	1	1	0.000707776194381382	NA	NA
1	"27.4.aE"	107	1	1	-0.0198526099082566	NA	NA
1	"27.4.aE"	108	1	1	-0.00720768896501731	NA	NA
1	"27.4.aE"	109	1	1	-0.00497149543840112	NA	NA
1	"27.4.aE"	110	1	1	0.00251605636859082	NA	NA
1	"27.4.aE"	111	1	1	-0.0111004338159033	NA	NA
1	"27.4.aE"	112	1	1	-0.0191361506457236	NA	NA
1	"27.4.aE"	113	1	1	-0.022939788503335	NA	NA
1	"27.4.aE"	114	1	1	-0.015011669162665	NA	NA
1	"27.4.aE"	115	1	1	-0.00681569962828566	NA	NA
1	"27.4.aE"	116	1	1	-0.0155247562994581	NA	NA
1	"27.4.aE"	117	1	1	-0.00719995346433248	NA	NA
1	"27.4.aE"	118	1	1	-0.00225352724697736	NA	NA
1	"27.4.aE"	119	1	1	-0.0128174134146166	NA	NA
1	"27.4.aE"	120	1	1	-0.0125565049803967	NA	NA
1	"27.4.aE"	121	1	1	-0.00764151894775686	NA	NA
1	"27.4.aE"	122	1	1	-0.0139991223091136	NA	NA
1	"27.4.aE"	123	1	1	-0.0277613697972992	NA	NA
1	"27.4.aE"	124	1	1	0.00147123285429062	NA	NA
1	"27.4.aE"	125	1	1	-0.0204999135968115	NA	NA
1	"27.4.aE"	126	1	1	-0.00560530620394465	NA	NA
1	"27.4.aE"	127	1	1	-0.0150590392644044	NA	NA
1	"27.4.aE"	128	1	1	-0.00521415002996462	NA	NA
1	"27.4.aE"	129	1	1	-0.0195801624280468	NA	NA
1	"27.4.aE"	130	1	1	-0.0137874370522612	NA	NA
1	"27.4.aE"	131	1	1	-0.0285569117986253	NA	NA
1	"27.4.aE"	132	1	1	-0.00786314822377154	NA	NA
1	"27.4.aE"	133	1	1	-0.0194879397496879	NA	NA
1	"27.4.aE"	134	1	1	0.00414837102227264	NA	NA
1	"27.4.aE"	135	1	1	-0.016602548618132	NA	NA
1	"27.4.aE"	136	1	1	-0.0034766041839081	NA	NA
1	"27.4.aE"	137	1	1	-0.000356602295498209	NA	NA
1	"27.4.aE"	138	1	1	-0.0116766715873865	NA	NA
1	"27.4.aE"	139	1	1	-0.00741718387711615	NA	NA
1	"27.4.aE"	140	1	1	-0.0146430091070059	NA	NA
1	"27.4.aE"	141	1	1	-0.0155100870696405	NA	NA
1	"27.4.aE"	142	1	1	-0.0166343867295873	NA	NA
1	"27.4.aE"	143	1	1	0.000891633825905194	NA	NA
1	"27.4.aE"	144	1	1	-0.00568173360269393	NA	NA
1	"27.4.aE"	145	1	1	-0.00715185559221548	NA	NA
1	"27.4.aE"	146	1	1	-0.0163780396826946	NA	NA
1	"27.4.aE"	147	1	1	-0.0210362541797784	NA	NA
1	"27.4.aE"	148	1	1	-0.0358091125751864	NA	NA
1	"27.4.aE"	149	1	1	-0.0139330393215936	NA	NA
1	"27.4.aE"	150	1	1	0.00362482340954412	NA	NA
1	"27.4.aE"	151	1	1	-0.0169901536249498	NA	NA
1	"27.4.aE"	152	1	1	0.00836963615511277	NA	NA
1	"27.4.aE"	153	1	1	-0.0098769124348276	NA	NA
1	"27.4.aE"	154	1	1	-0.0166011098663484	NA	NA
1	"27.4.aE"	155	1	1	-0.0139297635823307	NA	NA
1	"27.4.aE"	156	1	1	-0.0151446910568756	NA	NA
1	"27.4.aE"	157	1	1	-0.00859609393740149	NA	NA
1	"27.4.aE"	158	1	1	0.00435151035726385	NA	NA
1	"27.4.aE"	159	1	1	-0.0303708408093265	NA	NA
1	"27.4.aE"	160	1	1	-0.00184196462844663	NA	NA
1	"27.4.aE"	161	1	1	-0.0209447678711379	NA	NA
1	"27.4.aE"	162	1	1	-0.0025894848501352	NA	NA
1	"27.4.aE"	163	1	1	-0.00906511893440254	NA	NA
1	"27.4.aE"	164	1	1	-0.0045913692332334	NA	NA
1	"27.4.aE"	165	1	1	-0.0118671188507638	NA	NA
1	"27.4.aE"	166	1	1	-0.014660836959648	NA	NA
1	"27.4.aE"	167	1	1	-0.000612212194033591	NA	NA
1	"27.4.aE"	168	1	1	-0.00966037964169909	NA	NA
1	"27.4.aE"	169	1	1	-0.00227132417005644	NA	NA
1	"27.4.aE"	170	1	1	-0.00208340778755379	NA	NA
1	"27.4.aE"	171	1	1	-0.0109567133542162	NA	NA
1	"27.4.aE"	172	1	1	-0.00954207150822334	NA	NA
1	"27.4.aE"	173	1	1	0.00586430476532529	NA	NA
1	"27.4.aE"	174	1	1	-0.0179710075928233	NA	NA
1	"27.4.aE"	175	1	1	-0.0221112768284075	NA	NA
1	"27.4.aE"	176	1	1	-0.00573061925240812	NA	NA
1	"27.4.aE"	177	1	1	-0.00158140377730903	NA	NA
1	"27.4.aE"	178	1	1	-0.00250089736079903	NA	NA
1	"27.4.aE"	179	1	1	-0.0195913491012542	NA	NA
1	"27.4.aE"	180	1	1	-0.0116378955111332	NA	NA
1	"27.4.aE"	181	1	1	-0.0188977521538573	NA	NA
1	"27.4.aE"	182	1	1	0.000922578880228803	NA	NA
1	"27.4.aE"	183	1	1	-0.0267733172018356	NA	NA
1	"27.4.aE"	184	1	1	-0.0161067323270025	NA	NA
1	"27.4.aE"	185	1	1	-0.0213540193906901	NA	NA
1	"27.4.aE"	186	1	1	0.0010692407660685	NA	NA
1	"27.4.aE"	187	1	1	-0.00974779523080838	NA	NA
1	"27.4.aE"	188	1	1	-0.0249300246302212	NA	NA
1	"27.4.aE"	189	1	1	-0.015314487051795	NA	NA
1	"27.4.aE"	190	1	1	0.0131664146758657	NA	NA
1	"27.4.aE"	191	1	1	-0.0180958760162724	NA	NA
1	"27.4.aE"	192	1	1	-0.00995047530302202	NA	NA
1	"27.4.aE"	193	1	1	-0.0105221211619293	NA	NA
1	"27.4.aE"	194	1	1	0.0137318405445716	NA	NA
1	"27.4.aE"	195	1	1	0.013050358440188	NA	NA
1	"27.4.aE"	196	1	1	-0.00326597381577743	NA	NA
1	"27.4.aE"	197	1	1	-0.0111091345473526	NA	NA
1	"27.4.aE"	198	1	1	0.000324850733543755	NA	NA
1	"27.4.aE"	199	1	1	-0.0145237371701838	NA	NA
1	"27.4.aE"	200	1	1	-0.0157512201997418	NA	NA
1	"27.4.aE"	201	1	1	-0.00955603384593383	NA	NA
1	"27.4.aE"	202	1	1	-0.0022727591205906	NA	NA
1	"27.4.aE"	203	1	1	0.00327597406714112	NA	NA
1	"27.4.aE"	204	1	1	-0.0195900112449896	NA	NA
1	"27.4.aE"	205	1	1	-0.0135059072637826	NA	NA
1	"27.4.aE"	206	1	1	-0.0242977148790941	NA	NA
1	"27.4.aE"	207	1	1	-0.00837134463712719	NA	NA
1	"27.4.aE"	208	1	1	-0.00963993596435718	NA	NA
1	"27.4.aE"	209	1	1	-0.0228532989650479	NA	NA
1	"27.4.aE"	210	1	1	-0.00312477666951792	NA	NA
1	"27.4.aE"	211	1	1	0.011874577785417	NA	NA
1	"27.4.aE"	212	1	1	0.00584872533657235	NA	NA
1	"27.4.aE"	213	1	1	-0.00188891097439111	NA	NA
1	"27.4.aE"	214	1	1	0.0189282501775316	NA	NA
1	"27.4.aE"	215	1	1	-0.00207954244894928	NA	NA
1	"27.4.aE"	216	1	1	-0.0328771500328136	NA	NA
1	"27.4.aE"	217	1	1	-0.0109321158049544	NA	NA
1	"27.4.aE"	218	1	1	0.00963705621618037	NA	NA
1	"27.4.aE"	219	1	1	-0.011269546477502	NA	NA
1	"27.4.aE"	220	1	1	-0.00721245279297188	NA	NA
1	"27.4.aE"	221	1	1	-0.0218864004501977	NA	NA
1	"27.4.aE"	222	1	1	-0.0127440657451911	NA	NA
1	"27.4.aE"	223	1	1	-0.00544187687325762	NA	NA
1	"27.4.aE"	224	1	1	-0.017286550117967	NA	NA
1	"27.4.aE"	225	1	1	-0.0145580743818362	NA	NA
1	"27.4.aE"	226	1	1	0.00253799740058117	NA	NA
1	"27.4.aE"	227	1	1	0.0217515290192079	NA	NA
1	"27.4.aE"	228	1	1	-0.00624783554021268	NA	NA
1	"27.4.aE"	229	1	1	-0.0182897866146175	NA	NA
1	"27.4.aE"	230	1	1	0.0130932608146371	NA	NA
1	"27.4.aE"	231	1	1	0.00173352088241644	NA	NA
1	"27.4.aE"	232	1	1	0.00965673079427905	NA	NA
1	"27.4.aE"	233	1	1	-0.0246746078394159	NA	NA
1	"27.4.aE"	234	1	1	-0.0134087535423103	NA	NA
1	"27.4.aE"	235	1	1	0.00345136289197673	NA	NA
1	"27.4.aE"	236	1	1	-0.00907577746564282	NA	NA
1	"27.4.aE"	237	1	1	-0.00420556842233776	NA	NA
1	"27.4.aE"	238	1	1	0.000948320540179099	NA	NA
1	"27.4.aE"	239	1	1	-0.00299235358274225	NA	NA
1	"27.4.aE"	240	1	1	3.51050705219536e-05	NA	NA
1	"27.4.aE"	241	1	1	-0.0246731834843796	NA	NA
1	"27.4.aE"	242	1	1	-0.018922614634792	NA	NA
1	"27.4.aE"	243	1	1	-0.0186243839090234	NA	NA
1	"27.4.aE"	244	1	1	-0.00718216468020958	NA	NA
1	"27.4.aE"	245	1	1	-0.00128784182093297	NA	NA
1	"27.4.aE"	246	1	1	-0.00672028616393708	NA	NA
1	"27.4.aE"	247	1	1	0.00142260097276135	NA	NA
1	"27.4.aE"	248	1	1	-0.0102012246982668	NA	NA
1	"27.4.aE"	249	1	1	-0.0202047044587417	NA	NA
1	"27.4.aE"	250	1	1	-0.0108826848516005	NA	NA
1	"27.4.aE"	251	1	1	-0.00842302198381882	NA	NA
1	"27.4.aE"	252	1	1	-0.026842995313171	NA	NA
1	"27.4.aE"	253	1	1	-0.0121385505054126	NA	NA
1	"27.4.aE"	254	1	1	-0.0173867136858803	NA	NA
1	"27.4.aE"	255	1	1	-0.00995898865324918	NA	NA
1	"27.4.aE"	256	1	1	0.00314420893266123	NA	NA
1	"27.4.aE"	257	1	1	-0.0247140362705665	NA	NA
1	"27.4.aE"	258	1	1	-0.0209500349531689	NA	NA
1	"27.4.aE"	259	1	1	0.01305590042216	NA	NA
1	"27.4.aE"	260	1	1	-0.0162930700035987	NA	NA
1	"27.4.aE"	261	1	1	-0.000864981949286182	NA	NA
1	"27.4.aE"	262	1	1	-0.00325397692940468	NA	NA
1	"27.4.aE"	263	1	1	-0.0144845951664615	NA	NA
1	"27.4.aE"	264	1	1	-0.0132049246523465	NA	NA
1	"27.4.aE"	265	1	1	-0.00145825549422629	NA	NA
1	"27.4.aE"	266	1	1	-0.0172349421942725	NA	NA
1	"27.4.aE"	267	1	1	0.0162700989333606	NA	NA
1	"27.4.aE"	268	1	1	-0.0104517433804079	NA	NA
1	"27.4.aE"	269	1	1	-0.0128161826268253	NA	NA
1	"27.4.aE"	270	1	1	-0.00187860904402686	NA	NA
1	"27.4.aE"	271	1	1	-0.00311649104843931	NA	NA
1	"27.4.aE"	272	1	1	-0.00759213621156901	NA	NA
1	"27.4.aE"	273	1	1	-0.00364453781401762	NA	NA
1	"27.4.aE"	274	1	1	-0.00969041324564386	NA	NA
1	"27.4.aE"	275	1	1	-0.0101723677058013	NA	NA
1	"27.4.aE"	276	1	1	-0.00926527964995996	NA	NA
1	"27.4.aE"	277	1	1	-0.00726803407339152	NA	NA
1	"27.4.aE"	278	1	1	-0.0209766937398427	NA	NA
1	"27.4.aE"	279	1	1	-0.00702013559618777	NA	NA
1	"27.4.aE"	280	1	1	-0.00250302486751504	NA	NA
1	"27.4.aE"	281	1	1	-0.000410454005909648	NA	NA
1	"27.4.aE"	282	1	1	-0.0012245211567203	NA	NA
1	"27.4.aE"	283	1	1	-0.00774453449183592	NA	NA
1	"27.4.aE"	284	1	1	-0.00890485891645195	NA	NA
1	"27.4.aE"	285	1	1	0.00645492135526096	NA	NA
1	"27.4.aE"	286	1	1	-0.0115752102711059	NA	NA
1	"27.4.aE"	287	1	1	0.0100796911518627	NA	NA
1	"27.4.aE"	288	1	1	-4.02341647116064e-05	NA	NA
1	"27.4.aE"	289	1	1	0.00284576180261607	NA	NA
1	"27.4.aE"	290	1	1	0.00218466405885185	NA	NA
1	"27.4.aE"	291	1	1	-0.0074949305287839	NA	NA
1	"27.4.aE"	292	1	1	-0.000986425614645032	NA	NA
1	"27.4.aE"	293	1	1	-0.00418869185257162	NA	NA
1	"27.4.aE"	294	1	1	0.000570355875698513	NA	NA
1	"27.4.aE"	295	1	1	-0.00935907980057812	NA	NA
1	"27.4.aE"	296	1	1	0.0123528704217149	NA	NA
1	"27.4.aE"	297	1	1	-0.00295692911198867	NA	NA
1	"27.4.aE"	298	1	1	-0.0148303455085076	NA	NA
1	"27.4.aE"	299	1	1	0.00917064699517888	NA	NA
1	"27.4.aE"	300	1	1	-0.00611126281524185	NA	NA
1	"27.4.aE"	301	1	1	-0.0132644147877306	NA	NA
1	"27.4.aE"	302	1	1	-0.00377741703808998	NA	NA
1	"27.4.aE"	303	1	1	-0.0302499173044507	NA	NA
1	"27.4.aE"	304	1	1	-0.0219016410160019	NA	NA
1	"27.4.aE"	305	1	1	0.00286375602411067	NA	NA
1	"27.4.aE"	306	1	1	0.00891415832508227	NA	NA
1	"27.4.aE"	307	1	1	-0.00338453196671637	NA	NA
1	"27.4.aE"	308	1	1	-0.0190046909065577	NA	NA
1	"27.4.aE"	309	1	1	-0.000614795430788353	NA	NA
1	"27.4.aE"	310	1	1	-0.0172087571833198	NA	NA
1	"27.4.aE"	311	1	1	-0.00877258660009622	NA	NA
1	"27.4.aE"	312	1	1	-0.017197708322103	NA	NA
1	"27.4.aE"	313	1	1	-0.0114389259248925	NA	NA
1	"27.4.aE"	314	1	1	-0.00422407771534636	NA	NA
1	"27.4.aE"	315	1	1	0.0113483180228466	NA	NA
1	"27.4.aE"	316	1	1	-0.0167103469836975	NA	NA
1	"27.4.aE"	317	1	1	-0.00444962123196944	NA	NA
1	"27.4.aE"	318	1	1	-0.0043617671683237	NA	NA
1	"27.4.aE"	319	1	1	0.00361660947428407	NA	NA
1	"27.4.aE"	320	1	1	-0.010803112505813	NA	NA
1	"27.4.aE"	321	1	1	-0.0372387781012488	NA	NA
1	"27.4.aE"	322	1	1	-0.00687808073318081	NA	NA
1	"27.4.aE"	323	1	1	-0.00411315566002849	NA	NA
1	"27.4.aE"	324	1	1	-0.00542977313127052	NA	NA
1	"27.4.aE"	325	1	1	-0.0246518578200512	NA	NA
1	"27.4.aE"	326	1	1	0.00160044291045391	NA	NA
1	"27.4.aE"	327	1	1	-0.00575467832406882	NA	NA
1	"27.4.aE"	328	1	1	-0.00128281148948038	NA	NA
1	"27.4.aE"	329	1	1	-0.0133487103406695	NA	NA
1	"27.4.aE"	330	1	1	-0.00761583164121143	NA	NA
1	"27.4.aE"	331	1	1	-0.00306346895855302	NA	NA
1	"27.4.aE"	332	1	1	-0.0199222866439657	NA	NA
1	"27.4.aE"	333	1	1	-0.0188511095776779	NA	NA
1	"27.4.aE"	334	1	1	0.0161668207533698	NA	NA
1	"27.4.aE"	335	1	1	-0.0121286686111508	NA	NA
1	"27.4.aE"	336	1	1	-0.0151001046553235	NA	NA
1	"27.4.aE"	337	1	1	-0.00971378561738265	NA	NA
1	"27.4.aE"	338	1	1	0.00155343436242385	NA	NA
1	"27.4.aE"	339	1	1	-4.37311501502399e-06	NA	NA
1	"27.4.aE"	340	1	1	-0.01293215565343	NA	NA
1	"27.4.aE"	341	1	1	-0.0188153087051258	NA	NA
1	"27.4.aE"	342	1	1	-0.00644292508697651	NA	NA
1	"27.4.aE"	343	1	1	-0.0096305321459323	NA	NA
1	"27.4.aE"	344	1	1	-0.028956418463669	NA	NA
1	"27.4.aE"	345	1	1	-0.0256502825153928	NA	NA
1	"27.4.aE"	346	1	1	-0.0151178643692936	NA	NA
1	"27.4.aE"	347	1	1	-0.00815020417823349	NA	NA
1	"27.4.aE"	348	1	1	-0.0022700572144307	NA	NA
1	"27.4.aE"	349	1	1	-0.00802112805373203	NA	NA
1	"27.4.aE"	350	1	1	-0.0149824582085629	NA	NA
1	"27.4.aE"	351	1	1	-0.0114872784691595	NA	NA
1	"27.4.aE"	352	1	1	-0.00959552305645888	NA	NA
1	"27.4.aE"	353	1	1	-0.0102223250214473	NA	NA
1	"27.4.aE"	354	1	1	0.00125600640572399	NA	NA
1	"27.4.aE"	355	1	1	-0.0132935659959946	NA	NA
1	"27.4.aE"	356	1	1	-0.0075838740372148	NA	NA
1	"27.4.aE"	357	1	1	-0.0311265626255273	NA	NA
1	"27.4.aE"	358	1	1	0.00206888781453435	NA	NA
1	"27.4.aE"	359	1	1	-0.00399516191475551	NA	NA
1	"27.4.aE"	360	1	1	0.00539689254972843	NA	NA
1	"27.4.aE"	361	1	1	-0.0197838633016978	NA	NA
1	"27.4.aE"	362	1	1	-0.0125053075038957	NA	NA
1	"27.4.aE"	363	1	1	0.0033133023784084	NA	NA
1	"27.4.aE"	364	1	1	-0.0234649911093215	NA	NA
1	"27.4.aE"	365	1	1	4.44323595363687e-05	NA	NA
1	"27.4.aE"	366	1	1	-0.00913759459532178	NA	NA
1	"27.4.aE"	367	1	1	-0.00270660481699535	NA	NA
1	"27.4.aE"	368	1	1	-0.0313789572958607	NA	NA
1	"27.4.aE"	369	1	1	-0.0028588759694266	NA	NA
1	"27.4.aE"	370	1	1	-0.00459730050682687	NA	NA
1	"27.4.aE"	371	1	1	0.00564681775582814	NA	NA
1	"27.4.aE"	372	1	1	-0.0142204489623413	NA	NA
1	"27.4.aE"	373	1	1	0.000969349268637417	NA	NA
1	"27.4.aE"	374	1	1	-0.0147050099146342	NA	NA
1	"27.4.aE"	375	1	1	-0.0172713725402087	NA	NA
1	"27.4.aE"	376	1	1	-0.0127187521247109	NA	NA
1	"27.4.aE"	377	1	1	-0.00284684865931616	NA	NA
1	"27.4.aE"	378	1	1	-0.00251814555151681	NA	NA
1	"27.4.aE"	379	1	1	-0.00826424932741983	NA	NA
1	"27.4.aE"	380	1	1	-0.00554841163848335	NA	NA
1	"27.4.aE"	381	1	1	-0.00179238695337588	NA	NA
1	"27.4.aE"	382	1	1	-0.0222322867059635	NA	NA
1	"27.4.aE"	383	1	1	-0.0182754330185353	NA	NA
1	"27.4.aE"	384	1	1	0.00474624394082335	NA	NA
1	"27.4.aE"	385	1	1	0.00547021581808761	NA	NA
1	"27.4.aE"	386	1	1	-0.0270499851077961	NA	NA
1	"27.4.aE"	387	1	1	-0.0243282587637922	NA	NA
1	"27.4.aE"	388	1	1	-0.0106318131319815	NA	NA
1	"27.4.aE"	389	1	1	0.00145340841439496	NA	NA
1	"27.4.aE"	390	1	1	-0.00953591105197689	NA	NA
1	"27.4.aE"	391	1	1	-0.0235007043470306	NA	NA
1	"27.4.aE"	392	1	1	-0.0158658742002998	NA	NA
1	"27.4.aE"	393	1	1	-0.00214568381404231	NA	NA
1	"27.4.aE"	394	1	1	-0.00180085947073864	NA	NA
1	"27.4.aE"	395	1	1	-0.0198134775654069	NA	NA
1	"27.4.aE"	396	1	1	-0.021220137002268	NA	NA
1	"27.4.aE"	397	1	1	-0.000544320444990429	NA	NA
1	"27.4.aE"	398	1	1	-0.00534880364701406	NA	NA
1	"27.4.aE"	399	1	1	-0.0167940421611668	NA	NA
1	"27.4.aE"	400	1	1	-0.0073187048210852	NA	NA
1	"27.4.aW"	1	1	2	0.0131934660905112	NA	NA
1	"27.4.aW"	2	1	2	0.0355255004063336	NA	NA
1	"27.4.aW"	3	1	2	-0.0142071704118799	NA	NA
1	"27.4.aW"	4	1	2	0.0203177367551381	NA	NA
1	"27.4.aW"	5	1	2	0.0159700905588198	NA	NA
1	"27.4.aW"	6	1	2	0.00709333636617781	NA	NA
1	"27.4.aW"	7	1	2	0.00515343946633272	NA	NA
1	"27.4.aW"	8	1	2	0.0189018264645783	NA	NA
1	"27.4.aW"	9	1	2	0.00397548776107672	NA	NA
1	"27.4.aW"	10	1	2	0.0093562890596776	NA	NA
1	"27.4.aW"	11	1	2	-0.000316192176378625	NA	NA
1	"27.4.aW"	12	1	2	0.0120861245199478	NA	NA
1	"27.4.aW"	13	1	2	-0.00116824200113205	NA	NA
1	"27.4.aW"	14	1	2	0.0168562044908863	NA	NA
1	"27.4.aW"	15	1	2	0.00675482896849902	NA	NA
1	"27.4.aW"	16	1	2	0.00319965933923235	NA	NA
1	"27.4.aW"	17	1	2	0.0215143924478252	NA	NA
1	"27.4.aW"	18	1	2	0.012986410982849	NA	NA
1	"27.4.aW"	19	1	2	0.00757915741672257	NA	NA
1	"27.4.aW"	20	1	2	-0.000855158729764426	NA	NA
1	"27.4.aW"	21	1	2	0.010398120311561	NA	NA
1	"27.4.aW"	22	1	2	0.00662365837230783	NA	NA
1	"27.4.aW"	23	1	2	0.0181260886516426	NA	NA
1	"27.4.aW"	24	1	2	-0.00235197327210463	NA	NA
1	"27.4.aW"	25	1	2	0.00909774240083355	NA	NA
1	"27.4.aW"	26	1	2	0.0202392877206562	NA	NA
1	"27.4.aW"	27	1	2	0.00823572835617585	NA	NA
1	"27.4.aW"	28	1	2	0.0104470404646286	NA	NA
1	"27.4.aW"	29	1	2	-0.00193489383989959	NA	NA
1	"27.4.aW"	30	1	2	0.024624218164041	NA	NA
1	"27.4.aW"	31	1	2	-0.00616378914314751	NA	NA
1	"27.4.aW"	32	1	2	0.0188067185404024	NA	NA
1	"27.4.aW"	33	1	2	0.0137791325630297	NA	NA
1	"27.4.aW"	34	1	2	0.00922197756409279	NA	NA
1	"27.4.aW"	35	1	2	0.00625700098715053	NA	NA
1	"27.4.aW"	36	1	2	-0.00557417422244497	NA	NA
1	"27.4.aW"	37	1	2	0.0152896383771332	NA	NA
1	"27.4.aW"	38	1	2	0.0119357782602819	NA	NA
1	"27.4.aW"	39	1	2	0.00750075435021424	NA	NA
1	"27.4.aW"	40	1	2	0.00948798216322949	NA	NA
1	"27.4.aW"	41	1	2	0.0135161181081846	NA	NA
1	"27.4.aW"	42	1	2	0.00432899837962384	NA	NA
1	"27.4.aW"	43	1	2	0.0262010958633587	NA	NA
1	"27.4.aW"	44	1	2	0.0171923114139738	NA	NA
1	"27.4.aW"	45	1	2	-0.0029502946753752	NA	NA
1	"27.4.aW"	46	1	2	0.00582898278801848	NA	NA
1	"27.4.aW"	47	1	2	0.0192148420053142	NA	NA
1	"27.4.aW"	48	1	2	0.00204571199916961	NA	NA
1	"27.4.aW"	49	1	2	0.0111559286812807	NA	NA
1	"27.4.aW"	50	1	2	0.00202252608619526	NA	NA
1	"27.4.aW"	51	1	2	0.00463574390557332	NA	NA
1	"27.4.aW"	52	1	2	-0.000732417678033462	NA	NA
1	"27.4.aW"	53	1	2	0.0111046430063416	NA	NA
1	"27.4.aW"	54	1	2	0.0219236224601461	NA	NA
1	"27.4.aW"	55	1	2	0.00553041789719518	NA	NA
1	"27.4.aW"	56	1	2	0.0172264010671157	NA	NA
1	"27.4.aW"	57	1	2	0.0242572356297146	NA	NA
1	"27.4.aW"	58	1	2	0.0172570519837055	NA	NA
1	"27.4.aW"	59	1	2	-0.0114633921115183	NA	NA
1	"27.4.aW"	60	1	2	0.0200569791434684	NA	NA
1	"27.4.aW"	61	1	2	0.00276789251526365	NA	NA
1	"27.4.aW"	62	1	2	0.0152158186042544	NA	NA
1	"27.4.aW"	63	1	2	0.0131729907352157	NA	NA
1	"27.4.aW"	64	1	2	0.00997844372041214	NA	NA
1	"27.4.aW"	65	1	2	-0.00440694109570368	NA	NA
1	"27.4.aW"	66	1	2	0.0178036153664488	NA	NA
1	"27.4.aW"	67	1	2	0.00308594788114655	NA	NA
1	"27.4.aW"	68	1	2	0.0220795204657685	NA	NA
1	"27.4.aW"	69	1	2	0.0167652530151874	NA	NA
1	"27.4.aW"	70	1	2	0.00339992926392877	NA	NA
1	"27.4.aW"	71	1	2	0.0142687332761001	NA	NA
1	"27.4.aW"	72	1	2	-0.0010850438028708	NA	NA
1	"27.4.aW"	73	1	2	0.00289781405136041	NA	NA
1	"27.4.aW"	74	1	2	-0.00525505480743171	NA	NA
1	"27.4.aW"	75	1	2	0.000739532310627539	NA	NA
1	"27.4.aW"	76	1	2	-0.00364320152972862	NA	NA
1	"27.4.aW"	77	1	2	-0.000494775434463207	NA	NA
1	"27.4.aW"	78	1	2	-0.00382326490645168	NA	NA
1	"27.4.aW"	79	1	2	0.0121899480401612	NA	NA
1	"27.4.aW"	80	1	2	0.00776862651416375	NA	NA
1	"27.4.aW"	81	1	2	0.000704216956823621	NA	NA
1	"27.4.aW"	82	1	2	0.0183393290285791	NA	NA
1	"27.4.aW"	83	1	2	0.00354623522384571	NA	NA
1	"27.4.aW"	84	1	2	0.0014770766171172	NA	NA
1	"27.4.aW"	85	1	2	-0.00248134351935913	NA	NA
1	"27.4.aW"	86	1	2	-0.00566920378232457	NA	NA
1	"27.4.aW"	87	1	2	0.00806744638897243	NA	NA
1	"27.4.aW"	88	1	2	0.00429690405097087	NA	NA
1	"27.4.aW"	89	1	2	0.0202092653670469	NA	NA
1	"27.4.aW"	90	1	2	0.00894109143166655	NA	NA
1	"27.4.aW"	91	1	2	-0.00759711968794432	NA	NA
1	"27.4.aW"	92	1	2	0.0106888562832423	NA	NA
1	"27.4.aW"	93	1	2	0.00577381297723797	NA	NA
1	"27.4.aW"	94	1	2	-0.00729594367892071	NA	NA
1	"27.4.aW"	95	1	2	0.0146331407930717	NA	NA
1	"27.4.aW"	96	1	2	0.0195173376465274	NA	NA
1	"27.4.aW"	97	1	2	0.0142935292833957	NA	NA
1	"27.4.aW"	98	1	2	-0.00225881681720969	NA	NA
1	"27.4.aW"	99	1	2	0.00129524068381635	NA	NA
1	"27.4.aW"	100	1	2	0.000780569324295661	NA	NA
1	"27.4.aW"	101	1	2	0.00690180240836062	NA	NA
1	"27.4.aW"	102	1	2	0.00711854611154793	NA	NA
1	"27.4.aW"	103	1	2	-0.0104849668145742	NA	NA
1	"27.4.aW"	104	1	2	-0.00230669284250957	NA	NA
1	"27.4.aW"	105	1	2	0.00310119558540273	NA	NA
1	"27.4.aW"	106	1	2	-0.000707776194381479	NA	NA
1	"27.4.aW"	107	1	2	0.0198526099082548	NA	NA
1	"27.4.aW"	108	1	2	0.00720768896501493	NA	NA
1	"27.4.aW"	109	1	2	0.00497149543840115	NA	NA
1	"27.4.aW"	110	1	2	-0.00251605636858944	NA	NA
1	"27.4.aW"	111	1	2	0.0111004338159014	NA	NA
1	"27.4.aW"	112	1	2	0.0191361506457191	NA	NA
1	"27.4.aW"	113	1	2	0.0229397885033343	NA	NA
1	"27.4.aW"	114	1	2	0.0150116691626585	NA	NA
1	"27.4.aW"	115	1	2	0.00681569962828495	NA	NA
1	"27.4.aW"	116	1	2	0.0155247562994613	NA	NA
1	"27.4.aW"	117	1	2	0.00719995346432899	NA	NA
1	"27.4.aW"	118	1	2	0.00225352724698166	NA	NA
1	"27.4.aW"	119	1	2	0.012817413414612	NA	NA
1	"27.4.aW"	120	1	2	0.0125565049803951	NA	NA
1	"27.4.aW"	121	1	2	0.00764151894775367	NA	NA
1	"27.4.aW"	122	1	2	0.0139991223091065	NA	NA
1	"27.4.aW"	123	1	2	0.0277613697973012	NA	NA
1	"27.4.aW"	124	1	2	-0.00147123285428784	NA	NA
1	"27.4.aW"	125	1	2	0.0204999135968086	NA	NA
1	"27.4.aW"	126	1	2	0.00560530620394769	NA	NA
1	"27.4.aW"	127	1	2	0.015059039264404	NA	NA
1	"27.4.aW"	128	1	2	0.00521415002996779	NA	NA
1	"27.4.aW"	129	1	2	0.0195801624280406	NA	NA
1	"27.4.aW"	130	1	2	0.0137874370522601	NA	NA
1	"27.4.aW"	131	1	2	0.0285569117986212	NA	NA
1	"27.4.aW"	132	1	2	0.0078631482237706	NA	NA
1	"27.4.aW"	133	1	2	0.0194879397496908	NA	NA
1	"27.4.aW"	134	1	2	-0.00414837102227091	NA	NA
1	"27.4.aW"	135	1	2	0.0166025486181314	NA	NA
1	"27.4.aW"	136	1	2	0.00347660418390415	NA	NA
1	"27.4.aW"	137	1	2	0.000356602295498745	NA	NA
1	"27.4.aW"	138	1	2	0.0116766715873856	NA	NA
1	"27.4.aW"	139	1	2	0.00741718387711548	NA	NA
1	"27.4.aW"	140	1	2	0.0146430091070053	NA	NA
1	"27.4.aW"	141	1	2	0.0155100870696381	NA	NA
1	"27.4.aW"	142	1	2	0.01663438672959	NA	NA
1	"27.4.aW"	143	1	2	-0.000891633825904275	NA	NA
1	"27.4.aW"	144	1	2	0.0056817336026845	NA	NA
1	"27.4.aW"	145	1	2	0.00715185559221688	NA	NA
1	"27.4.aW"	146	1	2	0.016378039682695	NA	NA
1	"27.4.aW"	147	1	2	0.0210362541797719	NA	NA
1	"27.4.aW"	148	1	2	0.0358091125751864	NA	NA
1	"27.4.aW"	149	1	2	0.0139330393215973	NA	NA
1	"27.4.aW"	150	1	2	-0.00362482340954367	NA	NA
1	"27.4.aW"	151	1	2	0.0169901536249477	NA	NA
1	"27.4.aW"	152	1	2	-0.00836963615510714	NA	NA
1	"27.4.aW"	153	1	2	0.00987691243482957	NA	NA
1	"27.4.aW"	154	1	2	0.0166011098663443	NA	NA
1	"27.4.aW"	155	1	2	0.0139297635823312	NA	NA
1	"27.4.aW"	156	1	2	0.0151446910568725	NA	NA
1	"27.4.aW"	157	1	2	0.00859609393739491	NA	NA
1	"27.4.aW"	158	1	2	-0.00435151035726581	NA	NA
1	"27.4.aW"	159	1	2	0.0303708408093275	NA	NA
1	"27.4.aW"	160	1	2	0.0018419646284523	NA	NA
1	"27.4.aW"	161	1	2	0.0209447678711421	NA	NA
1	"27.4.aW"	162	1	2	0.00258948485013545	NA	NA
1	"27.4.aW"	163	1	2	0.0090651189344044	NA	NA
1	"27.4.aW"	164	1	2	0.00459136923323587	NA	NA
1	"27.4.aW"	165	1	2	0.0118671188507604	NA	NA
1	"27.4.aW"	166	1	2	0.0146608369596454	NA	NA
1	"27.4.aW"	167	1	2	0.000612212194033092	NA	NA
1	"27.4.aW"	168	1	2	0.00966037964169877	NA	NA
1	"27.4.aW"	169	1	2	0.00227132417005469	NA	NA
1	"27.4.aW"	170	1	2	0.00208340778754928	NA	NA
1	"27.4.aW"	171	1	2	0.0109567133542172	NA	NA
1	"27.4.aW"	172	1	2	0.00954207150822048	NA	NA
1	"27.4.aW"	173	1	2	-0.00586430476532427	NA	NA
1	"27.4.aW"	174	1	2	0.0179710075928168	NA	NA
1	"27.4.aW"	175	1	2	0.0221112768284064	NA	NA
1	"27.4.aW"	176	1	2	0.00573061925240985	NA	NA
1	"27.4.aW"	177	1	2	0.00158140377731353	NA	NA
1	"27.4.aW"	178	1	2	0.0025008973607999	NA	NA
1	"27.4.aW"	179	1	2	0.0195913491012569	NA	NA
1	"27.4.aW"	180	1	2	0.0116378955111314	NA	NA
1	"27.4.aW"	181	1	2	0.0188977521538575	NA	NA
1	"27.4.aW"	182	1	2	-0.000922578880227743	NA	NA
1	"27.4.aW"	183	1	2	0.0267733172018377	NA	NA
1	"27.4.aW"	184	1	2	0.0161067323269994	NA	NA
1	"27.4.aW"	185	1	2	0.0213540193906864	NA	NA
1	"27.4.aW"	186	1	2	-0.00106924076606704	NA	NA
1	"27.4.aW"	187	1	2	0.00974779523081496	NA	NA
1	"27.4.aW"	188	1	2	0.0249300246302249	NA	NA
1	"27.4.aW"	189	1	2	0.0153144870517977	NA	NA
1	"27.4.aW"	190	1	2	-0.0131664146758595	NA	NA
1	"27.4.aW"	191	1	2	0.0180958760162658	NA	NA
1	"27.4.aW"	192	1	2	0.00995047530302369	NA	NA
1	"27.4.aW"	193	1	2	0.0105221211619281	NA	NA
1	"27.4.aW"	194	1	2	-0.013731840544572	NA	NA
1	"27.4.aW"	195	1	2	-0.0130503584401823	NA	NA
1	"27.4.aW"	196	1	2	0.00326597381577548	NA	NA
1	"27.4.aW"	197	1	2	0.0111091345473462	NA	NA
1	"27.4.aW"	198	1	2	-0.000324850733545239	NA	NA
1	"27.4.aW"	199	1	2	0.0145237371701844	NA	NA
1	"27.4.aW"	200	1	2	0.0157512201997502	NA	NA
1	"27.4.aW"	201	1	2	0.00955603384593214	NA	NA
1	"27.4.aW"	202	1	2	0.0022727591205917	NA	NA
1	"27.4.aW"	203	1	2	-0.00327597406714243	NA	NA
1	"27.4.aW"	204	1	2	0.0195900112449898	NA	NA
1	"27.4.aW"	205	1	2	0.0135059072637892	NA	NA
1	"27.4.aW"	206	1	2	0.0242977148791013	NA	NA
1	"27.4.aW"	207	1	2	0.00837134463712101	NA	NA
1	"27.4.aW"	208	1	2	0.00963993596435424	NA	NA
1	"27.4.aW"	209	1	2	0.0228532989650452	NA	NA
1	"27.4.aW"	210	1	2	0.00312477666951746	NA	NA
1	"27.4.aW"	211	1	2	-0.0118745777854133	NA	NA
1	"27.4.aW"	212	1	2	-0.00584872533657293	NA	NA
1	"27.4.aW"	213	1	2	0.0018889109743902	NA	NA
1	"27.4.aW"	214	1	2	-0.0189282501775321	NA	NA
1	"27.4.aW"	215	1	2	0.00207954244894423	NA	NA
1	"27.4.aW"	216	1	2	0.0328771500328154	NA	NA
1	"27.4.aW"	217	1	2	0.0109321158049503	NA	NA
1	"27.4.aW"	218	1	2	-0.00963705621617862	NA	NA
1	"27.4.aW"	219	1	2	0.0112695464774993	NA	NA
1	"27.4.aW"	220	1	2	0.00721245279296916	NA	NA
1	"27.4.aW"	221	1	2	0.0218864004501898	NA	NA
1	"27.4.aW"	222	1	2	0.0127440657451948	NA	NA
1	"27.4.aW"	223	1	2	0.00544187687325386	NA	NA
1	"27.4.aW"	224	1	2	0.0172865501179651	NA	NA
1	"27.4.aW"	225	1	2	0.0145580743818351	NA	NA
1	"27.4.aW"	226	1	2	-0.00253799740058645	NA	NA
1	"27.4.aW"	227	1	2	-0.0217515290191993	NA	NA
1	"27.4.aW"	228	1	2	0.00624783554021593	NA	NA
1	"27.4.aW"	229	1	2	0.018289786614612	NA	NA
1	"27.4.aW"	230	1	2	-0.0130932608146404	NA	NA
1	"27.4.aW"	231	1	2	-0.0017335208824184	NA	NA
1	"27.4.aW"	232	1	2	-0.00965673079428067	NA	NA
1	"27.4.aW"	233	1	2	0.024674607839416	NA	NA
1	"27.4.aW"	234	1	2	0.0134087535423078	NA	NA
1	"27.4.aW"	235	1	2	-0.00345136289197408	NA	NA
1	"27.4.aW"	236	1	2	0.0090757774656472	NA	NA
1	"27.4.aW"	237	1	2	0.00420556842233275	NA	NA
1	"27.4.aW"	238	1	2	-0.000948320540181521	NA	NA
1	"27.4.aW"	239	1	2	0.00299235358274305	NA	NA
1	"27.4.aW"	240	1	2	-3.51050705210247e-05	NA	NA
1	"27.4.aW"	241	1	2	0.024673183484385	NA	NA
1	"27.4.aW"	242	1	2	0.0189226146347862	NA	NA
1	"27.4.aW"	243	1	2	0.0186243839090282	NA	NA
1	"27.4.aW"	244	1	2	0.00718216468020914	NA	NA
1	"27.4.aW"	245	1	2	0.00128784182092871	NA	NA
1	"27.4.aW"	246	1	2	0.00672028616393577	NA	NA
1	"27.4.aW"	247	1	2	-0.00142260097276013	NA	NA
1	"27.4.aW"	248	1	2	0.0102012246982598	NA	NA
1	"27.4.aW"	249	1	2	0.0202047044587424	NA	NA
1	"27.4.aW"	250	1	2	0.0108826848516001	NA	NA
1	"27.4.aW"	251	1	2	0.00842302198381885	NA	NA
1	"27.4.aW"	252	1	2	0.0268429953131709	NA	NA
1	"27.4.aW"	253	1	2	0.0121385505054141	NA	NA
1	"27.4.aW"	254	1	2	0.0173867136858819	NA	NA
1	"27.4.aW"	255	1	2	0.00995898865324719	NA	NA
1	"27.4.aW"	256	1	2	-0.00314420893265601	NA	NA
1	"27.4.aW"	257	1	2	0.0247140362705706	NA	NA
1	"27.4.aW"	258	1	2	0.0209500349531669	NA	NA
1	"27.4.aW"	259	1	2	-0.0130559004221629	NA	NA
1	"27.4.aW"	260	1	2	0.0162930700035968	NA	NA
1	"27.4.aW"	261	1	2	0.000864981949278226	NA	NA
1	"27.4.aW"	262	1	2	0.00325397692940617	NA	NA
1	"27.4.aW"	263	1	2	0.0144845951664573	NA	NA
1	"27.4.aW"	264	1	2	0.0132049246523432	NA	NA
1	"27.4.aW"	265	1	2	0.0014582554942242	NA	NA
1	"27.4.aW"	266	1	2	0.0172349421942712	NA	NA
1	"27.4.aW"	267	1	2	-0.0162700989333612	NA	NA
1	"27.4.aW"	268	1	2	0.0104517433804073	NA	NA
1	"27.4.aW"	269	1	2	0.0128161826268268	NA	NA
1	"27.4.aW"	270	1	2	0.00187860904402012	NA	NA
1	"27.4.aW"	271	1	2	0.00311649104843681	NA	NA
1	"27.4.aW"	272	1	2	0.00759213621156502	NA	NA
1	"27.4.aW"	273	1	2	0.00364453781401633	NA	NA
1	"27.4.aW"	274	1	2	0.00969041324563973	NA	NA
1	"27.4.aW"	275	1	2	0.0101723677058	NA	NA
1	"27.4.aW"	276	1	2	0.00926527964995567	NA	NA
1	"27.4.aW"	277	1	2	0.00726803407339195	NA	NA
1	"27.4.aW"	278	1	2	0.0209766937398416	NA	NA
1	"27.4.aW"	279	1	2	0.00702013559618214	NA	NA
1	"27.4.aW"	280	1	2	0.00250302486751613	NA	NA
1	"27.4.aW"	281	1	2	0.000410454005908718	NA	NA
1	"27.4.aW"	282	1	2	0.00122452115672148	NA	NA
1	"27.4.aW"	283	1	2	0.0077445344918399	NA	NA
1	"27.4.aW"	284	1	2	0.00890485891644972	NA	NA
1	"27.4.aW"	285	1	2	-0.00645492135526294	NA	NA
1	"27.4.aW"	286	1	2	0.0115752102711085	NA	NA
1	"27.4.aW"	287	1	2	-0.0100796911518608	NA	NA
1	"27.4.aW"	288	1	2	4.02341647106597e-05	NA	NA
1	"27.4.aW"	289	1	2	-0.00284576180261632	NA	NA
1	"27.4.aW"	290	1	2	-0.00218466405885632	NA	NA
1	"27.4.aW"	291	1	2	0.00749493052877668	NA	NA
1	"27.4.aW"	292	1	2	0.000986425614643886	NA	NA
1	"27.4.aW"	293	1	2	0.00418869185257422	NA	NA
1	"27.4.aW"	294	1	2	-0.000570355875700505	NA	NA
1	"27.4.aW"	295	1	2	0.0093590798005781	NA	NA
1	"27.4.aW"	296	1	2	-0.0123528704217077	NA	NA
1	"27.4.aW"	297	1	2	0.00295692911199076	NA	NA
1	"27.4.aW"	298	1	2	0.0148303455085034	NA	NA
1	"27.4.aW"	299	1	2	-0.00917064699517965	NA	NA
1	"27.4.aW"	300	1	2	0.00611126281524613	NA	NA
1	"27.4.aW"	301	1	2	0.0132644147877234	NA	NA
1	"27.4.aW"	302	1	2	0.00377741703809163	NA	NA
1	"27.4.aW"	303	1	2	0.0302499173044464	NA	NA
1	"27.4.aW"	304	1	2	0.0219016410159995	NA	NA
1	"27.4.aW"	305	1	2	-0.00286375602411197	NA	NA
1	"27.4.aW"	306	1	2	-0.00891415832508198	NA	NA
1	"27.4.aW"	307	1	2	0.00338453196671641	NA	NA
1	"27.4.aW"	308	1	2	0.0190046909065577	NA	NA
1	"27.4.aW"	309	1	2	0.000614795430789304	NA	NA
1	"27.4.aW"	310	1	2	0.0172087571833152	NA	NA
1	"27.4.aW"	311	1	2	0.00877258660009266	NA	NA
1	"27.4.aW"	312	1	2	0.0171977083221033	NA	NA
1	"27.4.aW"	313	1	2	0.0114389259248922	NA	NA
1	"27.4.aW"	314	1	2	0.00422407771534555	NA	NA
1	"27.4.aW"	315	1	2	-0.0113483180228474	NA	NA
1	"27.4.aW"	316	1	2	0.0167103469836956	NA	NA
1	"27.4.aW"	317	1	2	0.00444962123196831	NA	NA
1	"27.4.aW"	318	1	2	0.0043617671683205	NA	NA
1	"27.4.aW"	319	1	2	-0.00361660947427803	NA	NA
1	"27.4.aW"	320	1	2	0.0108031125058124	NA	NA
1	"27.4.aW"	321	1	2	0.0372387781012459	NA	NA
1	"27.4.aW"	322	1	2	0.00687808073318266	NA	NA
1	"27.4.aW"	323	1	2	0.00411315566002587	NA	NA
1	"27.4.aW"	324	1	2	0.00542977313126801	NA	NA
1	"27.4.aW"	325	1	2	0.0246518578200551	NA	NA
1	"27.4.aW"	326	1	2	-0.0016004429104527	NA	NA
1	"27.4.aW"	327	1	2	0.00575467832407177	NA	NA
1	"27.4.aW"	328	1	2	0.00128281148948312	NA	NA
1	"27.4.aW"	329	1	2	0.0133487103406728	NA	NA
1	"27.4.aW"	330	1	2	0.00761583164121169	NA	NA
1	"27.4.aW"	331	1	2	0.00306346895855336	NA	NA
1	"27.4.aW"	332	1	2	0.0199222866439635	NA	NA
1	"27.4.aW"	333	1	2	0.01885110957768	NA	NA
1	"27.4.aW"	334	1	2	-0.0161668207533742	NA	NA
1	"27.4.aW"	335	1	2	0.0121286686111585	NA	NA
1	"27.4.aW"	336	1	2	0.0151001046553218	NA	NA
1	"27.4.aW"	337	1	2	0.00971378561738252	NA	NA
1	"27.4.aW"	338	1	2	-0.00155343436242572	NA	NA
1	"27.4.aW"	339	1	2	4.37311501293278e-06	NA	NA
1	"27.4.aW"	340	1	2	0.0129321556534295	NA	NA
1	"27.4.aW"	341	1	2	0.0188153087051289	NA	NA
1	"27.4.aW"	342	1	2	0.00644292508697865	NA	NA
1	"27.4.aW"	343	1	2	0.00963053214593299	NA	NA
1	"27.4.aW"	344	1	2	0.0289564184636648	NA	NA
1	"27.4.aW"	345	1	2	0.0256502825153915	NA	NA
1	"27.4.aW"	346	1	2	0.0151178643692922	NA	NA
1	"27.4.aW"	347	1	2	0.00815020417823356	NA	NA
1	"27.4.aW"	348	1	2	0.00227005721442463	NA	NA
1	"27.4.aW"	349	1	2	0.00802112805373136	NA	NA
1	"27.4.aW"	350	1	2	0.0149824582085651	NA	NA
1	"27.4.aW"	351	1	2	0.0114872784691549	NA	NA
1	"27.4.aW"	352	1	2	0.00959552305646103	NA	NA
1	"27.4.aW"	353	1	2	0.0102223250214445	NA	NA
1	"27.4.aW"	354	1	2	-0.00125600640572416	NA	NA
1	"27.4.aW"	355	1	2	0.0132935659959993	NA	NA
1	"27.4.aW"	356	1	2	0.00758387403722313	NA	NA
1	"27.4.aW"	357	1	2	0.0311265626255278	NA	NA
1	"27.4.aW"	358	1	2	-0.0020688878145365	NA	NA
1	"27.4.aW"	359	1	2	0.00399516191475607	NA	NA
1	"27.4.aW"	360	1	2	-0.00539689254972414	NA	NA
1	"27.4.aW"	361	1	2	0.0197838633016949	NA	NA
1	"27.4.aW"	362	1	2	0.012505307503895	NA	NA
1	"27.4.aW"	363	1	2	-0.00331330237840818	NA	NA
1	"27.4.aW"	364	1	2	0.0234649911093243	NA	NA
1	"27.4.aW"	365	1	2	-4.44323595364647e-05	NA	NA
1	"27.4.aW"	366	1	2	0.00913759459531651	NA	NA
1	"27.4.aW"	367	1	2	0.00270660481699871	NA	NA
1	"27.4.aW"	368	1	2	0.0313789572958646	NA	NA
1	"27.4.aW"	369	1	2	0.0028588759694224	NA	NA
1	"27.4.aW"	370	1	2	0.00459730050682298	NA	NA
1	"27.4.aW"	371	1	2	-0.00564681775582741	NA	NA
1	"27.4.aW"	372	1	2	0.0142204489623445	NA	NA
1	"27.4.aW"	373	1	2	-0.000969349268641089	NA	NA
1	"27.4.aW"	374	1	2	0.0147050099146341	NA	NA
1	"27.4.aW"	375	1	2	0.0172713725402122	NA	NA
1	"27.4.aW"	376	1	2	0.0127187521247131	NA	NA
1	"27.4.aW"	377	1	2	0.0028468486593183	NA	NA
1	"27.4.aW"	378	1	2	0.00251814555151683	NA	NA
1	"27.4.aW"	379	1	2	0.00826424932741562	NA	NA
1	"27.4.aW"	380	1	2	0.00554841163848043	NA	NA
1	"27.4.aW"	381	1	2	0.00179238695337835	NA	NA
1	"27.4.aW"	382	1	2	0.0222322867059638	NA	NA
1	"27.4.aW"	383	1	2	0.0182754330185346	NA	NA
1	"27.4.aW"	384	1	2	-0.00474624394082393	NA	NA
1	"27.4.aW"	385	1	2	-0.00547021581808542	NA	NA
1	"27.4.aW"	386	1	2	0.0270499851077959	NA	NA
1	"27.4.aW"	387	1	2	0.0243282587637951	NA	NA
1	"27.4.aW"	388	1	2	0.0106318131319845	NA	NA
1	"27.4.aW"	389	1	2	-0.00145340841439629	NA	NA
1	"27.4.aW"	390	1	2	0.00953591105197344	NA	NA
1	"27.4.aW"	391	1	2	0.0235007043470298	NA	NA
1	"27.4.aW"	392	1	2	0.0158658742002942	NA	NA
1	"27.4.aW"	393	1	2	0.00214568381404335	NA	NA
1	"27.4.aW"	394	1	2	0.00180085947073981	NA	NA
1	"27.4.aW"	395	1	2	0.0198134775654058	NA	NA
1	"27.4.aW"	396	1	2	0.0212201370022642	NA	NA
1	"27.4.aW"	397	1	2	0.000544320444991339	NA	NA
1	"27.4.aW"	398	1	2	0.00534880364700855	NA	NA
1	"27.4.aW"	399	1	2	0.0167940421611643	NA	NA
1	"27.4.aW"	400	1	2	0.00731870482108182	NA	NA
