"Iteration"	"tau_Intercept"
1	1026.20616916542
2	1002.21831079387
3	958.842396298433
4	999.629393104823
5	987.85991628913
6	1035.13947094181
7	1009.82750459608
8	1045.95831408536
9	997.067289992657
10	982.075862030233
11	991.903091873997
12	998.592159368156
13	984.282414380174
14	1032.70181508752
15	992.769565934964
16	1027.15242224804
17	964.261381360842
18	991.951966958444
19	1049.02408844036
20	996.392741381552
21	1039.23279412102
22	1012.00366679527
23	1026.2119839019
24	997.618360631058
25	937.609976708778
26	966.709341649272
27	962.351637732091
28	1011.63891898199
29	1023.54078445817
30	1016.914864327
31	1025.49156510791
32	989.955046796251
33	995.40013236642
34	966.321808438637
35	963.474524699176
36	996.873328767446
37	1003.72800048367
38	1025.82257167825
39	992.024938982892
40	999.233289571524
41	1037.00039753508
42	1027.3275879473
43	1012.36448396089
44	1005.54587475058
45	1016.3159234959
46	953.927476713045
47	962.919878455873
48	983.374058148881
49	992.243670502286
50	1040.83134824954
51	1007.64098806525
52	1007.80382787365
53	1003.54044212977
54	1067.43917412794
55	1027.62781285134
56	979.022200245577
57	1004.99302030155
58	1021.35038704316
59	1015.26103256531
60	1013.46858884962
61	995.454270804315
62	1009.6649602704
63	1032.43767641919
64	1009.75220447205
65	954.393526651855
66	1025.20347345336
67	950.773157686946
68	1033.41894105221
69	1022.56790068013
70	978.831134062352
71	1018.68478937141
72	1050.95802163196
73	998.2428179933
74	1042.3013317955
75	997.675002515704
76	960.518365993809
77	996.636631510873
78	953.399653960109
79	981.146637621437
80	994.931345169325
81	958.002561184202
82	998.444754990908
83	1018.22827385296
84	1049.64777449791
85	1038.251299996
86	1001.82220561514
87	1002.23071360936
88	1012.70001594666
89	974.837859333263
90	1001.80847611372
91	957.305181869559
92	986.952649259081
93	1013.09379567331
94	966.848976137717
95	1023.97458182106
96	995.186565858815
97	986.302013758885
98	1021.23380301611
99	1021.14064583984
100	1044.16794679037
101	969.066939205173
102	1012.73096332199
103	976.370643253036
104	1042.60153972409
105	1052.22615187964
106	972.096240455502
107	950.430896377121
108	1021.58869527902
109	976.211146689127
110	1032.86954384262
111	984.341595995043
112	971.38284291783
113	1066.75162581907
114	1010.02439272316
115	930.909153481675
116	986.228106702637
117	968.205173333
118	1001.63625260525
119	1023.89554871091
120	952.507848844789
121	1042.53052311212
122	1015.27919739041
123	1074.22501895051
124	1028.93540935701
125	985.727988634488
126	949.8479585405
127	1000.84186782058
128	1014.03145772676
129	994.516546237687
130	1021.08563328726
131	998.393571662412
132	984.765354940692
133	967.313274726058
134	990.514432093154
135	967.93262468998
136	1028.75398592961
137	1025.58443720232
138	995.695218222644
139	1015.76115586868
140	993.659857918235
141	944.830502748531
142	1001.34713459764
143	1006.64317928063
144	1025.21446991184
145	953.311120912491
146	980.608992313348
147	1000.00848021261
148	1039.73466501352
149	995.53887023678
150	970.996596106921
151	980.533515589194
152	1002.10455522836
153	1006.41738559177
154	1009.08541962492
155	1018.62014312868
156	1047.6471541809
157	1002.99144360057
158	998.367827016053
159	935.57454515367
160	1068.85701216045
161	990.417365734641
162	991.70366959347
163	1010.5444624263
164	1003.49021384414
165	1059.62463199765
166	962.440558404092
167	1009.53342171739
168	946.532647595315
169	1053.04143044686
170	1019.74433064021
171	971.021056787819
172	1037.12607485931
173	991.89358669132
174	1008.94571633073
175	1021.20464950124
176	1010.2498084662
177	1006.68860039795
178	961.792613297811
179	957.05820134256
180	1041.19570461222
181	955.242616517753
182	1001.00523895279
183	947.374183806921
184	1000.09089035692
185	1029.73817216952
186	959.412160381532
187	1052.26362588771
188	994.077185298482
189	1001.23689282983
190	979.88593916763
191	970.98979682643
192	978.850438169347
193	1037.73618287957
194	1018.70900681427
195	1009.90183703302
196	1035.59442781949
197	1007.84564879623
198	1039.61889507152
199	992.446472754795
200	973.503491313167
201	963.712410908767
202	960.828340441163
203	1020.70066495156
204	1017.65353609806
205	1050.32092893915
206	1015.50700712028
207	958.893604392766
208	984.09376126942
209	987.506771628821
210	1010.16129915952
211	966.252072665774
212	1025.52203845039
213	967.960668415265
214	1032.18493992043
215	1036.77064282603
216	994.508860999714
217	1006.97827666481
218	968.623821545696
219	986.378791263292
220	1004.09283190782
221	1048.55864878756
222	993.825625144625
223	1025.65785593212
224	991.125233783491
225	996.358841265516
226	992.328112546428
227	1038.22149144498
228	958.938618860279
229	1035.12315060808
230	995.532537053392
231	1025.91506148143
232	996.834429735594
233	1008.64363955452
234	946.702794256882
235	996.991425557333
236	1030.36253528372
237	923.66493169418
238	978.085144077238
239	1014.89493326803
240	959.612478030793
241	1022.44082903958
242	1030.80202361062
243	1035.44424181548
244	987.441405188309
245	986.02278821328
246	950.772895583918
247	986.300253927157
248	974.278859664287
249	975.316301322045
250	1022.77761681403
251	970.346209941852
252	1033.08039077018
253	1055.67760860498
254	954.428818549383
255	1049.61380257835
256	934.46975129354
257	973.968677689238
258	978.82479214182
259	1011.26958845292
260	983.627956087384
261	1010.71610119582
262	1045.86932882989
263	1011.00770958426
264	990.813660879729
265	994.401795244457
266	995.847820697616
267	995.728235548208
268	1001.86922260227
269	996.93624741415
270	1019.49961801817
271	983.827847335803
272	1014.10029112572
273	985.650195608349
274	1051.30669798723
275	1049.74442798865
276	994.645565099564
277	975.281405780597
278	1021.63461581708
279	1005.61822343075
280	1017.26049756962
281	1038.15854970487
282	992.386548255919
283	1036.50292695695
284	1002.22697524091
285	987.714914474077
286	989.692793907532
287	1033.66660556466
288	1023.94768932841
289	982.16130215121
290	968.976074270073
291	1010.85187460897
292	966.491251613564
293	1007.28254912912
294	953.337013583078
295	1012.48000846688
296	1020.37827858619
297	1036.655924951
298	1020.01833973017
299	1040.96820119048
300	965.039629717824
301	993.066191475527
302	1015.23133945388
303	984.917750625944
304	1016.76603465509
305	971.747422421042
306	1022.91110878098
307	1050.88922840964
308	971.230913824165
309	1048.75422713003
310	992.750715226672
311	1003.38207971969
312	982.728029335993
313	1002.91108000906
314	1031.50016900687
315	1042.14966700032
316	1053.08362353056
317	1046.01285367759
318	998.010439260834
319	969.763431088095
320	1018.9084554674
321	997.471705012889
322	1025.43922390609
323	979.710578519331
324	1036.27254023561
325	1037.22250015743
326	1010.05696268182
327	1021.11228356747
328	1029.65499949059
329	970.356617081461
330	998.727140847645
331	1012.94393456252
332	950.608786581047
333	1049.36191397307
334	991.807940199699
335	1058.44002825676
336	991.664434911719
337	1011.54519009043
338	932.277194296352
339	966.355480106964
340	1007.28263836413
341	1017.88336319769
342	985.545027457293
343	1037.07456979838
344	971.22978504766
345	964.616683453062
346	971.886420897479
347	970.90868424088
348	968.115492701369
349	1008.91939965723
350	1009.29504511442
351	962.868690164023
352	964.21570985904
353	972.160247797477
354	1051.46552416081
355	960.25453659249
356	954.085915642321
357	1052.69702366387
358	974.94741015049
359	1056.42225662904
360	1076.45034404268
361	1034.70080148439
362	1040.24962002525
363	979.687349394027
364	984.906137585043
365	944.659525082521
366	967.593603934787
367	1003.90053309109
368	1058.43813482397
369	970.396936692015
370	1001.79816005864
371	990.302752553105
372	1002.31341779765
373	968.778825739515
374	1004.5221153266
375	1001.09980323508
376	1021.77408766518
377	930.901779196221
378	994.394926078679
379	995.728826550562
380	1003.69919382523
381	997.689581182441
382	997.655194570302
383	1003.97212619943
384	999.458758081035
385	973.052692840104
386	1011.33933877762
387	1038.33428359188
388	1057.9431717022
389	994.394231250473
390	989.761048246311
391	995.743789331087
392	977.436796377353
393	1004.96145482118
394	1022.62421611532
395	995.046929876956
396	953.838792694154
397	1006.33681727761
398	1009.77683539566
399	997.286213698197
400	983.470371360889
401	1018.67724210519
402	1050.14157527921
403	968.510770068405
404	966.19215164958
405	987.813831409354
406	1004.55679598058
407	1014.18284823363
408	992.88324493633
409	1015.85542043115
410	1022.34862032845
411	929.322176369296
412	983.431898146316
413	1058.13479916308
414	1047.26665596008
415	1001.22169450217
416	984.362719793335
417	1051.01603524152
418	990.310484913821
419	972.870518929236
420	1065.02622411719
421	1058.02228828427
422	1015.06744312973
423	1011.41288359505
424	990.519842419587
425	1001.48173491458
426	1036.96653808406
427	997.164817578015
428	1059.51460312451
429	990.592098905893
430	1012.72920137014
431	1051.89718628308
432	1003.0458297528
433	964.732739843408
434	1021.57072274834
435	1029.65291703014
436	1010.21233357253
437	996.302747588643
438	1019.04448179553
439	1004.90019843177
440	1035.07773270114
441	1016.58085061941
442	988.428919217815
443	1033.41678094101
444	998.781588828137
445	1018.75537642588
446	1020.82685533723
447	1009.38617660098
448	1024.24666042782
449	983.346302774805
450	982.116234007028
451	954.571081706654
452	978.407887636093
453	994.729483964948
454	984.368739736545
455	976.584525983166
456	1003.72602118586
457	972.682491114672
458	1013.4816160003
459	1001.83742716413
460	1002.23817712414
461	984.56379527644
462	1029.71903969651
463	945.493863966072
464	990.962934197102
465	1007.97262116022
466	990.649244644986
467	988.729133191488
468	979.119381844424
469	970.528838162031
470	938.820905765863
471	1052.53368843038
472	963.905320203144
473	994.119719155534
474	974.891773184908
475	977.79940060075
476	998.568266189434
477	1011.94212015004
478	996.878980453925
479	998.3744478849
480	1042.50633789779
481	1032.30150727425
482	990.02129518141
483	985.10912440013
484	1017.1198033239
485	1059.14952764751
486	1071.13006362332
487	1012.99052555515
488	963.257217953042
489	1001.99410145451
490	969.635422982427
491	948.599835289893
492	994.20759907051
493	1036.97753989212
494	1001.04451788194
495	1003.2280624929
496	997.649992705699
497	1014.6189190048
498	973.292687072232
499	928.494857305437
500	1013.95419587042
501	1014.52144933971
502	1020.11214222087
503	1001.87929834009
504	998.631872903748
505	1027.28502041684
506	1043.49165207714
507	979.913036897202
508	989.117307343914
509	1034.60292083934
510	1024.91672523333
511	977.447369035545
512	955.196499568301
513	1034.96951904508
514	997.951419058742
515	1016.23220546777
516	1012.57460582408
517	957.932186108073
518	1010.38434240419
519	998.683625914875
520	992.833160550667
521	1019.33410534847
522	995.388696845801
523	996.843633201811
524	969.279087658592
525	991.563545567432
526	1014.22657872798
527	1052.54575316796
528	989.122264307977
529	987.567177773168
530	1048.50531969906
531	981.700637891735
532	1009.25166087407
533	1005.5374062289
534	1011.92157062782
535	965.749843219109
536	953.817923274386
537	1002.34662316167
538	972.003672899887
539	984.792739829412
540	1014.06953953573
541	982.084072573764
542	1026.00610944981
543	1024.60701605045
544	993.999065891567
545	1032.91271653997
546	1052.55905254991
547	1010.97871335841
548	974.224776438795
549	1029.46166956866
550	1005.45838377571
551	984.418393676159
552	1040.05129548916
553	963.842783682747
554	1009.39226465052
555	974.178736971106
556	920.156509625151
557	1001.11418769289
558	985.527802801203
559	971.336580849674
560	1065.93277916177
561	979.13635100237
562	999.34904443105
563	1046.29625471276
564	979.77635109431
565	1040.11124395902
566	1027.67858204819
567	1002.60613704032
568	1023.72991316974
569	1020.71736848044
570	1005.98236553413
571	991.005784268076
572	1007.62232116268
573	1000.58775914026
574	1020.20234509485
575	931.90066349221
576	1030.1377578068
577	980.146443433005
578	981.306494344215
579	1028.56578187408
580	994.454964478069
581	957.511103653407
582	1026.8384534278
583	1053.45200392681
584	1040.21952694876
585	991.124765967544
586	987.23852976977
587	956.86214751063
588	977.352308257396
589	1004.38503800324
590	1026.95511996122
591	1051.67867154742
592	998.536234722702
593	1006.67647571411
594	1011.55815191816
595	1012.75597717014
596	972.35858520777
597	977.559901365247
598	1009.59188371557
599	981.135391624751
600	1001.30388058682
601	998.524035871801
602	972.042782138215
603	1026.7503387232
604	919.519928344305
605	993.622974018151
606	1034.68626519892
607	1001.32908038316
608	970.778734448961
609	1007.41729417431
610	1032.7804172639
611	1014.67834560737
612	1044.75653562756
613	1011.05240729701
614	1032.80013022626
615	1028.91359582863
616	1058.79292562561
617	1008.16844444626
618	949.516647210916
619	942.46260980419
620	1016.71238789613
621	957.717314587793
622	977.189620210894
623	992.524046733907
624	1003.47632672836
625	987.997943947627
626	1004.86190843429
627	989.405104838478
628	1014.85818100662
629	994.326569024026
630	1038.47337655221
631	1072.06801407137
632	997.669567595987
633	1030.48741766842
634	1044.05508593784
635	984.593941063786
636	974.402189553468
637	978.07822747219
638	989.351024537754
639	1023.2464497066
640	990.153006046362
641	962.435437225789
642	972.881953523884
643	1026.36929170738
644	1077.22138967837
645	973.47387234579
646	1005.59901910944
647	1027.44326914385
648	1026.80739651548
649	971.39595891713
650	1032.38573968554
651	954.766512188279
652	948.964570881959
653	959.494442262992
654	984.940746525835
655	1020.38037409333
656	1005.01201398649
657	973.715662707895
658	986.719825402441
659	1022.68061154177
660	1040.12839664439
661	1014.00158837335
662	1029.8341144747
663	993.785691702205
664	992.135639149355
665	982.227270555188
666	966.668330537895
667	1021.65451495366
668	988.988242241301
669	959.490771319883
670	959.743409814843
671	1008.52223033177
672	1030.38297571631
673	1029.46580059015
674	1026.82288106071
675	997.976422007691
676	1023.07923745306
677	989.294986912463
678	1030.16625680178
679	991.683284426337
680	991.571562289486
681	1010.06638223656
682	1045.81170899068
683	932.201762903949
684	980.568913873607
685	1015.31765324215
686	985.043422991397
687	1031.59863953178
688	924.815982514726
689	1043.70713297155
690	984.849678521128
691	971.845484049853
692	998.068919983177
693	1021.22736330198
694	1020.16826613127
695	1027.70469143202
696	1028.8769329853
697	1037.38573228362
698	1017.11228525354
699	949.527620512195
700	982.257323965487
701	1033.25827472334
702	985.42064931915
703	1007.31056229457
704	994.631561044151
705	980.829019885769
706	1006.19745042388
707	1028.5685181861
708	1002.69278427022
709	953.166601277704
710	1015.68027893291
711	989.038542083174
712	993.548814556159
713	974.320227695979
714	997.136563799691
715	980.266046241623
716	1003.14455762272
717	1012.02807960712
718	1005.37043960369
719	980.943603345051
720	1027.41482745119
721	1000.55898596712
722	1030.15330226862
723	1064.70445096524
724	980.76486105022
725	993.233522229908
726	914.663636770992
727	1030.57350035669
728	1007.66127971862
729	998.764802375162
730	973.512982831902
731	1015.43226195897
732	998.414063755487
733	991.712284095418
734	1026.72127946154
735	1000.61710853609
736	1051.85477961355
737	1027.35981526532
738	995.691495324261
739	975.872940097299
740	1000.65277928492
741	1005.79162412015
742	1032.56932990744
743	1028.91535961637
744	1008.91993715453
745	1021.0124800329
746	1030.27345508898
747	1000.36547944819
748	1042.32547410721
749	1051.68732571584
750	1016.12153913727
751	1026.23681163066
752	1009.36066122072
753	1023.65910425905
754	976.602814087502
755	1033.22776392301
756	953.221683995173
757	1038.15341246943
758	1026.85168967238
759	999.358265529242
760	996.759645336515
761	1029.40883740657
762	982.467687443064
763	1002.35462862641
764	992.366982261378
765	993.881987215637
766	1020.25678315015
767	1011.25636613979
768	998.706682086958
769	1045.9469941221
770	1060.5377317491
771	1049.88938217882
772	1035.94887477496
773	968.08578905052
774	1010.46615950434
775	1024.01325180985
776	1009.58296000836
777	989.729631542524
778	953.640820850254
779	1077.48824332387
780	978.680224393225
781	1063.59430522399
782	984.5166291029
783	968.245028362591
784	993.010481678615
785	994.579972643483
786	1016.69029113673
787	1008.82238264763
788	996.806239852609
789	1007.47866224259
790	981.177871600599
791	1028.09417775332
792	979.675246399352
793	1003.17167430181
794	1019.36848726003
795	1028.67315275398
796	1010.17468315206
797	1024.03375239469
798	980.672445535212
799	980.807461689659
800	1010.22111403668
801	1031.01831427793
802	1014.10253417277
803	991.732545323609
804	958.44835734944
805	978.609567238643
806	1032.51001602241
807	1011.84706019751
808	1020.62912166296
809	1012.67604725555
810	989.78072036066
811	981.7300616314
812	1054.0513473647
813	1011.50192189042
814	975.40716385939
815	999.131197524727
816	1019.64116461411
817	979.472117701165
818	1004.34106179614
819	973.75745774193
820	1006.44342792161
821	997.576527357196
822	1087.10093427144
823	1007.92371071471
824	978.004403809363
825	979.258997425
826	1033.66410680697
827	1001.56003059666
828	1014.23873828342
829	994.960009186113
830	1040.98470324392
831	1028.92684219298
832	981.808175500505
833	1003.03346619255
834	1008.83568691339
835	962.346063660504
836	946.07334185612
837	929.360005301263
838	987.448667374469
839	995.586726989841
840	1022.23958779096
841	969.970013344194
842	1023.45133689364
843	959.430274128556
844	1030.17323700927
845	1008.56051479453
846	1012.08531354141
847	1000.84390877379
848	1050.06897604929
849	1011.26726121827
850	979.101050413715
851	989.488513953529
852	1023.6928549601
853	999.123388967107
854	1032.22848990446
855	991.964704925542
856	968.951421144279
857	1004.37205317993
858	1007.74419616124
859	977.813319402058
860	1037.1945459437
861	978.212025813555
862	1024.02197757599
863	1026.07196345835
864	1022.58025832724
865	976.532443079123
866	1025.06196831953
867	971.828309920881
868	944.160032082674
869	944.224684611185
870	987.927748695981
871	998.931646389768
872	1059.23242759529
873	972.655390562307
874	981.069656037729
875	1024.48672724947
876	1044.22280695385
877	1009.07013927571
878	990.273865819759
879	1023.82499430191
880	1004.9145689822
881	1002.30502245231
882	970.91643782956
883	1044.84318734687
884	1001.11256607552
885	1021.15253436178
886	1005.6905688752
887	992.529295949948
888	960.031276880028
889	1011.01090216361
890	948.189929998303
891	1042.15369248157
892	990.394018284712
893	959.27900138193
894	1008.4295568697
895	981.355438369345
896	974.879089995784
897	1015.43852627266
898	986.832050094789
899	998.653316541803
900	984.78382145472
901	995.756056172666
902	1001.70497258218
903	977.830140484755
904	959.108041480124
905	1018.84809504842
906	1014.7403855806
907	963.50288563527
908	977.970117144318
909	950.778919880457
910	1015.05665232628
911	1015.63720248195
912	1011.42628317645
913	1020.16243929258
914	1007.20949420702
915	1000.442679754
916	968.53124217404
917	1017.89388113389
918	977.041730530067
919	1016.91689434866
920	1024.22866528878
921	1060.43087948802
922	959.984617829318
923	1038.2500385397
924	944.935372208699
925	1039.29529513591
926	1029.36303297151
927	952.42062397192
928	1050.60864841408
929	987.004948631838
930	976.720814147683
931	1071.65430445981
932	1009.94221010165
933	970.795527558445
934	1007.85588406384
935	984.013755977983
936	988.768166970787
937	1022.99200005278
938	1048.65645951894
939	979.485442771932
940	1055.33952069737
941	1006.77340449072
942	953.506305756569
943	1026.16254111857
944	1018.45443149888
945	1000.5110890073
946	993.579245443349
947	1006.06687870845
948	1017.45486461671
949	974.676984755036
950	982.737345419268
951	1007.1136212085
952	995.638780187834
953	1011.4643753421
954	977.123589175847
955	965.879599601055
956	960.081530982327
957	1009.17830751139
958	979.419441800695
959	1015.64846432583
960	999.305472330429
961	977.122284657013
962	1015.65709052243
963	998.155384246272
964	1002.48804962417
965	1003.19352536324
966	976.797306078521
967	990.272131312817
968	1041.35385681343
969	924.418660496828
970	990.635169729654
971	1020.82848450345
972	954.544810800452
973	1024.29075095553
974	1016.29699369448
975	1086.81900332011
976	985.461593039959
977	1031.25153147742
978	992.089946267451
979	1025.59841391693
980	968.96707380709
981	1011.18729640084
982	991.716815721379
983	972.342437105833
984	956.797513039463
985	972.211365502431
986	958.7160820925
987	1012.73373661016
988	1020.65982049287
989	1036.59778928132
990	1017.88021221145
991	1026.08515720683
992	930.735054270963
993	1013.7672887152
994	979.437309343481
995	1026.44869830588
996	994.706257904807
997	978.006498879472
998	972.184402881923
999	1010.73381972221
1000	1001.84431010583
1001	971.0424509011
1002	1003.38927832541
1003	942.508647303205
1004	1028.19909151501
1005	960.642806681384
1006	972.071384846324
1007	1018.94574321052
1008	984.510060281204
1009	960.29063532529
1010	1004.76545949109
1011	1011.71398197351
1012	994.067472686625
1013	1042.55809131765
1014	1008.17796401146
1015	1024.68951553119
1016	992.082458848375
1017	1032.81792998318
1018	962.332922398682
1019	969.750328927236
1020	961.304893945899
1021	987.037936182094
1022	1027.35041077513
1023	976.462463337464
1024	1073.73451126933
1025	971.979416137612
1026	990.121221206855
1027	1071.64648277548
1028	1010.46421460084
1029	996.691957400651
1030	1001.12706856959
1031	1010.15302319291
1032	1005.46078087558
1033	1114.28053182167
1034	1007.29489736561
1035	973.946321251058
1036	1004.12854229458
1037	983.026606928109
1038	1015.59048705689
1039	992.623063975342
1040	979.291917453639
1041	1027.48082437563
1042	994.76893244026
1043	1031.51521954629
1044	963.373743973578
1045	956.300537740833
1046	988.415546217041
1047	998.496834337294
1048	1016.20701845922
1049	983.187783168327
1050	1011.16353835704
1051	1005.32365053979
1052	998.80398582137
1053	1016.50166482193
1054	975.927589892125
1055	955.870292617956
1056	1011.1965982508
1057	936.169737755269
1058	979.125832596783
1059	1004.69284666053
1060	974.408418163399
1061	983.845730545755
1062	993.818567475911
1063	954.248977855099
1064	982.56521092845
1065	1039.03830245007
1066	1000.81759803931
1067	936.593676903493
1068	987.226377056732
1069	979.353120799358
1070	1023.05399788266
1071	1013.26930202312
1072	993.317984325874
1073	973.739864013269
1074	1023.93978567165
1075	979.794318684332
1076	1012.96347833268
1077	985.696245764731
1078	998.640872199795
1079	1003.73718489355
1080	984.372367737713
1081	990.483043917475
1082	981.18581541774
1083	1010.11761178184
1084	1068.45432135623
1085	963.093740789076
1086	968.285536324673
1087	975.397552473454
1088	1017.92823079534
1089	1064.59985615383
1090	999.495055996519
1091	1009.9910639264
1092	996.300980571187
1093	1047.7378984509
1094	979.167825797522
1095	1012.18566679702
1096	984.50943862852
1097	1019.16010801063
1098	1009.1947603122
1099	1022.04850882884
1100	995.602744502285
1101	987.665886325546
1102	983.638584954481
1103	970.752622949264
1104	966.027541973068
1105	1032.05995403869
1106	1011.90212296563
1107	948.505321706946
1108	991.7328734265
1109	992.214637122466
1110	1004.31887793987
1111	987.767721425191
1112	970.43083540195
1113	1001.95208206598
1114	1035.63384483967
1115	1027.52248220749
1116	1042.02520991267
1117	1057.21493079644
1118	950.655106417074
1119	999.21839680191
1120	962.700290122823
1121	983.111226510485
1122	998.648275951126
1123	981.462693800648
1124	1019.32302784796
1125	977.772112249571
1126	1020.93208111472
1127	1037.9337440639
1128	931.650984798366
1129	999.586211659651
1130	976.546612913076
1131	987.169645662619
1132	1030.27831609392
1133	1018.74978855673
1134	1009.83250891027
1135	967.335006548147
1136	923.101057938142
1137	1025.59527734618
1138	992.229909139259
1139	990.53790752586
1140	960.24460481895
1141	1034.84140678856
1142	1003.4074567299
1143	1012.69705723374
1144	1059.72872874505
1145	994.144860700786
1146	986.856877196652
1147	994.349794403719
1148	989.025436639408
1149	992.501196370287
1150	1028.22274380778
1151	996.237303401599
1152	989.767011210975
1153	1027.22809010894
1154	1008.63865346627
1155	984.296386032082
1156	928.192412179128
1157	957.85591481176
1158	1001.4652063686
1159	1001.83773450937
1160	958.624022795346
1161	986.274436344385
1162	1007.50096738549
1163	1052.40276444956
1164	949.166891409896
1165	949.891302407057
1166	1032.49665877814
1167	977.513860792605
1168	1022.17665665483
1169	1018.79948025177
1170	1029.58702021738
1171	985.994073965792
1172	987.762730643262
1173	1054.98337826635
1174	1002.39011273103
1175	971.910352728178
1176	990.978306622983
1177	1009.0420675018
1178	1026.63083010036
1179	1019.14764612382
1180	950.826064271765
1181	1011.20203683194
1182	1009.78089730317
1183	993.340421372029
1184	986.376669507412
1185	999.798015016149
1186	970.466932172802
1187	1019.48774538359
1188	977.662880898977
1189	993.044026217816
1190	1004.00867812807
1191	976.029101234728
1192	970.107282897428
1193	1036.32429046802
1194	1012.33772422681
1195	944.807654464849
1196	1003.48448367382
1197	995.190719661771
1198	980.623309927354
1199	1006.17694452804
1200	1037.20665290962
1201	966.57687714933
1202	961.715581233231
1203	1021.35508131782
1204	988.561910318646
1205	1003.77111843258
1206	958.630282839259
1207	987.910608113112
1208	988.158047845272
1209	1023.07577811231
1210	1010.59805521272
1211	1021.12838429739
1212	1038.33422709554
1213	1036.500263842
1214	1004.48265484062
1215	977.968636072619
1216	949.238567144081
1217	973.350204596884
1218	977.025939245797
1219	1010.27729780973
1220	986.932065095398
1221	991.844846274756
1222	1043.72167952742
1223	969.142763679629
1224	1013.260780413
1225	1020.72110793996
1226	995.803124642204
1227	1038.68502435287
1228	1052.0772737138
1229	1060.53596324676
1230	977.928074373899
1231	1005.19294379441
1232	1041.50784239119
1233	991.769272058978
1234	984.46129901893
1235	1009.68149724448
1236	985.439220618946
1237	934.865850189097
1238	1006.82825113148
1239	1009.71873103514
1240	1040.75574136394
1241	999.890412944503
1242	1008.56966387368
1243	1030.83418781318
1244	1045.13862441202
1245	1017.7559363906
1246	1005.95776038397
1247	1019.64044188266
1248	1008.67212484236
1249	971.769251966042
1250	961.967377643311
1251	953.077958427748
1252	988.673138563166
1253	996.427840833029
1254	1015.36477272605
1255	989.689826848514
1256	956.522487884684
1257	1021.52728508336
1258	994.220562747705
1259	1047.46617397378
1260	990.450340844992
1261	1017.35905945665
1262	978.51227415897
1263	1001.33647080806
1264	1018.45865346769
1265	1036.44769719061
1266	986.619483218995
1267	1006.89633691019
1268	997.279410359032
1269	984.396121521851
1270	989.486580440898
1271	1002.98594608884
1272	928.741807835518
1273	1020.75817003782
1274	998.776618058224
1275	930.601952581593
1276	997.737080002827
1277	970.26157822048
1278	1013.96525072988
1279	930.027690606326
1280	987.725501232198
1281	1018.93292045351
1282	1075.23829275291
1283	1002.16816527158
1284	1017.51091729971
1285	1002.7289845512
1286	1021.44355920345
1287	1019.9221705956
1288	978.07727412972
1289	988.660271092105
1290	1029.2666361409
1291	1014.05020275411
1292	964.502203952253
1293	968.194806255774
1294	1031.01412184233
1295	978.240369866242
1296	1007.10920619605
1297	967.103564496043
1298	956.313831566283
1299	972.199096816765
1300	1010.14718748361
1301	1036.25171059198
1302	1004.97922486219
1303	1019.84334523265
1304	997.458416864185
1305	1005.14638535534
1306	1038.68068610448
1307	970.255701237441
1308	998.894733926787
1309	992.542808501497
1310	987.786914476631
1311	1046.29250162323
1312	1032.82430855674
1313	978.226518079116
1314	1039.48287679387
1315	1032.43475974813
1316	1001.11716572087
1317	1009.01788092526
1318	1007.36458625601
1319	994.356799704801
1320	1009.61238171562
1321	982.599069292035
1322	1036.86438149005
1323	1020.60252159609
1324	985.073895072783
1325	1010.05075174496
1326	975.262292181997
1327	1000.22099594658
1328	993.77174396119
1329	971.996407418715
1330	1007.56916949048
1331	987.863168473473
1332	1008.06053881777
1333	1065.28217677677
1334	1015.65110677802
1335	958.807900475732
1336	971.126244774964
1337	1001.79596719282
1338	1053.79358317383
1339	949.157556159696
1340	1016.09450949017
1341	964.312969013526
1342	963.855763029001
1343	1025.32783042097
1344	1032.28533224312
1345	970.76778913277
1346	1024.82265954113
1347	972.740340370432
1348	1005.07654116812
1349	1030.94762920994
1350	970.631424282828
1351	1013.6921482784
1352	1049.61953673209
1353	966.323381808388
1354	1034.77403403685
1355	969.487770858691
1356	957.383934224238
1357	964.27545482909
1358	1004.1694024533
1359	996.401806204696
1360	960.562026617154
1361	1020.85137617907
1362	982.418213588296
1363	997.261767054058
1364	1003.97198402039
1365	944.841050189617
1366	985.826942020171
1367	1004.13993220984
1368	1015.55623688309
1369	955.187864277148
1370	1057.31914879064
1371	977.807956263186
1372	1005.33754086654
1373	1017.01560980958
1374	956.621349904893
1375	996.334752113276
1376	1009.12754638113
1377	1032.37947221091
1378	985.348238189655
1379	974.941390665645
1380	944.347031085834
1381	986.488525479565
1382	1008.80311691177
1383	999.670909967055
1384	1021.76740272944
1385	1004.02947392739
1386	988.047660266062
1387	980.216616097508
1388	1001.83010231756
1389	974.857771039855
1390	956.834113376657
1391	992.972538927622
1392	991.208116486096
1393	1000.7413584209
1394	1075.48669283935
1395	975.199737207463
1396	1013.08397293801
1397	1015.98804021291
1398	1007.72983455111
1399	1024.84121847698
1400	990.586244773048
1401	997.032582125414
1402	951.703581764254
1403	1000.63167245905
1404	979.161023616212
1405	996.370929758635
1406	977.515908269039
1407	988.288238494124
1408	1048.60575160882
1409	984.470756602191
1410	1012.08366870379
1411	999.392815922915
1412	1036.31170711623
1413	986.965770867267
1414	967.790594533934
1415	982.085148781002
1416	997.669700316994
1417	925.613889909538
1418	1018.7786452215
1419	1047.39348681275
1420	1016.94893613855
1421	983.901755443897
1422	943.466703198358
1423	1006.65579428884
1424	974.607393597488
1425	985.22318065817
1426	987.931616070582
1427	1005.77786667106
1428	977.378096364668
1429	965.026414779549
1430	1032.66006870743
1431	990.822089229129
1432	1031.40352047531
1433	1008.62638943648
1434	1017.13968187755
1435	1042.52342102844
1436	993.424239235833
1437	999.102075304116
1438	1034.88827800103
1439	957.750348624481
1440	1006.32335014858
1441	952.392149249009
1442	994.681414129742
1443	1052.05256909568
1444	954.316064307537
1445	984.879312489518
1446	1002.68033784237
1447	959.313827194488
1448	1008.667632113
1449	1073.96320465537
1450	981.585931378419
1451	1003.52008205381
1452	1005.54825763468
1453	998.580875204508
1454	1022.53567034423
1455	1015.954661919
1456	1009.87232087786
1457	1007.7896787376
1458	988.506585525054
1459	1032.7467653408
1460	976.334699289826
1461	1002.07081386398
1462	1041.46740398344
1463	1009.78001100556
1464	985.351593150427
1465	1061.51738893909
1466	1015.77015325163
1467	944.449581141072
1468	976.404087791146
1469	1013.62081435713
1470	973.170792068202
1471	1013.46360115079
1472	1015.15750914846
1473	946.877750318541
1474	1001.68034150779
1475	1023.11160337802
1476	961.80613716953
1477	952.735955209511
1478	986.4532789948
1479	1027.00878433955
1480	1019.04290435279
1481	1007.42357447598
1482	986.637457537338
1483	963.854072068889
1484	976.493907973852
1485	974.70253433497
1486	1026.82729094693
1487	974.763798501509
1488	991.851683624503
1489	995.734445166537
1490	1035.80916845618
1491	936.152884101293
1492	1055.97847362922
1493	966.553177227317
1494	968.131252088345
1495	1035.62301254967
1496	971.793505497359
1497	1044.28370744083
1498	1014.60274729759
1499	1016.17193176791
1500	1014.05424200085
1501	1001.1668914308
1502	992.046456274184
1503	998.990320389455
1504	1008.76124601027
1505	938.318005878645
1506	978.359961881032
1507	1054.21811184495
1508	1048.11132142471
1509	982.569340103115
1510	985.69985704033
1511	994.358041576456
1512	1039.61405511682
1513	1000.59634838022
1514	1010.30768593398
1515	996.790250851383
1516	990.506106057327
1517	1063.32650045688
1518	1015.55243108644
1519	1002.60322758317
1520	967.525172765888
1521	1009.9981253674
1522	989.447951019312
1523	926.362708609932
1524	972.568615588905
1525	963.830726335421
1526	1018.40020635496
1527	989.222877988279
1528	1012.59112943806
1529	1019.25708364901
1530	976.143505356791
1531	1025.42216784762
1532	945.904414933232
1533	971.317989994965
1534	995.208867086474
1535	1025.20183193595
1536	977.860199863115
1537	1018.98680337507
1538	1002.34358000091
1539	1029.95315318723
1540	988.062678893652
1541	1020.13033691764
1542	977.796752653011
1543	1039.00609659729
1544	995.026937404362
1545	986.192402465874
1546	955.675689801664
1547	1013.59203972582
1548	949.817885296388
1549	990.075101985622
1550	999.850040204161
1551	1051.94637831438
1552	960.368647253088
1553	1044.85370489768
1554	1026.13429798927
1555	1013.48458568104
1556	994.085724053603
1557	981.036520793304
1558	942.773538281774
1559	996.802759251861
1560	974.276046952974
1561	1034.13184770403
1562	1025.75569165743
1563	1002.85107851513
1564	967.250299808526
1565	994.245933364383
1566	972.498229059975
1567	1036.3237209979
1568	1003.41535288876
1569	1053.29554024475
1570	984.247454049325
1571	1037.05076955375
1572	1000.76808972425
1573	1042.61142374167
1574	992.603911814027
1575	993.211522834394
1576	1028.0016564331
1577	1011.75848511354
1578	956.793470910265
1579	1051.26111434438
1580	999.896487391923
1581	996.961026042004
1582	980.40606367184
1583	990.592050004208
1584	975.102352747011
1585	972.915434756944
1586	978.243389032042
1587	985.604213981439
1588	1063.44096515658
1589	1017.83225774145
1590	1023.17379782699
1591	972.433716109119
1592	959.236295974733
1593	971.368872839277
1594	968.6773223951
1595	993.326529279665
1596	1008.08416007935
1597	1021.94166012134
1598	956.575306953353
1599	980.08245288405
1600	1003.35982050552
1601	1004.47559624721
1602	967.704250387811
1603	1005.71030113379
1604	1059.78653768584
1605	975.272387519092
1606	1006.4624293218
1607	1002.35951133963
1608	1004.68299910636
1609	1067.74804010637
1610	1052.91902732561
1611	967.547998724366
1612	1053.76042757718
1613	1016.74629380127
1614	980.818766044522
1615	1023.47776733121
1616	1011.42424250215
1617	1003.71178555813
1618	1023.71479635947
1619	979.38658806367
1620	982.273526182716
1621	1045.39364871571
1622	1020.69358032695
1623	987.308935596963
1624	1004.61372800933
1625	998.474006078104
1626	1006.84465371617
1627	1010.34615143446
1628	1044.26252579868
1629	985.647803538841
1630	1007.28126435249
1631	1000.02165863561
1632	1006.55086635569
1633	1002.70407122291
1634	953.611818765226
1635	940.025257549244
1636	949.078712198463
1637	1005.79626486633
1638	989.50082326973
1639	990.143100096044
1640	1025.07494533005
1641	997.920441933544
1642	975.234141008265
1643	1044.8674158013
1644	1038.14464947883
1645	1005.07679654199
1646	998.314326944258
1647	1043.24318130727
1648	1005.71645342733
1649	970.679994246992
1650	953.483961034295
1651	979.187150034172
1652	987.663481346809
1653	982.80091779303
1654	1031.36744948047
1655	971.118615088494
1656	977.524442966764
1657	990.76156009428
1658	1006.18784292715
1659	1009.52589294978
1660	1006.63731843146
1661	1004.38520322423
1662	963.776719739875
1663	1009.78490444762
1664	1019.90471841776
1665	1018.76341315733
1666	1049.37898716602
1667	1009.46082992541
1668	994.375593122819
1669	975.985774469595
1670	974.305039610381
1671	1003.72762532417
1672	960.910082928331
1673	980.011754619702
1674	1002.85665877098
1675	1051.86526219841
1676	1010.96822446243
1677	1014.10644092972
1678	1023.37900124179
1679	1017.25607984743
1680	966.541359655746
1681	1000.14771989719
1682	982.505775650693
1683	962.457510490947
1684	1025.15283928935
1685	1023.34296420818
1686	991.472944088323
1687	1031.93296892796
1688	1018.30745913091
1689	1030.7544703013
1690	944.705921804941
1691	1031.30976891305
1692	923.225791798173
1693	997.652887293494
1694	1025.41296709541
1695	990.223587651986
1696	965.825355497961
1697	983.968874314033
1698	1007.18092123445
1699	1057.56874030665
1700	1030.34354326411
1701	984.233084127405
1702	995.717612747367
1703	1008.49829252877
1704	1004.28591033697
1705	1036.31439454228
1706	967.784354014982
1707	1028.24791286738
1708	1001.82364546129
1709	996.857985884904
1710	988.415475972088
1711	1003.16118574832
1712	1009.1925557057
1713	959.400659715715
1714	1017.1644027264
1715	993.12815829751
1716	984.972502109598
1717	998.432500583476
1718	937.942128072939
1719	980.940854555319
1720	990.435025276542
1721	1028.75206879603
1722	983.555255331383
1723	1015.82996959201
1724	977.572368705179
1725	1017.59018769634
1726	1003.12453103794
1727	1039.63616929468
1728	1052.72003893664
1729	1000.49756204897
1730	925.240883408681
1731	988.353264868988
1732	981.853200278587
1733	976.533388295022
1734	1051.69468247956
1735	1021.68339471237
1736	1013.53232748637
1737	962.269543108701
1738	1012.93750752595
1739	985.262516898949
1740	1019.47808149172
1741	962.794844423889
1742	973.368656344937
1743	1038.94864742595
1744	979.844329868461
1745	977.923518083388
1746	1035.0161251368
1747	948.710880687354
1748	1047.39174099392
1749	1021.86485091149
1750	982.504503455481
1751	1014.07212575954
1752	988.749523611308
1753	1033.5135298019
1754	1024.90121079294
1755	987.152695348527
1756	1020.25327508556
1757	1001.8532546559
1758	953.88630164355
1759	1011.72979395448
1760	1028.80949731785
1761	1000.81538252819
1762	974.64051019312
1763	1000.1204589891
1764	1001.97560242827
1765	1028.3339469203
1766	936.949751158942
1767	1011.6273092446
1768	1015.66629188109
1769	965.267193549197
1770	975.707418180009
1771	1115.67536713194
1772	1027.18464100649
1773	985.392021369161
1774	980.19981398883
1775	1041.53740929628
1776	1015.73814013981
1777	1019.23746485847
1778	1030.66878344313
1779	984.51151487236
1780	1069.66150449822
1781	975.572881609166
1782	1087.6096929803
1783	1014.31080544348
1784	1021.41461867776
1785	1012.44327553304
1786	984.341354525638
1787	996.08336721504
1788	1037.24729222852
1789	971.321192117557
1790	1027.12364170373
1791	1036.17128851644
1792	984.003130886831
1793	979.566253946687
1794	1026.92559863838
1795	1028.84590973289
1796	961.902875149097
1797	1042.30725338755
1798	956.739057483814
1799	923.385285648297
1800	979.870238636225
1801	967.584112868857
1802	1026.17720699691
1803	1034.19810543406
1804	972.158902814029
1805	999.0110344316
1806	1011.33970205815
1807	1095.96381714306
1808	998.625170652434
1809	1077.18699905242
1810	1079.42833477699
1811	1022.64538156296
1812	984.63616309965
1813	993.751914738939
1814	1011.89761452382
1815	1048.26096618295
1816	991.56211498689
1817	1012.60074662791
1818	973.988991098286
1819	979.921086425483
1820	1006.31215018866
1821	1006.00861507588
1822	990.853288104007
1823	1017.18621240443
1824	943.195694725565
1825	967.216406546022
1826	1024.9955233935
1827	1039.70840737862
1828	996.025024436991
1829	1035.51792645156
1830	1033.54781415696
1831	954.605261956838
1832	1026.88239314375
1833	1035.96782883073
1834	1031.33814457305
1835	1058.26389110008
1836	1011.33454773096
1837	1027.06639974363
1838	943.449345088341
1839	1014.79566424902
1840	955.532417656588
1841	1050.03440606918
1842	938.699618862975
1843	993.961510785583
1844	980.676765973023
1845	1001.01761869743
1846	998.909344274654
1847	1018.89394903272
1848	1010.85281676298
1849	1063.22959099272
1850	962.629203233008
1851	1001.12748600824
1852	945.420028407603
1853	999.95293018438
1854	1008.03721891146
1855	955.530735299958
1856	968.565438582124
1857	1028.87797425307
1858	1002.32517941211
1859	954.487727025784
1860	992.164745385825
1861	1061.71918348217
1862	967.771134768766
1863	975.085519472563
1864	999.472063780511
1865	1028.45209368836
1866	1072.41721541053
1867	986.837334291097
1868	994.774648895121
1869	1001.01345811179
1870	984.041057990347
1871	1017.57439435313
1872	996.031198242897
1873	966.736117680074
1874	995.51079618505
1875	1002.71188420278
1876	1017.27842058018
1877	985.561350993958
1878	1031.15272871163
1879	994.947581439523
1880	1015.17930899006
1881	1002.60413284848
1882	989.153299906281
1883	989.703190650464
1884	1011.73092192866
1885	995.156334316409
1886	989.005199794976
1887	1000.68679028091
1888	1043.56702315901
1889	976.417939285079
1890	959.039922553386
1891	1035.56744782085
1892	992.329730687791
1893	987.187750218885
1894	966.487673685382
1895	1038.2960799308
1896	1004.54347808224
1897	1023.89025898653
1898	965.636692112715
1899	1000.24288426104
1900	1020.49958051669
1901	995.356301097802
1902	988.232563666443
1903	969.129431454159
1904	939.122828905281
1905	1021.17101181185
1906	935.09010782506
1907	1020.18341808757
1908	991.700177438132
1909	986.540173737937
1910	971.878615140808
1911	951.020304284214
1912	970.511832416219
1913	982.736124642463
1914	1086.325813801
1915	999.548312992997
1916	1022.31935656382
1917	1006.02121098922
1918	972.570705516134
1919	1050.18092223069
1920	976.459403878542
1921	1017.10963379699
1922	947.167263478859
1923	1023.99020377606
1924	1021.3272933786
1925	954.124234268201
1926	961.441001957687
1927	1002.48790344652
1928	968.906436987786
1929	970.659121805988
1930	1037.2653837212
1931	978.867757371999
1932	1016.74933140198
1933	1021.35055785197
1934	1007.58579025033
1935	995.680153628343
1936	976.511742711977
1937	1035.25378827145
1938	998.254433911526
1939	1003.38764825673
1940	991.708444290914
1941	1007.61957495771
1942	972.158162749268
1943	1009.38952965098
1944	974.414223114191
1945	983.237425973466
1946	997.801077102685
1947	996.834538701011
1948	1004.18352490729
1949	939.348224408131
1950	994.551456637475
1951	1059.30215992452
1952	976.4882486053
1953	1016.12005291403
1954	1026.83584259063
1955	1003.69751551178
1956	1005.94997200812
1957	1036.96386872051
1958	1061.42059685525
1959	1016.36368122922
1960	1007.96659482689
1961	939.042693170032
1962	928.037964793444
1963	941.202685751476
1964	1051.34627502827
1965	965.279381242442
1966	1010.91802901939
1967	1022.71416127182
1968	929.329135825832
1969	1026.88527433226
1970	957.61920666655
1971	1021.93206416978
1972	984.926735976535
1973	1025.32175722894
1974	962.489136872443
1975	1032.96074275353
1976	1020.38073266815
1977	990.54290157333
1978	1010.62827235767
1979	1072.85443679524
1980	987.156473913184
1981	946.146376207449
1982	963.745491938805
1983	1010.65018868209
1984	978.628657183076
1985	972.435057896883
1986	998.004901317436
1987	1022.17756768176
1988	1022.1226106539
1989	1004.50724894205
1990	960.092365714547
1991	998.072874869349
1992	992.278949211143
1993	1015.74872518124
1994	1065.02392612382
1995	1025.91701323288
1996	981.95486546727
1997	1013.18171867737
1998	1001.3417426678
1999	1009.59300879764
2000	1035.49664894751
2001	982.3499998067
2002	955.477029269657
2003	1005.58352646544
2004	1024.36627841377
2005	993.419743751608
2006	988.408952200777
2007	968.044272990028
2008	991.407845101659
2009	983.804789385148
2010	1007.75867312251
2011	1037.4188348348
2012	980.049349717388
2013	985.607606934733
2014	985.687648163053
2015	1046.80868234593
2016	958.970828326771
2017	1039.95606648244
2018	1017.26996259166
2019	1070.42245550274
2020	1002.89877364076
2021	993.643891216994
2022	971.075252121322
2023	991.114163356505
2024	1037.70022731998
2025	1000.12245632612
2026	957.0512985104
2027	1008.68708816856
2028	977.52390386225
2029	945.825135975984
2030	978.245708886635
2031	972.868991602059
2032	1071.00443778568
2033	966.050478497626
2034	985.923957061497
2035	1004.96462256196
2036	993.835563159826
2037	1034.37469594487
2038	1001.27498899001
2039	1015.30023159105
2040	1003.79463140588
2041	982.817281597848
2042	1086.26735816171
2043	1024.17453356482
2044	1036.86971933509
2045	1012.16181437351
2046	998.639459234784
2047	952.16213521949
2048	1067.43363853243
2049	956.256781453695
2050	1013.20464701429
2051	1034.31489889751
2052	952.869963878864
2053	939.876946070616
2054	987.14188519348
2055	1075.22166085844
2056	952.764276360279
2057	1016.95700439848
2058	973.827451332006
2059	1037.04233386088
2060	1028.5910188955
2061	957.701674010561
2062	1008.2954636079
2063	1020.11908348648
2064	1003.41845809936
2065	1003.72539413354
2066	1016.23745786627
2067	1021.28717693538
2068	979.536940076351
2069	947.989320901104
2070	1022.6849952605
2071	957.463368101004
2072	1023.58066342645
2073	958.903813334153
2074	980.464150779345
2075	898.857337285298
2076	1063.97513472515
2077	937.512166923514
2078	972.027540599338
2079	1035.98652681316
2080	975.422464991962
2081	1009.92431130437
2082	1026.51877446724
2083	998.623331643148
2084	1033.16991402138
2085	1005.87181593933
2086	973.601706384476
2087	1065.87759173151
2088	1057.48475916439
2089	1024.84433249511
2090	979.920076471616
2091	1020.04702048339
2092	982.628247057189
2093	1005.62416431965
2094	1063.0806280117
2095	959.539935743996
2096	960.544846600046
2097	953.256458232831
2098	972.528294899103
2099	954.209465298286
2100	997.98254720486
2101	973.189632450467
2102	980.103924399699
2103	1010.3281927183
2104	1012.28494169056
2105	1036.61710740806
2106	1014.92279137904
2107	988.716254494923
2108	1004.2038256138
2109	1000.31433510078
2110	1009.49096519192
2111	983.74845934779
2112	1020.9297606254
2113	985.211453274342
2114	1016.20892276348
2115	1001.81858415302
2116	959.907207496467
2117	1005.55567106066
2118	973.62510922565
2119	1017.11581112365
2120	1005.21870292294
2121	999.194061836475
2122	1041.57926572421
2123	1011.19328103311
2124	942.389267869714
2125	1003.51227972454
2126	1000.38576382262
2127	973.417629364713
2128	990.498573767422
2129	1034.44920098311
2130	1055.34358489556
2131	968.708185781119
2132	968.192480329912
2133	996.427876044503
2134	958.260708753202
2135	940.651951409401
2136	1031.37607619346
2137	1030.62546759908
2138	1022.24935285325
2139	992.752680048065
2140	1031.60431967578
2141	995.298563344753
2142	971.945066949882
2143	993.453659981232
2144	947.949305516435
2145	1008.55714379201
2146	982.492210644313
2147	999.689442337473
2148	1011.76489936356
2149	1040.8600416037
2150	998.152101114255
2151	987.004946384016
2152	976.217468614022
2153	1027.24022376794
2154	975.506642605031
2155	1035.41607808909
2156	993.789270711031
2157	969.409991066327
2158	1019.14981104452
2159	1060.56881001187
2160	981.465002177418
2161	1041.64386968905
2162	991.225249518712
2163	988.223370257199
2164	1032.2569647912
2165	1011.44350483566
2166	947.964560466108
2167	978.186416895723
2168	1011.4953052304
2169	996.038435828385
2170	990.309754016087
2171	983.626166995875
2172	1005.3125915084
2173	1031.32251536592
2174	971.847843411643
2175	1041.93365694245
2176	996.824292755085
2177	1009.67999146428
2178	983.669564152087
2179	929.374662056158
2180	1003.25127151093
2181	1000.47739455247
2182	998.748768531925
2183	1014.85835151256
2184	980.846301149897
2185	1014.56211660405
2186	1013.7243463867
2187	958.97501626778
2188	1029.96481092982
2189	1002.76845840107
2190	999.614542239981
2191	993.151429750303
2192	1035.64868562346
2193	1015.0074802488
2194	1000.01179820707
2195	1008.178367389
2196	974.25493781643
2197	972.33472723819
2198	991.4880334802
2199	1043.31459639813
2200	1011.42956223861
2201	958.163742189359
2202	1043.13001859972
2203	986.498874733947
2204	967.509561353654
2205	976.338230998868
2206	972.350559334275
2207	1039.19639863255
2208	1045.70395376113
2209	985.258486601214
2210	971.701579534972
2211	1031.97519922113
2212	968.53510411479
2213	1010.90985609503
2214	1056.85018741859
2215	1004.36270764862
2216	1033.16041146893
2217	963.995918783163
2218	981.740294224842
2219	984.343411885942
2220	952.751357818915
2221	1011.09218719073
2222	991.492279175949
2223	1017.28673324736
2224	975.901015643367
2225	1004.84063640928
2226	1019.92617633798
2227	1051.18950969499
2228	999.898139002301
2229	1018.03256359544
2230	970.947643919851
2231	1006.77366787708
2232	989.059173886513
2233	989.28234880195
2234	977.854091170089
2235	1047.15705150926
2236	1005.00231692069
2237	1033.21964369073
2238	989.761012886545
2239	1007.54220960737
2240	985.420123167362
2241	984.890833735136
2242	952.008063318973
2243	1018.16160644928
2244	983.76911304819
2245	961.648001092026
2246	1021.85100931265
2247	1036.29649002985
2248	1022.31571816054
2249	918.630620080679
2250	998.960437710727
2251	967.486086977027
2252	1015.22623788011
2253	1044.44629343205
2254	996.469501399727
2255	971.714016468089
2256	996.642084095923
2257	966.487488967905
2258	988.886746953281
2259	1004.29792420731
2260	1007.34715667319
2261	995.71940504958
2262	1023.93070976853
2263	981.799759160339
2264	967.745878150009
2265	978.916649348555
2266	1014.77726246165
2267	962.84752047058
2268	999.443162082015
2269	969.271972973577
2270	1023.34703829712
2271	964.018525220509
2272	968.742616241271
2273	1025.18612343841
2274	953.745052039315
2275	1059.3454119883
2276	953.949291375019
2277	1062.51689161181
2278	982.361611089288
2279	1055.99462930267
2280	1032.44803038656
2281	982.271701704897
2282	1040.96107196191
2283	1012.17355967808
2284	1058.5125967363
2285	986.526472570958
2286	993.725310247825
2287	1041.94396071141
2288	1090.03754994109
2289	1032.47691666732
2290	1063.40053495301
2291	1026.45169510463
2292	1004.8484337881
2293	949.447724509133
2294	991.442048917606
2295	1006.72942990581
2296	1022.87415055464
2297	994.000773654304
2298	1019.82363908075
2299	988.622805865779
2300	1034.08049931057
2301	1027.29258150527
2302	1018.56739784347
2303	1043.93658910904
2304	966.013109098366
2305	1022.51936285786
2306	992.520059662199
2307	1004.35289440544
2308	1031.11537426878
2309	1007.50743441906
2310	1026.20976274363
2311	1015.32286218156
2312	1050.49972935229
2313	1034.92099022927
2314	935.288407360121
2315	974.72828150064
2316	963.736527420647
2317	1013.20612423877
2318	973.65639710209
2319	1040.75071017145
2320	992.689971567187
2321	1013.21870805678
2322	1001.22097367596
2323	1028.27253530547
2324	1000.54233564939
2325	986.538178133733
2326	1013.99270700114
2327	1012.04507101878
2328	954.383391431126
2329	993.887323291433
2330	1026.44833655429
2331	1054.52849062195
2332	1004.01847438336
2333	997.112547779255
2334	1021.68763712956
2335	1005.66249481133
2336	945.308520977163
2337	997.807196721183
2338	1040.96878856199
2339	947.73914390138
2340	988.507590405397
2341	984.634987147728
2342	946.818105481019
2343	996.688729929625
2344	985.460019163123
2345	991.731883435105
2346	997.3083986218
2347	980.57878087201
2348	1001.71465545369
2349	934.476402867956
2350	1006.18728866839
2351	957.958438006763
2352	1015.24961902966
2353	947.326979749886
2354	1029.54933492125
2355	983.600116891306
2356	912.567971154882
2357	1005.84558814723
2358	996.770635287231
2359	1014.15805554517
2360	941.540006877788
2361	1022.25566110994
2362	1055.1091410598
2363	994.846421286678
2364	964.529723765641
2365	997.486510265793
2366	1026.48834421956
2367	1082.89787168847
2368	1020.95699687974
2369	1025.63121268107
2370	1015.87005928799
2371	1027.50157440059
2372	1003.62850730472
2373	995.831697456985
2374	999.246386811679
2375	1017.3390204821
2376	994.661319171473
2377	1000.42993363789
2378	945.383988660656
2379	958.881661363675
2380	1035.96443837364
2381	947.635555983509
2382	1034.38012350366
2383	1032.1975921852
2384	996.932009789105
2385	965.263758583523
2386	1010.52786303132
2387	965.144729413015
2388	994.938609283535
2389	1000.91557368052
2390	1011.55661091491
2391	1036.82729768982
2392	997.494309763384
2393	977.821666305798
2394	987.579252617518
2395	1048.88624793574
2396	1023.80119220619
2397	944.125597135186
2398	1035.45073008172
2399	1011.71937397818
2400	976.191031585416
2401	965.252248038627
2402	970.551770294428
2403	1008.9066654215
2404	1003.49330402306
2405	1026.99275132201
2406	960.680123608048
2407	999.261497044624
2408	1020.98366069613
2409	1012.60903018286
2410	1045.24110074406
2411	1001.27953024966
2412	965.429104418938
2413	1008.0445373369
2414	1023.49121566373
2415	992.631406902795
2416	978.545259228359
2417	1006.60174107004
2418	990.456965854661
2419	1005.34647973495
2420	988.897736060849
2421	983.38502611379
2422	1020.79471519481
2423	979.049118613337
2424	989.711518671368
2425	1018.91440394231
2426	1028.97703740265
2427	985.964361758551
2428	961.393049160609
2429	1031.20318649095
2430	1094.58922510874
2431	993.999444038922
2432	1062.04801588643
2433	1019.95806772255
2434	989.955732265071
2435	958.978232094889
2436	984.245345973211
2437	1037.53881838648
2438	954.945946094202
2439	983.497591407933
2440	1006.1010693865
2441	1032.52849506396
2442	993.277045324273
2443	967.059295698178
2444	1021.40539674519
2445	1039.15102536834
2446	991.075923526128
2447	980.099595609269
2448	952.753944139562
2449	1005.82429112499
2450	965.412154870833
2451	959.16631739115
2452	991.257284865699
2453	982.728217438427
2454	948.792971946532
2455	1001.04276196862
2456	1034.26072800609
2457	1021.84057633028
2458	977.190050217369
2459	1008.59864949165
2460	982.001300240082
2461	939.257754855443
2462	1053.01311490941
2463	994.952819916949
2464	1079.54772410768
2465	996.511783251561
2466	1061.48664738216
2467	1017.69420346371
2468	1045.99918592942
2469	1043.48058319308
2470	982.697737677893
2471	987.322652357934
2472	1008.49903919409
2473	1047.5506522843
2474	1031.88526250461
2475	1056.72791260908
2476	1043.2347207989
2477	996.990771250537
2478	1040.33678497537
2479	1026.65344083626
2480	997.785795656226
2481	990.645454395985
2482	1022.35638857594
2483	1020.18121387073
2484	978.97306160461
2485	1049.48876150366
2486	1007.11750599626
2487	1030.3933647462
2488	1043.16038722177
2489	1031.9476770812
2490	957.87201373206
2491	1001.08586502185
2492	1017.2660296079
2493	964.563224558701
2494	1038.22812002211
2495	1002.68734341504
2496	998.133854130053
2497	981.478449734478
2498	1008.8789447419
2499	945.336859711616
2500	943.959693505374
2501	985.163642717791
2502	985.263043686229
2503	1007.71183530751
2504	1037.43133755089
2505	1028.37653676217
2506	1018.33010363988
2507	963.785344307699
2508	974.601801753364
2509	991.743511659131
2510	985.242761004852
2511	950.92783043908
2512	995.627811432228
2513	935.729094918095
2514	986.571215073088
2515	1009.88370079304
2516	978.577092946728
2517	1017.85201106483
2518	1072.29642036385
2519	1042.64646905612
2520	957.928850463607
2521	974.903185612015
2522	970.251438532729
2523	1028.50312238503
2524	994.108650853259
2525	1064.47299252223
2526	990.904346946698
2527	977.063601927858
2528	1031.31193983524
2529	991.38529061327
2530	1067.05383756238
2531	1080.91111201013
2532	1026.73483158259
2533	992.859493658063
2534	990.425993517502
2535	1033.28747824845
2536	987.797577800004
2537	1022.26830961709
2538	948.964600445707
2539	986.634971926335
2540	1006.90591683815
2541	1027.59633473866
2542	967.513499998867
2543	959.434228699254
2544	1049.53318392206
2545	1015.8154472284
2546	1006.01054334289
2547	1003.24907839223
2548	994.11021879446
2549	998.581417974854
2550	1025.01139110297
2551	965.630588652927
2552	1018.79743093731
2553	975.167526387118
2554	1002.7438553525
2555	1001.666224635
2556	1028.71498867832
2557	931.290010764729
2558	1054.08022691111
2559	1009.95264753376
2560	986.484437399603
2561	973.026803307118
2562	939.501238631688
2563	1001.82996969536
2564	1012.56198842301
2565	978.905041213323
2566	1024.39271339649
2567	1014.94118299599
2568	1016.63324093363
2569	994.425523549875
2570	1062.6554215403
2571	1035.30350653316
2572	993.558083224631
2573	1012.19992466303
2574	1002.32854084104
2575	1024.57499393475
2576	977.333748987874
2577	1035.96846354974
2578	959.560831845672
2579	907.249009136538
2580	989.18110024542
2581	1035.77923221516
2582	953.358151748338
2583	971.530173926315
2584	996.307047710716
2585	1029.78009768164
2586	952.643413166994
2587	969.891137490089
2588	1052.73178411093
2589	977.136320854075
2590	1065.72489567571
2591	938.764907012112
2592	980.456711045303
2593	1031.25996237723
2594	1038.93920271362
2595	1009.30414109019
2596	1038.76346718801
2597	998.353145430899
2598	1021.72055761454
2599	1011.16816485437
2600	1056.80766617592
2601	960.726908192239
2602	965.937405868856
2603	986.654477689958
2604	1014.09739312199
2605	1014.72750764937
2606	951.604426829157
2607	1011.97561709354
2608	1024.98476331923
2609	1075.77900726625
2610	954.237337186401
2611	1046.70528962931
2612	976.076848725991
2613	970.945527293288
2614	978.9435151584
2615	1038.94496280293
2616	988.024034380304
2617	1039.17574960982
2618	990.932602596517
2619	926.328956761464
2620	1020.98301832338
2621	1008.96398129291
2622	1015.73830193245
2623	1019.13613474787
2624	1002.04613820874
2625	1030.64630681139
2626	1001.50390271041
2627	1009.49886833345
2628	991.498521401742
2629	1001.09647008238
2630	984.157050045952
2631	976.01438554263
2632	973.875323039988
2633	985.788469285746
2634	978.53695845358
2635	1000.65410695696
2636	981.144570501086
2637	985.4063622612
2638	976.648737951406
2639	1006.91715791188
2640	968.099337474253
2641	995.865304639044
2642	985.292772915597
2643	1003.49064534857
2644	982.703057352289
2645	994.917274775967
2646	963.400473060334
2647	994.993505857049
2648	991.280534038235
2649	980.247326765686
2650	992.527566308534
2651	991.776946816772
2652	1028.08773349561
2653	966.502280194756
2654	996.090589357221
2655	947.832359101108
2656	1040.0240208858
2657	1029.26641201405
2658	992.263390500259
2659	1015.92063276259
2660	964.682350819408
2661	1046.11760523422
2662	955.467996918445
2663	1022.65642193945
2664	1007.19148617401
2665	998.552396513621
2666	960.183255421149
2667	1028.53671170279
2668	1023.89500572278
2669	954.328268002458
2670	957.865608032503
2671	1011.81812827714
2672	993.728013400312
2673	1011.67996380041
2674	1015.78617583633
2675	1002.25598478258
2676	1013.32204494246
2677	977.824968543398
2678	1026.97965987862
2679	1014.0506481765
2680	1017.11641150118
2681	1077.32679126792
2682	991.859641234365
2683	1002.12411566726
2684	1022.2270209621
2685	992.871495580674
2686	974.354466820956
2687	1031.38096064325
2688	1102.57530385216
2689	876.000290881204
2690	968.225725960983
2691	1005.53162875563
2692	996.865947556561
2693	984.073559361488
2694	1022.74627217603
2695	1000.58947696401
2696	972.773805880832
2697	1007.78115220238
2698	1004.62464326512
2699	1025.85085519504
2700	1009.54534978237
2701	1046.02253302152
2702	973.12946790532
2703	1040.89786938311
2704	1000.86334282053
2705	1060.8297676441
2706	975.083409475876
2707	983.935923773202
2708	1005.81660564148
2709	984.001153277994
2710	1011.81595022449
2711	997.522953232656
2712	1006.1786341123
2713	996.502351339392
2714	968.573732083467
2715	998.744841646313
2716	997.06680627438
2717	1025.43663645896
2718	961.091028459753
2719	1013.69542192215
2720	927.790516796219
2721	961.510617827278
2722	1022.33429362879
2723	1012.83514305743
2724	1015.70061083244
2725	962.90765844701
2726	1022.26919716502
2727	1028.61030433683
2728	1001.42680813668
2729	1004.06296307739
2730	1012.69193112984
2731	1068.24934214302
2732	981.097941803938
2733	1032.62939481392
2734	1040.73073939254
2735	1009.63174347844
2736	1018.64658757147
2737	939.114933747068
2738	987.017166407536
2739	976.401832091256
2740	987.145832096605
2741	966.961303868687
2742	1017.05748229925
2743	950.207535334126
2744	933.938469074624
2745	1018.25652910952
2746	1008.80394114711
2747	1000.0412776426
2748	974.261712090907
2749	995.312554376826
2750	989.435710339041
2751	1012.01330016018
2752	998.688742168381
2753	978.659683794772
2754	1014.63608127183
2755	1020.21597998513
2756	996.460237315337
2757	992.476004064556
2758	961.476641677965
2759	1003.10767836026
2760	947.585069528579
2761	1005.86755910925
2762	1052.29918163253
2763	995.672859941295
2764	968.941098454323
2765	990.35107167664
2766	980.080553445854
2767	967.761525810489
2768	1011.97527952468
2769	1017.95897161913
2770	968.544670474068
2771	1040.25943489981
2772	1017.42439025022
2773	980.459304671728
2774	1011.9693924042
2775	1037.69526933962
2776	996.689344073388
2777	992.190479328165
2778	1005.46694184928
2779	1026.31399515234
2780	954.8708464896
2781	998.488722721488
2782	964.214182407125
2783	1037.44324770031
2784	956.407940024476
2785	962.25171746074
2786	982.563130871325
2787	926.562814951503
2788	1004.64214967635
2789	1046.46979912066
2790	964.472281656131
2791	1014.63411977357
2792	1012.24970143117
2793	1024.09014406198
2794	981.277093920471
2795	993.426269323342
2796	1028.00156933746
2797	1035.23551633288
2798	1023.03031349234
2799	998.600154237466
2800	1044.59698942546
2801	972.16805756881
2802	1014.02749330834
2803	989.983985967415
2804	1008.60637984333
2805	991.892461220957
2806	1041.50405677178
2807	1036.52148653624
2808	983.060811884968
2809	971.591081957404
2810	983.710606912486
2811	983.41779988301
2812	978.087120931042
2813	1014.20070131043
2814	999.370527077584
2815	987.066988644378
2816	988.474720811325
2817	996.698585963132
2818	936.932404583498
2819	982.24526000547
2820	1044.65884522609
2821	948.313413182661
2822	1041.01126869355
2823	980.579372838338
2824	1040.76012783157
2825	997.956721670573
2826	966.211226285946
2827	958.903401610873
2828	1014.60311743388
2829	1056.15426133741
2830	1006.4044442683
2831	964.229398479852
2832	1028.74498687095
2833	1018.74725141231
2834	998.905893323407
2835	991.56894683758
2836	986.829209249089
2837	980.85735112837
2838	967.301724748783
2839	974.388086384463
2840	951.472169060752
2841	970.459574041897
2842	966.758014463106
2843	1046.07227703969
2844	967.419508503711
2845	978.346711422904
2846	974.816578429379
2847	1023.99465498244
2848	986.966744836327
2849	969.840793677132
2850	1019.91587808
2851	1006.65960225863
2852	1035.87527196378
2853	1031.43218081512
2854	995.777249155475
2855	1009.78685312404
2856	1054.92635314276
2857	996.568008714403
2858	1036.02542071323
2859	935.035177724506
2860	988.599674286866
2861	908.75956636248
2862	949.519696554664
2863	978.182729121397
2864	950.983693862581
2865	995.967962396759
2866	1020.64943049253
2867	997.070711777508
2868	986.950534283504
2869	998.731597313629
2870	1017.80515686443
2871	1035.96792667359
2872	1022.92981156314
2873	1022.21582548748
2874	1015.23800944737
2875	956.20260118386
2876	1041.69992811102
2877	1030.53741300642
2878	969.902582411011
2879	924.742257918444
2880	971.154523297211
2881	972.093024837727
2882	1000.6832061153
2883	1024.60557469934
2884	1019.94476830566
2885	985.947406203928
2886	960.392512069953
2887	1009.87609529581
2888	1031.02425935724
2889	991.333993380846
2890	1009.35006254122
2891	979.098933269259
2892	1030.42045895591
2893	1021.27267384689
2894	995.782862372954
2895	996.206506459703
2896	1029.67711444928
2897	1016.70498282097
2898	989.620523448362
2899	978.250251476836
2900	1035.64549979698
2901	946.69897033569
2902	1029.75193298276
2903	971.717505850145
2904	980.937539655196
2905	950.096887119222
2906	978.658852130257
2907	933.927955341589
2908	958.135067412507
2909	1030.82175613642
2910	1045.02617926458
2911	1008.07415963485
2912	1017.0701525432
2913	944.15646312933
2914	940.289232789318
2915	1014.51767168018
2916	1004.97253100414
2917	1000.68303539455
2918	1020.78027181484
2919	1019.35313292533
2920	1025.98493330089
2921	976.049689241494
2922	1035.82593077449
2923	1046.87003409319
2924	1031.91616189597
2925	1027.71768997804
2926	918.894480272524
2927	1046.06723484216
2928	1005.31934232028
2929	992.390847971986
2930	975.351885081725
2931	1009.56844477118
2932	974.529050475391
2933	966.589328002117
2934	1056.90861232996
2935	1051.71339414826
2936	982.745195208306
2937	960.029853172681
2938	1018.83502397152
2939	1022.60722525904
2940	995.642219744595
2941	1004.88460701504
2942	1015.62563971353
2943	980.69204047227
2944	1045.61743315235
2945	982.667417492434
2946	1032.51739421619
2947	1010.93676457644
2948	975.613536725972
2949	1014.4748593992
2950	1033.91954269036
2951	975.343093715316
2952	957.571216694213
2953	997.684425361087
2954	1015.72609810311
2955	1003.65966213161
2956	991.130563664832
2957	970.616249018802
2958	999.224900698217
2959	992.84239985075
2960	999.376731779266
2961	967.469659968205
2962	1020.50994002768
2963	1015.36927509471
2964	964.762906880375
2965	1031.07256413596
2966	972.805849761407
2967	990.050662926838
2968	1019.09549902119
2969	1056.57402341003
2970	1007.53552416567
2971	991.711030609084
2972	985.883832981307
2973	1017.0597883256
2974	1047.33659649598
2975	967.382324664262
2976	995.476641608222
2977	974.273285594742
2978	955.192976024321
2979	1010.93939750818
2980	1061.2466224372
2981	1009.08886593794
2982	951.303989328823
2983	1005.41746032286
2984	984.768454043303
2985	1032.01870687932
2986	1024.53861907306
2987	950.010172953775
2988	1057.18250300505
2989	958.657624032593
2990	1005.94450114644
2991	975.897969357334
2992	1012.14833384934
2993	1022.84412628399
2994	1004.78866976634
2995	931.903728365225
2996	1012.80262196821
2997	1049.70441674328
2998	1010.34748179492
2999	975.01533167347
3000	969.999537735791
3001	984.059322084191
3002	1048.79065653765
3003	1031.6779551006
3004	1028.73264227012
3005	1030.37111587823
3006	1014.84499616543
3007	991.294599353089
3008	989.917009300781
3009	951.489777440151
3010	986.758965272123
3011	1013.6253883018
3012	1016.64054067181
3013	1008.08105649782
3014	993.679172425606
3015	1052.31959484414
3016	945.395374103104
3017	978.53584097774
3018	964.633999357281
3019	1010.38272035146
3020	1012.21380967314
3021	1007.59167407897
3022	969.38611637198
3023	1006.06058264718
3024	1013.84496393279
3025	964.458641731833
3026	964.671937527061
3027	1022.10709944349
3028	952.967278261487
3029	977.581845882649
3030	972.631216735636
3031	1001.45993352435
3032	1021.54620290941
3033	996.850844807183
3034	977.926861835781
3035	1008.01516239737
3036	1041.30266560054
3037	985.181007024259
3038	1025.05999957134
3039	984.730143721772
3040	1054.68090041686
3041	967.737070003496
3042	1017.6648458837
3043	1050.5373376934
3044	1028.7993666212
3045	984.408719598042
3046	1047.77773409042
3047	1025.55215521804
3048	1003.17417717172
3049	968.607929773834
3050	993.079067283726
3051	979.920275635999
3052	1016.90344326086
3053	960.596568820867
3054	997.502944278288
3055	1067.42982920632
3056	1007.49325928435
3057	1047.8462873703
3058	987.109440579033
3059	1073.65094631348
3060	948.396892936417
3061	974.434698221251
3062	1048.56573799904
3063	986.049801487276
3064	1002.7337838213
3065	1034.84648555125
3066	999.786712767155
3067	972.526026067941
3068	1019.56710388399
3069	1018.83069503875
3070	1028.32829405589
3071	1014.58282704242
3072	966.272929490861
3073	971.709229634181
3074	979.608621153607
3075	999.294814539623
3076	972.936478136852
3077	1030.22188616108
3078	970.448873021511
3079	1025.58340741183
3080	1026.51133283583
3081	999.057762321595
3082	1038.40521161602
3083	1032.96272717987
3084	1014.40705535603
3085	989.941392770554
3086	1027.17107223289
3087	972.907524235081
3088	1018.17322995305
3089	947.683643399708
3090	1045.32681001189
3091	966.743349221895
3092	997.159850732369
3093	972.295237159868
3094	1066.96400789671
3095	1014.56170212827
3096	1002.37597963668
3097	1016.76453664981
3098	1028.00153083974
3099	1017.92052329598
3100	958.632910702422
3101	993.647978959972
3102	1016.82454284886
3103	964.290382881021
3104	951.567573646698
3105	919.423622913551
3106	1053.56076748456
3107	947.799366910747
3108	1011.88282713218
3109	1013.91484894855
3110	988.838514383041
3111	1003.63827736094
3112	970.188650461717
3113	1032.95514166365
3114	995.490198167364
3115	1019.13464108969
3116	952.802288334514
3117	992.345443560408
3118	962.096968497172
3119	1013.44126764559
3120	1006.83961476994
3121	972.783382933183
3122	973.738564067834
3123	1033.67338613947
3124	963.332111946976
3125	1013.04219398176
3126	1028.21637594354
3127	1025.29347818994
3128	1008.70271159383
3129	964.380010872033
3130	1036.13011672251
3131	1005.02098648328
3132	1040.11035781984
3133	944.950324699936
3134	979.84102142739
3135	970.452718178376
3136	1054.47309613216
3137	1042.81635719513
3138	1019.90968196469
3139	1032.34823038797
3140	995.240345835936
3141	962.045057820473
3142	1076.47908496619
3143	991.590553853905
3144	1017.64600981897
3145	1019.54929231297
3146	1019.56224472163
3147	1029.77348332365
3148	987.132515698324
3149	1002.33099761057
3150	956.01165585548
3151	1019.46987336785
3152	976.582863034151
3153	976.991771868601
3154	1034.73059692671
3155	1011.00747825116
3156	1032.86835088621
3157	945.864688346746
3158	1021.09993071546
3159	1041.44789621904
3160	1036.78201781276
3161	967.501680606072
3162	970.231539324412
3163	1077.64273268495
3164	1038.08688717343
3165	1013.22168724869
3166	991.614218657095
3167	971.190985197087
3168	1007.64810830979
3169	998.676232322875
3170	1042.78024837832
3171	1035.28805516685
3172	1028.35686992251
3173	1041.67083090535
3174	990.561546643697
3175	1013.40556696214
3176	1019.62191008421
3177	1042.23198810155
3178	1031.18814010983
3179	1030.80783996943
3180	1024.80536309742
3181	973.673566179975
3182	989.727333489121
3183	958.270253884592
3184	1010.76752291053
3185	984.551940980756
3186	979.633880655404
3187	994.359230335763
3188	1014.35253584872
3189	956.698056432057
3190	1004.04283520749
3191	1016.65884172454
3192	1005.20916394332
3193	1008.12094977843
3194	984.947915147226
3195	993.566290202393
3196	958.687690668048
3197	967.337720242834
3198	1003.19467317542
3199	990.845377867637
3200	1026.07337582912
3201	995.624175188896
3202	1009.95377135708
3203	1033.83681100048
3204	1029.27976580475
3205	982.580224864472
3206	981.47400228228
3207	997.77543572584
3208	996.811036482745
3209	987.145338181664
3210	979.285425953686
3211	980.356367833975
3212	973.118873714163
3213	1013.45104443507
3214	1000.85541726121
3215	1011.89339743446
3216	1065.09318168597
3217	972.307360788425
3218	1067.03602751408
3219	982.815216874201
3220	944.716270612624
3221	992.863632620551
3222	968.599395775647
3223	980.710923766593
3224	1012.77604020396
3225	1011.33389370995
3226	1018.55163538876
3227	1048.82692143191
3228	977.494760207879
3229	969.268340892891
3230	988.214614353713
3231	1038.12168020386
3232	984.743471323723
3233	991.939638546287
3234	995.973051531032
3235	977.109946739269
3236	1028.43729438594
3237	969.263724958015
3238	988.608545859518
3239	995.325831579268
3240	1019.81089501472
3241	983.615213435541
3242	1092.98829540279
3243	994.88257545529
3244	1032.83953433865
3245	990.515108862837
3246	1005.3084418892
3247	998.905462194185
3248	993.768065709016
3249	992.578530437341
3250	977.333442165531
3251	995.064384774775
3252	1001.15351762697
3253	996.098098488501
3254	992.07269319388
3255	1016.29440560645
3256	985.261123258637
3257	992.973017822959
3258	1023.02159738284
3259	991.22093036062
3260	970.516012295599
3261	958.597060336503
3262	984.471433784482
3263	981.581312628846
3264	987.934433793037
3265	999.453098426873
3266	1056.2717324568
3267	1007.35643466338
3268	1021.98168957156
3269	1074.09372761859
3270	1039.33076186952
3271	1003.60544279689
3272	1008.95530113979
3273	993.579786665952
3274	1029.5112284837
3275	998.4711610235
3276	1014.81987964649
3277	943.611738745755
3278	1007.66945171144
3279	988.94102495682
3280	984.48795389124
3281	984.873258353285
3282	953.058412081602
3283	1022.47574198835
3284	986.608626633661
3285	1052.29998327908
3286	960.173144118561
3287	1019.43705812833
3288	1029.78682836836
3289	1047.15835186354
3290	981.124879424386
3291	929.879477836321
3292	1017.80830442927
3293	991.483541469454
3294	955.83388301301
3295	960.882197331932
3296	986.631442360262
3297	1035.9329325559
3298	960.436219978289
3299	1005.50060671136
3300	1018.85622437028
3301	1020.03066726514
3302	1019.01161155404
3303	1003.29796546032
3304	1004.74585954381
3305	988.806299695883
3306	1011.90427728592
3307	1042.00350742347
3308	988.808992484663
3309	994.178691926236
3310	978.14847780978
3311	1028.47557013918
3312	969.541850874005
3313	941.932825021011
3314	991.431715969227
3315	1005.64375972638
3316	994.408034086317
3317	1019.01433601271
3318	983.974406350801
3319	984.950649200578
3320	987.290524134568
3321	1017.69690911567
3322	935.862332914315
3323	1003.352301071
3324	1000.40000894191
3325	967.861744985117
3326	982.550620677974
3327	992.024161566414
3328	1007.81786845186
3329	1039.48839857266
3330	994.8734268823
3331	990.559139600855
3332	979.931125399749
3333	1026.74193625329
3334	971.27397350874
3335	997.598275703685
3336	1030.92039536425
3337	1019.70051303596
3338	1010.97421556765
3339	999.598588631045
3340	951.045520903201
3341	959.067389214971
3342	983.210444776844
3343	1033.30781271667
3344	997.496090307733
3345	1032.57380514872
3346	961.265394506309
3347	977.169636248896
3348	980.425126463695
3349	1030.90034659733
3350	986.172444395006
3351	1005.59894277185
3352	972.167945433573
3353	981.274287376324
3354	1006.53056355593
3355	985.988119946008
3356	955.330539290148
3357	976.695138825011
3358	1000.14603565779
3359	980.586923296164
3360	992.880494905905
3361	998.828008486387
3362	1046.3263246253
3363	1036.27702926028
3364	955.5367118294
3365	1007.18415243873
3366	978.463498916074
3367	948.839685771968
3368	1001.77183688836
3369	957.152937432778
3370	962.18429273494
3371	950.247056493078
3372	1017.43347472063
3373	1065.97616883862
3374	988.421978705771
3375	1072.25574940972
3376	971.906196556299
3377	1003.02016419032
3378	1033.49979670209
3379	1032.08227065892
3380	972.836853632932
3381	989.251881925023
3382	1055.7016715067
3383	1025.35610724964
3384	1025.26904695289
3385	980.298134221038
3386	968.081453467519
3387	993.02176998824
3388	986.041221686919
3389	959.689948816491
3390	987.464560629086
3391	968.342210235432
3392	1042.24257081105
3393	988.910717558709
3394	988.81628357106
3395	959.180217760502
3396	1048.00843785552
3397	1047.49629374359
3398	982.53828989484
3399	1010.27160934658
3400	987.065685936467
3401	986.839282317065
3402	1027.5732823891
3403	971.160540194501
3404	971.79960734405
3405	1002.35640391893
3406	978.729173591057
3407	984.415449619619
3408	1003.97382844412
3409	962.404542992625
3410	993.599041116477
3411	1041.70494083117
3412	1002.69219379823
3413	1009.69709869227
3414	965.625603112453
3415	1033.36371500353
3416	1002.36687677446
3417	973.506106459864
3418	940.279430828378
3419	976.850501340338
3420	993.57382120405
3421	1057.13660989147
3422	1014.11841110458
3423	1010.74130058247
3424	945.381762671658
3425	1020.49263851433
3426	965.003253899089
3427	989.596727572997
3428	1001.28186197031
3429	987.707429945093
3430	937.235453422847
3431	1032.69507067581
3432	989.956296388876
3433	1017.14845876114
3434	1037.87410425996
3435	1012.16278903689
3436	1046.98496749615
3437	1007.59848769688
3438	989.535134671945
3439	1043.37944266719
3440	1023.69825828458
3441	1092.61261527001
3442	1022.73345436888
3443	976.440413591016
3444	1038.93375992665
3445	970.440971715031
3446	1004.32238497679
3447	988.749280576777
3448	1004.1346256479
3449	1005.64353047896
3450	1044.9882670831
3451	1028.38638730036
3452	1029.58355421164
3453	974.536909035274
3454	973.491985292999
3455	1026.94924302334
3456	993.372271693567
3457	950.543730082764
3458	1041.02381585172
3459	968.962993962747
3460	973.111882071058
3461	1002.74019831134
3462	973.029151260371
3463	959.038074063577
3464	994.157175873677
3465	1025.87691204916
3466	1015.98621851873
3467	1015.52455808595
3468	1029.46648400004
3469	1001.20494767412
3470	981.251207856331
3471	1006.4677994766
3472	976.93564019042
3473	1012.67564889774
3474	1056.4716636686
3475	991.473994751377
3476	1000.78653660084
3477	981.367863356899
3478	1002.38125282084
3479	957.257846902164
3480	1038.4077389764
3481	1015.95509743091
3482	988.406845374838
3483	963.905303808788
3484	1006.73145243118
3485	989.994522370021
3486	997.245118795348
3487	1019.65724760288
3488	1013.40349104604
3489	1021.4439443651
3490	962.126877366817
3491	996.542462480491
3492	997.405652659215
3493	1031.15157838115
3494	982.748638986156
3495	1009.02590705654
3496	1010.68380615239
3497	979.331868885015
3498	1020.11415624714
3499	997.150421931746
3500	1008.92482644251
3501	947.638195937592
3502	981.216436964922
3503	942.334137663244
3504	959.974110486828
3505	989.541911389677
3506	976.04278204287
3507	1000.38618893318
3508	991.147604810693
3509	982.036449336855
3510	1005.14786585095
3511	971.833479140717
3512	1045.92108254122
3513	1023.66290377274
3514	1008.21747900948
3515	1043.80635739946
3516	1019.6486956657
3517	1016.25237537879
3518	1024.86021457767
3519	996.992492643714
3520	1007.4992267765
3521	960.80341679745
3522	995.209687804007
3523	952.475885423077
3524	978.13881719852
3525	1000.73321798543
3526	1012.5126950727
3527	982.828399919783
3528	1013.20791678006
3529	994.429250352808
3530	1003.42487270319
3531	1019.78372449826
3532	959.18173397848
3533	975.611296041116
3534	1029.56017116084
3535	982.562748606093
3536	983.859083836976
3537	1015.51469163637
3538	1013.83894968586
3539	1030.64603875759
3540	1034.1578061482
3541	1039.07462833484
3542	941.19883199613
3543	1091.65193874438
3544	989.453313403416
3545	995.015282319931
3546	1005.90136961012
3547	1028.30187814742
3548	993.803827432244
3549	1042.17413148302
3550	1007.03786676198
3551	1014.27491314101
3552	950.388503742003
3553	1037.90174805633
3554	943.169598135351
3555	987.406519439408
3556	995.245525938469
3557	1049.04714102471
3558	1017.07920667854
3559	1037.18980496052
3560	998.45428103057
3561	963.325978010606
3562	1020.81466746751
3563	1023.68780923396
3564	977.800325299951
3565	1038.15430808575
3566	1007.88061246217
3567	1038.52957509145
3568	954.562252192132
3569	989.100372119328
3570	1034.25148200761
3571	983.174762742245
3572	970.402077250577
3573	1033.27743121343
3574	973.089666108447
3575	987.10063146688
3576	1008.64531845574
3577	973.84950659202
3578	940.171894439484
3579	1020.53017393222
3580	1030.33772538763
3581	986.468404622206
3582	1045.12574562334
3583	1041.60287144492
3584	985.799881009311
3585	1031.26218696198
3586	976.849300063271
3587	1000.02649144874
3588	1003.09946425639
3589	1002.71462770805
3590	993.340617273661
3591	1030.55134735041
3592	976.757860641521
3593	995.269906245661
3594	1017.61427420819
3595	993.869992794621
3596	991.060682425122
3597	1001.91502535936
3598	998.451213189589
3599	1031.8659280827
3600	1033.99852394309
3601	972.204489878735
3602	1031.99770063193
3603	981.295590434784
3604	1010.81183704571
3605	989.061052259686
3606	1064.3867230713
3607	952.741933776577
3608	1001.2085889819
3609	1019.88339558139
3610	1007.20398342377
3611	989.350557514689
3612	969.267780697887
3613	960.844092752324
3614	1020.20815231043
3615	980.19536679399
3616	963.323878669758
3617	1007.38934247523
3618	1033.29034352239
3619	1007.16608601533
3620	976.753023720203
3621	1041.87805277063
3622	1044.27228487877
3623	969.832074335874
3624	1010.82290271435
3625	1029.64319119895
3626	1004.2134512782
3627	963.892647880657
3628	1059.46215270064
3629	1032.93274132114
3630	961.064293184223
3631	972.445318334716
3632	1041.88241314011
3633	982.931085425376
3634	1021.69374710465
3635	1011.11775590181
3636	994.38289849041
3637	998.725106664932
3638	956.168514543036
3639	1003.0167167979
3640	1031.15779086916
3641	991.558824996114
3642	997.997230166642
3643	999.923591148755
3644	1019.74214390982
3645	981.887644912295
3646	975.942261217267
3647	984.948632924674
3648	931.39633508484
3649	982.219082524838
3650	1028.24623166185
3651	1022.90185543017
3652	994.318196868956
3653	1030.49746324518
3654	998.02906307036
3655	979.061980599079
3656	971.078633279185
3657	980.227907634186
3658	984.818636067759
3659	1051.28214212881
3660	979.24921707529
3661	1025.5722829873
3662	1004.96573015954
3663	1025.3286103267
3664	987.064416363818
3665	1001.86003364507
3666	986.15032263791
3667	1052.58963036077
3668	1019.72609802874
3669	958.002113900612
3670	1041.65938723253
3671	946.914217749558
3672	1018.61579900365
3673	994.325403941547
3674	977.005715360851
3675	1041.83749580932
3676	1064.56314239644
3677	1004.26720694491
3678	976.85175833316
3679	1046.39811317658
3680	992.787455147269
3681	1012.14911820139
3682	991.019657141465
3683	995.809267920156
3684	989.171462126067
3685	986.672838280988
3686	1084.40640563438
3687	958.449282613585
3688	1106.76267688455
3689	927.852728102153
3690	1021.06179953301
3691	1016.33082090739
3692	1028.41290716002
3693	1018.41985261887
3694	1042.95022182667
3695	983.875648875426
3696	991.290833367066
3697	1020.04064431014
3698	1017.64196620399
3699	963.787855425155
3700	1033.04167297973
3701	967.961879566625
3702	976.502764527151
3703	992.126303969138
3704	1017.10261931964
3705	1042.08765734951
3706	1028.75679387244
3707	1024.7738376479
3708	992.789925921679
3709	989.443150066239
3710	1021.63283320322
3711	977.85053151741
3712	1052.45879031789
3713	992.73018514175
3714	996.145264542082
3715	990.089669906999
3716	962.027640394543
3717	1006.77829831493
3718	968.373541563738
3719	1011.69651407629
3720	986.868521178528
3721	994.156588240134
3722	973.017800873901
3723	1034.40851172489
3724	986.13102203965
3725	1036.41090862527
3726	978.441263599136
3727	979.251097283316
3728	1020.45353924183
3729	950.49768895395
3730	940.589960190484
3731	958.443829791166
3732	1065.39906835209
3733	1017.69017444186
3734	969.233636984321
3735	1027.71585871815
3736	1039.65404907134
3737	1019.66006448146
3738	1001.26638672344
3739	1007.12781035454
3740	1003.45282354532
3741	1008.39229731307
3742	990.796135193726
3743	973.665645891692
3744	1007.23960352105
3745	928.271424990743
3746	958.460839198948
3747	986.47447726544
3748	947.651526339511
3749	1006.14703289148
3750	1014.47224866723
3751	1026.7922246757
3752	963.032812090413
3753	1010.69956966879
3754	991.141639312693
3755	987.886151447587
3756	1049.98496732126
3757	1009.61521998039
3758	1054.02516338481
3759	1073.91393041252
3760	982.077817905145
3761	962.675241161949
3762	1000.23227147057
3763	1027.53226173344
3764	982.097526963944
3765	991.384741699699
3766	981.445349855588
3767	990.30946820292
3768	1005.15486018966
3769	993.584577224704
3770	992.787560407287
3771	1021.49356890091
3772	1051.47464516375
3773	1017.72750133091
3774	974.288576493157
3775	1046.98810991212
3776	1036.90247175787
3777	1033.77915582458
3778	984.122084234279
3779	989.685219777992
3780	964.802176807861
3781	986.195442773382
3782	1008.77928433779
3783	984.752683059561
3784	1015.00580633202
3785	1043.03553862827
3786	960.801630727275
3787	930.621905454093
3788	980.676544481914
3789	999.193191253154
3790	973.48877509624
3791	1040.49338559138
3792	971.804532831059
3793	1010.61786606123
3794	985.892391904901
3795	997.159290773778
3796	998.787407724087
3797	995.677757631026
3798	1027.65525035899
3799	999.854400997919
3800	1101.96999755493
3801	1003.31220677059
3802	998.725025190729
3803	986.46311584069
3804	1050.32539742284
3805	981.366908656373
3806	1035.57598368285
3807	938.888734740125
3808	986.28396272097
3809	1035.09316782777
3810	1013.42634504177
3811	1034.51060488271
3812	1028.0934688412
3813	960.986538478669
3814	961.154164093677
3815	1000.12013421021
3816	1009.85908195578
3817	1064.98361760458
3818	1001.78910688795
3819	1006.52997998957
3820	1038.68120395678
3821	947.469471315069
3822	953.728536263504
3823	1016.64223121413
3824	1008.13566697251
3825	972.400551598636
3826	997.895680028481
3827	985.8593699995
3828	983.981847180449
3829	989.092987964809
3830	1003.20250216886
3831	974.986400454492
3832	908.853282592923
3833	1046.70489737102
3834	989.366267202139
3835	1021.06367938344
3836	965.836825587665
3837	1031.0291383345
3838	1001.10818957414
3839	991.653058094475
3840	1038.80286951845
3841	984.321884355462
3842	950.66626062034
3843	1031.14407195864
3844	982.230011641076
3845	996.109851288734
3846	1004.26147832808
3847	981.608595234564
3848	1008.79607679566
3849	1026.75358052691
3850	995.569550147919
3851	970.75044321293
3852	980.923790783636
3853	1002.58252848995
3854	1020.02603806744
3855	1026.69374884977
3856	958.606338939771
3857	967.848366270101
3858	1056.16260838433
3859	1042.33919494127
3860	1033.45839827319
3861	1020.27273082109
3862	994.818158893732
3863	979.275214351052
3864	1014.58571790956
3865	970.49343136496
3866	989.561404868888
3867	1007.64579895957
3868	990.248248859238
3869	1020.20021922525
3870	1007.47072171155
3871	1025.09263612256
3872	1008.16957460179
3873	994.208385887543
3874	1041.30602989573
3875	1016.28834971101
3876	950.686069507561
3877	993.086404262091
3878	1064.82275393112
3879	1001.43426591727
3880	992.280089978548
3881	999.027653233631
3882	1000.11055568694
3883	1033.97847221661
3884	990.792734424245
3885	1029.11507595863
3886	1063.5327487598
3887	983.619199708271
3888	967.66248875459
3889	998.216720795341
3890	1013.88177525528
3891	998.618086304821
3892	1038.70868036701
3893	994.759159838806
3894	960.887330369126
3895	983.282814156393
3896	1021.62407391991
3897	955.05144654475
3898	951.613307136335
3899	1070.99812486253
3900	1003.75652145076
3901	1051.91405738355
3902	1000.13114676665
3903	990.112242191629
3904	978.88951535329
3905	1018.95536448327
3906	1036.38689448152
3907	990.806698185739
3908	1020.2799663416
3909	965.862030597051
3910	947.574394031816
3911	986.72310079925
3912	988.161303854227
3913	1017.38612264014
3914	1044.65583451411
3915	1019.96376716962
3916	958.30870647128
3917	1034.70057520708
3918	989.149418748179
3919	1026.70597599512
3920	1056.17938590577
3921	1002.92423265978
3922	1014.6795821208
3923	1004.48066004579
3924	969.134070679151
3925	1006.52830856049
3926	998.713716230327
3927	991.497406704717
3928	989.973332272175
3929	1017.03893092623
3930	1030.77804013247
3931	1022.81347475314
3932	987.121633202931
3933	970.443085089368
3934	937.663379799666
3935	999.796607721812
3936	1041.36222945738
3937	1020.71434467999
3938	1053.48277826867
3939	1018.61344207857
3940	948.161119597003
3941	1008.09271143746
3942	1008.47387499288
3943	973.463281886871
3944	992.554728624618
3945	956.230008771852
3946	1027.92987274229
3947	974.119432452028
3948	937.164412764325
3949	984.743236598803
3950	975.598783369258
3951	960.16833516537
3952	1002.39713509647
3953	1035.7073575598
3954	979.259957106978
3955	1044.8767801262
3956	976.7400169289
3957	972.680965408713
3958	977.941536793506
3959	981.287060985811
3960	944.802188508473
3961	1015.81337582559
3962	977.997685305723
3963	995.174108334121
3964	999.134840293989
3965	1022.66892128686
3966	1005.23933755358
3967	977.966451713021
3968	949.3830752795
3969	1001.27384249633
3970	972.745901048833
3971	999.484866104575
3972	956.300655592089
3973	1004.51450557091
3974	1015.55202039601
3975	959.741778087444
3976	919.377676285273
3977	1045.48786453389
3978	991.590304302052
3979	975.272106872244
3980	996.79907513263
3981	1013.92803442904
3982	992.703945740898
3983	1015.08896434734
3984	971.254997053202
3985	994.944593061293
3986	994.910006503155
3987	996.364625829668
3988	1011.83888398057
3989	975.228889628931
3990	1016.62621090554
3991	997.12071335915
3992	1021.66903938296
3993	946.874446797052
3994	985.252519538806
3995	1072.39778370588
3996	1024.70706723115
3997	951.822169347682
3998	996.861589091414
3999	1022.29691805167
4000	968.611660225741
