"LogLikelihood"	"Iteration"
3212.55391474922	1
3211.18038610721	2
3214.36330335157	3
3220.28740724557	4
3215.8521305994	5
3209.37475362569	6
3221.72133616336	7
3199.87993185424	8
3199.03244325889	9
3204.17744765839	10
3192.71137968401	11
3215.24908808614	12
3214.7853809054	13
3209.09258056404	14
3211.70174926022	15
3193.48854381401	16
3206.13559384286	17
3212.16034583484	18
3208.51592051328	19
3216.23151714784	20
3189.54547394294	21
3210.61139958766	22
3216.71910697093	23
3215.67569427458	24
3218.76828090124	25
3196.7376611719	26
3208.15227003661	27
3208.01423981839	28
3195.22457032687	29
3194.41731624106	30
3203.42689695631	31
3206.40957733257	32
3209.80353058483	33
3208.16521985432	34
3215.02050169401	35
3212.50459972754	36
3220.56215231293	37
3212.32638545993	38
3208.78487581311	39
3207.21897197004	40
3211.61083031156	41
3198.10421360891	42
3196.57357655159	43
3211.6681962687	44
3210.569180544	45
3218.39974300742	46
3214.74047209873	47
3202.08820691518	48
3205.29350711367	49
3202.08122711815	50
3201.8591377562	51
3214.98621938455	52
3221.05274979657	53
3210.47800031433	54
3211.90814383439	55
3208.44692620863	56
3211.72903134147	57
3204.40872459902	58
3206.19673475491	59
3215.34433369952	60
3205.64306615317	61
3205.18723194628	62
3218.79079920096	63
3208.13128668649	64
3219.51666283091	65
3209.30262715253	66
3207.74498555114	67
3209.60474396481	68
3216.49518002004	69
3211.67662370862	70
3199.69549935832	71
3211.59256943138	72
3197.26405995372	73
3209.82761758471	74
3213.49734989001	75
3215.54208884911	76
3209.01356999072	77
3202.17287108684	78
3213.58054710452	79
3209.75970718337	80
3196.87765527948	81
3213.00501515069	82
3197.59111688853	83
3210.90380403635	84
3222.92119497366	85
3206.84794111029	86
3222.27983666042	87
3206.26300189185	88
3198.56092933578	89
3211.74178327604	90
3206.71747632095	91
3208.6984372053	92
3209.58212006913	93
3210.22241208921	94
3204.49106076375	95
3200.85989691436	96
3206.60189456636	97
3213.68110678639	98
3220.37181373844	99
3221.7722294291	100
3216.25221630201	101
3209.32895552061	102
3214.04929517677	103
3214.4181410362	104
3215.39229915612	105
3212.04330928796	106
3217.58479537205	107
3212.18087729972	108
3209.30633206255	109
3218.14520403196	110
3199.16518326191	111
3210.53707509875	112
3214.25086963285	113
3208.71214925348	114
3210.40533659688	115
3213.59820776218	116
3210.29515512702	117
3206.43401329541	118
3207.03872454197	119
3212.58782626911	120
3216.58458468921	121
3207.17973450762	122
3204.67836247184	123
3201.44556122989	124
3220.55841950729	125
3214.79017748374	126
3202.87002081998	127
3205.15351915217	128
3203.94099343481	129
3211.59277998859	130
3210.80055897146	131
3202.73904178183	132
3213.57517604761	133
3214.63354579045	134
3209.2591674816	135
3217.7535873303	136
3205.41116810101	137
3192.81469038148	138
3217.39626840884	139
3208.87389586512	140
3196.55635924248	141
3212.79932200404	142
3209.09171873549	143
3198.51440508311	144
3210.7632447278	145
3210.37985840941	146
3216.12524765637	147
3216.02604989663	148
3198.94896800683	149
3218.63211961114	150
3203.76445180052	151
3200.94852932438	152
3208.78585954643	153
3202.06264747521	154
3203.37566988693	155
3210.11972766819	156
3210.27478665612	157
3209.08055867752	158
3207.08285828955	159
3213.14137275527	160
3207.71818309022	161
3209.09708621158	162
3222.01576978248	163
3207.39973076918	164
3192.93927684803	165
3213.22936480534	166
3207.90734281739	167
3198.75010737602	168
3202.20144075816	169
3198.32329468029	170
3216.86693140341	171
3211.08922942919	172
3204.20034779658	173
3207.83418171954	174
3219.53600778212	175
3206.83732771383	176
3211.54582356361	177
3211.14552071296	178
3201.86648587078	179
3204.60819212309	180
3212.4815858713	181
3203.24048126294	182
3206.54010342302	183
3206.84495550631	184
3204.36901230851	185
3206.82318198735	186
3203.4314716057	187
3206.08242153471	188
3208.5252680375	189
3206.89400219749	190
3213.30668338121	191
3209.77697733048	192
3215.51887925361	193
3212.60808052349	194
3218.47102854819	195
3199.10963077116	196
3213.45189851132	197
3222.53806706532	198
3211.06856515708	199
3202.02918057837	200
3214.17731403919	201
3210.29534996287	202
3210.44755167668	203
3206.88256436455	204
3203.66895900729	205
3204.07932299273	206
3199.3634228173	207
3210.05782524362	208
3217.94469693103	209
3224.12692635084	210
3208.98315928582	211
3208.36992540081	212
3209.98868742835	213
3211.24737524486	214
3205.96520930936	215
3210.85918007982	216
3213.82012439293	217
3204.46585743864	218
3205.86652427644	219
3210.90443221474	220
3213.04909778038	221
3205.38402157812	222
3220.14092950648	223
3217.29379721172	224
3209.61557271318	225
3207.28782716376	226
3194.90413442568	227
3222.93464616815	228
3220.4180074786	229
3209.510883628	230
3198.81123348237	231
3199.45663210283	232
3198.1780742661	233
3201.51155270928	234
3216.06165640244	235
3205.29016477179	236
3211.08460749666	237
3216.30726698147	238
3207.57430387605	239
3212.06134360444	240
3208.01746558073	241
3203.69282714769	242
3205.7895787589	243
3206.83001748108	244
3192.01340300298	245
3217.80370725642	246
3199.77101228857	247
3208.34424921288	248
3206.22003066949	249
3202.50782363789	250
3199.88868111574	251
3213.58677367899	252
3217.23689756284	253
3204.77629259036	254
3206.26005962337	255
3215.18444808211	256
3203.94409481971	257
3218.85981431194	258
3221.39132311136	259
3218.1333523254	260
3199.43620519766	261
3212.37557543011	262
3212.56075582695	263
3204.29328278795	264
3207.74980729473	265
3221.78771855503	266
3217.39372466363	267
3206.76761377201	268
3216.37289070323	269
3206.02861563073	270
3212.69986568706	271
3201.8083146657	272
3199.90278406581	273
3211.25581662443	274
3212.06515040011	275
3203.17631915681	276
3203.4359364158	277
3205.97699815381	278
3206.72591910695	279
3203.55159762602	280
3209.49544691479	281
3196.46559738836	282
3209.84908313832	283
3215.58378387977	284
3214.53165509797	285
3211.92463194263	286
3214.40788158135	287
3213.05158725082	288
3215.95588948438	289
3200.34864011786	290
3208.22104883485	291
3208.96246963168	292
3214.38778903125	293
3191.73106650938	294
3206.98139170225	295
3210.8331646946	296
3202.37166352169	297
3219.26716986899	298
3196.17600359373	299
3208.07223877728	300
3221.1067983894	301
3208.81102458444	302
3214.2172959345	303
3212.24573535215	304
3209.62509063228	305
3216.26852698279	306
3208.29490084509	307
3193.91330044357	308
3215.21943870692	309
3210.581772889	310
3208.54700974969	311
3210.51534334938	312
3211.73991537305	313
3210.73393157572	314
3216.1979922369	315
3191.8909016742	316
3212.9418239104	317
3208.51000297913	318
3201.41571112655	319
3216.74262173014	320
3210.63137016488	321
3210.20992906344	322
3217.10983115188	323
3220.15038743878	324
3207.54589301224	325
3206.22755333317	326
3212.59709627926	327
3212.58383490008	328
3208.7437781349	329
3219.96843827022	330
3210.31754468636	331
3203.57124473343	332
3214.18440512225	333
3193.14700194245	334
3215.69382176334	335
3210.54303180491	336
3220.10651405562	337
3208.6474770196	338
3209.35273706947	339
3210.2924806731	340
3210.45202702377	341
3207.81951208086	342
3214.33004910904	343
3196.19245687459	344
3209.15304727146	345
3208.71381469126	346
3213.32114288794	347
3204.55081084066	348
3211.59386060716	349
3206.83686470578	350
3209.87527073675	351
3200.74544371245	352
3217.75231723261	353
3209.60081662268	354
3212.01541572191	355
3209.3730756086	356
3205.19783991159	357
3209.74597195468	358
3218.88392499312	359
3194.10116824749	360
3189.18881301347	361
3208.64547489535	362
3197.7944538049	363
3210.37448913249	364
3194.70691662447	365
3220.77267867024	366
3206.23156818199	367
3192.6971028994	368
3210.79868483368	369
3207.56934181611	370
3214.91614057325	371
3211.87254398144	372
3192.77083417563	373
3216.08936466879	374
3210.36021399363	375
3225.65223039207	376
3210.62052339951	377
3219.18244431354	378
3201.34027167598	379
3206.51674820802	380
3211.1101848145	381
3215.80522287095	382
3193.95224736196	383
3211.25400568843	384
3209.30650611129	385
3219.29213356328	386
3213.09430392628	387
3211.67777307416	388
3208.05973366105	389
3214.02441788736	390
3221.37449096475	391
3211.64246063781	392
3217.67027616352	393
3210.08591799603	394
3219.67439191828	395
3209.89983536053	396
3215.26755675396	397
3213.35415049831	398
3213.5459466243	399
3212.19108477246	400
3210.92174805502	401
3208.19118582048	402
3212.31153353071	403
3215.09113826235	404
3200.87101125998	405
3205.48969565846	406
3202.51808122407	407
3197.59364648735	408
3216.36358294005	409
3225.10908247036	410
3209.36367134084	411
3208.30106996942	412
3210.20973619169	413
3218.51646739349	414
3194.22357683531	415
3210.80542318816	416
3210.48499688948	417
3210.99964160981	418
3198.91168865065	419
3223.0985756143	420
3207.40777958229	421
3200.97194269745	422
3201.14044505824	423
3208.11441331991	424
3194.56727530752	425
3202.65444361938	426
3208.06277486549	427
3219.09862006288	428
3217.86220485866	429
3212.13126373207	430
3210.51489500648	431
3193.97321682777	432
3210.42798002754	433
3214.1820146208	434
3197.54533232524	435
3201.29461355381	436
3217.30778308595	437
3204.72418461832	438
3215.28862135512	439
3220.68420251691	440
3200.5092338219	441
3211.75497238462	442
3212.84521668007	443
3203.75431643244	444
3207.52490682703	445
3219.57399128151	446
3219.60756796763	447
3211.68015638865	448
3204.18408687402	449
3213.49528954709	450
3208.84364664112	451
3207.4854093651	452
3222.08932269675	453
3205.44085636972	454
3217.97420465481	455
3196.29401896275	456
3208.71426742505	457
3202.0996435174	458
3214.47094470355	459
3215.7214796669	460
3200.43064065807	461
3216.45545559774	462
3199.59335110115	463
3218.399718739	464
3221.90135279737	465
3224.77906160874	466
3207.96809979809	467
3215.19030375613	468
3217.0692770282	469
3212.36351573659	470
3210.86126584214	471
3218.03569587472	472
3215.73325232544	473
3200.29909072866	474
3201.95688628574	475
3199.65403204578	476
3217.11621628368	477
3206.66866273521	478
3207.02168254322	479
3208.15083230094	480
3209.08193418869	481
3202.76707159192	482
3216.82414584369	483
3224.33864437776	484
3205.26931292015	485
3214.95445182775	486
3203.88222526227	487
3217.73558292948	488
3211.57927044828	489
3219.20996038528	490
3219.5679039477	491
3210.1365290342	492
3216.68261357484	493
3203.44012450029	494
3196.76122672616	495
3200.97048178561	496
3216.47341172433	497
3210.75227377187	498
3209.19074198203	499
3214.36932207873	500
3207.23810615049	501
3208.86846553667	502
3209.88299426772	503
3214.88231819349	504
3208.31080712757	505
3195.99295969034	506
3204.05679674724	507
3203.58274205535	508
3209.0811546001	509
3205.66185537228	510
3208.61405260281	511
3207.47647602115	512
3214.87263096451	513
3199.45597794043	514
3221.43275962444	515
3221.64856416972	516
3222.69711929461	517
3213.83844800085	518
3207.56497923997	519
3202.70552651523	520
3206.24314802188	521
3217.83641876221	522
3210.06661200862	523
3200.28687917817	524
3212.72375754017	525
3222.24529126319	526
3211.10012972167	527
3212.81870963357	528
3219.45983340113	529
3219.32441500228	530
3199.21421013347	531
3216.0615132546	532
3211.54658856325	533
3205.8933307431	534
3212.12501015139	535
3199.70360084002	536
3210.33777988339	537
3189.20252137495	538
3211.93841678136	539
3209.36555902327	540
3213.09058739383	541
3210.35020633982	542
3198.43713815963	543
3206.71403090571	544
3197.47182086716	545
3205.02805797013	546
3204.34201514749	547
3199.97391465157	548
3209.35784633758	549
3205.14540140313	550
3208.09251408783	551
3214.35919111258	552
3216.10343964098	553
3202.11902296193	554
3212.56029405817	555
3214.42484683221	556
3214.02709770221	557
3212.28046369532	558
3221.11999934565	559
3213.7705563312	560
3199.60838033769	561
3202.96282112572	562
3201.51768411646	563
3195.57113797142	564
3208.44975888496	565
3207.64208026428	566
3210.88536642403	567
3201.01060124839	568
3202.66375471973	569
3212.43238315017	570
3216.23296982944	571
3208.91622474828	572
3195.88511084275	573
3206.07100891003	574
3211.89162125417	575
3214.34876626116	576
3208.93654665124	577
3215.14975944357	578
3210.37467834545	579
3212.1957525015	580
3204.47470695006	581
3207.12529797613	582
3210.30554662623	583
3211.75318911033	584
3207.36893604655	585
3209.73772974227	586
3207.07610701908	587
3205.05644105789	588
3198.68521607609	589
3210.53848992523	590
3216.12734308791	591
3208.92619782033	592
3197.12429648689	593
3212.27751439623	594
3209.83635884702	595
3205.75726445771	596
3204.67514118675	597
3206.4575353097	598
3209.81538303022	599
3206.83727837856	600
3210.05697987623	601
3214.54265465707	602
3205.62858231673	603
3212.77754795162	604
3201.29196439029	605
3213.83751609928	606
3202.33812070084	607
3206.61010010978	608
3229.54368687991	609
3216.42575566283	610
3212.07252127652	611
3200.70138038751	612
3191.32433440318	613
3203.24212510425	614
3197.80211925682	615
3210.32656449442	616
3212.44973760106	617
3206.77330512082	618
3208.3687380767	619
3212.03334312005	620
3211.64059175607	621
3210.0456863404	622
3207.44859964869	623
3215.06191748499	624
3203.74005808951	625
3208.12831262766	626
3219.23030118079	627
3202.56136718299	628
3209.22352199879	629
3214.36426743704	630
3200.40147489607	631
3201.94490490718	632
3203.26697644251	633
3207.89822632361	634
3213.15214397705	635
3201.26022629758	636
3219.3998953608	637
3208.4725903505	638
3208.25837694107	639
3195.4399855218	640
3214.29960589587	641
3207.75474542589	642
3207.57304196036	643
3209.27040083574	644
3213.60949339209	645
3208.35844223111	646
3198.22739709528	647
3220.46500847924	648
3218.5563887039	649
3211.26865146172	650
3198.19635200344	651
3195.99018990376	652
3213.27213323986	653
3222.75865063308	654
3218.74734423054	655
3209.26555786645	656
3200.91189577177	657
3206.37695269161	658
3205.66785278001	659
3200.2580294351	660
3194.157017052	661
3208.84325919516	662
3210.21823371371	663
3190.4836290766	664
3213.49235832949	665
3203.74171127721	666
3214.94559336497	667
3212.3883378861	668
3208.86964587387	669
3205.46875104775	670
3202.17372897058	671
3212.34339635984	672
3220.63607275273	673
3207.28705711769	674
3204.49148553051	675
3209.30616076815	676
3206.10697308809	677
3207.06544895872	678
3194.56480819768	679
3202.44673280211	680
3208.82961275616	681
3213.5266239018	682
3211.62964845291	683
3207.60697788342	684
3213.31358545774	685
3211.14446156789	686
3197.90078027578	687
3205.73132337331	688
3212.36267921143	689
3224.38865178717	690
3208.13766228945	691
3212.20106569642	692
3210.53039321943	693
3203.6205565749	694
3200.77834657264	695
3214.58242990353	696
3211.26243687217	697
3212.58203563223	698
3205.24086794097	699
3208.22079845896	700
3204.4570354402	701
3207.97842803846	702
3210.3183223982	703
3209.03496626625	704
3217.41700698049	705
3217.46888395188	706
3212.01174596671	707
3201.75493314047	708
3219.3099846186	709
3211.55379157559	710
3211.46026836645	711
3202.77088959372	712
3205.86199632898	713
3226.05024621279	714
3210.245950717	715
3212.48284323386	716
3229.17907521982	717
3207.5320077418	718
3201.90993713861	719
3205.10293675541	720
3213.57959687378	721
3215.65639346099	722
3206.12349792338	723
3208.98080028768	724
3224.10545523475	725
3204.32802396887	726
3206.02535938364	727
3210.72226811391	728
3208.37289422773	729
3201.91734639275	730
3211.95694408155	731
3205.41817557393	732
3216.31592531503	733
3206.90073938123	734
3208.39074193537	735
3208.25689865969	736
3200.73362945137	737
3200.71784397259	738
3205.35161919025	739
3191.81348436593	740
3206.7666519867	741
3205.57876479298	742
3219.78984400147	743
3186.58047039448	744
3205.21936360466	745
3207.21009609195	746
3210.78084542806	747
3203.644955184	748
3202.2606266131	749
3213.29733966825	750
3206.0485635237	751
3205.37664636144	752
3213.16757781443	753
3207.60130830922	754
3196.21480186116	755
3201.74267356324	756
3218.40524488552	757
3211.96332247887	758
3210.77496435903	759
3219.40355438955	760
3201.24203495131	761
3209.93736577329	762
3204.03592340734	763
3219.23619421987	764
3210.3795381114	765
3214.52501703474	766
3195.35641684224	767
3218.30097976955	768
3201.99376243419	769
3216.1371014658	770
3213.00839854185	771
3198.57970009551	772
3207.44346990377	773
3211.95864355611	774
3205.65159166964	775
3212.77450520453	776
3218.25431317593	777
3199.23883879582	778
3210.2048226223	779
3210.21769667932	780
3218.38002891497	781
3218.12825014779	782
3213.27906050851	783
3200.60753574651	784
3203.71395807927	785
3212.2865452097	786
3218.84316432112	787
3208.89290402109	788
3211.28483167203	789
3208.02560865656	790
3211.33547235274	791
3211.52349281933	792
3207.11871935827	793
3204.88239271718	794
3206.29465193592	795
3211.90538425531	796
3206.04998210014	797
3211.43672282355	798
3222.28976552309	799
3205.26798496203	800
3219.38733650952	801
3200.24331768067	802
3204.26044089326	803
3195.30184397273	804
3221.6161170611	805
3201.51620749454	806
3207.2725837226	807
3210.16762924488	808
3205.83941844043	809
3210.00062419683	810
3213.3705811156	811
3210.47265575056	812
3222.27455615777	813
3214.26663679473	814
3204.1243153561	815
3214.30819585312	816
3210.72250899648	817
3212.95679211537	818
3215.66217493715	819
3192.87235868697	820
3213.93382781384	821
3204.54773157353	822
3204.52561577026	823
3210.47833744568	824
3211.05961543728	825
3218.96775603274	826
3208.16462552726	827
3206.1360961259	828
3201.95840528408	829
3198.21281719923	830
3203.90817259472	831
3201.7847101166	832
3200.15170259425	833
3207.88133330083	834
3209.2220988564	835
3223.0614165272	836
3199.70796507933	837
3214.54236329404	838
3212.25910049051	839
3207.74335678786	840
3200.69821661182	841
3195.6244922276	842
3220.71175859894	843
3217.38931431541	844
3210.13735131543	845
3198.64861671648	846
3208.47051999118	847
3218.50356696445	848
3215.4875780818	849
3211.82173905052	850
3215.6530063589	851
3204.2478490463	852
3219.26764569578	853
3214.41913892679	854
3213.67408259813	855
3212.47068091986	856
3209.7879647539	857
3206.0017300476	858
3216.11919704983	859
3215.737820576	860
3212.12952901406	861
3205.60363439152	862
3217.72973414403	863
3207.05318687883	864
3210.17092209575	865
3202.03540981798	866
3212.89275322091	867
3215.57147546889	868
3212.70157852411	869
3205.42952377214	870
3199.69168340301	871
3212.29693434367	872
3202.95314458201	873
3224.36430984474	874
3209.93984321129	875
3202.30222600393	876
3201.93379177477	877
3207.27599368993	878
3199.3643358036	879
3210.19897164657	880
3194.66362691795	881
3211.9067428441	882
3203.53135137635	883
3201.69824110066	884
3208.19133810771	885
3220.65465961609	886
3222.34295599264	887
3213.84907452456	888
3204.89716469083	889
3221.77253436018	890
3196.174923793	891
3209.47298195886	892
3219.71555365537	893
3201.70325471465	894
3207.2841414827	895
3205.89584931756	896
3207.30375411096	897
3209.76822697368	898
3208.55292391819	899
3218.87311371713	900
3203.93975978722	901
3217.49138754123	902
3206.23194822467	903
3196.89142865201	904
3217.29813997529	905
3218.64900102535	906
3209.49160121943	907
3201.11660383964	908
3213.17196918273	909
3208.9841258884	910
3213.82628815355	911
3216.67222864348	912
3198.37632686823	913
3207.68955619243	914
3208.79938642424	915
3217.60214015916	916
3213.06986449034	917
3209.58866777658	918
3194.82548686478	919
3199.2296256731	920
3207.15590734377	921
3207.84660315221	922
3209.93079698093	923
3215.50983361737	924
3224.46687899046	925
3220.82774399798	926
3214.68212697498	927
3201.92294145353	928
3211.3637013718	929
3206.75907760405	930
3208.43336244681	931
3202.75078305867	932
3202.11744306672	933
3215.35884322742	934
3216.04335046914	935
3208.49604709845	936
3202.24740359253	937
3219.35017404617	938
3226.56427206223	939
3204.86925146307	940
3210.59252882934	941
3196.58674579161	942
3204.75456336097	943
3212.10721951196	944
3216.88345429562	945
3208.7698567989	946
3216.31749544309	947
3199.56261035156	948
3211.92455709879	949
3214.11570984353	950
3214.60728562666	951
3188.74711750706	952
3213.89155180844	953
3210.06148229879	954
3206.3379678337	955
3201.19312309663	956
3212.72599243485	957
3217.56855815218	958
3209.93686447248	959
3212.81483580411	960
3205.43922295767	961
3197.68281420973	962
3208.45390704863	963
3209.04978608462	964
3214.27438830237	965
3203.94862283832	966
3214.55447951449	967
3206.3037494949	968
3204.29696999994	969
3201.60082280998	970
3209.79146552157	971
3201.25401773601	972
3215.39684685045	973
3197.76248574886	974
3221.70539064961	975
3201.05505903307	976
3212.68347304814	977
3214.36341235428	978
3194.20706651946	979
3212.01989928637	980
3217.69943539353	981
3211.24596792586	982
3203.96911019563	983
3215.09742816919	984
3210.31133544868	985
3197.17435812293	986
3219.6162249531	987
3215.12142651655	988
3203.86925014435	989
3212.72334920366	990
3206.46981378783	991
3203.14563372236	992
3209.01725403904	993
3218.24224202745	994
3211.28615773494	995
3225.64787039525	996
3211.37351560704	997
3204.70162231568	998
3206.05530922573	999
3209.24626700972	1000
3202.34712315865	1001
3217.67296819562	1002
3214.37573251235	1003
3203.97444733941	1004
3210.44892130864	1005
3212.18812816634	1006
3208.02752524817	1007
3211.93994618219	1008
3209.19149623681	1009
3223.07177465107	1010
3201.72600491994	1011
3223.91307888825	1012
3222.28860745624	1013
3211.85284485806	1014
3189.24737614201	1015
3200.52814901642	1016
3211.53665020789	1017
3209.46174822911	1018
3209.58702603218	1019
3210.00374686331	1020
3215.49490538357	1021
3222.36988259293	1022
3205.52300235357	1023
3212.80511859786	1024
3204.90373160574	1025
3204.74983129475	1026
3213.84760650887	1027
3209.66684227805	1028
3207.18366166072	1029
3205.1490932264	1030
3217.20111926672	1031
3211.74665917078	1032
3217.65163636852	1033
3207.80963174936	1034
3217.50446877357	1035
3204.21587590943	1036
3207.56623381804	1037
3216.79578431872	1038
3225.73696626277	1039
3208.43467381359	1040
3215.87659610225	1041
3213.40940207323	1042
3208.74182954813	1043
3198.98485415705	1044
3184.57300672163	1045
3208.01247514284	1046
3195.00547199483	1047
3210.60588282074	1048
3206.08531250465	1049
3219.3131178024	1050
3213.07531864994	1051
3211.44848325499	1052
3206.94005758168	1053
3197.22353487097	1054
3212.47071881379	1055
3204.82822442866	1056
3219.88775105227	1057
3206.85107735331	1058
3223.47541388755	1059
3216.41145152651	1060
3207.03126487771	1061
3212.19179267728	1062
3206.05494050028	1063
3202.80197467423	1064
3208.81431220752	1065
3212.4037631671	1066
3212.06652400473	1067
3206.46697959484	1068
3210.7250844314	1069
3213.81087865182	1070
3208.72126073588	1071
3205.6476447865	1072
3208.23446143862	1073
3205.59964612496	1074
3208.9294187502	1075
3210.78464285048	1076
3207.39490154302	1077
3205.73975374354	1078
3205.99196997193	1079
3200.78679045656	1080
3212.345457537	1081
3208.57089798479	1082
3195.73299123582	1083
3207.04034963375	1084
3213.22457678584	1085
3224.12421726521	1086
3207.2592724621	1087
3209.39674827856	1088
3212.96421559114	1089
3183.57595180925	1090
3206.68700744751	1091
3215.01083319381	1092
3215.84068849255	1093
3222.42708445946	1094
3219.07772129153	1095
3209.37843776246	1096
3212.35045092144	1097
3206.87073373826	1098
3218.61757627707	1099
3212.98274341269	1100
3212.41926493694	1101
3208.54865448112	1102
3214.61803704091	1103
3224.59394680031	1104
3213.75230514177	1105
3210.18310748856	1106
3205.78528905569	1107
3223.77265396628	1108
3209.54189483169	1109
3216.11087063884	1110
3203.50630578398	1111
3217.09143717246	1112
3211.55413776298	1113
3212.58714193261	1114
3211.13730691501	1115
3202.93063416449	1116
3205.21370216708	1117
3206.61298835361	1118
3210.80110455444	1119
3204.61150908685	1120
3218.27625079505	1121
3216.56902470303	1122
3218.16031734174	1123
3215.10290280276	1124
3212.63278962458	1125
3214.35746709265	1126
3206.48886025139	1127
3207.07787876462	1128
3214.27295257527	1129
3206.41840205461	1130
3199.95971860476	1131
3204.96728541861	1132
3208.65359203533	1133
3209.02925078324	1134
3208.12007694513	1135
3207.83104193302	1136
3208.20548631654	1137
3213.59662417286	1138
3198.93126835159	1139
3211.62325094888	1140
3217.31498825491	1141
3220.09884988147	1142
3219.3722107687	1143
3209.1003973897	1144
3220.55875061016	1145
3221.63884495761	1146
3218.16870468058	1147
3199.16295632543	1148
3221.08198639271	1149
3206.97328334045	1150
3205.66184933345	1151
3222.2946765447	1152
3194.54441018749	1153
3198.70554274167	1154
3210.73644677907	1155
3211.7553363294	1156
3217.11154852163	1157
3205.45370682164	1158
3204.50971227226	1159
3221.68612260045	1160
3222.61557064632	1161
3211.30467306188	1162
3208.47825377322	1163
3208.3983369718	1164
3211.77481625426	1165
3204.15287922309	1166
3204.24155309528	1167
3211.71887456052	1168
3223.66080565058	1169
3216.55166733184	1170
3206.20294886918	1171
3201.88580588936	1172
3213.62845519447	1173
3207.17513375482	1174
3205.10802559459	1175
3209.22792413906	1176
3202.62893099978	1177
3214.10085472803	1178
3200.1724027793	1179
3195.50741907827	1180
3211.33828096541	1181
3194.34140147919	1182
3211.48717242444	1183
3207.58258644519	1184
3209.39128620874	1185
3212.34481287369	1186
3202.98914108118	1187
3207.72072530728	1188
3217.37706470751	1189
3195.51408225754	1190
3205.17782201021	1191
3210.27687313107	1192
3196.51479683893	1193
3213.09704897229	1194
3213.75502135592	1195
3206.30738489387	1196
3212.66422729914	1197
3210.17775001249	1198
3202.91118868357	1199
3199.83240599677	1200
3207.89300876431	1201
3193.65361663686	1202
3223.55655218172	1203
3212.27494959054	1204
3197.24157287904	1205
3203.00933367524	1206
3215.93176465801	1207
3217.58440791914	1208
3214.79142247568	1209
3217.67156340706	1210
3212.57092429118	1211
3202.80961771173	1212
3213.18775456434	1213
3218.44718003257	1214
3210.07636844064	1215
3200.80728919928	1216
3213.8714104887	1217
3207.24721355544	1218
3217.35686780857	1219
3199.50190303242	1220
3203.08800145755	1221
3206.89851158585	1222
3208.88307217357	1223
3219.05496948767	1224
3208.53917062954	1225
3201.86568916492	1226
3200.9334229733	1227
3212.19045064086	1228
3206.30556566556	1229
3212.78244922557	1230
3219.26150450197	1231
3205.66122627681	1232
3197.1168084339	1233
3199.87366311014	1234
3223.08391095763	1235
3209.94702350167	1236
3211.67197958842	1237
3207.34422562838	1238
3225.41711819394	1239
3209.38971778718	1240
3208.1434419447	1241
3198.3622098221	1242
3213.85151739727	1243
3215.08757114052	1244
3213.36168982491	1245
3210.93363896064	1246
3226.94277370325	1247
3211.2045109138	1248
3207.86822803952	1249
3215.77935136192	1250
3214.24583993696	1251
3214.12489711094	1252
3213.55602570426	1253
3207.79599103667	1254
3209.84110410579	1255
3210.51740156889	1256
3207.41446629855	1257
3210.3115078068	1258
3208.69608526374	1259
3199.63260581536	1260
3215.01793423213	1261
3210.26995594035	1262
3219.36468439532	1263
3216.29033784508	1264
3201.01901038905	1265
3211.12065287185	1266
3207.14603310896	1267
3209.06911678292	1268
3213.16527569261	1269
3209.73339626607	1270
3201.70085060819	1271
3216.52326734352	1272
3203.33586851016	1273
3218.57398317368	1274
3220.61863900521	1275
3220.11943365333	1276
3216.73111542851	1277
3210.15649784385	1278
3212.86925264078	1279
3205.6335788721	1280
3195.87862130288	1281
3220.29309189855	1282
3196.04563081526	1283
3200.37642325789	1284
3212.18363112429	1285
3214.77449064075	1286
3206.20618251757	1287
3207.73152428601	1288
3212.53534272307	1289
3205.57608433877	1290
3211.16580584045	1291
3209.08870979553	1292
3208.45690214842	1293
3217.30928182173	1294
3210.5786521167	1295
3210.46190259439	1296
3221.04506396953	1297
3218.49562580551	1298
3207.91903703558	1299
3196.14340464025	1300
3213.7701415857	1301
3219.4053545531	1302
3205.56702292983	1303
3216.78529694102	1304
3214.88090202158	1305
3204.72987235229	1306
3224.19349839579	1307
3213.26797738665	1308
3199.18483598858	1309
3209.42635956391	1310
3208.00896242348	1311
3205.51299204304	1312
3199.23230992407	1313
3211.31475907214	1314
3214.26901616033	1315
3213.47206836051	1316
3210.8994726796	1317
3205.54052404049	1318
3205.70949247975	1319
3215.30279535677	1320
3197.28104482858	1321
3205.99914664893	1322
3209.68613226811	1323
3212.3605335781	1324
3218.38479720726	1325
3206.58889333377	1326
3199.82114472247	1327
3204.19428627867	1328
3203.70527924408	1329
3212.82794114072	1330
3205.32307661553	1331
3199.08768287758	1332
3203.59530603173	1333
3205.98848005967	1334
3209.36902334321	1335
3213.50047181948	1336
3208.62381179276	1337
3210.28295598546	1338
3211.49030101847	1339
3201.16662309909	1340
3212.54697377278	1341
3211.24358726106	1342
3204.49059953267	1343
3215.51319002939	1344
3213.23468437957	1345
3207.70468168762	1346
3215.20285272215	1347
3204.53824995674	1348
3212.92517455168	1349
3209.7402803067	1350
3213.6032153919	1351
3215.24338593399	1352
3223.53809814809	1353
3199.1359838918	1354
3225.36687504661	1355
3216.02715331956	1356
3190.65073900659	1357
3204.97556294017	1358
3212.7228424282	1359
3220.40968597814	1360
3216.82173443604	1361
3220.45665126409	1362
3211.12861827818	1363
3206.44385544911	1364
3205.84724777476	1365
3212.85466353454	1366
3207.55821194422	1367
3211.54785016815	1368
3208.23099261937	1369
3207.26615060441	1370
3208.03359853245	1371
3213.77845643475	1372
3222.80240598323	1373
3210.33322571307	1374
3210.26423705781	1375
3223.90922679241	1376
3196.25977597143	1377
3213.74461781905	1378
3203.167042231	1379
3211.88850562274	1380
3199.50478920612	1381
3211.57286956144	1382
3220.77433213757	1383
3208.51579216522	1384
3199.35846748961	1385
3201.75173850242	1386
3226.51518153549	1387
3212.4081723875	1388
3216.04542933098	1389
3210.92779011366	1390
3205.8563281357	1391
3199.8233870256	1392
3229.63803903376	1393
3216.87702416676	1394
3209.26887798535	1395
3220.90990528661	1396
3215.28938437658	1397
3204.56808970775	1398
3206.71928161788	1399
3203.20847745035	1400
3207.05730597102	1401
3187.13333775596	1402
3214.85482423375	1403
3199.59294742965	1404
3213.54312215683	1405
3204.64102995398	1406
3211.53118912284	1407
3204.54617356464	1408
3217.76346248927	1409
3202.09875060374	1410
3207.58785899569	1411
3212.45723822751	1412
3212.17294579133	1413
3215.72009799021	1414
3208.41102624742	1415
3209.68630261987	1416
3209.72373774371	1417
3205.41913862927	1418
3203.23380531997	1419
3206.44640715151	1420
3209.09280286502	1421
3211.64344463525	1422
3213.71485491541	1423
3196.62165684987	1424
3217.38877074444	1425
3218.72405333182	1426
3199.02193795796	1427
3211.79159099924	1428
3200.16394951251	1429
3201.59244176842	1430
3211.43270243908	1431
3212.21933124422	1432
3210.04980273654	1433
3213.76517065454	1434
3210.93478906361	1435
3224.24897732084	1436
3209.14599836602	1437
3209.19634997134	1438
3201.54604515093	1439
3213.34819320934	1440
3211.20142447688	1441
3213.3976607382	1442
3205.29317761613	1443
3209.26392212958	1444
3214.15759546404	1445
3212.14653542295	1446
3215.16336291316	1447
3224.4771205759	1448
3218.45484037807	1449
3198.68239146271	1450
3208.71203702839	1451
3206.10617409278	1452
3208.24668040064	1453
3208.3165669699	1454
3215.04884353303	1455
3206.82694501413	1456
3212.42509261452	1457
3208.95151922008	1458
3202.97945874396	1459
3209.52415171305	1460
3197.83017415193	1461
3204.40276435148	1462
3214.082152351	1463
3212.85703751877	1464
3214.18699560625	1465
3202.26260339554	1466
3206.64904240527	1467
3218.07829793815	1468
3212.05492469651	1469
3217.19588010039	1470
3209.06902385188	1471
3211.38112703668	1472
3217.09722758534	1473
3220.24017709829	1474
3203.67393462434	1475
3209.8322461864	1476
3216.62617150042	1477
3210.23950723325	1478
3193.92494817126	1479
3218.78192669133	1480
3208.20623562078	1481
3207.43735533538	1482
3208.58163403119	1483
3196.264162392	1484
3209.43765539132	1485
3207.27201077937	1486
3198.13973828768	1487
3207.32247440936	1488
3194.98295643611	1489
3214.02116918969	1490
3210.0921920539	1491
3205.83862415257	1492
3204.72750841397	1493
3206.80646840322	1494
3215.16904260257	1495
3206.93115023015	1496
3209.24193881796	1497
3200.08982582387	1498
3215.76647729299	1499
3209.48855868118	1500
3210.66691498155	1501
3201.2805425559	1502
3207.01741561742	1503
3214.97752913631	1504
3221.34586613324	1505
3207.09524927535	1506
3208.18985149908	1507
3210.82546838419	1508
3189.89767043538	1509
3201.73561853797	1510
3212.70179561945	1511
3206.78940208115	1512
3218.31331026004	1513
3208.96444740861	1514
3198.0232457027	1515
3209.54830970631	1516
3221.32993407487	1517
3213.5127609097	1518
3207.63972545328	1519
3226.92938168768	1520
3197.99764176798	1521
3208.51173181088	1522
3207.99432152563	1523
3213.42244727082	1524
3205.38471955555	1525
3222.22043038073	1526
3189.82121298089	1527
3207.10738547374	1528
3207.8779531688	1529
3205.78839620959	1530
3209.02455607399	1531
3194.53810778132	1532
3204.74333372831	1533
3216.34578776056	1534
3217.64420351835	1535
3216.25917365938	1536
3212.71279149527	1537
3208.49893783793	1538
3218.41837797546	1539
3194.90710492076	1540
3218.12729764457	1541
3208.37566875875	1542
3207.10405833075	1543
3201.88107337544	1544
3211.59318228441	1545
3194.12652999649	1546
3211.23492492682	1547
3209.26514365094	1548
3208.40253859667	1549
3201.29890926284	1550
3206.63315111525	1551
3203.90960581898	1552
3207.69518917104	1553
3200.80919760331	1554
3207.0288365929	1555
3209.07221991406	1556
3207.69817760086	1557
3205.17715183165	1558
3208.97719000745	1559
3208.79911468142	1560
3218.49809906159	1561
3214.21771017681	1562
3212.42115134517	1563
3203.01938753164	1564
3212.18824992506	1565
3210.17102239263	1566
3207.41237783569	1567
3214.69609602909	1568
3209.80387322159	1569
3212.10015049885	1570
3211.59806756837	1571
3209.27520846674	1572
3213.94451412919	1573
3199.77354249055	1574
3224.24169684794	1575
3204.63124999471	1576
3206.74252408127	1577
3211.77652189318	1578
3194.73098177348	1579
3221.05380366942	1580
3219.36740220873	1581
3208.97770138253	1582
3221.41526959137	1583
3212.19038292248	1584
3194.83777009996	1585
3204.24965531396	1586
3217.73512510572	1587
3211.8359184842	1588
3205.6555549305	1589
3210.96001062027	1590
3217.225154535	1591
3215.32976266324	1592
3209.98131580063	1593
3202.96725838658	1594
3196.6386648962	1595
3217.82126962532	1596
3197.14195004773	1597
3214.03799947469	1598
3214.7670939901	1599
3218.53286637239	1600
3224.62110850802	1601
3193.7344164982	1602
3210.67952192229	1603
3205.02617153639	1604
3200.58964391352	1605
3221.7783302523	1606
3208.57127989952	1607
3206.19911982004	1608
3208.20773871618	1609
3215.97688080761	1610
3217.01591585791	1611
3206.73428603191	1612
3204.79262168387	1613
3191.4275538242	1614
3205.80078577016	1615
3210.27386376556	1616
3202.5434881966	1617
3203.02116441182	1618
3213.51449527548	1619
3212.67345382974	1620
3203.05206793373	1621
3216.09307246495	1622
3213.26483791515	1623
3210.14946723219	1624
3203.66159244157	1625
3214.28203731993	1626
3200.21631265708	1627
3201.32904292227	1628
3198.76788683808	1629
3210.01984367323	1630
3223.06879310793	1631
3203.18380519919	1632
3198.19006335204	1633
3216.2326761318	1634
3205.55382713974	1635
3208.33557755154	1636
3222.10025540654	1637
3206.64289824252	1638
3211.70281433057	1639
3210.33900516308	1640
3201.18448768908	1641
3199.52377476436	1642
3205.79276316671	1643
3208.54754198341	1644
3204.18617650391	1645
3210.28391004302	1646
3212.12809403378	1647
3212.34879660556	1648
3216.51341694081	1649
3208.99819507658	1650
3185.29260683603	1651
3222.96050902847	1652
3215.17336097779	1653
3212.37622631272	1654
3194.28574786589	1655
3215.70512849561	1656
3205.21365730868	1657
3207.51254706449	1658
3215.54691827811	1659
3208.38661413234	1660
3213.42617248803	1661
3208.93255228935	1662
3211.51790934222	1663
3206.41913443118	1664
3209.72174662403	1665
3206.26920102378	1666
3195.22337182444	1667
3203.99769748301	1668
3202.56078446986	1669
3216.73791435354	1670
3203.8616690679	1671
3212.64399507534	1672
3221.72181381087	1673
3220.89512527642	1674
3218.4733873304	1675
3205.82211000958	1676
3214.32965107423	1677
3207.52935328059	1678
3208.83430819417	1679
3206.11413494635	1680
3213.10775569016	1681
3198.88378606752	1682
3201.40909189439	1683
3210.44917530344	1684
3211.75489097087	1685
3205.6836263273	1686
3207.54569855551	1687
3209.36659529397	1688
3212.72211111645	1689
3216.2871784082	1690
3200.77086574485	1691
3210.60823062769	1692
3202.4301638116	1693
3215.94590434961	1694
3214.01566627815	1695
3205.66589268614	1696
3204.43318243572	1697
3215.66586780955	1698
3220.7841557969	1699
3203.13884976512	1700
3206.26773002359	1701
3209.77598426487	1702
3195.44432140319	1703
3208.25722427184	1704
3219.26029997154	1705
3215.46024251903	1706
3224.05205744753	1707
3206.65695799643	1708
3209.19230957892	1709
3200.15653759625	1710
3215.00730804767	1711
3221.60955890061	1712
3222.2429324902	1713
3210.47720231417	1714
3201.84410038653	1715
3198.2103387623	1716
3220.46840488792	1717
3194.59582053603	1718
3214.26968549743	1719
3221.24091738739	1720
3203.75968083509	1721
3210.37273307434	1722
3212.13900500594	1723
3207.98695863976	1724
3213.78164131176	1725
3211.74549986238	1726
3218.42668176428	1727
3210.59401919027	1728
3220.55152739755	1729
3212.20415231179	1730
3209.46337844575	1731
3201.08631997183	1732
3211.34090809181	1733
3206.17281175469	1734
3206.42077432337	1735
3216.7397413834	1736
3208.92658097449	1737
3220.23541745347	1738
3211.21465125227	1739
3217.84871788281	1740
3201.91845327751	1741
3220.70801908132	1742
3194.71934177688	1743
3214.17278444969	1744
3203.95200578906	1745
3209.09025513478	1746
3200.86983800584	1747
3212.33299327821	1748
3222.23645367327	1749
3205.41694349021	1750
3200.11152873952	1751
3206.45844440658	1752
3207.71486117778	1753
3196.19080005272	1754
3214.36178600911	1755
3216.61145882399	1756
3204.36696132244	1757
3203.21380178694	1758
3206.70207780482	1759
3192.85756633506	1760
3210.23565791636	1761
3215.92478775708	1762
3212.56590051504	1763
3200.91851256415	1764
3214.1045629198	1765
3216.94601212893	1766
3195.00143805015	1767
3206.90756647507	1768
3214.98488527301	1769
3200.39723709163	1770
3217.79493610503	1771
3209.22157451229	1772
3218.3929188754	1773
3206.51182603973	1774
3211.43249941911	1775
3206.17950676518	1776
3203.6137796194	1777
3201.35702307995	1778
3196.11902373913	1779
3211.51999662184	1780
3209.94531657588	1781
3214.31653780626	1782
3214.88470468902	1783
3208.46502345754	1784
3213.65868317376	1785
3207.28157815178	1786
3205.57979855575	1787
3213.00067046361	1788
3223.96538537285	1789
3201.06959145099	1790
3197.79592606917	1791
3203.93980929975	1792
3200.75130808067	1793
3206.54315136104	1794
3204.83130611339	1795
3217.88249813468	1796
3207.6438121321	1797
3213.21392349205	1798
3217.16493411133	1799
3211.55324655491	1800
3209.17179516006	1801
3211.17976819206	1802
3210.66692010099	1803
3206.93133117309	1804
3204.73587517014	1805
3200.60494295432	1806
3209.40820581961	1807
3209.2328450839	1808
3217.87796963307	1809
3208.71920503134	1810
3206.6201642017	1811
3205.60165103873	1812
3208.27601087809	1813
3200.52859794695	1814
3224.72591173899	1815
3196.77803754164	1816
3214.64614961382	1817
3215.21983633301	1818
3212.34839181836	1819
3220.95183403959	1820
3215.66698046381	1821
3204.93330269247	1822
3220.4038386647	1823
3200.15301799813	1824
3209.92707998073	1825
3203.87988602112	1826
3207.14899208677	1827
3219.45702429918	1828
3209.96366032961	1829
3215.50205059049	1830
3218.96562063669	1831
3206.90573637158	1832
3217.35595743103	1833
3214.56278123527	1834
3205.9787982292	1835
3221.39004473779	1836
3201.20752067192	1837
3213.9977978773	1838
3206.70213731898	1839
3207.04255962435	1840
3179.96328513415	1841
3212.55948712677	1842
3202.16864362187	1843
3205.93459982664	1844
3214.45804864659	1845
3210.87258845217	1846
3207.41210850227	1847
3201.55315638225	1848
3210.26059992764	1849
3209.08005884861	1850
3199.34256260891	1851
3207.95046593513	1852
3188.60029235681	1853
3207.51724210147	1854
3204.42372334076	1855
3215.92037733173	1856
3206.07794543636	1857
3205.41283534532	1858
3197.08455465698	1859
3207.19452351095	1860
3206.01669530458	1861
3199.6993821148	1862
3214.81039982687	1863
3212.05264473904	1864
3216.37033955388	1865
3216.15533543596	1866
3217.37380534663	1867
3215.29153809358	1868
3195.52080653795	1869
3207.57622713287	1870
3214.62093585218	1871
3203.76618182306	1872
3211.29319964719	1873
3209.61007552271	1874
3207.9218839157	1875
3208.4509241771	1876
3214.82573231086	1877
3208.52502343822	1878
3215.15915571797	1879
3200.59426708957	1880
3198.59131583631	1881
3222.59206361185	1882
3221.29381858467	1883
3207.71802720981	1884
3211.50091562356	1885
3215.61966758322	1886
3211.75020173194	1887
3206.61064442568	1888
3203.52421044227	1889
3204.2627591352	1890
3195.23070271392	1891
3215.0878319446	1892
3220.27795630619	1893
3213.08238546546	1894
3210.63944991322	1895
3198.79375768026	1896
3205.83271783943	1897
3217.43321692529	1898
3206.6277357146	1899
3214.65124788837	1900
3212.52050718545	1901
3208.62970487327	1902
3210.6481777351	1903
3191.44316608287	1904
3209.83576741976	1905
3206.49482939819	1906
3202.06757604044	1907
3198.0798033273	1908
3185.87684414084	1909
3210.46418800265	1910
3212.4182193365	1911
3212.67889512509	1912
3208.39066176424	1913
3216.07213706938	1914
3213.67766505693	1915
3225.225252269	1916
3216.75187705644	1917
3205.43916811862	1918
3215.85020680973	1919
3213.10983132237	1920
3208.85645532749	1921
3206.58783269752	1922
3205.85977489976	1923
3214.79781497634	1924
3204.26493031373	1925
3204.99982229016	1926
3211.32401906279	1927
3207.55524482852	1928
3208.70562067441	1929
3196.80248045736	1930
3202.02601906124	1931
3219.51248336413	1932
3212.98014843214	1933
3209.84164051578	1934
3215.42893041733	1935
3208.79249402619	1936
3213.38953682002	1937
3197.75921329561	1938
3208.07775072726	1939
3211.96134146635	1940
3208.41693828358	1941
3195.33421348236	1942
3208.96509190994	1943
3215.55898050358	1944
3212.87744735288	1945
3207.6284424023	1946
3217.92370688863	1947
3206.17653217834	1948
3206.94532238132	1949
3203.77111267481	1950
3200.45980320779	1951
3210.95907053488	1952
3221.79073517838	1953
3223.47932591064	1954
3205.52999719792	1955
3218.88980110971	1956
3202.47565079878	1957
3211.60769964571	1958
3208.40098995348	1959
3211.4413602657	1960
3199.89761853137	1961
3214.7758502763	1962
3212.68697406372	1963
3212.15532574821	1964
3214.00124143684	1965
3197.44936739752	1966
3203.60037574133	1967
3207.49062922319	1968
3216.33997051177	1969
3214.04408895389	1970
3216.01117429125	1971
3218.6640297851	1972
3207.11759496812	1973
3212.31566883098	1974
3191.98405806539	1975
3211.94023284536	1976
3205.58542585103	1977
3206.56804671642	1978
3207.71771171725	1979
3213.32889722175	1980
3216.21484937735	1981
3217.46658981016	1982
3195.19070326407	1983
3217.73073477224	1984
3206.34380673736	1985
3200.11614383302	1986
3197.56966357114	1987
3215.6440977027	1988
3208.45714674294	1989
3211.7694481371	1990
3216.84051857739	1991
3208.50673570174	1992
3205.97158776419	1993
3213.2005205991	1994
3204.22929969056	1995
3213.4288054983	1996
3217.05896605743	1997
3207.85428170675	1998
3212.05045381786	1999
3205.3729529257	2000
3213.16585662326	2001
3214.43393381836	2002
3195.33681198223	2003
3220.60392743427	2004
3205.00195031278	2005
3211.64719966962	2006
3205.24896391872	2007
3204.89296389267	2008
3207.58051705488	2009
3209.54529472598	2010
3222.24741326677	2011
3201.44568446413	2012
3206.57331767508	2013
3207.41179045862	2014
3203.31874866961	2015
3219.09741123646	2016
3198.90208652502	2017
3195.3868049228	2018
3209.52093424242	2019
3220.34889082318	2020
3212.59829679634	2021
3205.09913756902	2022
3217.03098526711	2023
3208.7972659038	2024
3190.2714623333	2025
3215.42423903867	2026
3206.4127514703	2027
3209.41929026481	2028
3198.59385943724	2029
3208.86383661987	2030
3203.67072451132	2031
3211.06855576831	2032
3205.98839840184	2033
3214.86530232412	2034
3203.92399123726	2035
3207.2370357079	2036
3202.192187407	2037
3199.45787112676	2038
3198.01787437751	2039
3216.83035327357	2040
3212.17360258154	2041
3217.15143800768	2042
3210.57076342767	2043
3197.48970439817	2044
3204.94546104344	2045
3205.10147114282	2046
3205.37995253422	2047
3218.94561129127	2048
3213.74697665515	2049
3203.60388011795	2050
3199.82699191846	2051
3211.11812963595	2052
3215.27717025273	2053
3208.23243625815	2054
3207.8953254043	2055
3219.40763994514	2056
3210.85552594489	2057
3221.1186036327	2058
3219.85790370854	2059
3212.10917417867	2060
3210.97879626136	2061
3211.44899944849	2062
3201.41284016505	2063
3217.71568205946	2064
3200.9536676479	2065
3207.47922017282	2066
3219.07714889005	2067
3211.66603645047	2068
3218.40862454268	2069
3213.6709856261	2070
3215.22145896909	2071
3216.59181838612	2072
3214.03869162922	2073
3214.50085741645	2074
3217.37558846969	2075
3209.42025243276	2076
3211.89276940366	2077
3208.7406019231	2078
3218.76732525262	2079
3204.33656212435	2080
3198.43423570491	2081
3204.09652687659	2082
3223.65185441187	2083
3217.92120342896	2084
3195.87784025364	2085
3211.8273215734	2086
3211.48027066415	2087
3200.60429008948	2088
3207.26244810887	2089
3207.85220010392	2090
3216.14367074785	2091
3199.35356959833	2092
3208.59656853797	2093
3214.86787424436	2094
3202.80802266481	2095
3219.65287793279	2096
3211.02652539335	2097
3225.08055279407	2098
3209.54413436837	2099
3206.07459702022	2100
3209.13871340463	2101
3190.96736921722	2102
3215.18776465331	2103
3200.90889767173	2104
3209.69584123752	2105
3205.51083375003	2106
3213.09196594895	2107
3199.82309401074	2108
3199.98667317973	2109
3215.59144404896	2110
3215.84936022376	2111
3204.96633129731	2112
3212.90640050708	2113
3210.55246121842	2114
3214.76401755238	2115
3202.59808529745	2116
3209.88601446813	2117
3208.77586572707	2118
3223.64738627519	2119
3195.37397627895	2120
3207.93871620986	2121
3223.33127765578	2122
3205.49073648639	2123
3201.72563093972	2124
3210.7293392135	2125
3220.90735157976	2126
3202.74597442167	2127
3205.30706334105	2128
3215.3961449938	2129
3202.41808956073	2130
3218.92067039646	2131
3219.99113083462	2132
3206.52320605514	2133
3190.4819381202	2134
3221.01875242937	2135
3206.42323054326	2136
3215.21282501445	2137
3221.89934092629	2138
3212.34190559577	2139
3206.2007145585	2140
3203.00336543158	2141
3219.61350798449	2142
3204.62671988566	2143
3210.32211635583	2144
3208.12984055865	2145
3208.4923545516	2146
3219.50186093022	2147
3215.43751484677	2148
3215.12061484604	2149
3210.55610914598	2150
3204.91336131335	2151
3207.18473291627	2152
3202.46215484443	2153
3199.66166680268	2154
3209.17693294823	2155
3212.86445848118	2156
3211.75203875365	2157
3199.51010680396	2158
3208.47384105915	2159
3200.06249437732	2160
3217.61872640961	2161
3198.03812864376	2162
3215.9178865663	2163
3199.36779930206	2164
3214.072312901	2165
3210.4605159834	2166
3208.31428335521	2167
3218.87580566	2168
3202.80468141831	2169
3199.37344830196	2170
3202.78071629532	2171
3202.78356472029	2172
3202.86777584978	2173
3223.10215205458	2174
3204.209826334	2175
3215.70737728962	2176
3207.66524315766	2177
3211.44985810425	2178
3199.58707080056	2179
3203.23290292696	2180
3214.1637211333	2181
3200.76132603075	2182
3218.43346449006	2183
3205.79501511987	2184
3209.10998677104	2185
3199.56730296746	2186
3207.94745638487	2187
3210.5628154995	2188
3195.69418184721	2189
3210.37729807919	2190
3213.45889249711	2191
3209.64264279978	2192
3216.17506288624	2193
3212.41705958818	2194
3216.45424861644	2195
3208.24428054431	2196
3201.20704097257	2197
3201.18912776214	2198
3218.68640030686	2199
3213.85014447204	2200
3215.00279248715	2201
3210.55383190239	2202
3216.82987961758	2203
3213.78710489077	2204
3204.84156578459	2205
3204.721213867	2206
3207.0805665611	2207
3202.84130395297	2208
3215.24148370766	2209
3201.88084072671	2210
3217.53585789422	2211
3213.86551084472	2212
3219.22868631054	2213
3206.41628634467	2214
3207.10658370495	2215
3206.03678257165	2216
3215.11294650094	2217
3217.07017670087	2218
3212.19522307623	2219
3205.92073254055	2220
3210.03741383349	2221
3217.88517977413	2222
3203.93402421247	2223
3204.32188137172	2224
3209.5684765938	2225
3207.95405770483	2226
3207.90688372851	2227
3202.62404949019	2228
3213.67957199668	2229
3211.02557915433	2230
3196.85401895191	2231
3210.48616730489	2232
3192.43485514522	2233
3214.97802176834	2234
3207.51857919937	2235
3211.08186310307	2236
3210.22552623199	2237
3217.31391575609	2238
3210.12644685361	2239
3211.75688526855	2240
3205.36628718652	2241
3197.78581218978	2242
3215.21886999775	2243
3216.28507770065	2244
3225.41786840008	2245
3203.83350868192	2246
3211.80135867335	2247
3218.03938434723	2248
3218.1635070457	2249
3206.97027445678	2250
3211.48373285978	2251
3211.28997058008	2252
3210.99599358265	2253
3201.76174834219	2254
3204.68840970178	2255
3218.45903805601	2256
3206.61031552939	2257
3207.89274773174	2258
3212.02933211787	2259
3215.95680274508	2260
3215.5942751252	2261
3210.37043241713	2262
3210.92030103188	2263
3214.98242648942	2264
3222.04635144453	2265
3204.03162420637	2266
3197.68687006589	2267
3212.00862412034	2268
3212.08645424677	2269
3214.45165671183	2270
3211.44764133587	2271
3203.65217542445	2272
3217.28055965127	2273
3192.08672063354	2274
3216.17904206421	2275
3211.18332025518	2276
3220.10079812919	2277
3215.69760444607	2278
3216.83333050129	2279
3216.66042326409	2280
3201.48739904308	2281
3209.71317774733	2282
3217.47025771961	2283
3211.43868987961	2284
3212.16808243689	2285
3201.25630351354	2286
3206.40962018831	2287
3212.94330103713	2288
3218.10803059358	2289
3204.82847308666	2290
3205.35880417449	2291
3215.14124324519	2292
3212.45036588236	2293
3206.8724569717	2294
3201.38964413037	2295
3204.13881796467	2296
3196.36576647507	2297
3210.72854326801	2298
3212.7178302225	2299
3201.75689237268	2300
3216.66968557437	2301
3207.5800088592	2302
3208.02539289032	2303
3200.63984852238	2304
3209.53709802776	2305
3199.37524164441	2306
3210.39749247409	2307
3206.67799551618	2308
3197.04984102116	2309
3205.05123129334	2310
3217.19874893105	2311
3208.67344590553	2312
3210.33774534898	2313
3211.35643588291	2314
3218.57491329154	2315
3214.30588095997	2316
3208.07942817474	2317
3194.03021712887	2318
3216.85809621379	2319
3214.54546073034	2320
3210.91231781353	2321
3214.22558415562	2322
3204.98231095555	2323
3196.06767327657	2324
3202.94116567161	2325
3216.78811500182	2326
3220.98838165932	2327
3204.53973347639	2328
3214.03681428259	2329
3218.87146317988	2330
3201.47418171209	2331
3216.33565199302	2332
3214.41119768792	2333
3206.02184548717	2334
3205.51226359602	2335
3199.71508598658	2336
3204.03498762466	2337
3204.08593306634	2338
3213.76484811162	2339
3204.19895386328	2340
3194.92383809045	2341
3205.55393113028	2342
3221.80892051161	2343
3200.79394639007	2344
3210.32884505741	2345
3222.06640410943	2346
3212.4360719872	2347
3218.26245747672	2348
3216.32156283238	2349
3200.85684367233	2350
3211.82323709772	2351
3209.21315070809	2352
3199.2114453805	2353
3200.22649968316	2354
3217.4027804673	2355
3208.9282505095	2356
3193.28313626123	2357
3214.50930577282	2358
3217.7207117277	2359
3198.72273490746	2360
3208.35617569303	2361
3220.78245401954	2362
3209.18742177719	2363
3216.48736702439	2364
3214.21664669103	2365
3197.5086705295	2366
3213.98339299072	2367
3206.53962179211	2368
3199.19291777354	2369
3210.94509419131	2370
3207.89098930702	2371
3208.26057084173	2372
3205.98519255306	2373
3208.94173254245	2374
3206.9437187025	2375
3224.92203555019	2376
3219.14111222091	2377
3219.46223318282	2378
3208.94977685799	2379
3217.54388047388	2380
3205.74714261811	2381
3216.07759579234	2382
3215.99287948053	2383
3203.30677165717	2384
3196.08759819096	2385
3216.79329115406	2386
3210.08691220457	2387
3197.78419620106	2388
3213.8064182403	2389
3203.94442735646	2390
3214.42232282556	2391
3222.15524511348	2392
3206.72121871245	2393
3216.46431489748	2394
3215.67642246269	2395
3215.87411299511	2396
3202.93522958665	2397
3209.6082033701	2398
3206.94269101547	2399
3206.71217532707	2400
3212.10269453965	2401
3203.28596679848	2402
3213.7535306192	2403
3206.07223296472	2404
3213.56275166801	2405
3199.80730137843	2406
3221.10919892177	2407
3202.57696267854	2408
3203.38048484039	2409
3204.2652345695	2410
3210.07182642985	2411
3220.97113764381	2412
3208.64362896135	2413
3214.92327662036	2414
3212.01638714898	2415
3208.36561968862	2416
3206.51304738934	2417
3215.44378887593	2418
3212.2810350593	2419
3205.86241413977	2420
3203.14283502593	2421
3204.18744366022	2422
3210.04927730888	2423
3202.04163214696	2424
3205.03818684916	2425
3206.53375029612	2426
3211.28541321649	2427
3214.68074053892	2428
3195.91627893877	2429
3203.19904314507	2430
3203.93967819067	2431
3201.40843700353	2432
3222.86786633408	2433
3211.35936621033	2434
3209.3597252554	2435
3196.91165367591	2436
3184.36320876896	2437
3213.42221844308	2438
3208.00986035669	2439
3208.85282173169	2440
3205.24159597539	2441
3207.30500467348	2442
3208.80292867486	2443
3208.99510297398	2444
3209.89524836342	2445
3211.32617269121	2446
3202.16538694905	2447
3216.41184160186	2448
3211.46778313231	2449
3186.10306628659	2450
3212.02333758956	2451
3217.84999258105	2452
3209.3464202215	2453
3210.50162385205	2454
3224.32747247169	2455
3200.19130851616	2456
3215.88493707698	2457
3204.34371953143	2458
3209.06984331419	2459
3217.89454103925	2460
3216.97845656852	2461
3201.34812074706	2462
3200.7140592953	2463
3209.06794573084	2464
3205.52058206722	2465
3198.70165325992	2466
3220.12915692808	2467
3209.22351959187	2468
3204.92703823469	2469
3196.20416731996	2470
3212.98597285241	2471
3205.04274364308	2472
3206.61882014997	2473
3199.38744223002	2474
3212.08449801791	2475
3205.68434425672	2476
3213.82343441643	2477
3206.45305620706	2478
3213.96065627379	2479
3211.24118731724	2480
3214.54043879085	2481
3215.42489655226	2482
3198.70431876531	2483
3214.21352950346	2484
3214.67856393083	2485
3218.09202249067	2486
3215.26633079999	2487
3215.32530325124	2488
3210.78831339836	2489
3199.54467476805	2490
3211.19738815024	2491
3209.44935741847	2492
3204.5079380087	2493
3206.53226319656	2494
3215.79689629165	2495
3209.10492763307	2496
3209.12287166179	2497
3198.66044566692	2498
3225.01287724668	2499
3211.55102399956	2500
3204.0445940882	2501
3222.5558576029	2502
3198.6009974176	2503
3206.33190562733	2504
3210.08324586509	2505
3216.89982923966	2506
3221.35101825725	2507
3212.77531532402	2508
3216.8495107807	2509
3214.54836549054	2510
3216.35832936908	2511
3208.76220183847	2512
3216.48571580491	2513
3206.09428459439	2514
3207.88067102384	2515
3219.82766368043	2516
3206.99521349451	2517
3209.68460949497	2518
3209.04672552802	2519
3210.48580149157	2520
3214.22640541576	2521
3193.05047837913	2522
3211.48090147284	2523
3220.65134022943	2524
3228.39315272745	2525
3207.63510795552	2526
3196.77213829945	2527
3213.70696039942	2528
3213.12982269718	2529
3205.97702906432	2530
3199.39885774293	2531
3196.85020980726	2532
3214.8833783531	2533
3204.01068895333	2534
3214.23251115263	2535
3226.52752417216	2536
3212.74280472023	2537
3197.46757238499	2538
3196.86855880834	2539
3199.33257878771	2540
3207.33422698247	2541
3203.6877200579	2542
3199.82601151323	2543
3212.6737327317	2544
3195.55553228899	2545
3199.94017207928	2546
3210.24008261616	2547
3210.40379619153	2548
3202.10305000679	2549
3207.79687225451	2550
3213.53442387026	2551
3204.01733882233	2552
3219.74633099599	2553
3203.28412025082	2554
3214.36593936761	2555
3210.21075866916	2556
3211.22404699948	2557
3218.14553126368	2558
3211.57087251681	2559
3208.86124621769	2560
3211.28420121454	2561
3203.73534811507	2562
3213.47007393229	2563
3202.71185477153	2564
3213.99440385578	2565
3200.82804362265	2566
3210.96804735557	2567
3199.51687610018	2568
3191.98115964185	2569
3208.00760857757	2570
3203.03781975288	2571
3207.88007715564	2572
3221.28166791003	2573
3193.77389434891	2574
3224.4724451006	2575
3217.44049302253	2576
3195.50273096982	2577
3215.40966462802	2578
3205.188948876	2579
3198.77613849848	2580
3204.78348044407	2581
3205.94541647184	2582
3202.50916419312	2583
3209.5784759222	2584
3207.23651826983	2585
3220.1238688006	2586
3202.55447201739	2587
3201.69452602642	2588
3217.39092169298	2589
3211.13705406376	2590
3206.21015479491	2591
3205.94646183157	2592
3213.998340239	2593
3208.233735223	2594
3206.70502656812	2595
3222.0304588331	2596
3209.0964433789	2597
3210.2995584555	2598
3203.3740505642	2599
3204.10339199738	2600
3219.90603131225	2601
3205.72203140352	2602
3223.91979216404	2603
3204.22725291187	2604
3205.31022180649	2605
3217.47392805306	2606
3209.47782463567	2607
3204.97974501359	2608
3205.9710352069	2609
3209.86283593042	2610
3208.33657698376	2611
3205.34642456097	2612
3206.91818755007	2613
3207.84387283101	2614
3210.70731958433	2615
3208.74176762388	2616
3215.96019758697	2617
3207.53498602535	2618
3209.24511129071	2619
3205.32085779664	2620
3197.28277453172	2621
3209.49599734927	2622
3210.78844564542	2623
3218.51851508834	2624
3208.39851596917	2625
3206.60645565596	2626
3216.98475508271	2627
3201.54727147268	2628
3214.11032585897	2629
3216.3816081095	2630
3215.50292585941	2631
3216.73193015492	2632
3201.01674849161	2633
3212.2316625388	2634
3212.63201387999	2635
3209.27212711175	2636
3199.73593585084	2637
3210.72179873582	2638
3207.66589430823	2639
3206.66772746414	2640
3208.69000070931	2641
3207.156338288	2642
3204.62772590664	2643
3209.60875659651	2644
3217.05062776687	2645
3208.06524716225	2646
3206.51154365477	2647
3209.05333575433	2648
3203.30626526118	2649
3206.69388493854	2650
3200.74868886672	2651
3216.34703778635	2652
3203.8709295886	2653
3198.23925612618	2654
3193.83433932321	2655
3206.69250824853	2656
3206.8903716733	2657
3207.90971331701	2658
3200.53665069041	2659
3219.20380925474	2660
3214.4087122855	2661
3194.81637402518	2662
3198.55715947877	2663
3208.33046355761	2664
3205.14343416425	2665
3206.11146172406	2666
3195.54569044232	2667
3207.35043730892	2668
3211.75890967035	2669
3217.37086444317	2670
3211.16023313871	2671
3220.82682449496	2672
3207.73493884432	2673
3211.48585544292	2674
3224.56074138677	2675
3186.831507149	2676
3200.02663596277	2677
3197.06674393735	2678
3200.73983571688	2679
3189.59651380643	2680
3221.0073630808	2681
3214.95534254784	2682
3217.55720660523	2683
3201.60369332884	2684
3210.67889711481	2685
3214.93981919458	2686
3209.05174506845	2687
3202.06166570673	2688
3206.52249445357	2689
3213.02295648809	2690
3196.95043842682	2691
3209.81425856286	2692
3214.45143672625	2693
3211.94676722717	2694
3207.17249019102	2695
3213.19065316649	2696
3220.05874620356	2697
3202.14227168076	2698
3210.72277556485	2699
3197.67117412502	2700
3222.10151574633	2701
3197.87036752146	2702
3207.05529949846	2703
3212.6571266337	2704
3220.105682642	2705
3215.58161517195	2706
3213.01128527998	2707
3210.49342980442	2708
3192.84528070176	2709
3210.42177575988	2710
3198.37216393964	2711
3206.37459037709	2712
3209.96422042384	2713
3221.06387616563	2714
3200.9791280642	2715
3214.58882856242	2716
3218.54394595195	2717
3206.61975908277	2718
3221.13582215869	2719
3211.22879079078	2720
3218.04140496346	2721
3207.60201503055	2722
3215.27621700998	2723
3213.98983654819	2724
3202.56414946784	2725
3214.89384208277	2726
3209.42429465082	2727
3217.04951536964	2728
3210.50395241503	2729
3211.79302127259	2730
3212.19183358152	2731
3200.95581238497	2732
3208.16338935635	2733
3203.42762227241	2734
3194.32677976499	2735
3214.34022278872	2736
3203.51971823289	2737
3209.81549893424	2738
3202.86219904261	2739
3209.79015056248	2740
3206.9119631904	2741
3212.03312952963	2742
3210.71418733822	2743
3222.69902513417	2744
3216.70042759087	2745
3212.27418362378	2746
3216.14068233885	2747
3215.66204608468	2748
3202.03316711935	2749
3204.32090091109	2750
3215.87690988857	2751
3193.03700129746	2752
3216.69514469406	2753
3202.10232692562	2754
3211.65887289353	2755
3203.2405857433	2756
3207.35879522328	2757
3203.38349502301	2758
3216.74112880786	2759
3217.69373751037	2760
3201.9062297563	2761
3207.65021230655	2762
3201.39107458296	2763
3207.60903536099	2764
3208.53643029594	2765
3206.88460643914	2766
3220.8740556626	2767
3212.88505102091	2768
3205.99879228064	2769
3208.48008936131	2770
3211.6086748627	2771
3213.31479747979	2772
3209.33477669864	2773
3211.09037177668	2774
3205.89596546507	2775
3206.15451949718	2776
3208.2525657099	2777
3205.81811442234	2778
3205.11589556998	2779
3202.58810210643	2780
3207.45116653864	2781
3212.25154920002	2782
3206.87928089954	2783
3209.26696093527	2784
3210.29643197809	2785
3206.43510079176	2786
3215.06749148346	2787
3218.40898327206	2788
3211.38917449209	2789
3211.47588530228	2790
3203.78809998015	2791
3202.66319320175	2792
3217.518718182	2793
3212.04889398675	2794
3220.90893802499	2795
3201.32196537273	2796
3213.99587322804	2797
3218.66283737402	2798
3202.92083690315	2799
3222.49729098762	2800
3221.70688167127	2801
3222.6885826671	2802
3213.90229995121	2803
3208.67983486838	2804
3203.39454775939	2805
3206.02441605012	2806
3206.14519348729	2807
3203.36876923262	2808
3200.03743942271	2809
3203.58456567231	2810
3211.83988000261	2811
3194.92102575023	2812
3202.69318199403	2813
3208.98373872292	2814
3215.94104568915	2815
3211.3256622284	2816
3223.80930500185	2817
3209.76377367175	2818
3220.22362775205	2819
3216.84017589976	2820
3209.62505459501	2821
3213.58237596871	2822
3214.98325573129	2823
3200.77540248104	2824
3211.96633394305	2825
3214.05421624517	2826
3207.08571378025	2827
3215.20080258807	2828
3202.92757085374	2829
3214.18986709441	2830
3210.67325075382	2831
3207.52634959373	2832
3198.73262805377	2833
3205.42877347181	2834
3209.63117489364	2835
3216.42567008656	2836
3218.50660194216	2837
3208.86974623738	2838
3203.3666958806	2839
3203.79285497524	2840
3205.58887264244	2841
3218.53287749508	2842
3214.93163921573	2843
3208.89530466758	2844
3215.41561619193	2845
3209.30105859095	2846
3210.17531948367	2847
3207.37093360837	2848
3214.50006031025	2849
3198.22466965492	2850
3201.50405391649	2851
3212.16683250819	2852
3210.34257359875	2853
3203.06121330311	2854
3209.73500245593	2855
3222.36058109871	2856
3205.61060203723	2857
3220.34723161135	2858
3204.90480530846	2859
3222.40777728667	2860
3201.92644339043	2861
3211.36981798744	2862
3209.68141307112	2863
3198.74724960856	2864
3217.50586064954	2865
3214.08786637619	2866
3210.71443613242	2867
3204.47972128255	2868
3207.54843197418	2869
3207.17025056321	2870
3212.6415076027	2871
3200.22507645252	2872
3210.11038598645	2873
3210.39855211824	2874
3228.79545316492	2875
3209.45044301912	2876
3202.72828621264	2877
3213.34820280365	2878
3215.93424981472	2879
3222.64745582644	2880
3209.84979034577	2881
3211.53783704552	2882
3208.489295635	2883
3209.04624357662	2884
3213.1541108772	2885
3208.19111756655	2886
3216.52560335698	2887
3212.30357374929	2888
3210.91490951694	2889
3208.65536553246	2890
3201.4996091667	2891
3211.97878703327	2892
3202.78819847139	2893
3211.9507523623	2894
3203.04975947463	2895
3207.82770037523	2896
3205.6861682513	2897
3212.15004835215	2898
3214.62553277791	2899
3211.0303242123	2900
3213.43460822208	2901
3199.07528080901	2902
3214.35421671866	2903
3185.11530091687	2904
3201.37287279116	2905
3198.39580163478	2906
3208.00971293581	2907
3197.90414632118	2908
3205.59068755851	2909
3199.59389123583	2910
3207.21712233682	2911
3207.03996900439	2912
3215.62399658514	2913
3198.30169067475	2914
3221.34140644604	2915
3210.43991074128	2916
3218.66708243573	2917
3214.99835614733	2918
3214.01645821884	2919
3211.94315594101	2920
3214.38801683086	2921
3207.00479023703	2922
3202.68139223173	2923
3211.89261285375	2924
3213.41655487742	2925
3206.486125735	2926
3207.81688498267	2927
3196.72068022489	2928
3204.64319343851	2929
3222.91600564492	2930
3201.70998090007	2931
3212.39124586084	2932
3213.92286492886	2933
3204.13770600237	2934
3206.42438901289	2935
3202.6549547635	2936
3194.4659665782	2937
3223.45506067852	2938
3192.16784058011	2939
3213.09690747501	2940
3209.88783101756	2941
3209.35480031115	2942
3214.14004643264	2943
3211.37842042813	2944
3212.34285986282	2945
3221.89026508922	2946
3213.43497076667	2947
3213.08566270931	2948
3215.17975985484	2949
3200.73936387717	2950
3210.61611725756	2951
3200.98014146951	2952
3200.84982548124	2953
3204.5329432093	2954
3215.27922042939	2955
3218.21889873381	2956
3208.44052985384	2957
3204.43073693759	2958
3211.4101349481	2959
3212.15410733325	2960
3222.83398545349	2961
3221.44393793592	2962
3194.59532922737	2963
3207.58941263175	2964
3206.59046895574	2965
3218.09971994704	2966
3211.82434669629	2967
3204.67412982493	2968
3203.39147961964	2969
3221.04073625278	2970
3203.69742284728	2971
3207.49498433372	2972
3204.11900753032	2973
3199.23974609081	2974
3207.20208804782	2975
3210.95980946357	2976
3197.85859080216	2977
3203.81834579693	2978
3221.91817765233	2979
3215.12752324005	2980
3213.40961697558	2981
3199.31944749901	2982
3202.42672288108	2983
3214.36669374381	2984
3222.78273124799	2985
3217.15317955501	2986
3213.30093264613	2987
3218.26353084897	2988
3205.94307590631	2989
3203.41008274482	2990
3208.52385328431	2991
3215.62950882471	2992
3211.7074606328	2993
3203.55015394405	2994
3207.53885124291	2995
3202.51366359028	2996
3198.8109759715	2997
3217.96311467444	2998
3214.94188730903	2999
3215.00451850242	3000
3218.63736587626	3001
3213.12908665085	3002
3210.61494404463	3003
3202.88019482973	3004
3205.68327439403	3005
3216.92881067491	3006
3209.42226521621	3007
3213.81146732637	3008
3198.71519675232	3009
3210.91688176886	3010
3215.63235122025	3011
3216.37786025995	3012
3208.56788911939	3013
3203.13386184824	3014
3223.19520608926	3015
3211.65205496781	3016
3213.43738222289	3017
3207.90171538588	3018
3207.20831895745	3019
3202.09813723826	3020
3203.45208775142	3021
3206.72939501591	3022
3204.90364929494	3023
3215.11782541504	3024
3218.97281961015	3025
3214.68166014104	3026
3220.79911436004	3027
3214.97535303079	3028
3209.72958524709	3029
3214.53826189726	3030
3208.78506689103	3031
3222.63514929553	3032
3214.68702361758	3033
3206.75270044638	3034
3208.20226914637	3035
3213.54562257776	3036
3208.61625073715	3037
3210.53500258762	3038
3218.34897584618	3039
3207.64007528559	3040
3205.48348896288	3041
3212.23778245141	3042
3204.74285722144	3043
3212.2990924053	3044
3203.94653573807	3045
3202.71902502115	3046
3187.19554477435	3047
3210.73462704838	3048
3209.85760929613	3049
3207.87328001029	3050
3211.06990631961	3051
3205.32454648612	3052
3210.17793052109	3053
3204.37020717869	3054
3216.57797645552	3055
3209.72913399465	3056
3216.78635495185	3057
3208.10965055768	3058
3201.86427359203	3059
3209.31815539206	3060
3198.19477376094	3061
3203.67959791256	3062
3207.39587980457	3063
3200.5483986699	3064
3204.48616070968	3065
3221.46776175572	3066
3192.9437822324	3067
3215.56675524955	3068
3203.63679041541	3069
3196.24213895205	3070
3213.91238486371	3071
3211.91246622217	3072
3189.60583526018	3073
3215.2406547139	3074
3212.52146363369	3075
3207.07969125114	3076
3208.62777344142	3077
3209.29680082236	3078
3222.01234060642	3079
3216.94050020271	3080
3214.75502111223	3081
3215.28038858467	3082
3213.14734030022	3083
3193.00291767289	3084
3205.06414300525	3085
3205.970262453	3086
3217.48636715549	3087
3207.43321457023	3088
3198.40727151773	3089
3210.32939188439	3090
3189.12948493508	3091
3207.9946388694	3092
3207.5535594206	3093
3213.63071431111	3094
3219.92666941859	3095
3214.03080517766	3096
3217.66793488744	3097
3208.22803222614	3098
3210.1093020802	3099
3202.83047561715	3100
3216.88639224587	3101
3211.43979767547	3102
3204.23066475491	3103
3219.98684932308	3104
3208.24636181042	3105
3212.53457302554	3106
3221.12969696663	3107
3216.88408725529	3108
3211.47923547815	3109
3208.59144930936	3110
3205.64753006011	3111
3202.78571574552	3112
3207.44727182367	3113
3215.24708667486	3114
3207.79931408915	3115
3214.4523346778	3116
3196.57675207636	3117
3197.02588891643	3118
3205.17362067945	3119
3201.33163958696	3120
3214.22762065027	3121
3202.81851821116	3122
3194.4507019897	3123
3205.93099385035	3124
3208.39670728904	3125
3207.32269298251	3126
3202.79982532093	3127
3204.89910676894	3128
3217.47206170025	3129
3205.14748803628	3130
3212.03467776797	3131
3206.09711751706	3132
3202.97587009133	3133
3200.47697542659	3134
3197.83821009143	3135
3180.40597966869	3136
3205.82053431647	3137
3204.12885802108	3138
3208.48895816531	3139
3203.61056170429	3140
3213.17967348794	3141
3215.56686415288	3142
3212.10058119043	3143
3217.69880326232	3144
3212.69852798388	3145
3203.63536984399	3146
3193.97036519194	3147
3206.37283543688	3148
3206.22995098711	3149
3208.13958240666	3150
3212.00622139432	3151
3219.78582709435	3152
3212.20349266089	3153
3198.65094305985	3154
3201.59075297243	3155
3224.62768865482	3156
3212.47725945769	3157
3214.04721093549	3158
3217.17034896299	3159
3215.25344712701	3160
3209.13173140762	3161
3192.36338192349	3162
3203.91185696991	3163
3212.83032463966	3164
3200.49972319377	3165
3206.95273120451	3166
3216.87438356849	3167
3208.72350053666	3168
3215.61519458549	3169
3208.71055973447	3170
3209.42672876076	3171
3215.72670920622	3172
3201.13410632613	3173
3219.82106759815	3174
3206.70045331171	3175
3191.89487619797	3176
3217.76871029183	3177
3209.72978619623	3178
3205.41969095169	3179
3215.20360263418	3180
3211.30733321964	3181
3211.8389352498	3182
3198.89655125553	3183
3214.8175150748	3184
3204.72462259557	3185
3207.93049720126	3186
3210.83044701759	3187
3212.69896563462	3188
3199.18750243358	3189
3216.98511718788	3190
3210.3297687283	3191
3217.50755151797	3192
3206.4902353113	3193
3220.90151291094	3194
3212.76159958318	3195
3203.22788772368	3196
3197.93789316518	3197
3207.75725696524	3198
3211.42097098246	3199
3198.05176051804	3200
3210.44792738733	3201
3212.65729573093	3202
3213.82883741317	3203
3199.03978538552	3204
3218.1518852308	3205
3212.17676299682	3206
3213.00139348721	3207
3212.34139488871	3208
3211.41172342538	3209
3207.74109789626	3210
3209.39852921779	3211
3207.40317396867	3212
3204.01849895628	3213
3198.20623881638	3214
3204.73460586207	3215
3220.00727089244	3216
3207.65875021162	3217
3208.96189273161	3218
3214.6525307647	3219
3211.74197299694	3220
3208.14043359097	3221
3196.48400397314	3222
3208.27769670795	3223
3208.25353564719	3224
3220.51925852853	3225
3211.40695376147	3226
3207.36122118391	3227
3216.23863601275	3228
3210.29257237612	3229
3208.65100143058	3230
3202.74004541996	3231
3207.37322668102	3232
3205.69244365077	3233
3204.18621201088	3234
3203.34969583702	3235
3203.89613240282	3236
3200.95613232715	3237
3209.03078718453	3238
3202.24073629997	3239
3208.10713447662	3240
3202.81924497902	3241
3206.27617351671	3242
3201.55316834356	3243
3218.50971860393	3244
3204.25189781602	3245
3206.75342035611	3246
3212.29785016993	3247
3216.15747908801	3248
3206.42594179802	3249
3215.51545090529	3250
3206.06509091787	3251
3213.06615164843	3252
3213.27299051832	3253
3208.56045623425	3254
3208.21262076486	3255
3210.9284844986	3256
3202.74773471772	3257
3211.21593800464	3258
3217.60910559891	3259
3201.26913485792	3260
3214.85281797078	3261
3219.28287051832	3262
3212.56798421846	3263
3202.75733493373	3264
3220.93420049761	3265
3220.17581495162	3266
3205.33979915239	3267
3209.47478309065	3268
3199.43662912294	3269
3214.02020087872	3270
3203.84790925818	3271
3201.95128525784	3272
3217.78093416549	3273
3211.64016153184	3274
3197.92920522502	3275
3213.06306706211	3276
3193.91408056702	3277
3208.05677161593	3278
3219.60805998116	3279
3202.77527318273	3280
3219.40366031822	3281
3212.1870727779	3282
3212.80196743312	3283
3216.23377857117	3284
3203.51695480428	3285
3208.30879575887	3286
3198.52929701562	3287
3200.96171294598	3288
3210.00535463423	3289
3204.09510816672	3290
3203.03357098622	3291
3206.75612518243	3292
3211.51518537142	3293
3216.54085486272	3294
3204.67523631215	3295
3205.42342297215	3296
3213.157812655	3297
3222.31160040142	3298
3202.19947307994	3299
3204.45239202873	3300
3213.65742654534	3301
3207.37434023072	3302
3212.95263843372	3303
3218.16092662037	3304
3201.68969183184	3305
3196.64229873473	3306
3219.41471450362	3307
3198.75803853794	3308
3209.83607061763	3309
3205.7982796334	3310
3213.09734272898	3311
3199.60333224104	3312
3210.97997885976	3313
3207.42624402302	3314
3205.34795714888	3315
3218.01329645117	3316
3215.72973197454	3317
3221.90141164165	3318
3209.78624003712	3319
3202.05764430974	3320
3214.90883432256	3321
3200.88824472406	3322
3204.19878628405	3323
3200.25973286651	3324
3217.3586209397	3325
3210.86329171145	3326
3207.1019759938	3327
3206.93003910512	3328
3212.45479084212	3329
3204.71147349761	3330
3208.17474242023	3331
3222.45178030767	3332
3208.38719301633	3333
3213.36003254159	3334
3193.0663739737	3335
3214.14674920626	3336
3212.41196920675	3337
3208.27358356014	3338
3209.18751599714	3339
3204.52891130873	3340
3212.3012630288	3341
3218.51725130301	3342
3208.06272867999	3343
3210.92681051653	3344
3212.94204506086	3345
3207.88180229129	3346
3193.32969512528	3347
3204.66504610579	3348
3192.99959093397	3349
3211.8649140945	3350
3216.14120659303	3351
3209.1620084642	3352
3219.15112906115	3353
3216.71452757885	3354
3187.19524015322	3355
3218.68110652766	3356
3211.4454520937	3357
3209.7251991195	3358
3208.04431302428	3359
3198.51238082969	3360
3212.81033909285	3361
3212.05430422498	3362
3210.77439073067	3363
3217.11640674039	3364
3212.29746018787	3365
3206.18483368303	3366
3200.13063542709	3367
3210.38910896019	3368
3200.92502512981	3369
3206.69307787275	3370
3216.93368316877	3371
3214.84514568321	3372
3203.13609175686	3373
3212.0494027539	3374
3198.13851552497	3375
3207.34006904952	3376
3191.70655689282	3377
3217.22739440412	3378
3212.62276672608	3379
3214.7268867502	3380
3208.4076661516	3381
3206.24388422546	3382
3194.59085016198	3383
3203.67874914793	3384
3203.44231396025	3385
3216.79178858023	3386
3202.37911561954	3387
3212.56378148143	3388
3221.97237010098	3389
3210.5784296944	3390
3211.40954868659	3391
3200.34527283611	3392
3203.95266924261	3393
3209.99644988456	3394
3220.70570857327	3395
3205.90536032145	3396
3197.18874964935	3397
3199.21345170206	3398
3208.59364961928	3399
3202.95207649555	3400
3216.43676199071	3401
3204.64611935353	3402
3210.09959694647	3403
3207.97075427011	3404
3198.33434547332	3405
3210.4892605411	3406
3208.74737774643	3407
3190.18346242484	3408
3203.04767345841	3409
3216.97857860802	3410
3200.01757173899	3411
3208.61352631386	3412
3217.26951967809	3413
3203.10544158572	3414
3214.48828693674	3415
3190.0427796113	3416
3217.24461884142	3417
3206.78694317556	3418
3217.67644923379	3419
3223.43749291828	3420
3211.79957965641	3421
3209.84760625207	3422
3196.08890859657	3423
3212.43710438061	3424
3205.92453875565	3425
3209.0557261122	3426
3215.77046209467	3427
3205.95750692865	3428
3211.72622907204	3429
3216.83684119356	3430
3198.7783339798	3431
3213.91988468266	3432
3218.91585760731	3433
3209.15976420785	3434
3206.03548469718	3435
3210.96272771845	3436
3200.90578416275	3437
3211.54187579399	3438
3212.67499181089	3439
3208.17292448592	3440
3210.19604783913	3441
3197.9541764669	3442
3213.96733237477	3443
3210.32961045552	3444
3220.28743885551	3445
3207.37830683782	3446
3213.54137515271	3447
3209.58234733011	3448
3200.48432671215	3449
3200.86441818921	3450
3210.99625030963	3451
3200.99243533272	3452
3198.09980229653	3453
3205.96906492597	3454
3212.50664024866	3455
3205.5567878144	3456
3205.79113915647	3457
3201.85894541772	3458
3193.31276892739	3459
3210.47208848664	3460
3211.84702092186	3461
3203.64437470018	3462
3210.99182986106	3463
3214.35002181255	3464
3222.24231952333	3465
3218.95827509283	3466
3203.10533609671	3467
3219.19073304973	3468
3212.10633991783	3469
3215.41058808591	3470
3214.29658301791	3471
3205.03668862702	3472
3213.87816902373	3473
3219.45933066837	3474
3198.3491082907	3475
3185.94561705559	3476
3196.25051146851	3477
3199.19089766201	3478
3208.91547292457	3479
3211.3063488938	3480
3200.52086229595	3481
3202.43712718378	3482
3202.48211155877	3483
3205.05950596271	3484
3209.30544490473	3485
3206.53594943132	3486
3214.95667940014	3487
3202.74494413692	3488
3219.77299567608	3489
3199.40608718845	3490
3212.16337019554	3491
3203.76572968978	3492
3200.26501303869	3493
3214.42740337849	3494
3212.46099722065	3495
3200.25340755299	3496
3200.02404750003	3497
3216.30802833225	3498
3221.40120313163	3499
3204.93317781648	3500
3213.06937695365	3501
3210.71320684365	3502
3197.73510851973	3503
3212.74963806625	3504
3204.84077293616	3505
3210.72583177535	3506
3208.82585667183	3507
3202.23100817017	3508
3198.36951309151	3509
3217.36049759398	3510
3209.16935833834	3511
3212.04083085994	3512
3219.88465222017	3513
3202.22809390218	3514
3208.00902824243	3515
3216.32666191518	3516
3209.32107505062	3517
3211.70192109661	3518
3213.80907466701	3519
3208.85599269426	3520
3206.19154725959	3521
3220.06017197408	3522
3199.14032135931	3523
3210.17975253792	3524
3220.39738691681	3525
3204.62867470225	3526
3206.99089811679	3527
3200.93507723725	3528
3202.92695119919	3529
3208.69044377088	3530
3205.76604233173	3531
3203.39331432336	3532
3206.36583788358	3533
3199.61235667863	3534
3214.55323787426	3535
3215.11252689807	3536
3212.49095789256	3537
3214.41233891461	3538
3206.50735140849	3539
3208.86230579627	3540
3210.82217897022	3541
3213.65049470075	3542
3197.25619073315	3543
3207.35942329436	3544
3200.84750648985	3545
3203.99586796885	3546
3210.05069219884	3547
3201.86860030943	3548
3196.41383612204	3549
3213.19009440405	3550
3206.1666992122	3551
3198.3545373145	3552
3210.44008996575	3553
3207.42866438682	3554
3203.5888417285	3555
3216.76914031935	3556
3215.20785757393	3557
3216.61437591921	3558
3210.80855790105	3559
3204.94336586657	3560
3202.29674985531	3561
3221.81653526229	3562
3219.33520418929	3563
3196.82946306642	3564
3211.3736595541	3565
3205.57477495458	3566
3205.83041620818	3567
3225.25680648365	3568
3198.23532387024	3569
3218.88653171253	3570
3223.51987569428	3571
3219.8221431753	3572
3214.87001382659	3573
3209.44725076546	3574
3215.9176398012	3575
3207.94357581703	3576
3217.35528706381	3577
3207.79819876202	3578
3207.355205007	3579
3215.17782824414	3580
3204.44437640466	3581
3202.38985840187	3582
3211.52138631753	3583
3208.35497007607	3584
3215.68168397542	3585
3206.63019443694	3586
3213.76855340735	3587
3212.96006922215	3588
3214.69273476134	3589
3212.69149476104	3590
3207.98115301486	3591
3211.46854610057	3592
3208.81200182282	3593
3215.89304807153	3594
3218.90588052181	3595
3215.89282345674	3596
3213.44678600523	3597
3211.90389706796	3598
3197.98013799917	3599
3206.98032272232	3600
3215.18070416616	3601
3206.4615277452	3602
3215.19215421074	3603
3204.48097356837	3604
3218.4993649374	3605
3224.64394782331	3606
3210.97258666675	3607
3213.15247242907	3608
3217.05520151433	3609
3205.82906630562	3610
3211.59330210482	3611
3207.18202504309	3612
3206.4950071919	3613
3212.2597670943	3614
3212.9330421027	3615
3208.70205672256	3616
3217.63455832691	3617
3210.90713765196	3618
3227.07909496607	3619
3209.51037289932	3620
3214.20437890106	3621
3213.48152466883	3622
3216.90208003651	3623
3221.55655951348	3624
3214.53313496717	3625
3212.29850928968	3626
3214.51321429807	3627
3218.61175781741	3628
3205.13521389601	3629
3205.97862042659	3630
3201.38856448326	3631
3215.25613930302	3632
3210.69151820686	3633
3215.67787973987	3634
3212.69320673093	3635
3212.13852098549	3636
3205.87140069645	3637
3209.644670809	3638
3208.17896871657	3639
3208.95906009958	3640
3209.07935481591	3641
3222.00858529011	3642
3219.01854242023	3643
3198.8368030792	3644
3200.49217506553	3645
3219.02293872863	3646
3209.52006490036	3647
3200.80228133759	3648
3204.23493187438	3649
3211.35270188254	3650
3204.82807818635	3651
3209.27385597264	3652
3210.36192093519	3653
3220.97774481654	3654
3207.76033173203	3655
3217.71817591323	3656
3213.3449717784	3657
3222.48944724977	3658
3203.41215226105	3659
3204.30271598241	3660
3208.80500590565	3661
3220.59121995189	3662
3208.06126893198	3663
3195.42825015508	3664
3218.13827512467	3665
3220.00755836112	3666
3208.22704626782	3667
3205.8811994439	3668
3218.62553972307	3669
3200.91914274319	3670
3191.33552605946	3671
3202.89470707325	3672
3213.33065205161	3673
3207.34087038829	3674
3215.85529451383	3675
3197.6819065067	3676
3202.13579422257	3677
3204.68676173651	3678
3200.59198262909	3679
3210.59597699621	3680
3214.39611094176	3681
3208.79947806604	3682
3220.88574578888	3683
3212.46039389444	3684
3212.54431565985	3685
3201.14419551441	3686
3211.33639792334	3687
3221.85126799862	3688
3216.77576673626	3689
3212.61414392223	3690
3207.83239515768	3691
3205.82529951215	3692
3210.97327832348	3693
3200.52978475585	3694
3200.69180610387	3695
3201.24209110574	3696
3210.36287115415	3697
3203.16949999522	3698
3204.59754559489	3699
3220.12552854497	3700
3206.76635026054	3701
3222.02025565596	3702
3210.08040270019	3703
3201.07855113591	3704
3207.65547342314	3705
3206.58476198414	3706
3215.0560809334	3707
3205.35827912062	3708
3201.95669299299	3709
3216.81385389026	3710
3214.03850759463	3711
3203.77212606555	3712
3209.79213505536	3713
3213.82224138861	3714
3214.2896142354	3715
3204.80898738621	3716
3200.39603443858	3717
3213.19839230028	3718
3213.69902000335	3719
3192.90344971919	3720
3209.59390880513	3721
3203.28571571331	3722
3215.35664878828	3723
3214.50569223986	3724
3210.80313856875	3725
3206.71612978901	3726
3200.19475008269	3727
3205.04819682097	3728
3211.57788021376	3729
3187.9157226119	3730
3210.22977892075	3731
3204.62365898433	3732
3211.27903538707	3733
3212.26860681784	3734
3215.54875472729	3735
3213.82378707268	3736
3218.95843804397	3737
3201.13206825908	3738
3208.26926716232	3739
3212.11000602146	3740
3217.05071391735	3741
3211.14259476549	3742
3203.63708700378	3743
3214.19546065366	3744
3195.61989839583	3745
3211.08635489095	3746
3207.96496761335	3747
3212.40724925383	3748
3206.16570419298	3749
3196.97043919647	3750
3191.9420568125	3751
3206.36130804585	3752
3220.05462800065	3753
3204.06215452947	3754
3206.45266574909	3755
3218.09413389554	3756
3205.22901538642	3757
3213.14375233738	3758
3210.4654213923	3759
3201.9623424187	3760
3216.45304812111	3761
3216.63223439865	3762
3195.49735728118	3763
3215.75951496739	3764
3204.47500570513	3765
3204.584736241	3766
3208.43967053975	3767
3211.75760478153	3768
3204.88112378745	3769
3197.14129132479	3770
3216.73493024816	3771
3209.30096279574	3772
3225.76559438354	3773
3199.45588512058	3774
3203.57235866702	3775
3216.63913339972	3776
3204.63304300922	3777
3201.08999786242	3778
3211.31871239422	3779
3200.0717697162	3780
3188.07953028224	3781
3208.93998260752	3782
3211.88543425803	3783
3208.19738158993	3784
3212.28252161442	3785
3180.43458195	3786
3206.22516035012	3787
3215.04777428502	3788
3210.35131006197	3789
3208.94907062413	3790
3194.57782797493	3791
3199.9914742309	3792
3207.45888499715	3793
3214.42747598649	3794
3207.06342536529	3795
3203.60018810285	3796
3213.44368263263	3797
3199.73747001149	3798
3198.87470165134	3799
3205.80864938736	3800
3219.25158080473	3801
3208.69367919633	3802
3194.16215094276	3803
3220.36539013947	3804
3208.4736787624	3805
3203.89420210645	3806
3192.18651293936	3807
3204.50178259879	3808
3215.70538153097	3809
3209.2429252726	3810
3210.31666697938	3811
3219.18379280844	3812
3216.34293666879	3813
3209.02155831028	3814
3196.57813186779	3815
3215.11996718379	3816
3206.42614831297	3817
3216.68382420095	3818
3202.11345482757	3819
3203.81694465086	3820
3222.00085264889	3821
3203.62846912074	3822
3208.71041211402	3823
3212.80847758568	3824
3214.23708811665	3825
3202.88971088478	3826
3210.9828242497	3827
3201.53680483764	3828
3211.88847935521	3829
3211.0066695734	3830
3206.15719514574	3831
3205.35310043617	3832
3204.19512386969	3833
3201.98676955225	3834
3210.55554892554	3835
3199.16555603569	3836
3211.3653264717	3837
3215.35236169389	3838
3204.09161792824	3839
3218.00544259121	3840
3206.79262594091	3841
3201.0951564483	3842
3202.33616824855	3843
3202.55805968363	3844
3208.83649590083	3845
3207.13904279348	3846
3205.42557703456	3847
3209.30397975554	3848
3206.75654202782	3849
3209.77118670884	3850
3208.28343101704	3851
3205.07597501852	3852
3222.22824930913	3853
3210.07200200297	3854
3197.09916485141	3855
3217.43177789686	3856
3212.92726547089	3857
3210.95580589893	3858
3204.50065586546	3859
3215.01612765574	3860
3206.66790922773	3861
3218.67433386548	3862
3223.66398302575	3863
3218.7679001867	3864
3205.07133180898	3865
3208.48240821946	3866
3214.36398094352	3867
3217.07853030067	3868
3207.84596847416	3869
3201.99009239942	3870
3211.54043764747	3871
3214.69215958036	3872
3214.44643035401	3873
3214.2608142428	3874
3212.67098644693	3875
3211.08485225943	3876
3209.86173049454	3877
3211.82715098465	3878
3210.58668055322	3879
3202.58328779014	3880
3202.01956402298	3881
3210.29612100859	3882
3222.08523681212	3883
3205.06618108899	3884
3202.69748261897	3885
3218.43230634374	3886
3212.58966367107	3887
3206.80229750151	3888
3199.82646502897	3889
3208.02273438079	3890
3205.12270765698	3891
3219.49683600851	3892
3216.82524459654	3893
3196.04798595448	3894
3212.64222868256	3895
3203.67801675999	3896
3212.39528667081	3897
3210.2822071722	3898
3205.7370552146	3899
3219.45435073859	3900
3220.51422457945	3901
3201.24077085293	3902
3206.07068158926	3903
3217.68409991516	3904
3202.19427144223	3905
3204.71938099455	3906
3209.86663462231	3907
3202.9795968238	3908
3215.32408934086	3909
3213.65645827741	3910
3206.04647432854	3911
3211.06520163473	3912
3213.17357352739	3913
3200.91342515344	3914
3210.51545343823	3915
3216.10144127577	3916
3208.14801266079	3917
3216.85714228945	3918
3212.00501281298	3919
3208.08078288817	3920
3213.79477072586	3921
3215.31224956915	3922
3197.09109970988	3923
3218.66892263545	3924
3211.75797739091	3925
3206.65372473073	3926
3198.697061728	3927
3204.48732765157	3928
3216.94927141281	3929
3213.71651396605	3930
3220.96105420557	3931
3205.91229305282	3932
3211.66998992316	3933
3205.32232350156	3934
3203.52919566971	3935
3210.74200728417	3936
3206.77267517901	3937
3214.06664540207	3938
3199.76686366254	3939
3213.09401426368	3940
3210.92156261384	3941
3216.08164145776	3942
3212.31213389497	3943
3206.4710759914	3944
3210.94753715598	3945
3215.77351173542	3946
3207.46693392215	3947
3209.97821699741	3948
3208.1522346754	3949
3207.43710097773	3950
3199.26178044405	3951
3210.54935616356	3952
3195.83480687435	3953
3207.04252942711	3954
3204.94188515853	3955
3201.63100702521	3956
3214.29025183563	3957
3204.31389975621	3958
3214.75033183329	3959
3211.55496835784	3960
3213.65912679982	3961
3199.9885278419	3962
3213.88076672155	3963
3209.89547326497	3964
3220.64748171955	3965
3206.45650556434	3966
3209.47426245897	3967
3203.38670471951	3968
3207.06812620275	3969
3204.34885391817	3970
3199.86140177879	3971
3211.44225643576	3972
3207.02670680331	3973
3221.26164322782	3974
3203.13072419199	3975
3216.61784802	3976
3208.83079680114	3977
3207.80771503673	3978
3223.66738254764	3979
3219.12276529802	3980
3213.92973397966	3981
3211.86877866727	3982
3206.86545911697	3983
3213.33219399754	3984
3200.40237514771	3985
3204.59207413376	3986
3206.49787293473	3987
3209.54977183767	3988
3220.26929563564	3989
3204.92691625588	3990
3204.59404492334	3991
3217.75564331922	3992
3211.46758522674	3993
3212.53537364926	3994
3209.09280297485	3995
3212.06254439816	3996
3199.64085403389	3997
3217.64101468363	3998
3209.88837499058	3999
3211.19117727534	4000
