"Iteration"	"tau_Intercept"
1	264.141361869831
2	266.929281438121
3	273.00852516039
4	263.115402455114
5	276.79793817324
6	279.365293407746
7	283.495467474386
8	276.196734518761
9	278.779113797049
10	267.886052350515
11	293.055380379721
12	273.713333090149
13	280.476356953462
14	291.227146702867
15	271.618335586436
16	265.853128468646
17	269.664638951473
18	293.338304632231
19	272.819999560639
20	274.955221236689
21	278.634862496798
22	273.858410761905
23	276.293091792464
24	268.860957682701
25	286.118322206184
26	266.780353801454
27	297.79559937843
28	282.826525727505
29	281.760161150526
30	277.301238708412
31	286.79784117987
32	266.521420182155
33	270.5211809328
34	274.073401958452
35	253.881728112113
36	278.320212712062
37	266.397719877585
38	289.52834256305
39	271.111349637842
40	277.601498126645
41	270.771905816308
42	266.236890295224
43	267.231853993059
44	269.785632201077
45	279.604905587462
46	266.211368775037
47	269.570656148854
48	284.019248020919
49	272.315670627866
50	265.303818473543
51	282.939642611827
52	267.979513017337
53	285.272990577629
54	271.701218796575
55	289.38003075643
56	271.329308375517
57	278.355568543725
58	274.073722064183
59	280.121287860718
60	261.982806961248
61	274.524034087634
62	269.933083292791
63	274.97175428892
64	269.880662470341
65	283.314676544095
66	294.623110998407
67	263.555609879581
68	261.762582179655
69	280.86312734747
70	266.924795061219
71	268.293507864038
72	278.450070546719
73	274.968340318501
74	265.495786033374
75	269.176781651143
76	282.613180970125
77	263.254107322037
78	257.827209828468
79	269.68254400019
80	267.852960786761
81	271.931625510581
82	278.06064732016
83	272.954094863691
84	271.84646950591
85	278.073191884632
86	287.854995456388
87	272.739784171768
88	278.273489419532
89	269.807340650846
90	275.826283643748
91	272.573221627914
92	275.846223834016
93	277.766535570976
94	270.556735416916
95	279.843566903493
96	275.427306098084
97	275.922088151142
98	277.216576192219
99	288.986795878759
100	268.53664667342
101	269.100656744022
102	274.697025848379
103	279.432768791251
104	279.688090229753
105	278.199974858547
106	284.79250589969
107	265.509184396278
108	271.376364953249
109	260.028836187047
110	272.820535500529
111	276.364278201153
112	282.60076055674
113	271.57516812208
114	260.11303329839
115	262.856297538315
116	275.108763468305
117	269.435679184734
118	288.572128421664
119	257.200407158725
120	268.931312801897
121	274.218331702867
122	266.419294766901
123	280.017087556576
124	272.641514130909
125	274.405523758989
126	279.537176794703
127	268.154392372371
128	271.018362124034
129	268.278165559723
130	278.111993155401
131	281.364268696702
132	275.628458850552
133	273.789593828323
134	268.392308853792
135	295.349667978126
136	270.091508631849
137	275.984379265793
138	272.409909882869
139	282.571309210387
140	269.062008336611
141	262.383581206009
142	289.79574183305
143	290.398746218818
144	254.294473806716
145	271.671771799524
146	273.742212611086
147	267.314842079042
148	269.880312801298
149	259.342401038952
150	267.445347916977
151	266.044432216663
152	276.503102894764
153	271.368130842216
154	270.798747484552
155	278.702078881197
156	291.980401101234
157	285.961747492342
158	269.423161873552
159	272.325378070507
160	295.77256274254
161	268.110391816826
162	265.176014550876
163	279.444698830595
164	263.864665301308
165	275.803388328371
166	271.833384873906
167	263.144580901667
168	266.270295185822
169	272.66436886863
170	254.557731423474
171	269.800439642039
172	274.06010655115
173	265.55334761064
174	271.230945198709
175	280.146161082671
176	259.829181541458
177	293.689194984789
178	278.101792561318
179	270.444568917702
180	260.010040924391
181	273.788771571893
182	273.354905202945
183	270.787432942805
184	280.988782572838
185	280.074993400192
186	273.356588741843
187	264.21812225929
188	270.739127319304
189	254.165133619597
190	271.191154688443
191	288.055532881843
192	267.399887422203
193	272.927059822304
194	274.442913781937
195	271.234835341073
196	262.039242459138
197	268.265930451109
198	282.139150837576
199	269.742115491312
200	258.063320149971
201	289.040060798026
202	270.538149699808
203	276.305992347525
204	271.675855526449
205	264.739399100772
206	275.736293530271
207	267.088206951424
208	277.563045241936
209	267.897311617092
210	277.593911162912
211	283.171522521473
212	266.948682733025
213	275.32860907546
214	267.399987063729
215	266.351936395753
216	263.120509476335
217	261.924617111845
218	268.327359102985
219	271.202007606926
220	270.719262483851
221	268.62744106634
222	272.205433020413
223	272.958175591406
224	275.733485952834
225	260.468664170352
226	274.698226854833
227	267.381211249209
228	289.438804836188
229	267.337854462844
230	278.1318922416
231	279.594044312944
232	265.069633714917
233	275.997868838519
234	276.352922098877
235	283.249372443662
236	272.575105520659
237	273.116465029109
238	279.810009458523
239	267.272712055227
240	275.533626437734
241	276.641257488776
242	277.471629094884
243	260.830724534294
244	273.418367565569
245	259.019883387053
246	268.654611581962
247	261.89735036747
248	258.942173072068
249	268.17686407644
250	275.140343015762
251	260.710531177047
252	279.922326613857
253	284.988877456126
254	276.829128472071
255	282.739499647361
256	268.051827468029
257	271.365243188185
258	267.659228743028
259	279.067018199183
260	270.544750183905
261	279.004157309573
262	262.636884350411
263	280.886490595231
264	267.160501515218
265	290.811896654339
266	270.950590108585
267	285.941485664697
268	278.104625270681
269	274.165173233015
270	262.956601914835
271	292.855405589125
272	268.980540438942
273	267.375404765159
274	265.033573008337
275	264.921358114946
276	266.927371247575
277	273.787109221424
278	266.818603463247
279	277.396173431502
280	258.541384847361
281	265.12321635342
282	263.39091161572
283	280.958879637875
284	280.607442210807
285	274.812480023147
286	258.022340730018
287	268.471909901999
288	273.276545484544
289	280.022171000135
290	267.585854245632
291	268.396838252188
292	261.677309698716
293	272.396226069495
294	282.912460141566
295	268.390302022546
296	264.103726418424
297	282.116721290092
298	267.675990450171
299	275.02240357728
300	272.610198314675
301	279.542100084409
302	275.063781890462
303	273.949608355023
304	270.839952656698
305	271.151273005536
306	277.525280275758
307	274.212036504641
308	279.971218334681
309	269.099571723811
310	258.505610195656
311	283.150190143586
312	261.002452885223
313	273.683081509024
314	276.722519237017
315	272.039985007015
316	282.421079079172
317	277.452380701226
318	266.093333411094
319	277.262333229348
320	282.039394169055
321	284.295205964996
322	272.984280836086
323	272.239623683327
324	277.495178311943
325	273.650040441159
326	286.310256467219
327	264.15333385403
328	271.543958271064
329	268.742732270017
330	265.059655621897
331	276.898575008242
332	264.592597328892
333	270.839651107417
334	267.299111181888
335	281.255623353038
336	275.937033269899
337	274.716666688757
338	273.86261611545
339	265.49750982802
340	260.4045930283
341	259.378575884612
342	276.275280042764
343	278.519389084388
344	268.055626128301
345	287.123416800387
346	286.666926683526
347	273.955882816649
348	265.998255839227
349	279.435964529286
350	267.063101140484
351	280.742133451309
352	270.528793573244
353	273.35323297648
354	285.271994520907
355	270.317729791969
356	286.522867450279
357	271.613008267925
358	270.423752174916
359	290.277724059093
360	284.347536668406
361	259.69038649652
362	285.914285800425
363	265.508205842252
364	272.217988043138
365	266.505041970149
366	283.763977925607
367	259.838505127411
368	254.744012980808
369	275.610238120038
370	271.92480194186
371	274.23358792362
372	277.450419969097
373	271.666209677927
374	281.510546052071
375	268.867160833664
376	290.012591064576
377	264.025141120418
378	271.23561310034
379	263.41409041695
380	262.484470436
381	262.37365709691
382	269.659851231375
383	272.424386502415
384	273.005044245922
385	288.505470990917
386	275.561505072802
387	269.445832886265
388	285.220836044212
389	271.259001044363
390	272.805737683035
391	263.913881607669
392	278.244394281072
393	276.896833601838
394	279.932043085093
395	282.853336458071
396	276.74273500087
397	276.947351832893
398	279.401443361306
399	268.224524879589
400	271.168950309114
401	280.815853031123
402	268.581109731783
403	278.68980678002
404	276.177199196637
405	273.950000228869
406	268.0387136404
407	266.050208168497
408	255.393111334194
409	267.306040369938
410	268.517186190848
411	263.807239349772
412	267.88973494849
413	268.773072538733
414	275.646023833998
415	267.50584073111
416	265.921734534637
417	249.608679819519
418	265.129235351996
419	265.718267837095
420	282.232231193981
421	289.307407784576
422	274.318430605211
423	269.832941549141
424	273.93091625712
425	271.080467292591
426	255.499498496218
427	280.360360520183
428	282.102804087291
429	268.236424985445
430	263.926464548852
431	273.996078986216
432	270.729813843059
433	286.14301350256
434	273.802104502302
435	280.444766171444
436	268.017423722589
437	265.044963609423
438	290.47333253155
439	278.086552066027
440	271.478870757787
441	271.927326490939
442	278.720696893753
443	272.63683548104
444	266.671930364265
445	270.627667549601
446	283.836136264358
447	271.203449884944
448	269.891732216218
449	273.666542019771
450	273.321000711026
451	262.108869484566
452	276.616591476971
453	280.373869020074
454	270.698659731414
455	282.893348387218
456	269.5090474375
457	275.49776293824
458	278.569771908372
459	270.089996620374
460	281.296009145869
461	268.464700423349
462	295.242838844869
463	266.434178340822
464	260.968003368035
465	281.314342884947
466	279.03471342325
467	264.395093594224
468	282.723183628701
469	267.282969311302
470	269.969280535003
471	284.159664058905
472	263.739909544085
473	270.127383558992
474	268.28883514972
475	271.924188832846
476	269.182564368837
477	273.922140657913
478	288.176200959688
479	272.356828130428
480	261.825259082013
481	277.109174909291
482	283.577959997117
483	279.796224443805
484	288.061010446876
485	269.488657972952
486	274.255049262618
487	260.900171936946
488	270.312912884917
489	275.692168998039
490	272.430668273893
491	280.400879103076
492	298.208672694368
493	276.117854286549
494	258.286036990884
495	254.563264201814
496	258.997440377541
497	277.103336938242
498	262.900470414691
499	272.823538135141
500	277.297984422943
501	260.195418296037
502	282.933836363392
503	268.264830342184
504	271.455470629533
505	273.308297750308
506	269.180151123846
507	277.703351654255
508	282.181788433761
509	273.226248333652
510	266.693956365817
511	287.753045228657
512	271.787074465076
513	286.148517331235
514	264.688702879463
515	280.195333048763
516	263.381402581986
517	274.745593018585
518	267.566622534711
519	266.949542214117
520	272.605611280479
521	271.117433392086
522	276.034797005396
523	267.683304202373
524	273.764300294198
525	283.927004603423
526	278.674205284214
527	269.206959843375
528	277.386241671537
529	268.301338896728
530	276.161999839566
531	282.491676835749
532	276.806023661898
533	284.369988099617
534	263.392060408538
535	287.827400921883
536	265.074416409226
537	274.738356655066
538	267.477990561595
539	279.091647535823
540	271.635310894622
541	279.776739406257
542	263.950309323877
543	270.789901096782
544	271.048373528318
545	258.50053037237
546	262.352662965639
547	261.754768235358
548	262.42213020847
549	284.188428727807
550	270.128240080333
551	273.493956948091
552	276.782090909455
553	273.557755696725
554	274.236625343315
555	270.470098465151
556	271.778026464901
557	288.401849912971
558	275.107120839775
559	275.150571084546
560	257.634757191865
561	250.766140345905
562	273.261008926983
563	251.642609388618
564	263.274475219996
565	285.845963350592
566	254.703041926555
567	265.687011724378
568	270.126062594183
569	276.404123536671
570	279.323302829615
571	271.111609269049
572	265.110109583019
573	270.831434628679
574	255.128497239618
575	282.020136313854
576	270.389946561367
577	286.395766167243
578	281.17976786179
579	269.497727309512
580	278.998374048172
581	264.863622800924
582	258.129868795729
583	285.399663454503
584	265.264520736505
585	270.708520132765
586	274.096507847741
587	279.805102061093
588	268.747207072217
589	272.348227473105
590	278.987770931274
591	273.008218173322
592	284.810708043542
593	266.60441513008
594	269.874983996458
595	280.152946317568
596	278.872396445353
597	279.915525846947
598	283.154441128583
599	287.361409594841
600	277.326562304772
601	271.863145269208
602	267.752032123498
603	276.160073833471
604	257.096454194698
605	252.37867280651
606	273.586752172923
607	264.552889447332
608	282.352424938713
609	275.166926984943
610	262.136647919929
611	260.37287628493
612	274.021885911507
613	257.896973525505
614	263.087937904764
615	257.940566605291
616	292.254279172864
617	274.714279891618
618	270.517167077513
619	272.814838065218
620	278.323286264357
621	269.869174897125
622	274.282142378598
623	259.42786505677
624	278.668154748957
625	273.787886279555
626	270.818339600367
627	295.142790357945
628	277.337136692595
629	266.9510537622
630	289.896065762503
631	284.667485145035
632	275.229118006464
633	277.533975131893
634	277.074749977567
635	275.129112678258
636	259.519496403685
637	276.858009578933
638	285.51350339381
639	276.411566600721
640	262.922271153491
641	276.877183586706
642	273.047989532614
643	274.650048486392
644	278.543866356936
645	275.448132580915
646	254.247303411135
647	265.835026676099
648	269.461756472082
649	276.532754047822
650	268.475766653292
651	268.423645321585
652	270.464893126014
653	271.350887662426
654	276.113936765492
655	272.215587865515
656	293.113448225201
657	257.953078091834
658	265.271243359109
659	260.626395289491
660	270.284988801069
661	281.822937775833
662	278.609773330777
663	269.461624259953
664	263.266728862272
665	280.188606485306
666	284.231432370876
667	260.33773220567
668	283.398286898389
669	259.739811606991
670	257.921755144243
671	258.391898741527
672	286.696153446876
673	279.258480298263
674	279.751061099867
675	276.781713001257
676	276.290931183817
677	277.593967268695
678	274.060958783145
679	266.712496109653
680	278.758343770641
681	273.687037631535
682	272.262684770429
683	275.467730350212
684	274.760005394394
685	270.864162008734
686	261.250596120349
687	271.412937932128
688	272.876197113867
689	262.400110445477
690	279.336562115642
691	272.339256151323
692	265.925766598828
693	271.163157393888
694	267.472355927778
695	260.790365997039
696	266.871856751243
697	267.252358250656
698	268.783003486608
699	264.60856315329
700	268.181361058188
701	279.449691688588
702	275.039049058422
703	268.857892582442
704	255.398688366465
705	270.576428320952
706	275.414201199054
707	271.896586775589
708	278.612762788662
709	279.920489013456
710	282.658113250717
711	280.306496654957
712	283.033132307065
713	260.146772264392
714	273.641258404609
715	269.964299947973
716	273.080623691107
717	281.978654201369
718	270.828491726514
719	259.080356938876
720	274.818810679123
721	272.299304389357
722	264.746823148412
723	269.021915768947
724	281.799276338698
725	278.747444684832
726	274.326603521566
727	286.296324585545
728	276.471978005025
729	266.462023014385
730	268.213537491449
731	273.198441667053
732	263.382974795349
733	277.145966590607
734	276.453087604606
735	278.467507925589
736	279.854172445012
737	292.69421631695
738	270.331228682556
739	282.606166722513
740	267.804237088625
741	269.193745181929
742	286.038854335023
743	275.326342495289
744	273.601671849446
745	282.390821505181
746	274.715382848503
747	273.878026037809
748	278.779861364762
749	279.450738916912
750	275.562795745531
751	267.68115287545
752	277.05103471968
753	288.219966394432
754	284.801710333677
755	268.302883296062
756	276.306357207433
757	271.098002298575
758	271.846605089648
759	286.259601759654
760	271.988946898692
761	262.227341924164
762	280.748272517091
763	273.365486209323
764	275.327644295703
765	265.554066340326
766	256.042118830294
767	283.380131254324
768	287.917728763487
769	277.016590869055
770	266.836061296562
771	267.198578411025
772	273.355480147925
773	261.194929998096
774	278.94297160362
775	279.621383035774
776	271.072449692338
777	283.8200455929
778	271.8160733382
779	261.494408854786
780	261.85496002289
781	272.120536148395
782	277.585926582684
783	264.531873865148
784	272.368331795613
785	276.39270247604
786	268.346984732192
787	281.414874025693
788	288.331668184489
789	283.198152726648
790	270.668943374299
791	267.203270832366
792	296.001078424297
793	276.56047459526
794	274.882400465856
795	271.702470672983
796	272.049557775906
797	266.418463217723
798	271.993359202575
799	281.698631890926
800	257.329063896839
801	265.225192853045
802	269.520850223161
803	279.310924463967
804	276.986381651742
805	260.583312318977
806	281.608268109048
807	273.820976145931
808	264.930194338206
809	279.923775424498
810	266.996396225779
811	257.91572865308
812	277.298792928691
813	272.282766179286
814	267.751964453665
815	269.23273254929
816	279.062441173085
817	270.131545212821
818	256.013477415221
819	266.52666792209
820	273.33331331719
821	277.8124705049
822	268.921916342265
823	283.18429939167
824	270.425979974924
825	272.844268979103
826	286.489082500436
827	257.510311871131
828	283.229064171054
829	272.657590454938
830	261.514930996491
831	273.981939866771
832	269.351721848431
833	277.245771096743
834	267.981327687124
835	274.458620284815
836	277.671592067562
837	275.67729323301
838	261.710924019881
839	288.456147611797
840	269.936375784038
841	275.007356168393
842	269.944963736405
843	280.358575346632
844	276.197154599823
845	272.43196813644
846	268.736218650924
847	285.346986524428
848	281.409436401112
849	273.535157980152
850	283.499056353012
851	267.939514704457
852	265.322993380468
853	281.286777669231
854	294.796741173752
855	267.078904448369
856	269.515166524017
857	269.260421475071
858	267.289890383607
859	268.989944907184
860	264.257417779286
861	266.918272331366
862	262.467223433232
863	270.833827085964
864	255.080848002787
865	270.820655999715
866	264.44570116542
867	270.358776592571
868	269.603598445263
869	278.606150629037
870	270.348808713434
871	281.94535192783
872	265.622979340263
873	292.928891105281
874	280.129363397034
875	278.865170763878
876	261.38889828833
877	263.058690774274
878	261.217635644499
879	269.35646709136
880	276.792017543906
881	272.066591668558
882	269.31316880268
883	287.089504591225
884	266.789466532234
885	274.382931669955
886	275.318421504139
887	281.351215871282
888	278.993353769801
889	259.198450204459
890	269.863764844427
891	274.434539025001
892	285.287045576218
893	270.646430156633
894	267.710781747792
895	282.673444287816
896	267.710703076473
897	281.240723488615
898	273.939783287095
899	265.957477464974
900	274.524588345827
901	279.311372815513
902	269.087142671127
903	268.596888803748
904	267.25890871137
905	272.690955518444
906	273.220990571593
907	262.3732658188
908	264.107086703522
909	263.055685562579
910	273.541851647305
911	276.830864819752
912	281.01790260932
913	280.053203046616
914	277.36034892138
915	287.173876571516
916	270.20701335378
917	273.469955231682
918	271.95698834083
919	266.973432430049
920	266.991638284455
921	252.587893078936
922	273.982018651941
923	275.574776181915
924	274.565546114875
925	291.917388202096
926	273.999470583505
927	275.927759230799
928	281.868209437743
929	276.495981828814
930	271.254655395131
931	278.009836948389
932	278.450488955779
933	267.277659063053
934	274.949631024116
935	265.883727114997
936	260.618123560937
937	269.470174189809
938	270.511224748307
939	278.487746747111
940	281.568188669778
941	280.415392678857
942	265.10052443982
943	286.12694750741
944	267.753501812072
945	280.625879052075
946	267.783150773666
947	263.904912195491
948	265.787124759386
949	275.650457436702
950	271.352924208846
951	280.351832846552
952	280.117147136767
953	276.823700070281
954	283.741252056488
955	266.198330539925
956	267.091940725839
957	266.956721728104
958	272.165944079057
959	265.801862280422
960	277.109193538068
961	270.659031616658
962	264.842389436165
963	285.551657460389
964	261.703688359261
965	272.18529337619
966	259.899843466053
967	283.775522747827
968	260.93456996424
969	276.573981533035
970	266.262152364721
971	278.335867956272
972	274.304634418615
973	267.405969240052
974	276.408105184523
975	269.538637155854
976	278.451295355538
977	271.373038660379
978	276.908477313054
979	258.637827328975
980	267.290258507561
981	268.144077995093
982	265.447991517218
983	267.075651617657
984	283.074001369176
985	275.744358731844
986	264.229324751159
987	276.883043187388
988	264.731650108846
989	283.188915834956
990	279.123774781182
991	280.579532055996
992	276.502498307093
993	278.745053947187
994	270.432974250455
995	278.514641163628
996	292.926715887467
997	281.410874392315
998	279.979486446535
999	271.509890462408
1000	276.049309147379
1001	266.688091338684
1002	267.174293970117
1003	289.744840777788
1004	272.033317424977
1005	280.558619783095
1006	260.737100242124
1007	263.377577603535
1008	285.808273090556
1009	276.315953642108
1010	266.949576557491
1011	272.664493687965
1012	278.069226570322
1013	280.727100951566
1014	258.371488744633
1015	268.012342528948
1016	275.042334219164
1017	272.946011773948
1018	277.874903678032
1019	271.531298977795
1020	248.331864717443
1021	268.035032915105
1022	275.460513754236
1023	261.68520279592
1024	264.186583624954
1025	296.69783097615
1026	264.549859459848
1027	275.570178331455
1028	266.039628599234
1029	274.688112848841
1030	272.928200028128
1031	273.563553804781
1032	271.859972585698
1033	274.940918324193
1034	272.216547209027
1035	273.47034063421
1036	284.603072193764
1037	267.233988863863
1038	279.928029181633
1039	271.633781982056
1040	277.65930653105
1041	276.605394228512
1042	259.507775946371
1043	284.824870750424
1044	266.104427686247
1045	260.273468200039
1046	273.656063073122
1047	266.971490329932
1048	277.702320942087
1049	268.965619624386
1050	280.727209763654
1051	286.703680828105
1052	276.596419161517
1053	277.219521362787
1054	273.471932071459
1055	284.97516690102
1056	267.002108919675
1057	279.132433108708
1058	267.001714301634
1059	282.023923507659
1060	271.33585233732
1061	279.551252633456
1062	267.938689949536
1063	273.39265773952
1064	265.388741742278
1065	277.3654878254
1066	265.422314601969
1067	265.695027244773
1068	265.524856416805
1069	269.764259400985
1070	273.863362021464
1071	268.129476573228
1072	267.61325452032
1073	280.860727935478
1074	264.22864530639
1075	263.703188053308
1076	279.466435011865
1077	258.603502760473
1078	262.217688562145
1079	271.518903619229
1080	266.740596386593
1081	259.022983401677
1082	269.430756264836
1083	269.622209738799
1084	274.069104393219
1085	279.012600122684
1086	273.820414164478
1087	277.999337199283
1088	274.815991346274
1089	273.013994900127
1090	260.084213186625
1091	273.408121680029
1092	277.612844028817
1093	262.387773031086
1094	268.52788898406
1095	276.338027677904
1096	275.597774257604
1097	277.260019290826
1098	279.424347979429
1099	286.593178118936
1100	279.743491163237
1101	285.1112023729
1102	272.949118313005
1103	276.881405715217
1104	278.820421157227
1105	266.056107834983
1106	281.611262551097
1107	270.460233746416
1108	272.291902093463
1109	281.717843528219
1110	275.167515079624
1111	276.440285593819
1112	270.446523656235
1113	281.51081819147
1114	271.09809636871
1115	271.619163916453
1116	261.383756988479
1117	279.392697403719
1118	267.602155166016
1119	265.799076893919
1120	269.5708640141
1121	283.413235764138
1122	269.688599448281
1123	270.468164071667
1124	290.728783334698
1125	291.015599996625
1126	288.915241859112
1127	264.699296917373
1128	278.643501633305
1129	287.107619826082
1130	266.534808360844
1131	283.958573479521
1132	266.249337110677
1133	281.769772376385
1134	265.69812807682
1135	257.107924594751
1136	269.567363056498
1137	277.627224656499
1138	273.571697661166
1139	278.857192798706
1140	271.923767546391
1141	268.393855636743
1142	285.739496327003
1143	257.779791140554
1144	285.874901843053
1145	285.022436819747
1146	258.789123667241
1147	269.409705584982
1148	266.716948075477
1149	268.554174928117
1150	249.335981009664
1151	274.682562551433
1152	267.552279963688
1153	276.226202870797
1154	276.677916520611
1155	276.150196368296
1156	274.681548156739
1157	271.669653335171
1158	253.177727562189
1159	270.05662757186
1160	283.882269431245
1161	275.514955526319
1162	282.968078904779
1163	263.730555128305
1164	279.29636624625
1165	275.543589912554
1166	277.866310480234
1167	272.521707969027
1168	282.654285873894
1169	277.565945417496
1170	274.037525285026
1171	273.35617109441
1172	276.945003164061
1173	281.85609857053
1174	272.951576893009
1175	259.826718749115
1176	273.432746377206
1177	260.963325170332
1178	273.657861965618
1179	264.213862149828
1180	273.639847605693
1181	281.817104612843
1182	261.700301832074
1183	269.293503632219
1184	265.383942021004
1185	269.739622177972
1186	259.259751768199
1187	276.479497326923
1188	276.68220319167
1189	272.549120179326
1190	264.167641428358
1191	282.40790596368
1192	273.304506709145
1193	258.741221393003
1194	271.14279848133
1195	283.426499003695
1196	279.382991085887
1197	274.941219092013
1198	277.592551030711
1199	284.381743180916
1200	277.645936152885
1201	288.286015104228
1202	271.393585020782
1203	273.89902332953
1204	276.822966528007
1205	264.950781178855
1206	268.077109820167
1207	281.715182027523
1208	274.873809225827
1209	277.717237958786
1210	288.3294545897
1211	267.967071728723
1212	264.785873644194
1213	284.10464983371
1214	274.477148305702
1215	283.352858663115
1216	273.531046905116
1217	281.569462109856
1218	287.946620412018
1219	275.448515804849
1220	263.537573529096
1221	277.821537740388
1222	292.299922932157
1223	272.598792556668
1224	271.671483896377
1225	273.488010910957
1226	266.773618705187
1227	262.594554512952
1228	257.1771750414
1229	263.860295572673
1230	278.953359409853
1231	277.550289987597
1232	269.218026712755
1233	269.745823194909
1234	286.057054535317
1235	273.347130280562
1236	281.322941287711
1237	280.476688973452
1238	264.590967430741
1239	275.930822902751
1240	289.364744033129
1241	285.858466141789
1242	280.383872483144
1243	265.877063266049
1244	285.489335385763
1245	277.800187225031
1246	266.242145959507
1247	274.360803071261
1248	278.833152360503
1249	275.653393923068
1250	290.66278737671
1251	276.833099477145
1252	281.236070221424
1253	274.992608538458
1254	279.972608741861
1255	287.758298586965
1256	284.138036715525
1257	277.093307021928
1258	272.84805044093
1259	275.605189641979
1260	271.791131214124
1261	275.81145899088
1262	278.596234666226
1263	264.285589966809
1264	266.813967336218
1265	269.598338543213
1266	285.705952275928
1267	268.122100988716
1268	287.392373213691
1269	270.235690244811
1270	272.619363439183
1271	265.69417176135
1272	286.046685852109
1273	267.562172846129
1274	274.782880772182
1275	281.23670529398
1276	283.348836866441
1277	285.165217494253
1278	269.308297253427
1279	272.557889496294
1280	262.373580673827
1281	264.56987049442
1282	290.811665399643
1283	263.772200481634
1284	266.725528003456
1285	266.6278451908
1286	271.729064947555
1287	260.628880237853
1288	275.295767618813
1289	269.415336232005
1290	288.060261572365
1291	262.880361176461
1292	274.795243832745
1293	272.469510645986
1294	267.240628640899
1295	284.271578740391
1296	279.992034474485
1297	276.869455860875
1298	275.333744418735
1299	266.965065820045
1300	267.320186255025
1301	273.467583378206
1302	275.313787872252
1303	273.816129463854
1304	273.670261028926
1305	273.748339976548
1306	263.179724353548
1307	278.314327249682
1308	294.040429193275
1309	289.495420612431
1310	273.310360866687
1311	276.905061803599
1312	267.724271226773
1313	257.869014846704
1314	272.298128392201
1315	270.365133776984
1316	262.745427668861
1317	293.868645541674
1318	276.354086376889
1319	266.802078207053
1320	267.531542482692
1321	265.613965556022
1322	287.612254948411
1323	275.169359995337
1324	297.666980779635
1325	266.303746312636
1326	263.081636183069
1327	261.126403315606
1328	267.126017258944
1329	263.763399559129
1330	281.101912030456
1331	272.214530749529
1332	279.312381987509
1333	274.557923458129
1334	265.51091583605
1335	265.386411878846
1336	289.069846358338
1337	268.227784829053
1338	277.912846562714
1339	273.124272520804
1340	268.69891688433
1341	271.361153793139
1342	272.310774317917
1343	280.310129284193
1344	269.305139988352
1345	268.042335100377
1346	273.593155670117
1347	268.613671773368
1348	268.511347859062
1349	267.089407681361
1350	275.759467498941
1351	274.028413441325
1352	278.323053415374
1353	278.691227336902
1354	278.152277296705
1355	278.821056646516
1356	268.405234423459
1357	282.230907136209
1358	273.870801432627
1359	264.936536448462
1360	271.138866629229
1361	273.283602080874
1362	275.037998851287
1363	280.548299009958
1364	261.861101466916
1365	270.01701588636
1366	270.739370077535
1367	280.348116555207
1368	268.780746680079
1369	276.961592183023
1370	288.466105844547
1371	288.355013122424
1372	279.489642662389
1373	283.35553210767
1374	279.901660953939
1375	277.802935675758
1376	274.768203757761
1377	266.366888653297
1378	273.304127297253
1379	269.478816178303
1380	259.832021604561
1381	262.134581051275
1382	286.660179975796
1383	267.475643277287
1384	268.342372382968
1385	264.214167003588
1386	290.273814080085
1387	277.594713943998
1388	287.812018496564
1389	281.41153706457
1390	281.550230573053
1391	270.564499375631
1392	282.347693108119
1393	277.321279388479
1394	270.650566967812
1395	279.238246918456
1396	258.692364395631
1397	282.849400410737
1398	268.625406058766
1399	267.324960300175
1400	271.071519079763
1401	292.773058181526
1402	273.980535723626
1403	269.47341938701
1404	268.646845480119
1405	281.373312576624
1406	270.057383010264
1407	276.764689023666
1408	271.153536778974
1409	278.415374201074
1410	271.775037398112
1411	273.610026099378
1412	275.76826332434
1413	272.385510602998
1414	292.407618766946
1415	270.719844803451
1416	274.070525766529
1417	275.204979432446
1418	283.961959932461
1419	264.235183556481
1420	264.218734206361
1421	273.000383995536
1422	294.17961751149
1423	276.76064492642
1424	257.861087506702
1425	274.566906370887
1426	276.890520450381
1427	257.758776276986
1428	278.702145217112
1429	276.135304973701
1430	261.67267132616
1431	265.82210273461
1432	270.131649355385
1433	282.146621414313
1434	272.030261355796
1435	285.756057930411
1436	264.633504959164
1437	276.373082292089
1438	266.32354173752
1439	271.703383833369
1440	276.820895637428
1441	274.202292019471
1442	284.895595514531
1443	266.943615204638
1444	284.083840051275
1445	283.551666337611
1446	266.817166841704
1447	266.519367224355
1448	288.236105403528
1449	272.983724980967
1450	268.115052857543
1451	267.697357580904
1452	270.597451231161
1453	281.549167330698
1454	270.202419155381
1455	270.046791486622
1456	269.496437967869
1457	273.753597352281
1458	263.537482549929
1459	278.573977990659
1460	276.27573245773
1461	283.201703363032
1462	271.45120288767
1463	282.377523697201
1464	274.171946055253
1465	267.490497657292
1466	255.841018585161
1467	281.903922413308
1468	274.839156694819
1469	261.722169610849
1470	273.098810958863
1471	275.554375702024
1472	269.273294363003
1473	274.694421791694
1474	271.878477255633
1475	270.286038986479
1476	269.082305070664
1477	276.996990909383
1478	275.629592827878
1479	265.83580057777
1480	269.564825606667
1481	281.59855058036
1482	274.819607151418
1483	275.750408226113
1484	265.674685682136
1485	274.758037379875
1486	281.518627696857
1487	264.212365580877
1488	271.797738787023
1489	264.672605761105
1490	264.880364007856
1491	280.855343819693
1492	275.828744119387
1493	275.194966956066
1494	252.519938195631
1495	267.409113022497
1496	254.839324800753
1497	269.23809445311
1498	275.875241639398
1499	278.892353611895
1500	274.425562007248
1501	263.341418054676
1502	268.171860321122
1503	283.496818895209
1504	272.311848832625
1505	269.317031985189
1506	279.115020565474
1507	270.125376525125
1508	262.707816897082
1509	279.007685638309
1510	276.243453994073
1511	277.39759589997
1512	268.521111465001
1513	272.00687053057
1514	281.38267225561
1515	276.668369599385
1516	268.908712622512
1517	267.920072208706
1518	291.260151130135
1519	265.471840024897
1520	282.537589436392
1521	271.025934815285
1522	263.764915545381
1523	290.856358656749
1524	282.890854405039
1525	275.549369414202
1526	280.676073595472
1527	263.261233266417
1528	267.91279482753
1529	278.454432022239
1530	280.514272006061
1531	266.645182950052
1532	267.18012960357
1533	275.900312829953
1534	275.554580961077
1535	270.437299495002
1536	292.291008009216
1537	280.407044829841
1538	277.464177143141
1539	276.726444236047
1540	276.953851968351
1541	278.646316789089
1542	272.719507319056
1543	265.957639778087
1544	265.135778421757
1545	274.613074479248
1546	267.191461222803
1547	266.372109299079
1548	258.513102283395
1549	272.832791357033
1550	259.710029148006
1551	268.711732117466
1552	256.45150651182
1553	269.518921778341
1554	276.872997816894
1555	282.123308538059
1556	258.204677143037
1557	272.880194695593
1558	255.845055865238
1559	284.4710543143
1560	266.88938860365
1561	284.963476566621
1562	265.225518219508
1563	260.548358448225
1564	261.096883613465
1565	291.359370651865
1566	269.26290385102
1567	277.721154307558
1568	271.709818843438
1569	269.290616097404
1570	260.959779744525
1571	280.599178915796
1572	276.163866004527
1573	277.13212401209
1574	252.749640081296
1575	280.218715522493
1576	268.034663027749
1577	271.369636040401
1578	265.279456083195
1579	262.295485432052
1580	275.576783860478
1581	284.293497186469
1582	280.295808524495
1583	290.203581593191
1584	269.719895364848
1585	273.370330077784
1586	278.550547123123
1587	273.646257165396
1588	291.120224957424
1589	276.50733915025
1590	254.44732957633
1591	276.789726675753
1592	270.954069548579
1593	269.560223230685
1594	271.479750951718
1595	265.828284186945
1596	277.276393108073
1597	260.681244280601
1598	256.163220417926
1599	286.130050922233
1600	265.773690332678
1601	281.845233450736
1602	255.439006005515
1603	281.380207006117
1604	261.290091915691
1605	261.47026622199
1606	276.182637772272
1607	259.079465749902
1608	287.641362620254
1609	277.933944853445
1610	285.433837579112
1611	252.498198714809
1612	272.993699053559
1613	265.140408677533
1614	263.428422654917
1615	255.629535738661
1616	261.919019687797
1617	266.644529806266
1618	282.830222642139
1619	278.552505142976
1620	267.630248946883
1621	291.675357307894
1622	275.766468430149
1623	277.767794271874
1624	274.054242601619
1625	266.984068370707
1626	266.285908233988
1627	274.843629848527
1628	288.360050193272
1629	271.991673307562
1630	273.740522482551
1631	289.854533769306
1632	292.856528517894
1633	269.458090963712
1634	266.793599994777
1635	275.696381395449
1636	265.722086587326
1637	279.360351148423
1638	282.051361983022
1639	268.986731284541
1640	286.92213667944
1641	270.336886514187
1642	263.192729289717
1643	266.396785360857
1644	263.119550936811
1645	262.686537713994
1646	273.986989141478
1647	269.289235141977
1648	284.632182701993
1649	269.494547709353
1650	271.624123802991
1651	271.757608000805
1652	279.228194010095
1653	281.997374114355
1654	272.340578309963
1655	287.081753288793
1656	275.270783910212
1657	270.969965046385
1658	279.767661474436
1659	272.993536429053
1660	283.772546033578
1661	281.476662807744
1662	279.188168608983
1663	283.029596683347
1664	258.619375516888
1665	264.891324390608
1666	282.425964470168
1667	272.981861050377
1668	297.811133285753
1669	260.551157303526
1670	287.725062148946
1671	261.060095061217
1672	274.617686881625
1673	276.911280728992
1674	269.912228637304
1675	288.975497636597
1676	266.29932639617
1677	285.231929933748
1678	278.927741897451
1679	267.169402796389
1680	266.214416560633
1681	270.243193869532
1682	265.26750091476
1683	260.187701046501
1684	268.974220785038
1685	274.16394490313
1686	275.813740192589
1687	269.59445560639
1688	257.287439202428
1689	281.620300369102
1690	269.330013462147
1691	277.74079937469
1692	274.395055938699
1693	259.652255201863
1694	279.877796163292
1695	267.703630214435
1696	267.005651643472
1697	284.156291851625
1698	277.127502835494
1699	270.247856623207
1700	264.680657393374
1701	280.080144330839
1702	279.279405242144
1703	291.426176783361
1704	276.383692317319
1705	273.81010279047
1706	268.861929547095
1707	279.977496298243
1708	264.551970316388
1709	276.41250047428
1710	280.044523235247
1711	277.048526008455
1712	281.11768248224
1713	270.803138384579
1714	280.788898093084
1715	286.511144489594
1716	278.003855112396
1717	276.303376342813
1718	276.309652634864
1719	282.817659795316
1720	277.107869306581
1721	263.494901135746
1722	260.587356963175
1723	266.723580326637
1724	268.70742348387
1725	293.4234277947
1726	285.899890031259
1727	269.553094745505
1728	267.644680798769
1729	274.017692076671
1730	270.268107329251
1731	280.719621535607
1732	278.406219572308
1733	272.302965999522
1734	265.43653528874
1735	258.406202355996
1736	275.350019406646
1737	270.213004697822
1738	272.813314616243
1739	279.472348010945
1740	273.106062064758
1741	266.587809509433
1742	274.966210512661
1743	279.388181112248
1744	267.079820684358
1745	263.293246261729
1746	283.867507434145
1747	289.248953964013
1748	291.300964955544
1749	276.295991636273
1750	263.33952505199
1751	274.30292289258
1752	282.322713406594
1753	278.715643752003
1754	273.750111958113
1755	297.008848361173
1756	273.650287454882
1757	270.009491945791
1758	280.795608882303
1759	273.885798082951
1760	246.716128455965
1761	280.836834384604
1762	259.854336039624
1763	266.634730751093
1764	274.980391936708
1765	272.623525371164
1766	279.845726989296
1767	281.054608067794
1768	265.429180242607
1769	285.304936430545
1770	266.035095177457
1771	295.566245505866
1772	260.614230878821
1773	261.85360973376
1774	277.11553544368
1775	286.172315656384
1776	260.349661303255
1777	264.834783354411
1778	266.64817714774
1779	251.083490124325
1780	250.716830943904
1781	264.030350791235
1782	263.961619866267
1783	272.304401064514
1784	253.239238143502
1785	279.929246687455
1786	264.449042112838
1787	264.453428891555
1788	281.856138525293
1789	277.126131628649
1790	267.879132046956
1791	270.919924914188
1792	278.577184890889
1793	272.689414079238
1794	270.489162598353
1795	288.888191825329
1796	291.817590726154
1797	266.662115547064
1798	267.731227339057
1799	275.083624325429
1800	280.978872548542
1801	269.299819888955
1802	285.320153857238
1803	281.796605066621
1804	275.669518424039
1805	258.628899751819
1806	268.658409611924
1807	280.549761971582
1808	275.518372411288
1809	273.194384341644
1810	262.851350498018
1811	277.131737573091
1812	269.891921590659
1813	282.821442166738
1814	266.333235517005
1815	292.27940853342
1816	255.403228218637
1817	287.912541662308
1818	265.05571797782
1819	284.422475819486
1820	270.869909268031
1821	274.151124015392
1822	269.4641295073
1823	265.318882843589
1824	269.854843317409
1825	265.383813120365
1826	277.631050473861
1827	277.698199687722
1828	271.810887935404
1829	267.870203255771
1830	279.152862409642
1831	283.829490088973
1832	269.532041466887
1833	269.711966391204
1834	283.45373157076
1835	281.167435809173
1836	271.501281489449
1837	279.970437740006
1838	282.423749933015
1839	277.177251095436
1840	272.547569232564
1841	255.791934819158
1842	263.675368513262
1843	294.54839230477
1844	285.172325298554
1845	263.909783630287
1846	282.405510179891
1847	280.850144903738
1848	267.749940924273
1849	277.745284517986
1850	272.14089287638
1851	261.523809478927
1852	291.141803124007
1853	261.127328511677
1854	277.312045834541
1855	274.922087671474
1856	271.519790040263
1857	267.840336470288
1858	289.019285220582
1859	266.071079874843
1860	263.225814982094
1861	272.070982393218
1862	276.379093993358
1863	265.348091458302
1864	268.761337822162
1865	277.881761194782
1866	268.741965586997
1867	276.011331879388
1868	268.416839596459
1869	278.047112762012
1870	269.985318601344
1871	270.937334232688
1872	281.116287919213
1873	269.838650288039
1874	279.030798168735
1875	278.914036063268
1876	269.031694548471
1877	286.498413702185
1878	261.933238419983
1879	290.263144241046
1880	268.205113422896
1881	280.314677123596
1882	288.053614509899
1883	273.332060335998
1884	258.410254411801
1885	281.287577725165
1886	299.030919905398
1887	270.743359696209
1888	288.684501508086
1889	262.010459358657
1890	274.304756074822
1891	272.454230504342
1892	267.357727951626
1893	284.548095195925
1894	258.328426790324
1895	279.150340644556
1896	260.773325525887
1897	265.022978591304
1898	274.992592132765
1899	280.735866576655
1900	270.180823088681
1901	275.657713118141
1902	281.83594439383
1903	272.548447890665
1904	251.536953082652
1905	266.969769223579
1906	271.511574699583
1907	273.555813211996
1908	274.385574056545
1909	249.64665388773
1910	271.116364522072
1911	263.84137995604
1912	270.624748302186
1913	272.223155702496
1914	277.887177126975
1915	265.772444595944
1916	280.343365942159
1917	255.747763088645
1918	272.61070799551
1919	271.159935113564
1920	271.247389468863
1921	260.847325015957
1922	264.807494271282
1923	275.588610021547
1924	275.868058444611
1925	273.762787159099
1926	273.76441444598
1927	274.989172243176
1928	282.569011550074
1929	274.419759333886
1930	279.187098914743
1931	264.509418173038
1932	273.523026518367
1933	271.823933018253
1934	262.322469641094
1935	289.488612727916
1936	264.322602209042
1937	270.046464319958
1938	270.498187800706
1939	279.98140748698
1940	281.249232271966
1941	283.638365149868
1942	258.984695390775
1943	273.495994457733
1944	271.558748251195
1945	264.387876937672
1946	271.038735471829
1947	279.479705211673
1948	274.568163136015
1949	268.676558357089
1950	269.353477133496
1951	274.648132627224
1952	265.297799398729
1953	282.484675226963
1954	278.753074023732
1955	260.097114323396
1956	271.776855490198
1957	271.712950348216
1958	264.541553644022
1959	269.69801221139
1960	277.906982103051
1961	274.572047176937
1962	272.847828494016
1963	255.751760629756
1964	257.170820736499
1965	275.824315036793
1966	270.945277743287
1967	263.526613929288
1968	285.446027616815
1969	272.48521609397
1970	265.612315437325
1971	278.675511953904
1972	280.425819151614
1973	267.608368128185
1974	272.414688013841
1975	287.486374960488
1976	264.158255378528
1977	264.467844258544
1978	277.908124877011
1979	276.45874393569
1980	283.394020719434
1981	282.496981355702
1982	281.186037997669
1983	273.8011175922
1984	276.306925715529
1985	268.686009996378
1986	264.451099717939
1987	288.079478706785
1988	270.497976810271
1989	260.121155106829
1990	278.069253330552
1991	267.063224861157
1992	269.297098009074
1993	275.15900130508
1994	267.117445079151
1995	266.085876220341
1996	264.629503118916
1997	272.600158641918
1998	275.304660645657
1999	267.788327271133
2000	277.302057350602
2001	265.9487805656
2002	265.733426078896
2003	280.138860467803
2004	272.763470750397
2005	273.623361442442
2006	276.986496838057
2007	267.635058108672
2008	276.161990663106
2009	275.354132203522
2010	284.941358542336
2011	271.337306493478
2012	265.128182652269
2013	270.611361133074
2014	280.894652065713
2015	267.106421733807
2016	277.477621165819
2017	258.348294948129
2018	267.519672114824
2019	275.723165186949
2020	270.748981370867
2021	268.299321751957
2022	288.134200572387
2023	281.742660838186
2024	283.475332523994
2025	264.915852142128
2026	277.796525278904
2027	270.506108190869
2028	267.60861507032
2029	267.367991023265
2030	263.98471683226
2031	283.125025159979
2032	286.026761765731
2033	259.441285636237
2034	266.675389740813
2035	275.809607864043
2036	273.186977686063
2037	268.042038379968
2038	277.92444556061
2039	265.550819188181
2040	288.671732274819
2041	279.974451096464
2042	268.934079309041
2043	272.006528981703
2044	271.876996494229
2045	271.774690897576
2046	263.2938857004
2047	268.020517063368
2048	283.576417391109
2049	278.077899405005
2050	267.079313971694
2051	264.254430748991
2052	277.843393732464
2053	276.696311314465
2054	277.451822418881
2055	264.161686982653
2056	282.750216638735
2057	264.851349939732
2058	287.698310731667
2059	280.525862865153
2060	273.759246754402
2061	285.389008928794
2062	268.231856674443
2063	269.923185763305
2064	262.213700164576
2065	262.76426637494
2066	278.075067344889
2067	270.991491907064
2068	265.607554791885
2069	274.268469236907
2070	266.236856199772
2071	276.318804194517
2072	271.430465007692
2073	262.710909692919
2074	278.808988955569
2075	263.029782739498
2076	274.51694149118
2077	279.307456065807
2078	281.946657969887
2079	287.848074302199
2080	274.346288252914
2081	273.207642943555
2082	259.522646851015
2083	274.439166705209
2084	290.756646831369
2085	260.196463914643
2086	289.515158287643
2087	279.978742945348
2088	266.212592040751
2089	275.531439417805
2090	276.556922195833
2091	274.955837857382
2092	270.578840252343
2093	264.46120314727
2094	271.753000488269
2095	274.401757637548
2096	270.848331758225
2097	290.704745296998
2098	280.109808393003
2099	276.863138703549
2100	267.593067012737
2101	276.355739069941
2102	266.408893642977
2103	275.201277677694
2104	262.576489283778
2105	277.10136993916
2106	277.972586918865
2107	276.213196745526
2108	279.1065510093
2109	268.360576122872
2110	278.013907134088
2111	278.167325927432
2112	273.77541051734
2113	272.805463811783
2114	283.537244440968
2115	263.53722322312
2116	255.330750951381
2117	277.878101398201
2118	274.7593633823
2119	278.589480068298
2120	280.486801538167
2121	261.524225978323
2122	269.102328238765
2123	264.526642749917
2124	279.15725969465
2125	266.270040034706
2126	280.015404717094
2127	278.613107047966
2128	277.347243113073
2129	275.505497029971
2130	262.882352862583
2131	284.274107735985
2132	267.81417921245
2133	263.527298458955
2134	277.310255475903
2135	272.311623000308
2136	274.84661008278
2137	269.119071877695
2138	286.392047516656
2139	274.724260241848
2140	268.917845047459
2141	259.601995549915
2142	282.371668116635
2143	278.760145811379
2144	281.901521972871
2145	269.887961169489
2146	268.499621461228
2147	288.094036343121
2148	263.785799129165
2149	275.671409930844
2150	268.01025872731
2151	286.705093444871
2152	255.308834351327
2153	260.131014509487
2154	266.098551221828
2155	280.635062580397
2156	263.630759255064
2157	266.522714889651
2158	284.021141457425
2159	263.993513411631
2160	267.396915804593
2161	275.606059377291
2162	282.144136751751
2163	268.802365301653
2164	278.054639638558
2165	280.400835424412
2166	266.891700186202
2167	269.771854212168
2168	266.369364628515
2169	257.471518727055
2170	266.40434820786
2171	263.281739187527
2172	277.760755998259
2173	271.268374216571
2174	276.850491123446
2175	273.011124356426
2176	276.423814143176
2177	270.760496818074
2178	285.841837410088
2179	270.321376040458
2180	253.733798891309
2181	273.554025421632
2182	265.978143974394
2183	287.466005778801
2184	278.262978087327
2185	265.531292445899
2186	262.894811888507
2187	282.174051676693
2188	266.919207309152
2189	265.362882362313
2190	264.427538526895
2191	277.29847719268
2192	274.361237994374
2193	269.365570054493
2194	285.219331208527
2195	284.614859988285
2196	258.503750343187
2197	278.224685678776
2198	276.427308492728
2199	274.588538393246
2200	278.53781077348
2201	274.24107554148
2202	264.038150978568
2203	259.142308790019
2204	277.803583648692
2205	285.235026061899
2206	290.042118278084
2207	266.89446297011
2208	268.96875500297
2209	271.156406144899
2210	277.868636651158
2211	267.511652241537
2212	277.614424973579
2213	277.863017787435
2214	268.157182147349
2215	281.089582244693
2216	277.61735307624
2217	271.040273204468
2218	284.521419508604
2219	272.27513729789
2220	286.854403812408
2221	271.715600542229
2222	268.279063835908
2223	260.209252579947
2224	254.652444639277
2225	278.404927941796
2226	279.973278275902
2227	273.85989064004
2228	282.512855788603
2229	285.533886767889
2230	273.127027650897
2231	267.335414100116
2232	280.447936444481
2233	267.88452519328
2234	282.850379081472
2235	270.403218533889
2236	282.321583740786
2237	271.710733725191
2238	262.229374569338
2239	279.803171408217
2240	272.657959747676
2241	289.344517684282
2242	267.52283956012
2243	280.775079378213
2244	277.467631450624
2245	275.762144139764
2246	274.119618606438
2247	282.076355554501
2248	286.141494406827
2249	272.746456190344
2250	258.957710064937
2251	292.755002595422
2252	267.966204228292
2253	275.253306280108
2254	267.415765470313
2255	263.833019612818
2256	261.766297439338
2257	255.979866242635
2258	269.309924632405
2259	268.44122339183
2260	269.532582611012
2261	271.481355751884
2262	285.428264886636
2263	276.690786261613
2264	271.027014608114
2265	284.410438429255
2266	264.894757719992
2267	283.526635391185
2268	278.839572671578
2269	266.50376508638
2270	262.536485035287
2271	269.246318141764
2272	290.494293587852
2273	280.364772921496
2274	275.871872679117
2275	264.452538691164
2276	266.524129657164
2277	277.593063586219
2278	265.489263599811
2279	279.062123966503
2280	270.35564983765
2281	260.1031939578
2282	276.780717733612
2283	280.453249004757
2284	274.955456749214
2285	276.018764554066
2286	281.891812106055
2287	254.61436474799
2288	272.822942688802
2289	283.708483073122
2290	256.589691315172
2291	274.097609096952
2292	279.966542623959
2293	273.118331913618
2294	273.330077546377
2295	288.83944022267
2296	273.676921444833
2297	265.597248735819
2298	271.301701739178
2299	260.779143089523
2300	278.544458475845
2301	272.825150211958
2302	267.662611489618
2303	280.133556221262
2304	271.313196444505
2305	266.928957789379
2306	284.480806483532
2307	271.278613982056
2308	279.319298266945
2309	270.070814991178
2310	281.155959603051
2311	279.216025122968
2312	282.789472334364
2313	272.936610921118
2314	274.742176931245
2315	280.268299003021
2316	287.602128773338
2317	271.592362192493
2318	267.556584774128
2319	271.055644230552
2320	282.060247766154
2321	268.731824713659
2322	287.068651720234
2323	279.885323431923
2324	263.181293023316
2325	256.769210981595
2326	268.909941551467
2327	265.20855930847
2328	261.562594694826
2329	287.501040901354
2330	283.359833564207
2331	272.355552739876
2332	268.099240432406
2333	272.030964837349
2334	270.632030756778
2335	275.199419302869
2336	283.340799686001
2337	263.244527876207
2338	290.130175743665
2339	273.327491754145
2340	257.410801687421
2341	280.507406976505
2342	274.677598815789
2343	272.338949153083
2344	273.290653650257
2345	268.792037261774
2346	282.12809923645
2347	275.792442039708
2348	283.452940817717
2349	274.98388742827
2350	279.053916624461
2351	280.3304954402
2352	261.667245466085
2353	273.036821943076
2354	271.906469411573
2355	273.901606577106
2356	278.383414586426
2357	270.887367675764
2358	282.859291289304
2359	275.406587437126
2360	276.370040947881
2361	269.43468732084
2362	283.436802920249
2363	269.907732255641
2364	266.770704871122
2365	273.016581372106
2366	259.187261227153
2367	265.707777779203
2368	276.688452591472
2369	273.377584394627
2370	274.097433338345
2371	296.13389744658
2372	273.841033506141
2373	271.543760352529
2374	266.053780051146
2375	282.378138019092
2376	268.825894051643
2377	279.045919733551
2378	258.279051593173
2379	264.589660923938
2380	277.377351456895
2381	277.1545695104
2382	278.481169393405
2383	275.186514807643
2384	265.312699965289
2385	283.932912411346
2386	285.467092014532
2387	253.844278381677
2388	267.782430165994
2389	272.684537050814
2390	269.219850482708
2391	280.53230602039
2392	280.526552545326
2393	271.403975365344
2394	285.153140698139
2395	268.322400674127
2396	281.960648818242
2397	282.021400652744
2398	271.208521753586
2399	279.345638086512
2400	269.566657086421
2401	263.082540600529
2402	263.571635281974
2403	278.613903420565
2404	273.084239434764
2405	265.105630184229
2406	268.335441698963
2407	295.616347627519
2408	273.016922074765
2409	266.257391551758
2410	270.013046965829
2411	269.155369582514
2412	288.462201054234
2413	280.839653210477
2414	275.294361646884
2415	278.235203280536
2416	264.127405952396
2417	280.925201639642
2418	283.707550842057
2419	270.276606498557
2420	270.728330538464
2421	266.181185451883
2422	260.458801666342
2423	285.940817915999
2424	277.208514044253
2425	283.307716230497
2426	271.570234800509
2427	286.828970923433
2428	279.419153232041
2429	263.27983792717
2430	270.016848349077
2431	264.103376105864
2432	261.676119251577
2433	287.261400097846
2434	276.657435488193
2435	278.89951776202
2436	267.218321483921
2437	271.007364695472
2438	289.387302974452
2439	262.066798166715
2440	280.815724353513
2441	261.015757798831
2442	254.11373583132
2443	259.838232772186
2444	282.03608241336
2445	272.150491437039
2446	279.007748393883
2447	279.257719853907
2448	277.679279383354
2449	274.715782420133
2450	293.734105399876
2451	269.931573410955
2452	270.015187128618
2453	257.022795148662
2454	279.133041431873
2455	288.852823825434
2456	282.108704648603
2457	263.808255194257
2458	287.345531479242
2459	280.349694963253
2460	274.636531362196
2461	283.084974209864
2462	278.63318631617
2463	258.737634785426
2464	264.212219022023
2465	271.99980427723
2466	272.24158885452
2467	275.352678250242
2468	261.879728205105
2469	274.807798141784
2470	292.944428492376
2471	265.655360124696
2472	274.305675440003
2473	279.131321683648
2474	272.718583874791
2475	270.539609282547
2476	281.23985700238
2477	272.360899451557
2478	277.395016472824
2479	283.104063672761
2480	276.965359768885
2481	273.678185986821
2482	279.244302210435
2483	269.683522733687
2484	271.531993269717
2485	265.786493019108
2486	273.871466438608
2487	274.310298631113
2488	282.629395880441
2489	269.647432604827
2490	276.108054074998
2491	272.316248584997
2492	279.408927853367
2493	273.779957044298
2494	280.525932168445
2495	277.196451330084
2496	290.252198155256
2497	273.456821427755
2498	267.198042933925
2499	269.891335631966
2500	273.955547059239
2501	276.665411431605
2502	272.401692417237
2503	273.099802877315
2504	268.196705718775
2505	269.227410599886
2506	270.709797611171
2507	271.295946928835
2508	281.621528837897
2509	280.279068819658
2510	277.066436064436
2511	280.327844770893
2512	261.775253582884
2513	289.542771687635
2514	266.658163727651
2515	266.446093581588
2516	263.537131946239
2517	256.944404726838
2518	269.548556004101
2519	268.808327279447
2520	268.818004192681
2521	273.449115342898
2522	278.767849856229
2523	285.85544310886
2524	278.502544571133
2525	278.301415899989
2526	295.829962972574
2527	281.224473367635
2528	282.139844150377
2529	284.234208744265
2530	276.537485055392
2531	265.520983515729
2532	274.392103960333
2533	279.611081694705
2534	268.246072371927
2535	279.183313056327
2536	284.29322444574
2537	279.707675676138
2538	276.726938360315
2539	288.066273510341
2540	269.475990226133
2541	271.031857102635
2542	271.38940066856
2543	262.032237427974
2544	273.186926441425
2545	272.657170672512
2546	266.107630101305
2547	270.638918017295
2548	282.544650030163
2549	285.725325144488
2550	268.328759328697
2551	273.328643763743
2552	273.199539794649
2553	277.109237275401
2554	272.274501905931
2555	270.754174682799
2556	270.122718604751
2557	268.765056406056
2558	288.159605531464
2559	286.326777447346
2560	257.358392117608
2561	268.457472977865
2562	268.837780125212
2563	284.877444685832
2564	261.578936224052
2565	272.073999483301
2566	280.142253563962
2567	270.408647768405
2568	265.880345776404
2569	266.912754957267
2570	268.715798734713
2571	267.600217988213
2572	267.154719527764
2573	279.133909951048
2574	270.376930613958
2575	273.910795526381
2576	272.234201503249
2577	279.481460435301
2578	280.680685399404
2579	273.913867702596
2580	269.230175018682
2581	273.186103750306
2582	270.862565117871
2583	259.859277222628
2584	271.681162071028
2585	273.606067894206
2586	263.806114456951
2587	260.576927288865
2588	272.722644656164
2589	267.254082586863
2590	279.606257586295
2591	290.038601837304
2592	282.176866127635
2593	274.073471664066
2594	282.75373334419
2595	285.612699141337
2596	273.550283930357
2597	278.067869193989
2598	272.126975651767
2599	280.160092815916
2600	287.493656694081
2601	259.132482846259
2602	272.132601551266
2603	273.118964291607
2604	268.403124309758
2605	273.909028931673
2606	280.662350995909
2607	288.253858476749
2608	260.971903311649
2609	269.595634062156
2610	264.240896965906
2611	275.390852568997
2612	280.391237207419
2613	262.079371516681
2614	269.575528572448
2615	277.546387625073
2616	276.288052060596
2617	271.465929890322
2618	268.391594541228
2619	277.815900960529
2620	272.453022977206
2621	255.297246252542
2622	271.79419062987
2623	288.879548539171
2624	262.652455970874
2625	273.289661534644
2626	260.880376479971
2627	267.723816900801
2628	263.593973160482
2629	271.924371641314
2630	282.123119136356
2631	293.692279675894
2632	285.974559784416
2633	268.750818319757
2634	276.509490589782
2635	285.20010129242
2636	272.28929626218
2637	269.413700290659
2638	280.245473622011
2639	253.431393707211
2640	282.192679857629
2641	259.88684414969
2642	264.334603252638
2643	274.058070393563
2644	282.362989689015
2645	274.043141301497
2646	262.897499998546
2647	268.977606838799
2648	267.764150036293
2649	276.11110922047
2650	285.096052430912
2651	270.337901974406
2652	275.59503084797
2653	268.512841825056
2654	269.481782458573
2655	275.098393962257
2656	288.108450785697
2657	277.627177141204
2658	269.661866625613
2659	269.645300630436
2660	273.977367824929
2661	283.1471157758
2662	263.13523362219
2663	259.105724305152
2664	279.693913698267
2665	288.625537274508
2666	258.245901935802
2667	267.162858298121
2668	277.851978932828
2669	270.315912364675
2670	281.791999731359
2671	274.793324781664
2672	283.831265190714
2673	271.977247592182
2674	284.402615324925
2675	276.701809289993
2676	266.655525354358
2677	287.815587470807
2678	266.817532823361
2679	286.408105190544
2680	256.671520314297
2681	262.913776550156
2682	279.13300556934
2683	273.748094287897
2684	275.575098710127
2685	272.040375105591
2686	275.132773865822
2687	275.752168108686
2688	275.808182130638
2689	281.419952035876
2690	272.440233977809
2691	261.098259492702
2692	283.374410105726
2693	280.889785939507
2694	269.929627834517
2695	264.180721146218
2696	284.488729882345
2697	282.267131277441
2698	283.192269099114
2699	274.68431305069
2700	275.198307391057
2701	282.992328122747
2702	269.753748984726
2703	275.410430169341
2704	268.054674496403
2705	282.638058538208
2706	272.335873648905
2707	277.583848786105
2708	283.292526708679
2709	281.243470337062
2710	261.574023740019
2711	283.968440685032
2712	274.933155476497
2713	281.934600419617
2714	266.754611258813
2715	273.432391723207
2716	271.4832436826
2717	279.580164171895
2718	276.467654045661
2719	271.390453456235
2720	264.389130890119
2721	294.164514265269
2722	276.168862394597
2723	276.182125218587
2724	275.442709973242
2725	282.618782472528
2726	265.484817522988
2727	276.180927031685
2728	285.03519064003
2729	265.226951951629
2730	260.34292251394
2731	272.41282613533
2732	263.844660173117
2733	270.622942832116
2734	259.731352430523
2735	266.682899664848
2736	284.730178497194
2737	274.154315326804
2738	273.375866370144
2739	281.372020647592
2740	264.573864476973
2741	279.381856873398
2742	258.58806955332
2743	275.537483019866
2744	276.559500059158
2745	278.145061394229
2746	269.096062790012
2747	273.210288139811
2748	268.741292161101
2749	282.662210777382
2750	265.269483924613
2751	264.97349217844
2752	275.638544472512
2753	278.344713829183
2754	278.135660850226
2755	278.973365071593
2756	262.978061238409
2757	271.104515692554
2758	264.169210989052
2759	275.487164452112
2760	273.766318994226
2761	261.842239045761
2762	272.063469916628
2763	290.109436218934
2764	283.003288208168
2765	270.500241793792
2766	265.079910363267
2767	276.977538182146
2768	264.099587589974
2769	273.162469383819
2770	274.205151760965
2771	278.33307661145
2772	265.310845442178
2773	263.235666155782
2774	279.45827652109
2775	276.222529122081
2776	286.738568831831
2777	269.188294766614
2778	273.625369181125
2779	257.317230593522
2780	273.779535534565
2781	271.126229032588
2782	279.066087592814
2783	278.206878836727
2784	261.066119833885
2785	284.986411673046
2786	272.52766668553
2787	260.031980321228
2788	264.874965085057
2789	269.09800732599
2790	282.597924976963
2791	265.176551445207
2792	284.862046244774
2793	274.561086423361
2794	274.341774715763
2795	263.145939932704
2796	261.981709537907
2797	295.086932374758
2798	279.927344515792
2799	255.316831946861
2800	273.826006035445
2801	276.540643634317
2802	274.58225316317
2803	266.76320874462
2804	285.997446397769
2805	274.919864262047
2806	268.315867107265
2807	275.362659229964
2808	270.508038956004
2809	262.378725297647
2810	268.197851393348
2811	281.702363545091
2812	273.628374432683
2813	268.546129546578
2814	268.292285886255
2815	264.512497604742
2816	274.837836242448
2817	275.576803717985
2818	275.417063875133
2819	288.291258133093
2820	283.988651935699
2821	265.194026739414
2822	260.612185793652
2823	266.335762732037
2824	253.275757345057
2825	274.413795759136
2826	278.49393800422
2827	276.820521841652
2828	268.568706292635
2829	265.727116739309
2830	273.816882745777
2831	284.81536565297
2832	269.740129819117
2833	270.663701078101
2834	258.483417655684
2835	260.002513302628
2836	268.309115687181
2837	289.5310847878
2838	261.692916165547
2839	276.011201396697
2840	260.506322512723
2841	270.476345070731
2842	278.723722144417
2843	272.332832286022
2844	272.855832749635
2845	271.321796213318
2846	265.549477378873
2847	272.802215055184
2848	268.448093079366
2849	264.773801223943
2850	265.968023916523
2851	260.213826376528
2852	273.489969131816
2853	268.670064532669
2854	281.068936482291
2855	273.442742645071
2856	270.57946120614
2857	264.920497421849
2858	267.927251979735
2859	260.363510599934
2860	269.104418049042
2861	280.44621399286
2862	276.333572400663
2863	280.160420530795
2864	262.083515667665
2865	270.354910805388
2866	283.939804703294
2867	264.821462115695
2868	258.264235039224
2869	283.691551881893
2870	269.135099399997
2871	279.193669390306
2872	257.76556789062
2873	274.423378139695
2874	277.856941361551
2875	273.810784257367
2876	283.108663099321
2877	266.971080273303
2878	280.930787331033
2879	276.726905482003
2880	271.738619028867
2881	285.416680644982
2882	289.250928640919
2883	286.471160661927
2884	273.292262859035
2885	256.026268818928
2886	276.222687511279
2887	270.342478547375
2888	273.609293145016
2889	274.597413419517
2890	278.455447054913
2891	276.650378606393
2892	286.352446193201
2893	259.546694774835
2894	263.263907857188
2895	272.402529722166
2896	275.125983736295
2897	270.172892443114
2898	288.371594816788
2899	271.317633688151
2900	275.765188060683
2901	270.269149785858
2902	274.748228245439
2903	266.070540178044
2904	260.863026638458
2905	281.653368696262
2906	266.757012324234
2907	282.996900285337
2908	266.166372693159
2909	275.329383400447
2910	257.59731690101
2911	288.816111128092
2912	281.113254817786
2913	271.328312335857
2914	280.267556915423
2915	275.120118187509
2916	263.445442275106
2917	273.661402544718
2918	257.537670298635
2919	275.276548346355
2920	268.374656193294
2921	265.159939050995
2922	292.650082829484
2923	266.170516455855
2924	271.54511340378
2925	276.384073527187
2926	263.77493160664
2927	281.974484154999
2928	263.242407424371
2929	274.558503283415
2930	281.560896777965
2931	263.385311893911
2932	273.799090341426
2933	268.882423548232
2934	272.42845639281
2935	289.208112744279
2936	281.868193058195
2937	267.627193307044
2938	277.941118062416
2939	269.192854502883
2940	291.945385375594
2941	264.389981417963
2942	268.78230810938
2943	273.638448549019
2944	270.064402181182
2945	285.795419547159
2946	288.310993467406
2947	266.34837693176
2948	274.01832347305
2949	268.791967017662
2950	263.599359468798
2951	284.915815426149
2952	269.085002531762
2953	268.600648796941
2954	271.185162611463
2955	280.488075370429
2956	266.078003927378
2957	264.407800965452
2958	267.30376794329
2959	278.547872588306
2960	279.353731137026
2961	276.348869974511
2962	276.153407410934
2963	269.701753613462
2964	266.242586519807
2965	273.927995481984
2966	280.377717421882
2967	280.670821787584
2968	269.566536662537
2969	259.969606493938
2970	286.213876810435
2971	290.182711948739
2972	267.926694703184
2973	274.382143765822
2974	259.139023801878
2975	271.656972971333
2976	276.402674642026
2977	281.249440460352
2978	264.205220266668
2979	277.227053049021
2980	273.268962558339
2981	274.283561585838
2982	267.148850052688
2983	283.675882796427
2984	279.164927876095
2985	279.663466896075
2986	268.357437465141
2987	275.52627405689
2988	274.103292827286
2989	266.989602310405
2990	255.914528251354
2991	262.556445935123
2992	285.247036650276
2993	272.322392972077
2994	272.143393328585
2995	278.126161187158
2996	267.244160843374
2997	277.803164978505
2998	275.241519103878
2999	286.735009161233
3000	276.776725465459
3001	270.781074121947
3002	261.599896497628
3003	264.216623256399
3004	264.193779502769
3005	271.080694270443
3006	280.475112219324
3007	277.582490309198
3008	285.027290924937
3009	285.93299606452
3010	270.803200021242
3011	263.129050349139
3012	286.741431753177
3013	289.273374661933
3014	278.339765652426
3015	289.315338965839
3016	259.787722263268
3017	273.404403456081
3018	289.528015478314
3019	282.223482058031
3020	277.822877886897
3021	268.952452342809
3022	264.040027376478
3023	281.798096184321
3024	271.128605064348
3025	272.85516425554
3026	257.824352188265
3027	290.123531893844
3028	280.466348704218
3029	278.206159224202
3030	269.517774614072
3031	261.397517380476
3032	268.375754317594
3033	284.028732760737
3034	277.697510273821
3035	279.184031244533
3036	281.988197814301
3037	271.42996824793
3038	274.55946471008
3039	273.83347560377
3040	280.59757457002
3041	271.621834906885
3042	277.12045359851
3043	268.363723628783
3044	278.689170206583
3045	279.120000661402
3046	280.699535521179
3047	268.101076691983
3048	268.142667754196
3049	255.773456639143
3050	295.262553591867
3051	265.966682492235
3052	265.668714544536
3053	281.214676506098
3054	276.955564653248
3055	273.875402558837
3056	284.730427650675
3057	268.776393275732
3058	268.057946080075
3059	262.217188877421
3060	279.918109292516
3061	252.637104309398
3062	268.574750101028
3063	270.533758696445
3064	280.272187500144
3065	269.261132046676
3066	292.852026876677
3067	267.69482703175
3068	266.216094558451
3069	277.444337773873
3070	291.561498100167
3071	273.52922692286
3072	259.231235684824
3073	274.178201367386
3074	267.203652313713
3075	265.675863859095
3076	263.828699955867
3077	283.179908113778
3078	274.214545686692
3079	275.563963140545
3080	277.686900860382
3081	281.323909218075
3082	262.10683862958
3083	272.65574448369
3084	271.831591701171
3085	261.318541701626
3086	267.757009729653
3087	276.287274210402
3088	290.939815794506
3089	278.692924127706
3090	269.550789254386
3091	250.189976204207
3092	279.579271728857
3093	272.837973832274
3094	277.268643053955
3095	265.100986677875
3096	277.226203140421
3097	276.719704900176
3098	274.68394150352
3099	265.974472146577
3100	277.902892058158
3101	263.962787518577
3102	287.475389951082
3103	271.96190246327
3104	272.103148434853
3105	284.55417509061
3106	266.444061762845
3107	282.382699179573
3108	279.155273907099
3109	262.885491515376
3110	285.019185532323
3111	262.043732397512
3112	255.642784915122
3113	265.684048469557
3114	277.481686614912
3115	275.828218853823
3116	277.552165694878
3117	278.338771510423
3118	272.636416155898
3119	261.029953577081
3120	253.899964683898
3121	264.386565510851
3122	280.198287886075
3123	267.736684182156
3124	275.518028205376
3125	266.547574035726
3126	284.25152434249
3127	282.2820687379
3128	278.426400787918
3129	278.903622176283
3130	270.774204609343
3131	280.15261574642
3132	268.519323189345
3133	269.375193099207
3134	254.345924177288
3135	271.169748864015
3136	269.328249629117
3137	268.76448886261
3138	270.08617736998
3139	263.7332899553
3140	265.874057722928
3141	277.077211911588
3142	268.880150862175
3143	260.737343796929
3144	272.4449832741
3145	268.681048665383
3146	274.12266081938
3147	266.557737859474
3148	276.043391849863
3149	264.893283544095
3150	268.175573375185
3151	273.23002969354
3152	269.379324433942
3153	273.879987183526
3154	262.715252843673
3155	294.709857025778
3156	272.756751762396
3157	274.484898901455
3158	290.653790325626
3159	280.265379496181
3160	272.47985343433
3161	280.804193391736
3162	259.195843600716
3163	259.200519354629
3164	272.221952542378
3165	271.081932688123
3166	276.124804857463
3167	273.482813953575
3168	260.525869225389
3169	275.125525945863
3170	279.912941994612
3171	267.060805359337
3172	272.125866879383
3173	265.894742471201
3174	278.140319124152
3175	274.30121753299
3176	280.987512070909
3177	271.994102438637
3178	263.708927846492
3179	291.716508141289
3180	267.761790201871
3181	258.121563632559
3182	271.566644822294
3183	278.201913338887
3184	277.323510882529
3185	273.081724271393
3186	263.442954287517
3187	254.335586850655
3188	267.015226043177
3189	270.316127685355
3190	271.392093555695
3191	277.558613139434
3192	278.999899757029
3193	264.309251866681
3194	276.022449140737
3195	282.28254663431
3196	266.449849446588
3197	263.07522382983
3198	268.321454203354
3199	271.154065246977
3200	256.0108268547
3201	277.138074700272
3202	270.746813818545
3203	279.918689731398
3204	250.884244830531
3205	288.208970969598
3206	269.34571891635
3207	281.767982994974
3208	262.616611219399
3209	271.102112871123
3210	278.185553388514
3211	272.468095854134
3212	270.221185489859
3213	267.984001740791
3214	256.716942311424
3215	284.467541891987
3216	271.761953934071
3217	271.745031985211
3218	276.291851434518
3219	266.603179663094
3220	273.66274351219
3221	272.927568349311
3222	281.968856938427
3223	269.591765751534
3224	268.294774254658
3225	268.27000448159
3226	278.21666636009
3227	267.959793207556
3228	280.90964992291
3229	273.032123513804
3230	260.789148489349
3231	286.84008818584
3232	264.341875540385
3233	266.287950328601
3234	284.655125976407
3235	276.910561014789
3236	267.332025650932
3237	270.801294736886
3238	282.07201433201
3239	277.861004117857
3240	283.796029350419
3241	263.811487502634
3242	284.190289709955
3243	279.683163509738
3244	272.007319625264
3245	272.25535273577
3246	268.693069818674
3247	266.522140409679
3248	274.313611433075
3249	277.00171328409
3250	283.784740681981
3251	263.404141094743
3252	265.181298219924
3253	274.797513510484
3254	269.069048826994
3255	281.644506685606
3256	284.748261566112
3257	275.502859480226
3258	279.542767140121
3259	286.706533324854
3260	272.649214405391
3261	277.007915043857
3262	274.082059517704
3263	270.483269898311
3264	271.145957349921
3265	285.793279759438
3266	275.474659603132
3267	274.703670078153
3268	270.041754677767
3269	267.459432847317
3270	284.566751389509
3271	276.148488677159
3272	270.102805402739
3273	274.016553731292
3274	257.427951031681
3275	270.119382723612
3276	269.975830741802
3277	287.130157951393
3278	262.282273849679
3279	286.356933094851
3280	272.439173078065
3281	270.480426510996
3282	276.318404050429
3283	277.44789650216
3284	283.757652815299
3285	282.509024490283
3286	274.706732323448
3287	273.803024647752
3288	278.997984120669
3289	271.901923579117
3290	264.387009631226
3291	276.3667579307
3292	269.477199278893
3293	267.693428108223
3294	267.296635169835
3295	264.682568105958
3296	256.581527590439
3297	259.353533550187
3298	281.797616147327
3299	276.333087550038
3300	280.022008491278
3301	273.631556970936
3302	285.08620068514
3303	278.87192999727
3304	284.423700764211
3305	261.191165639432
3306	275.375161230428
3307	273.918925467358
3308	282.904690227958
3309	276.85147077895
3310	279.113252148495
3311	288.178296782425
3312	264.550176262472
3313	266.94799988982
3314	274.648897291679
3315	269.885609940098
3316	264.779965530814
3317	274.300414448207
3318	270.147938748556
3319	281.000138263276
3320	263.036442584435
3321	267.332663221897
3322	264.98318208952
3323	250.096389221595
3324	270.575711427115
3325	275.099096997953
3326	274.109390913727
3327	266.012201914097
3328	266.920995272365
3329	278.598542625292
3330	255.378114995746
3331	277.216682240432
3332	281.048333496293
3333	276.708506353283
3334	286.076440404994
3335	274.152260615005
3336	282.743316577124
3337	287.815153382258
3338	260.478505330472
3339	267.94954032397
3340	272.216072883342
3341	292.417364831753
3342	283.3174192989
3343	261.452233294835
3344	252.513611706435
3345	278.80592275387
3346	277.927560478536
3347	259.534751822187
3348	291.021951338206
3349	283.173633878856
3350	265.995024140172
3351	273.915680761979
3352	285.016007455089
3353	276.141160171541
3354	274.275561273794
3355	265.415808420561
3356	269.85399355681
3357	268.216315020078
3358	270.015707027019
3359	267.307374548746
3360	265.366486891759
3361	278.548789277143
3362	276.718197682729
3363	266.149013625479
3364	289.045204997485
3365	269.246383073942
3366	269.122477137802
3367	273.851826674645
3368	282.574273473107
3369	260.506404626775
3370	273.749324801665
3371	276.721039444529
3372	268.027899375419
3373	267.807912321164
3374	287.748907054045
3375	281.994582434055
3376	275.451510318443
3377	258.163797665233
3378	280.23207304159
3379	266.539616639182
3380	279.274504893696
3381	283.928889222484
3382	273.433875899763
3383	264.759845330348
3384	265.383240074858
3385	286.718280451686
3386	270.296688274119
3387	268.009674376537
3388	266.8286968644
3389	270.131519193026
3390	281.571935992623
3391	284.295394821513
3392	268.290541534383
3393	273.407317240178
3394	278.003830323502
3395	276.328220229182
3396	270.237898065771
3397	275.42173344339
3398	260.312458593456
3399	270.453956835721
3400	269.571424297652
3401	277.690442103681
3402	260.745156567794
3403	280.741522472011
3404	267.571281454453
3405	279.445465687495
3406	276.063792090231
3407	272.313592397785
3408	264.16474585741
3409	271.284619688458
3410	272.622426730607
3411	276.470374136386
3412	263.437357379058
3413	281.466139503901
3414	270.278928888219
3415	259.036231822118
3416	263.980669356862
3417	285.531564745804
3418	270.209627890314
3419	286.721998656938
3420	276.310533404977
3421	252.097785461138
3422	269.885905650227
3423	264.214754511428
3424	272.686607030086
3425	264.560189956142
3426	278.90532812006
3427	263.245841051967
3428	270.014819870618
3429	268.546486446138
3430	269.189020585137
3431	264.599066746738
3432	267.657551846127
3433	269.263866726403
3434	278.256999790336
3435	263.560637598639
3436	281.092618597881
3437	268.804773556743
3438	260.718345545093
3439	272.644792559407
3440	273.881496851865
3441	260.584087294121
3442	268.170083325108
3443	273.262166455196
3444	268.354338215969
3445	271.651841455845
3446	276.205923480396
3447	268.79034704478
3448	277.706141030428
3449	279.555530363098
3450	277.658284828393
3451	274.489220188145
3452	275.157095805047
3453	275.969619626297
3454	275.411285771476
3455	270.822494224158
3456	291.607132318369
3457	275.653954711426
3458	280.338046361602
3459	274.389428554535
3460	276.377397118782
3461	276.499915271071
3462	278.489233658838
3463	273.587300698148
3464	267.591699130259
3465	263.718432792457
3466	265.777831520876
3467	273.266945943384
3468	280.10525836306
3469	270.234980690676
3470	287.180386455822
3471	273.858858802663
3472	276.003831588432
3473	267.252507108795
3474	268.510718438048
3475	267.688942164923
3476	278.693679281745
3477	266.26515991525
3478	273.708270036892
3479	281.95756487938
3480	266.328803710285
3481	281.315516758167
3482	279.25420332923
3483	267.487737943352
3484	263.650022127108
3485	276.86924257587
3486	267.292505717049
3487	273.873085464343
3488	269.922574683776
3489	267.59584077159
3490	284.370787175495
3491	272.358726561104
3492	276.099351336999
3493	262.87497007988
3494	263.439286850688
3495	273.25589159569
3496	266.943541907837
3497	257.07269906955
3498	276.39612706561
3499	268.589363849518
3500	287.763085274117
3501	276.81995836356
3502	264.101705853059
3503	265.680358166624
3504	282.04813933329
3505	271.604594753184
3506	262.060723659495
3507	268.347600428178
3508	276.297218003299
3509	263.83744290195
3510	278.517472130777
3511	265.052594395746
3512	275.010871542238
3513	287.967170393294
3514	277.342117429156
3515	273.841086941267
3516	267.099481767495
3517	276.115564572902
3518	312.036403125695
3519	262.104198310295
3520	264.468832800118
3521	287.492065206952
3522	281.756395409207
3523	272.380910965523
3524	260.149256678793
3525	278.079175438958
3526	270.073779342156
3527	278.823221258365
3528	258.177390832469
3529	282.616098383331
3530	274.825100772177
3531	275.878246937873
3532	268.448375121822
3533	281.180330071835
3534	264.607206339327
3535	278.793746772027
3536	274.035500288601
3537	277.503038843353
3538	276.440905094851
3539	273.849306931942
3540	270.955891900063
3541	269.124255791738
3542	275.484101446383
3543	280.735401828968
3544	262.223863828685
3545	268.281630292371
3546	260.083498493982
3547	288.33729056597
3548	262.607991475839
3549	262.822239597697
3550	276.442232109111
3551	276.822965484813
3552	275.142202643089
3553	260.17990199295
3554	283.454169403278
3555	257.038381412515
3556	278.38371335693
3557	280.408253424131
3558	277.236811894265
3559	269.969171585646
3560	268.565010111014
3561	277.386825988597
3562	274.786635583591
3563	285.444292429887
3564	278.923162274376
3565	272.87567823267
3566	274.093597416356
3567	284.597178345032
3568	274.344732571476
3569	271.349686785553
3570	273.360404229194
3571	277.376952891647
3572	270.291815463251
3573	279.735395626701
3574	284.764317601993
3575	285.464119386953
3576	269.493643556398
3577	282.304188380501
3578	269.255599665477
3579	285.603324680654
3580	279.000905976025
3581	272.676464959407
3582	277.139923301307
3583	269.691029135968
3584	260.727589293118
3585	270.246538129367
3586	257.528055513913
3587	273.967844490426
3588	259.890400875775
3589	272.836985733065
3590	269.311664051649
3591	286.069298099007
3592	273.616526924232
3593	274.388321021559
3594	277.445422728127
3595	268.328016024962
3596	275.29925481951
3597	280.768648783749
3598	278.739246601858
3599	265.834880260457
3600	273.081344642349
3601	271.203143313555
3602	270.66806968654
3603	263.906130371557
3604	256.681418089876
3605	275.011419961592
3606	271.566010457316
3607	269.110514203434
3608	286.256133119017
3609	281.600447415617
3610	282.602488278705
3611	262.489908779368
3612	264.284081877574
3613	275.847895878981
3614	263.942481793905
3615	285.130951269646
3616	263.260794499234
3617	280.727984981071
3618	277.542531793003
3619	280.105913720912
3620	273.12078022309
3621	269.208057149872
3622	277.121276345121
3623	269.048865780715
3624	274.793425705219
3625	276.398585174059
3626	278.983204671284
3627	278.69323885413
3628	272.605673666393
3629	284.995619705541
3630	265.180187680662
3631	259.48022253138
3632	277.084788146064
3633	277.258928173184
3634	274.819819777105
3635	271.309201237343
3636	271.872018256997
3637	271.829894395852
3638	266.75399934302
3639	277.379210945763
3640	281.053614800185
3641	271.550573639408
3642	265.657246613959
3643	279.177550879377
3644	263.051839193494
3645	265.649128343313
3646	279.488897991005
3647	283.148239842143
3648	270.673614923449
3649	264.880183184667
3650	288.837245537931
3651	275.636969926746
3652	280.293011867071
3653	267.840276583932
3654	270.393533473754
3655	270.076289922526
3656	268.639828499419
3657	287.858333260786
3658	271.997593794427
3659	277.810178789536
3660	261.976201676009
3661	268.266096000555
3662	265.009586322821
3663	278.732773928254
3664	275.735256398219
3665	273.58232645323
3666	277.302101476379
3667	286.894036541689
3668	273.724633826417
3669	266.061606255974
3670	270.927648665697
3671	280.849811824385
3672	268.282019740634
3673	277.946599459869
3674	266.424100612612
3675	279.120104386999
3676	270.415500809975
3677	280.630756166218
3678	273.125379419358
3679	259.228383921275
3680	283.970927628945
3681	277.346698699835
3682	268.421598841715
3683	277.493276037814
3684	267.807484572274
3685	275.389497124702
3686	268.531799749718
3687	283.529429273698
3688	280.562846367082
3689	262.943999685581
3690	284.599424690848
3691	280.424945238855
3692	266.953962707903
3693	291.47788105444
3694	264.664790209969
3695	254.19142055801
3696	264.96443721345
3697	281.730353642873
3698	257.374803679686
3699	284.086808152043
3700	272.835764459845
3701	263.845750040248
3702	274.302280092761
3703	269.85758715563
3704	260.620905338657
3705	270.938445047101
3706	257.485355985038
3707	270.528166918175
3708	282.983792680315
3709	275.789143826568
3710	281.413023541832
3711	275.474169779699
3712	283.950846896911
3713	268.239975907031
3714	269.932408089725
3715	286.873540909779
3716	267.267598457765
3717	268.051948060437
3718	271.870033020649
3719	285.538488995872
3720	276.305269992792
3721	259.296039586801
3722	254.192245219973
3723	273.032014856216
3724	259.692532244245
3725	266.070112797771
3726	277.791288129289
3727	276.438956677551
3728	266.481566410259
3729	277.404995060413
3730	269.912890386669
3731	270.295288374748
3732	278.020901908986
3733	262.208961981616
3734	259.944103027689
3735	272.418888534213
3736	261.989749971251
3737	268.254804060098
3738	265.933658270342
3739	281.211056595158
3740	276.263248185372
3741	259.887097847621
3742	276.98633288907
3743	284.126701010859
3744	276.570181046312
3745	279.524535542034
3746	290.367982442779
3747	291.24048221234
3748	278.685758369766
3749	267.41011820515
3750	271.652269160288
3751	258.490556992824
3752	269.634494376297
3753	284.27587347315
3754	263.194033280469
3755	276.561091384541
3756	276.244576608154
3757	270.163237351714
3758	269.374055146559
3759	267.077227190448
3760	276.996713545809
3761	297.326497923857
3762	279.559588487966
3763	258.947139690445
3764	281.625486401628
3765	283.46181473955
3766	278.733651588372
3767	281.441497334346
3768	260.107240801661
3769	286.633609058915
3770	277.360698143534
3771	279.352986634489
3772	268.591577503574
3773	265.578721905481
3774	256.919670394437
3775	279.837597772127
3776	270.8017546169
3777	270.363924478809
3778	272.543857741766
3779	278.572769744466
3780	267.938995032999
3781	276.373478299237
3782	269.624776400147
3783	279.309512150145
3784	276.019034185623
3785	271.511955418861
3786	265.858535068337
3787	266.594033890653
3788	284.868881911534
3789	281.626318887866
3790	270.267925414768
3791	268.041802551096
3792	267.713176107521
3793	276.064891714301
3794	284.817552642808
3795	277.251548547315
3796	264.98760373357
3797	269.943346850576
3798	254.954338606053
3799	278.604558009644
3800	290.427080065821
3801	283.680377933099
3802	274.789478082235
3803	275.956661757526
3804	265.921050670251
3805	269.130175782766
3806	288.515026413736
3807	273.956414153791
3808	266.155294694491
3809	268.152609954819
3810	267.426810950284
3811	265.338239294655
3812	273.947817466752
3813	274.868372500452
3814	264.492718715751
3815	272.978613797572
3816	272.606337988469
3817	276.094572554976
3818	280.547451167437
3819	275.227265126654
3820	290.250913693617
3821	277.060045757665
3822	267.176584672971
3823	277.053603204655
3824	270.731931763371
3825	277.07351150848
3826	273.501176225904
3827	271.635897608884
3828	277.765575642123
3829	272.789727230363
3830	267.346783971743
3831	269.807461338908
3832	272.725850361502
3833	278.479648907443
3834	258.578448403734
3835	281.678974504577
3836	274.081709412927
3837	275.167277487868
3838	271.272235166262
3839	277.557047362137
3840	290.324048029651
3841	282.74298765413
3842	276.928535077845
3843	262.756931458459
3844	272.302646959863
3845	275.859026534917
3846	268.780465077848
3847	271.481869327385
3848	273.765301346113
3849	267.251638690806
3850	269.222989417694
3851	279.890002287137
3852	268.562421368563
3853	270.80155587368
3854	272.610145841138
3855	272.370340408695
3856	269.287200349116
3857	269.843427093776
3858	278.568156176373
3859	270.071811435754
3860	267.631414801735
3861	252.112079247599
3862	266.961513968646
3863	280.33072004841
3864	266.429826123859
3865	258.550944736978
3866	261.353182320248
3867	265.718296361982
3868	280.764168962225
3869	276.652797546234
3870	288.811661940216
3871	283.95707110088
3872	271.321610600424
3873	269.167469414284
3874	267.927228348165
3875	265.532317022958
3876	263.556080086202
3877	275.988177434161
3878	273.324674205399
3879	265.392336375321
3880	277.776580932757
3881	269.704152138199
3882	269.434226851094
3883	278.013027404985
3884	279.302732992433
3885	286.552179432862
3886	276.832792895497
3887	267.021789470358
3888	278.670725902904
3889	265.124807464443
3890	285.542261697029
3891	269.910507691193
3892	277.635288626899
3893	272.263371556514
3894	271.044246922608
3895	267.377324632435
3896	261.273360757522
3897	257.740849280416
3898	273.433224959697
3899	278.438396943773
3900	269.843665582388
3901	273.083946917781
3902	274.696588634868
3903	271.407929110375
3904	268.163780178762
3905	278.83601588567
3906	275.375314538089
3907	270.950931338505
3908	269.416821465634
3909	274.996768227265
3910	282.040365846072
3911	277.504418251524
3912	280.654240259505
3913	271.825776453492
3914	268.189854977642
3915	276.461033357969
3916	274.703457641368
3917	272.609977887856
3918	270.732665659186
3919	276.873046066393
3920	273.663979710792
3921	276.749264239099
3922	276.920557597373
3923	274.564269194255
3924	258.516886233187
3925	274.769864917701
3926	268.18039202881
3927	269.360576922474
3928	283.600968678679
3929	271.522639646621
3930	277.652048684923
3931	268.219746916137
3932	269.430999572115
3933	276.620119817124
3934	270.345176870208
3935	277.725425443181
3936	286.634841234653
3937	278.899065021698
3938	278.412540604547
3939	280.566639964168
3940	272.402744225785
3941	277.455230584581
3942	278.128535119665
3943	281.373554422016
3944	269.495926922885
3945	276.177321528376
3946	270.824064673928
3947	279.751801148138
3948	269.321009242536
3949	256.024244420246
3950	280.624223181439
3951	280.625080826698
3952	273.952400209967
3953	277.460654061044
3954	266.044245280903
3955	283.992035853674
3956	273.172385556384
3957	264.136751416791
3958	266.611218623676
3959	279.789516011028
3960	287.792077518591
3961	274.389760570885
3962	260.219510941693
3963	276.612331838057
3964	272.890736406629
3965	277.555727708932
3966	276.854891084775
3967	277.97921207795
3968	276.362402435591
3969	268.889800267692
3970	289.560243299291
3971	262.497362671278
3972	267.294008530482
3973	270.200805387487
3974	282.823308311968
3975	265.475483498267
3976	280.0736178831
3977	285.098863732776
3978	267.532764509018
3979	274.891456055995
3980	269.178257302841
3981	275.909135531977
3982	271.780900559341
3983	273.742142457901
3984	279.894400595956
3985	268.072082035954
3986	269.687937854885
3987	280.396920632683
3988	274.324642641497
3989	284.592516907243
3990	280.194733829823
3991	265.63191274917
3992	287.006572285872
3993	271.226493739583
3994	267.913521232443
3995	273.277720272157
3996	281.961297448209
3997	267.993076304071
3998	278.232684840644
3999	272.579654746889
4000	281.853886216206
