"Age"	"Level"	"Iteration"	"AgeIndex"	"LevelIndex"	"Intercept"	"tau_Intercept"	"ar_Intercept"
1	"Q2"	1	1	1	-0.0471663511025632	NA	NA
1	"Q2"	2	1	1	-0.0323111175370136	NA	NA
1	"Q2"	3	1	1	-0.0444969608024031	NA	NA
1	"Q2"	4	1	1	-0.0385074448711226	NA	NA
1	"Q2"	5	1	1	-0.0461038531991157	NA	NA
1	"Q2"	6	1	1	-0.0501835335271831	NA	NA
1	"Q2"	7	1	1	-0.0405594091015307	NA	NA
1	"Q2"	8	1	1	-0.0426466464441013	NA	NA
1	"Q2"	9	1	1	-0.0397166043972069	NA	NA
1	"Q2"	10	1	1	-0.0371501565095865	NA	NA
1	"Q2"	11	1	1	-0.0335162144214674	NA	NA
1	"Q2"	12	1	1	-0.0499737918110501	NA	NA
1	"Q2"	13	1	1	-0.0401588285722202	NA	NA
1	"Q2"	14	1	1	-0.0515045168046965	NA	NA
1	"Q2"	15	1	1	-0.0516355203773412	NA	NA
1	"Q2"	16	1	1	-0.043220696350763	NA	NA
1	"Q2"	17	1	1	-0.0416839007254834	NA	NA
1	"Q2"	18	1	1	-0.0519534390633364	NA	NA
1	"Q2"	19	1	1	-0.0415603527709788	NA	NA
1	"Q2"	20	1	1	-0.0416687115285279	NA	NA
1	"Q2"	21	1	1	-0.0477800006252497	NA	NA
1	"Q2"	22	1	1	-0.0567360502685204	NA	NA
1	"Q2"	23	1	1	-0.0358952231806564	NA	NA
1	"Q2"	24	1	1	-0.0503738717574299	NA	NA
1	"Q2"	25	1	1	-0.0450914694160436	NA	NA
1	"Q2"	26	1	1	-0.0410554051342326	NA	NA
1	"Q2"	27	1	1	-0.0440586092777153	NA	NA
1	"Q2"	28	1	1	-0.0340237116097186	NA	NA
1	"Q2"	29	1	1	-0.0442215987727536	NA	NA
1	"Q2"	30	1	1	-0.0461799473246994	NA	NA
1	"Q2"	31	1	1	-0.0584506139744633	NA	NA
1	"Q2"	32	1	1	-0.048429838706629	NA	NA
1	"Q2"	33	1	1	-0.0531899052647878	NA	NA
1	"Q2"	34	1	1	-0.0460734761004334	NA	NA
1	"Q2"	35	1	1	-0.0414646859635153	NA	NA
1	"Q2"	36	1	1	-0.0451157681393699	NA	NA
1	"Q2"	37	1	1	-0.0396248796834323	NA	NA
1	"Q2"	38	1	1	-0.0568720233046701	NA	NA
1	"Q2"	39	1	1	-0.0243452187930768	NA	NA
1	"Q2"	40	1	1	-0.0550303769103569	NA	NA
1	"Q2"	41	1	1	-0.048194074008951	NA	NA
1	"Q2"	42	1	1	-0.0413145832706334	NA	NA
1	"Q2"	43	1	1	-0.0543368120661142	NA	NA
1	"Q2"	44	1	1	-0.049532220230106	NA	NA
1	"Q2"	45	1	1	-0.0416559506833858	NA	NA
1	"Q2"	46	1	1	-0.047491217867296	NA	NA
1	"Q2"	47	1	1	-0.0476039730861621	NA	NA
1	"Q2"	48	1	1	-0.0511512356570487	NA	NA
1	"Q2"	49	1	1	-0.0441439357167504	NA	NA
1	"Q2"	50	1	1	-0.0399835918357185	NA	NA
1	"Q2"	51	1	1	-0.0450108943440011	NA	NA
1	"Q2"	52	1	1	-0.038384583822161	NA	NA
1	"Q2"	53	1	1	-0.0471874146526521	NA	NA
1	"Q2"	54	1	1	-0.0359643058598922	NA	NA
1	"Q2"	55	1	1	-0.0405573103118265	NA	NA
1	"Q2"	56	1	1	-0.0398370906143136	NA	NA
1	"Q2"	57	1	1	-0.0463950461470175	NA	NA
1	"Q2"	58	1	1	-0.0425152022557368	NA	NA
1	"Q2"	59	1	1	-0.0323633123068437	NA	NA
1	"Q2"	60	1	1	-0.0371124261249963	NA	NA
1	"Q2"	61	1	1	-0.0534008358306677	NA	NA
1	"Q2"	62	1	1	-0.0582028666011155	NA	NA
1	"Q2"	63	1	1	-0.0342650117593616	NA	NA
1	"Q2"	64	1	1	-0.0432531384559343	NA	NA
1	"Q2"	65	1	1	-0.0392204407630679	NA	NA
1	"Q2"	66	1	1	-0.0447677154180819	NA	NA
1	"Q2"	67	1	1	-0.0447337855026199	NA	NA
1	"Q2"	68	1	1	-0.0381660193257563	NA	NA
1	"Q2"	69	1	1	-0.0374263265788802	NA	NA
1	"Q2"	70	1	1	-0.0518107586326044	NA	NA
1	"Q2"	71	1	1	-0.0456659657729153	NA	NA
1	"Q2"	72	1	1	-0.042945317582844	NA	NA
1	"Q2"	73	1	1	-0.0382217238731516	NA	NA
1	"Q2"	74	1	1	-0.0560896116512621	NA	NA
1	"Q2"	75	1	1	-0.0437905076165403	NA	NA
1	"Q2"	76	1	1	-0.0514815110005303	NA	NA
1	"Q2"	77	1	1	-0.043943804646564	NA	NA
1	"Q2"	78	1	1	-0.0466398159398487	NA	NA
1	"Q2"	79	1	1	-0.0435837259864797	NA	NA
1	"Q2"	80	1	1	-0.0435592992334495	NA	NA
1	"Q2"	81	1	1	-0.0455995458136141	NA	NA
1	"Q2"	82	1	1	-0.0322852595324345	NA	NA
1	"Q2"	83	1	1	-0.0528386158679512	NA	NA
1	"Q2"	84	1	1	-0.049573692151077	NA	NA
1	"Q2"	85	1	1	-0.0507454731625285	NA	NA
1	"Q2"	86	1	1	-0.0368312117170959	NA	NA
1	"Q2"	87	1	1	-0.0442077298580928	NA	NA
1	"Q2"	88	1	1	-0.048794221877185	NA	NA
1	"Q2"	89	1	1	-0.0400183443640617	NA	NA
1	"Q2"	90	1	1	-0.0567223157861349	NA	NA
1	"Q2"	91	1	1	-0.0423089048979281	NA	NA
1	"Q2"	92	1	1	-0.0518729891132678	NA	NA
1	"Q2"	93	1	1	-0.0408724200595621	NA	NA
1	"Q2"	94	1	1	-0.0467504916552557	NA	NA
1	"Q2"	95	1	1	-0.0421040730842324	NA	NA
1	"Q2"	96	1	1	-0.0381006596673681	NA	NA
1	"Q2"	97	1	1	-0.0378505672879938	NA	NA
1	"Q2"	98	1	1	-0.0449388169824671	NA	NA
1	"Q2"	99	1	1	-0.0521953903336607	NA	NA
1	"Q2"	100	1	1	-0.0439933214844512	NA	NA
1	"Q2"	101	1	1	-0.0562395576698591	NA	NA
1	"Q2"	102	1	1	-0.0428314110806458	NA	NA
1	"Q2"	103	1	1	-0.0490461644806107	NA	NA
1	"Q2"	104	1	1	-0.0567583044419579	NA	NA
1	"Q2"	105	1	1	-0.0249968307999333	NA	NA
1	"Q2"	106	1	1	-0.0523677732757557	NA	NA
1	"Q2"	107	1	1	-0.0454408256216718	NA	NA
1	"Q2"	108	1	1	-0.0419922655028642	NA	NA
1	"Q2"	109	1	1	-0.0450526506788487	NA	NA
1	"Q2"	110	1	1	-0.0430561290338719	NA	NA
1	"Q2"	111	1	1	-0.045744861951409	NA	NA
1	"Q2"	112	1	1	-0.0415897162427785	NA	NA
1	"Q2"	113	1	1	-0.0477508420369799	NA	NA
1	"Q2"	114	1	1	-0.0375131418081561	NA	NA
1	"Q2"	115	1	1	-0.0442912578917137	NA	NA
1	"Q2"	116	1	1	-0.0461504378850769	NA	NA
1	"Q2"	117	1	1	-0.0536937746765819	NA	NA
1	"Q2"	118	1	1	-0.0417971978585834	NA	NA
1	"Q2"	119	1	1	-0.0593974620025876	NA	NA
1	"Q2"	120	1	1	-0.0424912120521104	NA	NA
1	"Q2"	121	1	1	-0.0424064263104303	NA	NA
1	"Q2"	122	1	1	-0.0519248049129527	NA	NA
1	"Q2"	123	1	1	-0.0401819884533578	NA	NA
1	"Q2"	124	1	1	-0.0416470260467698	NA	NA
1	"Q2"	125	1	1	-0.0366745304619957	NA	NA
1	"Q2"	126	1	1	-0.0418065336087544	NA	NA
1	"Q2"	127	1	1	-0.0466063415190845	NA	NA
1	"Q2"	128	1	1	-0.037965270535089	NA	NA
1	"Q2"	129	1	1	-0.0536223824221328	NA	NA
1	"Q2"	130	1	1	-0.0445642586851896	NA	NA
1	"Q2"	131	1	1	-0.0409020433860792	NA	NA
1	"Q2"	132	1	1	-0.0379802354325035	NA	NA
1	"Q2"	133	1	1	-0.0453903461875946	NA	NA
1	"Q2"	134	1	1	-0.0488771874788973	NA	NA
1	"Q2"	135	1	1	-0.045683338645626	NA	NA
1	"Q2"	136	1	1	-0.0494355167933466	NA	NA
1	"Q2"	137	1	1	-0.0439321735941954	NA	NA
1	"Q2"	138	1	1	-0.0356965034053584	NA	NA
1	"Q2"	139	1	1	-0.0378747613268749	NA	NA
1	"Q2"	140	1	1	-0.0441857554793496	NA	NA
1	"Q2"	141	1	1	-0.0461647809350506	NA	NA
1	"Q2"	142	1	1	-0.0479540037389428	NA	NA
1	"Q2"	143	1	1	-0.0488578659226198	NA	NA
1	"Q2"	144	1	1	-0.0346696895993682	NA	NA
1	"Q2"	145	1	1	-0.0479472083415677	NA	NA
1	"Q2"	146	1	1	-0.0384941654646345	NA	NA
1	"Q2"	147	1	1	-0.0466253703999284	NA	NA
1	"Q2"	148	1	1	-0.0438066682302276	NA	NA
1	"Q2"	149	1	1	-0.0413320956882745	NA	NA
1	"Q2"	150	1	1	-0.0375472352252552	NA	NA
1	"Q2"	151	1	1	-0.0455058885787636	NA	NA
1	"Q2"	152	1	1	-0.0391840161156744	NA	NA
1	"Q2"	153	1	1	-0.0500058680745708	NA	NA
1	"Q2"	154	1	1	-0.0436672965244492	NA	NA
1	"Q2"	155	1	1	-0.049915009927974	NA	NA
1	"Q2"	156	1	1	-0.0468910648224999	NA	NA
1	"Q2"	157	1	1	-0.0433009681746564	NA	NA
1	"Q2"	158	1	1	-0.0387712796000324	NA	NA
1	"Q2"	159	1	1	-0.0433957291508625	NA	NA
1	"Q2"	160	1	1	-0.0405022009114312	NA	NA
1	"Q2"	161	1	1	-0.031074332221204	NA	NA
1	"Q2"	162	1	1	-0.0368477929253019	NA	NA
1	"Q2"	163	1	1	-0.0454948223117391	NA	NA
1	"Q2"	164	1	1	-0.050837730026376	NA	NA
1	"Q2"	165	1	1	-0.0494123006626349	NA	NA
1	"Q2"	166	1	1	-0.0472387762859234	NA	NA
1	"Q2"	167	1	1	-0.0361273526923463	NA	NA
1	"Q2"	168	1	1	-0.0376270486370075	NA	NA
1	"Q2"	169	1	1	-0.0431882694348925	NA	NA
1	"Q2"	170	1	1	-0.0442155963772225	NA	NA
1	"Q2"	171	1	1	-0.045276054952467	NA	NA
1	"Q2"	172	1	1	-0.0420699048418314	NA	NA
1	"Q2"	173	1	1	-0.0516511905612047	NA	NA
1	"Q2"	174	1	1	-0.0512273190496421	NA	NA
1	"Q2"	175	1	1	-0.0502527648143287	NA	NA
1	"Q2"	176	1	1	-0.0452825253818025	NA	NA
1	"Q2"	177	1	1	-0.041057807455906	NA	NA
1	"Q2"	178	1	1	-0.0453509921158737	NA	NA
1	"Q2"	179	1	1	-0.049692061143185	NA	NA
1	"Q2"	180	1	1	-0.0409102025312638	NA	NA
1	"Q2"	181	1	1	-0.0361407706741691	NA	NA
1	"Q2"	182	1	1	-0.0429692866394252	NA	NA
1	"Q2"	183	1	1	-0.0482246448371719	NA	NA
1	"Q2"	184	1	1	-0.0344982066582723	NA	NA
1	"Q2"	185	1	1	-0.0496500667221858	NA	NA
1	"Q2"	186	1	1	-0.0460751823301186	NA	NA
1	"Q2"	187	1	1	-0.0488848603253625	NA	NA
1	"Q2"	188	1	1	-0.0385978345491967	NA	NA
1	"Q2"	189	1	1	-0.0420439220455389	NA	NA
1	"Q2"	190	1	1	-0.0523394508853244	NA	NA
1	"Q2"	191	1	1	-0.0394272405575188	NA	NA
1	"Q2"	192	1	1	-0.0485318265845414	NA	NA
1	"Q2"	193	1	1	-0.0462490179930617	NA	NA
1	"Q2"	194	1	1	-0.0437590085880761	NA	NA
1	"Q2"	195	1	1	-0.0497806443578112	NA	NA
1	"Q2"	196	1	1	-0.0471072289896099	NA	NA
1	"Q2"	197	1	1	-0.0412848027958695	NA	NA
1	"Q2"	198	1	1	-0.0391712503862928	NA	NA
1	"Q2"	199	1	1	-0.0534171061374316	NA	NA
1	"Q2"	200	1	1	-0.0459810330532952	NA	NA
1	"Q2"	201	1	1	-0.0421313675847562	NA	NA
1	"Q2"	202	1	1	-0.0427973657070603	NA	NA
1	"Q2"	203	1	1	-0.0417628601045191	NA	NA
1	"Q2"	204	1	1	-0.0533720492868122	NA	NA
1	"Q2"	205	1	1	-0.0506932219558676	NA	NA
1	"Q2"	206	1	1	-0.0550060570753319	NA	NA
1	"Q2"	207	1	1	-0.0505657969935601	NA	NA
1	"Q2"	208	1	1	-0.0363275766558056	NA	NA
1	"Q2"	209	1	1	-0.0373049823156047	NA	NA
1	"Q2"	210	1	1	-0.0404915609654685	NA	NA
1	"Q2"	211	1	1	-0.035236265020971	NA	NA
1	"Q2"	212	1	1	-0.0363080794104068	NA	NA
1	"Q2"	213	1	1	-0.0416316755768173	NA	NA
1	"Q2"	214	1	1	-0.0508124203794356	NA	NA
1	"Q2"	215	1	1	-0.0435637313598172	NA	NA
1	"Q2"	216	1	1	-0.0403202853430824	NA	NA
1	"Q2"	217	1	1	-0.0262156328559163	NA	NA
1	"Q2"	218	1	1	-0.0378944662381483	NA	NA
1	"Q2"	219	1	1	-0.0512277326953222	NA	NA
1	"Q2"	220	1	1	-0.0570445857601359	NA	NA
1	"Q2"	221	1	1	-0.0467187646107838	NA	NA
1	"Q2"	222	1	1	-0.0461424165218736	NA	NA
1	"Q2"	223	1	1	-0.0539971092895723	NA	NA
1	"Q2"	224	1	1	-0.0486794657055365	NA	NA
1	"Q2"	225	1	1	-0.0450155133427758	NA	NA
1	"Q2"	226	1	1	-0.0328767833915667	NA	NA
1	"Q2"	227	1	1	-0.0428660703796679	NA	NA
1	"Q2"	228	1	1	-0.0461880000442501	NA	NA
1	"Q2"	229	1	1	-0.0440813500603858	NA	NA
1	"Q2"	230	1	1	-0.0279502567097456	NA	NA
1	"Q2"	231	1	1	-0.03986560484187	NA	NA
1	"Q2"	232	1	1	-0.0428432645207309	NA	NA
1	"Q2"	233	1	1	-0.0537815681685663	NA	NA
1	"Q2"	234	1	1	-0.0386654186079654	NA	NA
1	"Q2"	235	1	1	-0.0457956202177401	NA	NA
1	"Q2"	236	1	1	-0.0527129040029137	NA	NA
1	"Q2"	237	1	1	-0.0429525153108704	NA	NA
1	"Q2"	238	1	1	-0.0494892828957935	NA	NA
1	"Q2"	239	1	1	-0.0413539826526082	NA	NA
1	"Q2"	240	1	1	-0.0494594203564202	NA	NA
1	"Q2"	241	1	1	-0.0432647221172589	NA	NA
1	"Q2"	242	1	1	-0.0446695172957428	NA	NA
1	"Q2"	243	1	1	-0.0394845820667694	NA	NA
1	"Q2"	244	1	1	-0.0515962687756917	NA	NA
1	"Q2"	245	1	1	-0.0448669178832518	NA	NA
1	"Q2"	246	1	1	-0.0445655633659383	NA	NA
1	"Q2"	247	1	1	-0.0434291408047006	NA	NA
1	"Q2"	248	1	1	-0.036612697433013	NA	NA
1	"Q2"	249	1	1	-0.0340911264608496	NA	NA
1	"Q2"	250	1	1	-0.0489839755526012	NA	NA
1	"Q2"	251	1	1	-0.0471876644901587	NA	NA
1	"Q2"	252	1	1	-0.0423379231439826	NA	NA
1	"Q2"	253	1	1	-0.0585743568027847	NA	NA
1	"Q2"	254	1	1	-0.0397214479417298	NA	NA
1	"Q2"	255	1	1	-0.0424972917209914	NA	NA
1	"Q2"	256	1	1	-0.037706739182787	NA	NA
1	"Q2"	257	1	1	-0.0388058051752642	NA	NA
1	"Q2"	258	1	1	-0.0530422695154816	NA	NA
1	"Q2"	259	1	1	-0.0531579876287803	NA	NA
1	"Q2"	260	1	1	-0.0544663368557901	NA	NA
1	"Q2"	261	1	1	-0.0417387690505666	NA	NA
1	"Q2"	262	1	1	-0.0423886907623034	NA	NA
1	"Q2"	263	1	1	-0.0440550120548263	NA	NA
1	"Q2"	264	1	1	-0.0584249006634062	NA	NA
1	"Q2"	265	1	1	-0.0335224988599263	NA	NA
1	"Q2"	266	1	1	-0.0439946746855545	NA	NA
1	"Q2"	267	1	1	-0.0365501694914938	NA	NA
1	"Q2"	268	1	1	-0.0372444678417952	NA	NA
1	"Q2"	269	1	1	-0.0489535048664008	NA	NA
1	"Q2"	270	1	1	-0.030813519143192	NA	NA
1	"Q2"	271	1	1	-0.0405293124692524	NA	NA
1	"Q2"	272	1	1	-0.0461107665726099	NA	NA
1	"Q2"	273	1	1	-0.043101988444213	NA	NA
1	"Q2"	274	1	1	-0.040521047382593	NA	NA
1	"Q2"	275	1	1	-0.0490981207065149	NA	NA
1	"Q2"	276	1	1	-0.0401725808154431	NA	NA
1	"Q2"	277	1	1	-0.0532485223773727	NA	NA
1	"Q2"	278	1	1	-0.0469646236075169	NA	NA
1	"Q2"	279	1	1	-0.0464404491441376	NA	NA
1	"Q2"	280	1	1	-0.0432795182584526	NA	NA
1	"Q2"	281	1	1	-0.0450955354360508	NA	NA
1	"Q2"	282	1	1	-0.0396461504232956	NA	NA
1	"Q2"	283	1	1	-0.0385410617914751	NA	NA
1	"Q2"	284	1	1	-0.0351977620882185	NA	NA
1	"Q2"	285	1	1	-0.048429828328283	NA	NA
1	"Q2"	286	1	1	-0.051048534528557	NA	NA
1	"Q2"	287	1	1	-0.0472507291902164	NA	NA
1	"Q2"	288	1	1	-0.0485950879081225	NA	NA
1	"Q2"	289	1	1	-0.03545508196948	NA	NA
1	"Q2"	290	1	1	-0.0367684141045657	NA	NA
1	"Q2"	291	1	1	-0.0434579746726776	NA	NA
1	"Q2"	292	1	1	-0.058342995799833	NA	NA
1	"Q2"	293	1	1	-0.0423294899991982	NA	NA
1	"Q2"	294	1	1	-0.0394860263033767	NA	NA
1	"Q2"	295	1	1	-0.0477038354781327	NA	NA
1	"Q2"	296	1	1	-0.042956278235844	NA	NA
1	"Q2"	297	1	1	-0.0496688758531067	NA	NA
1	"Q2"	298	1	1	-0.0387630193853352	NA	NA
1	"Q2"	299	1	1	-0.0478706282785896	NA	NA
1	"Q2"	300	1	1	-0.0482096513845449	NA	NA
1	"Q2"	301	1	1	-0.0374623885613026	NA	NA
1	"Q2"	302	1	1	-0.0461350110181096	NA	NA
1	"Q2"	303	1	1	-0.0458244456043523	NA	NA
1	"Q2"	304	1	1	-0.0433502913075944	NA	NA
1	"Q2"	305	1	1	-0.0450054091595199	NA	NA
1	"Q2"	306	1	1	-0.0455572497436754	NA	NA
1	"Q2"	307	1	1	-0.0417297307470967	NA	NA
1	"Q2"	308	1	1	-0.0416271062452112	NA	NA
1	"Q2"	309	1	1	-0.0494182047130281	NA	NA
1	"Q2"	310	1	1	-0.0441205682439782	NA	NA
1	"Q2"	311	1	1	-0.0472917483735286	NA	NA
1	"Q2"	312	1	1	-0.0402826916130126	NA	NA
1	"Q2"	313	1	1	-0.0440259111507638	NA	NA
1	"Q2"	314	1	1	-0.043570663899135	NA	NA
1	"Q2"	315	1	1	-0.0293791339408008	NA	NA
1	"Q2"	316	1	1	-0.0420141624997219	NA	NA
1	"Q2"	317	1	1	-0.0485221662335695	NA	NA
1	"Q2"	318	1	1	-0.0485376664260071	NA	NA
1	"Q2"	319	1	1	-0.0411548215105751	NA	NA
1	"Q2"	320	1	1	-0.0501779442105432	NA	NA
1	"Q2"	321	1	1	-0.0412832224765787	NA	NA
1	"Q2"	322	1	1	-0.0438579954962865	NA	NA
1	"Q2"	323	1	1	-0.0453805185189774	NA	NA
1	"Q2"	324	1	1	-0.0455300503864151	NA	NA
1	"Q2"	325	1	1	-0.0437085343197036	NA	NA
1	"Q2"	326	1	1	-0.040091068660974	NA	NA
1	"Q2"	327	1	1	-0.0495500626946295	NA	NA
1	"Q2"	328	1	1	-0.0413459743362205	NA	NA
1	"Q2"	329	1	1	-0.0383473308034256	NA	NA
1	"Q2"	330	1	1	-0.0321359501510631	NA	NA
1	"Q2"	331	1	1	-0.0357224180423389	NA	NA
1	"Q2"	332	1	1	-0.0577985723691355	NA	NA
1	"Q2"	333	1	1	-0.0486535488513723	NA	NA
1	"Q2"	334	1	1	-0.034928423955706	NA	NA
1	"Q2"	335	1	1	-0.0436980413276175	NA	NA
1	"Q2"	336	1	1	-0.0492417441531102	NA	NA
1	"Q2"	337	1	1	-0.0370591444972521	NA	NA
1	"Q2"	338	1	1	-0.050588447171596	NA	NA
1	"Q2"	339	1	1	-0.0514553890907995	NA	NA
1	"Q2"	340	1	1	-0.0397954997548997	NA	NA
1	"Q2"	341	1	1	-0.0407143039858552	NA	NA
1	"Q2"	342	1	1	-0.049522628272537	NA	NA
1	"Q2"	343	1	1	-0.0497992565075787	NA	NA
1	"Q2"	344	1	1	-0.0473771718852	NA	NA
1	"Q2"	345	1	1	-0.0393075362724094	NA	NA
1	"Q2"	346	1	1	-0.0410033448110703	NA	NA
1	"Q2"	347	1	1	-0.059398369345097	NA	NA
1	"Q2"	348	1	1	-0.0546006582992151	NA	NA
1	"Q2"	349	1	1	-0.0518521554847666	NA	NA
1	"Q2"	350	1	1	-0.0397677674933353	NA	NA
1	"Q2"	351	1	1	-0.0464938177931117	NA	NA
1	"Q2"	352	1	1	-0.0417183111603097	NA	NA
1	"Q2"	353	1	1	-0.0468508100827935	NA	NA
1	"Q2"	354	1	1	-0.0499832350346471	NA	NA
1	"Q2"	355	1	1	-0.0375302757981059	NA	NA
1	"Q2"	356	1	1	-0.0430921953954549	NA	NA
1	"Q2"	357	1	1	-0.055207005030801	NA	NA
1	"Q2"	358	1	1	-0.0477160583949767	NA	NA
1	"Q2"	359	1	1	-0.047260287780321	NA	NA
1	"Q2"	360	1	1	-0.05073750799254	NA	NA
1	"Q2"	361	1	1	-0.0462052607389567	NA	NA
1	"Q2"	362	1	1	-0.0475406296458293	NA	NA
1	"Q2"	363	1	1	-0.0452558797804642	NA	NA
1	"Q2"	364	1	1	-0.0406506243445545	NA	NA
1	"Q2"	365	1	1	-0.0421481159528659	NA	NA
1	"Q2"	366	1	1	-0.0426890469842935	NA	NA
1	"Q2"	367	1	1	-0.0442601349826935	NA	NA
1	"Q2"	368	1	1	-0.0371099833959892	NA	NA
1	"Q2"	369	1	1	-0.0515141696974506	NA	NA
1	"Q2"	370	1	1	-0.0413139469582053	NA	NA
1	"Q2"	371	1	1	-0.0349778028514679	NA	NA
1	"Q2"	372	1	1	-0.044033602600107	NA	NA
1	"Q2"	373	1	1	-0.0483330943483965	NA	NA
1	"Q2"	374	1	1	-0.0415184106654387	NA	NA
1	"Q2"	375	1	1	-0.0549485780890079	NA	NA
1	"Q2"	376	1	1	-0.0389269823103038	NA	NA
1	"Q2"	377	1	1	-0.0508072896823155	NA	NA
1	"Q2"	378	1	1	-0.0462460802259518	NA	NA
1	"Q2"	379	1	1	-0.0332223162523971	NA	NA
1	"Q2"	380	1	1	-0.0371644073130398	NA	NA
1	"Q2"	381	1	1	-0.0398756720896816	NA	NA
1	"Q2"	382	1	1	-0.0449392966950867	NA	NA
1	"Q2"	383	1	1	-0.0340096790973206	NA	NA
1	"Q2"	384	1	1	-0.0444645902976175	NA	NA
1	"Q2"	385	1	1	-0.0487047959029766	NA	NA
1	"Q2"	386	1	1	-0.0475503610322626	NA	NA
1	"Q2"	387	1	1	-0.0407650625763752	NA	NA
1	"Q2"	388	1	1	-0.0463564811482295	NA	NA
1	"Q2"	389	1	1	-0.0386042647589091	NA	NA
1	"Q2"	390	1	1	-0.0538719329939446	NA	NA
1	"Q2"	391	1	1	-0.0444665382877619	NA	NA
1	"Q2"	392	1	1	-0.0426491850697961	NA	NA
1	"Q2"	393	1	1	-0.0504568092874549	NA	NA
1	"Q2"	394	1	1	-0.0542152152174537	NA	NA
1	"Q2"	395	1	1	-0.0395105746083881	NA	NA
1	"Q2"	396	1	1	-0.0470164211256937	NA	NA
1	"Q2"	397	1	1	-0.049363560516549	NA	NA
1	"Q2"	398	1	1	-0.0430467242072618	NA	NA
1	"Q2"	399	1	1	-0.0447094737843368	NA	NA
1	"Q2"	400	1	1	-0.0558412157256192	NA	NA
1	"Q3"	1	1	2	0.0142197590675123	NA	NA
1	"Q3"	2	1	2	0.0193863788180917	NA	NA
1	"Q3"	3	1	2	0.00970456229938735	NA	NA
1	"Q3"	4	1	2	0.0231536334442576	NA	NA
1	"Q3"	5	1	2	0.000225714326736486	NA	NA
1	"Q3"	6	1	2	0.0326007280025403	NA	NA
1	"Q3"	7	1	2	0.00614915385058001	NA	NA
1	"Q3"	8	1	2	0.0150550542355516	NA	NA
1	"Q3"	9	1	2	0.00485452972332625	NA	NA
1	"Q3"	10	1	2	0.0211789751291366	NA	NA
1	"Q3"	11	1	2	0.0113353864977581	NA	NA
1	"Q3"	12	1	2	0.0120145573112624	NA	NA
1	"Q3"	13	1	2	0.0290319336049277	NA	NA
1	"Q3"	14	1	2	0.0290456257998911	NA	NA
1	"Q3"	15	1	2	0.0111888615275365	NA	NA
1	"Q3"	16	1	2	0.018633731438208	NA	NA
1	"Q3"	17	1	2	0.0128110029940364	NA	NA
1	"Q3"	18	1	2	0.0151229369631896	NA	NA
1	"Q3"	19	1	2	0.0151948219322624	NA	NA
1	"Q3"	20	1	2	0.00383783822216244	NA	NA
1	"Q3"	21	1	2	0.01172017348475	NA	NA
1	"Q3"	22	1	2	0.0129838143650172	NA	NA
1	"Q3"	23	1	2	0.0252811358416412	NA	NA
1	"Q3"	24	1	2	0.037658148212116	NA	NA
1	"Q3"	25	1	2	0.0115725847720807	NA	NA
1	"Q3"	26	1	2	0.0145462041146093	NA	NA
1	"Q3"	27	1	2	0.00787309853688731	NA	NA
1	"Q3"	28	1	2	0.0190591928661163	NA	NA
1	"Q3"	29	1	2	0.0212765004586453	NA	NA
1	"Q3"	30	1	2	0.017678234640771	NA	NA
1	"Q3"	31	1	2	0.00721271561281963	NA	NA
1	"Q3"	32	1	2	0.0142459349887314	NA	NA
1	"Q3"	33	1	2	0.00866557519821713	NA	NA
1	"Q3"	34	1	2	0.0191768899902292	NA	NA
1	"Q3"	35	1	2	0.0158772831325695	NA	NA
1	"Q3"	36	1	2	0.0163617971577436	NA	NA
1	"Q3"	37	1	2	0.0125563276798837	NA	NA
1	"Q3"	38	1	2	0.0122207970399805	NA	NA
1	"Q3"	39	1	2	0.022429706395338	NA	NA
1	"Q3"	40	1	2	0.0183173413305404	NA	NA
1	"Q3"	41	1	2	0.0160897204622196	NA	NA
1	"Q3"	42	1	2	0.0218072170105307	NA	NA
1	"Q3"	43	1	2	0.0148999909186942	NA	NA
1	"Q3"	44	1	2	0.0182082492505373	NA	NA
1	"Q3"	45	1	2	0.0158779657378687	NA	NA
1	"Q3"	46	1	2	0.017298274352764	NA	NA
1	"Q3"	47	1	2	0.0164699613746208	NA	NA
1	"Q3"	48	1	2	0.0221740839857151	NA	NA
1	"Q3"	49	1	2	0.0178570176454596	NA	NA
1	"Q3"	50	1	2	0.00907703598256551	NA	NA
1	"Q3"	51	1	2	0.01096056600971	NA	NA
1	"Q3"	52	1	2	0.0152655684200329	NA	NA
1	"Q3"	53	1	2	0.0208331660265912	NA	NA
1	"Q3"	54	1	2	0.0111913342536082	NA	NA
1	"Q3"	55	1	2	0.0144064080115068	NA	NA
1	"Q3"	56	1	2	0.0192740848141246	NA	NA
1	"Q3"	57	1	2	0.0148514347549951	NA	NA
1	"Q3"	58	1	2	0.032788515008078	NA	NA
1	"Q3"	59	1	2	0.0129992346731886	NA	NA
1	"Q3"	60	1	2	0.023138276960556	NA	NA
1	"Q3"	61	1	2	0.024411412588393	NA	NA
1	"Q3"	62	1	2	0.0196008638538229	NA	NA
1	"Q3"	63	1	2	0.0284088685824974	NA	NA
1	"Q3"	64	1	2	0.0152112532639202	NA	NA
1	"Q3"	65	1	2	0.0219398913357061	NA	NA
1	"Q3"	66	1	2	0.00847161811898177	NA	NA
1	"Q3"	67	1	2	0.0107322323433224	NA	NA
1	"Q3"	68	1	2	0.0154238362730243	NA	NA
1	"Q3"	69	1	2	0.0198426817813701	NA	NA
1	"Q3"	70	1	2	0.020645076715262	NA	NA
1	"Q3"	71	1	2	0.0209764847265105	NA	NA
1	"Q3"	72	1	2	0.0195053042938963	NA	NA
1	"Q3"	73	1	2	0.0190460860310954	NA	NA
1	"Q3"	74	1	2	0.0172229243770087	NA	NA
1	"Q3"	75	1	2	0.0168870719928309	NA	NA
1	"Q3"	76	1	2	0.0263675774368781	NA	NA
1	"Q3"	77	1	2	0.0248240060772749	NA	NA
1	"Q3"	78	1	2	0.00669499234972924	NA	NA
1	"Q3"	79	1	2	0.0219871601616146	NA	NA
1	"Q3"	80	1	2	0.0159342959624957	NA	NA
1	"Q3"	81	1	2	0.0257959641438374	NA	NA
1	"Q3"	82	1	2	0.0104034338276649	NA	NA
1	"Q3"	83	1	2	0.0215865294628221	NA	NA
1	"Q3"	84	1	2	0.0275728738694104	NA	NA
1	"Q3"	85	1	2	0.00451461474168199	NA	NA
1	"Q3"	86	1	2	0.0166936924323013	NA	NA
1	"Q3"	87	1	2	0.0155122811228602	NA	NA
1	"Q3"	88	1	2	0.0288048302927437	NA	NA
1	"Q3"	89	1	2	0.0289676826612224	NA	NA
1	"Q3"	90	1	2	0.0149715381049325	NA	NA
1	"Q3"	91	1	2	0.0223029048199705	NA	NA
1	"Q3"	92	1	2	0.0176668445787799	NA	NA
1	"Q3"	93	1	2	0.0124945458143071	NA	NA
1	"Q3"	94	1	2	0.0181885646103701	NA	NA
1	"Q3"	95	1	2	0.0202886112863622	NA	NA
1	"Q3"	96	1	2	0.0193146207744286	NA	NA
1	"Q3"	97	1	2	0.0226039439144004	NA	NA
1	"Q3"	98	1	2	0.0156364287720713	NA	NA
1	"Q3"	99	1	2	-0.00489194968825747	NA	NA
1	"Q3"	100	1	2	0.011369401039184	NA	NA
1	"Q3"	101	1	2	0.0127232611003063	NA	NA
1	"Q3"	102	1	2	0.019004317821531	NA	NA
1	"Q3"	103	1	2	0.0187148373167432	NA	NA
1	"Q3"	104	1	2	0.0213648374654224	NA	NA
1	"Q3"	105	1	2	0.0216257357923109	NA	NA
1	"Q3"	106	1	2	0.0159323684791349	NA	NA
1	"Q3"	107	1	2	0.0177359391294504	NA	NA
1	"Q3"	108	1	2	0.0199928145431103	NA	NA
1	"Q3"	109	1	2	0.00793935940966144	NA	NA
1	"Q3"	110	1	2	0.0149829614985078	NA	NA
1	"Q3"	111	1	2	0.0186001497103519	NA	NA
1	"Q3"	112	1	2	0.019023359844201	NA	NA
1	"Q3"	113	1	2	0.0174061855481475	NA	NA
1	"Q3"	114	1	2	0.013740114634034	NA	NA
1	"Q3"	115	1	2	0.0181072554596046	NA	NA
1	"Q3"	116	1	2	0.0247741781537103	NA	NA
1	"Q3"	117	1	2	0.0169472797332448	NA	NA
1	"Q3"	118	1	2	0.00894479988229516	NA	NA
1	"Q3"	119	1	2	0.0270044801060347	NA	NA
1	"Q3"	120	1	2	0.0205928885178452	NA	NA
1	"Q3"	121	1	2	0.0227436724380067	NA	NA
1	"Q3"	122	1	2	0.0307385026562529	NA	NA
1	"Q3"	123	1	2	0.0299337011328799	NA	NA
1	"Q3"	124	1	2	0.00905825692997611	NA	NA
1	"Q3"	125	1	2	0.0184659605931961	NA	NA
1	"Q3"	126	1	2	0.0108807803110961	NA	NA
1	"Q3"	127	1	2	0.0184106250002951	NA	NA
1	"Q3"	128	1	2	0.0170625824438703	NA	NA
1	"Q3"	129	1	2	0.0177488321948843	NA	NA
1	"Q3"	130	1	2	0.00923745991057397	NA	NA
1	"Q3"	131	1	2	0.0217489993955583	NA	NA
1	"Q3"	132	1	2	0.0205250046357906	NA	NA
1	"Q3"	133	1	2	0.0252663802980236	NA	NA
1	"Q3"	134	1	2	0.0204566242474682	NA	NA
1	"Q3"	135	1	2	0.0122201188946515	NA	NA
1	"Q3"	136	1	2	0.0160503069459736	NA	NA
1	"Q3"	137	1	2	0.00694044543804862	NA	NA
1	"Q3"	138	1	2	0.0290823019207463	NA	NA
1	"Q3"	139	1	2	0.026967650020023	NA	NA
1	"Q3"	140	1	2	0.00607979102830608	NA	NA
1	"Q3"	141	1	2	0.0251307638622621	NA	NA
1	"Q3"	142	1	2	0.0151684044112857	NA	NA
1	"Q3"	143	1	2	0.0148896517067839	NA	NA
1	"Q3"	144	1	2	0.0174566482420386	NA	NA
1	"Q3"	145	1	2	0.0239209107442221	NA	NA
1	"Q3"	146	1	2	0.025199513334226	NA	NA
1	"Q3"	147	1	2	0.0101724195349316	NA	NA
1	"Q3"	148	1	2	0.0226106013243417	NA	NA
1	"Q3"	149	1	2	0.0196266283514984	NA	NA
1	"Q3"	150	1	2	0.0187283952809572	NA	NA
1	"Q3"	151	1	2	0.0224002893314921	NA	NA
1	"Q3"	152	1	2	0.0146831211579452	NA	NA
1	"Q3"	153	1	2	0.0053179860048325	NA	NA
1	"Q3"	154	1	2	0.0195869804354377	NA	NA
1	"Q3"	155	1	2	0.0204291402853668	NA	NA
1	"Q3"	156	1	2	0.0157773849068407	NA	NA
1	"Q3"	157	1	2	0.0132099649664336	NA	NA
1	"Q3"	158	1	2	0.01211471666219	NA	NA
1	"Q3"	159	1	2	0.0164273518745812	NA	NA
1	"Q3"	160	1	2	0.00642298504909456	NA	NA
1	"Q3"	161	1	2	-0.00345296719484002	NA	NA
1	"Q3"	162	1	2	0.0134022203868665	NA	NA
1	"Q3"	163	1	2	0.00172009700327292	NA	NA
1	"Q3"	164	1	2	0.0208831815175455	NA	NA
1	"Q3"	165	1	2	0.0123108267358703	NA	NA
1	"Q3"	166	1	2	0.016593666148026	NA	NA
1	"Q3"	167	1	2	0.0098022261963388	NA	NA
1	"Q3"	168	1	2	0.018942058948167	NA	NA
1	"Q3"	169	1	2	0.0135361787468787	NA	NA
1	"Q3"	170	1	2	0.0163350898899654	NA	NA
1	"Q3"	171	1	2	0.0108421314592138	NA	NA
1	"Q3"	172	1	2	0.0284272155193323	NA	NA
1	"Q3"	173	1	2	0.019448782257326	NA	NA
1	"Q3"	174	1	2	0.00901897410897961	NA	NA
1	"Q3"	175	1	2	0.0239735137446767	NA	NA
1	"Q3"	176	1	2	0.0134493133319376	NA	NA
1	"Q3"	177	1	2	0.0103694023541631	NA	NA
1	"Q3"	178	1	2	0.0130038726916295	NA	NA
1	"Q3"	179	1	2	0.0295382032143135	NA	NA
1	"Q3"	180	1	2	0.0260227165557324	NA	NA
1	"Q3"	181	1	2	0.0115861300501673	NA	NA
1	"Q3"	182	1	2	0.0206989124162451	NA	NA
1	"Q3"	183	1	2	0.0191578195055191	NA	NA
1	"Q3"	184	1	2	0.0259798093732388	NA	NA
1	"Q3"	185	1	2	0.0202360368230233	NA	NA
1	"Q3"	186	1	2	0.0144018774069462	NA	NA
1	"Q3"	187	1	2	0.012492888378973	NA	NA
1	"Q3"	188	1	2	0.0168395893334957	NA	NA
1	"Q3"	189	1	2	0.0177597755545293	NA	NA
1	"Q3"	190	1	2	0.0184164659284553	NA	NA
1	"Q3"	191	1	2	0.0209943027723293	NA	NA
1	"Q3"	192	1	2	0.0342202936666746	NA	NA
1	"Q3"	193	1	2	0.0254722026676367	NA	NA
1	"Q3"	194	1	2	0.0144323523245119	NA	NA
1	"Q3"	195	1	2	0.0203557082363991	NA	NA
1	"Q3"	196	1	2	0.0192859435747153	NA	NA
1	"Q3"	197	1	2	0.00836291307752472	NA	NA
1	"Q3"	198	1	2	0.0218939890142102	NA	NA
1	"Q3"	199	1	2	0.0207879474879216	NA	NA
1	"Q3"	200	1	2	0.02028647117467	NA	NA
1	"Q3"	201	1	2	0.00891516586976007	NA	NA
1	"Q3"	202	1	2	0.0124781494994677	NA	NA
1	"Q3"	203	1	2	0.0126641430301013	NA	NA
1	"Q3"	204	1	2	0.0236876339765181	NA	NA
1	"Q3"	205	1	2	0.0194041916014712	NA	NA
1	"Q3"	206	1	2	0.0128587000248726	NA	NA
1	"Q3"	207	1	2	0.0202568411693469	NA	NA
1	"Q3"	208	1	2	0.0121391787709721	NA	NA
1	"Q3"	209	1	2	0.00959032152738489	NA	NA
1	"Q3"	210	1	2	0.0103354277856593	NA	NA
1	"Q3"	211	1	2	0.0284648047813253	NA	NA
1	"Q3"	212	1	2	0.0132813617191446	NA	NA
1	"Q3"	213	1	2	0.0151978137869752	NA	NA
1	"Q3"	214	1	2	0.0240977595985195	NA	NA
1	"Q3"	215	1	2	0.0142637541638059	NA	NA
1	"Q3"	216	1	2	0.0172782796164162	NA	NA
1	"Q3"	217	1	2	0.0273511460743449	NA	NA
1	"Q3"	218	1	2	0.018321005127696	NA	NA
1	"Q3"	219	1	2	0.00846254819400768	NA	NA
1	"Q3"	220	1	2	0.0181326936543877	NA	NA
1	"Q3"	221	1	2	0.0106510619648119	NA	NA
1	"Q3"	222	1	2	0.0147492436173767	NA	NA
1	"Q3"	223	1	2	0.018492909576629	NA	NA
1	"Q3"	224	1	2	0.0235934725665672	NA	NA
1	"Q3"	225	1	2	0.0262473544231425	NA	NA
1	"Q3"	226	1	2	0.0147641988947241	NA	NA
1	"Q3"	227	1	2	0.0144335895944007	NA	NA
1	"Q3"	228	1	2	0.00900342105758198	NA	NA
1	"Q3"	229	1	2	0.0135410213898475	NA	NA
1	"Q3"	230	1	2	0.0125167713148734	NA	NA
1	"Q3"	231	1	2	0.0168219929718374	NA	NA
1	"Q3"	232	1	2	0.015942396694703	NA	NA
1	"Q3"	233	1	2	0.0231411945948521	NA	NA
1	"Q3"	234	1	2	0.0129678083818632	NA	NA
1	"Q3"	235	1	2	0.0204901858214954	NA	NA
1	"Q3"	236	1	2	0.0182497821030079	NA	NA
1	"Q3"	237	1	2	0.0237440697306738	NA	NA
1	"Q3"	238	1	2	0.0189702700120714	NA	NA
1	"Q3"	239	1	2	0.02005870894623	NA	NA
1	"Q3"	240	1	2	0.0201522847533871	NA	NA
1	"Q3"	241	1	2	0.0187544760816781	NA	NA
1	"Q3"	242	1	2	0.0285639599994201	NA	NA
1	"Q3"	243	1	2	0.0223694464602031	NA	NA
1	"Q3"	244	1	2	0.021277465739652	NA	NA
1	"Q3"	245	1	2	0.0233096794488071	NA	NA
1	"Q3"	246	1	2	0.0073039196466577	NA	NA
1	"Q3"	247	1	2	0.0332140920215333	NA	NA
1	"Q3"	248	1	2	0.0277294444359623	NA	NA
1	"Q3"	249	1	2	0.0164092375614532	NA	NA
1	"Q3"	250	1	2	0.0139617529725638	NA	NA
1	"Q3"	251	1	2	0.0225953051747329	NA	NA
1	"Q3"	252	1	2	0.0235604683068339	NA	NA
1	"Q3"	253	1	2	0.0165702069295402	NA	NA
1	"Q3"	254	1	2	0.0312259534644299	NA	NA
1	"Q3"	255	1	2	0.00625427331980044	NA	NA
1	"Q3"	256	1	2	0.0191154464321819	NA	NA
1	"Q3"	257	1	2	0.0273501213238284	NA	NA
1	"Q3"	258	1	2	0.0144823376628277	NA	NA
1	"Q3"	259	1	2	0.0128327919276307	NA	NA
1	"Q3"	260	1	2	0.0245328207815523	NA	NA
1	"Q3"	261	1	2	0.0176725271186484	NA	NA
1	"Q3"	262	1	2	0.0259755511889567	NA	NA
1	"Q3"	263	1	2	0.0142570740693265	NA	NA
1	"Q3"	264	1	2	0.0344923256332292	NA	NA
1	"Q3"	265	1	2	0.0228022516253508	NA	NA
1	"Q3"	266	1	2	0.0202814413659424	NA	NA
1	"Q3"	267	1	2	0.0224521886906744	NA	NA
1	"Q3"	268	1	2	0.0114476001089806	NA	NA
1	"Q3"	269	1	2	0.021625822418608	NA	NA
1	"Q3"	270	1	2	0.0215189206968963	NA	NA
1	"Q3"	271	1	2	0.0153329493409121	NA	NA
1	"Q3"	272	1	2	0.0205923823606772	NA	NA
1	"Q3"	273	1	2	0.0267610077572968	NA	NA
1	"Q3"	274	1	2	0.0106000597494415	NA	NA
1	"Q3"	275	1	2	0.0214216436360163	NA	NA
1	"Q3"	276	1	2	0.0209817321052684	NA	NA
1	"Q3"	277	1	2	0.00439594761696421	NA	NA
1	"Q3"	278	1	2	0.0168901321505373	NA	NA
1	"Q3"	279	1	2	0.00362491517069583	NA	NA
1	"Q3"	280	1	2	0.0132594960080817	NA	NA
1	"Q3"	281	1	2	0.0200286275056183	NA	NA
1	"Q3"	282	1	2	0.00582351565361961	NA	NA
1	"Q3"	283	1	2	0.0203458643425472	NA	NA
1	"Q3"	284	1	2	0.0197254131899389	NA	NA
1	"Q3"	285	1	2	0.0173827050830704	NA	NA
1	"Q3"	286	1	2	-0.0017310165813873	NA	NA
1	"Q3"	287	1	2	0.0191390824590515	NA	NA
1	"Q3"	288	1	2	0.0169192448880944	NA	NA
1	"Q3"	289	1	2	0.0155878781084892	NA	NA
1	"Q3"	290	1	2	0.0172046270463763	NA	NA
1	"Q3"	291	1	2	0.0267280170034734	NA	NA
1	"Q3"	292	1	2	0.0197653227032697	NA	NA
1	"Q3"	293	1	2	0.0232972911528461	NA	NA
1	"Q3"	294	1	2	0.013131838156324	NA	NA
1	"Q3"	295	1	2	0.00864859582801936	NA	NA
1	"Q3"	296	1	2	0.0163932180909012	NA	NA
1	"Q3"	297	1	2	0.0252144461759744	NA	NA
1	"Q3"	298	1	2	0.00805740285478683	NA	NA
1	"Q3"	299	1	2	0.0139136718060412	NA	NA
1	"Q3"	300	1	2	0.00703288271324109	NA	NA
1	"Q3"	301	1	2	0.013630563831165	NA	NA
1	"Q3"	302	1	2	0.021672170236253	NA	NA
1	"Q3"	303	1	2	0.016292012244291	NA	NA
1	"Q3"	304	1	2	0.013508946114466	NA	NA
1	"Q3"	305	1	2	0.01558312900046	NA	NA
1	"Q3"	306	1	2	0.0162649314210452	NA	NA
1	"Q3"	307	1	2	0.000951340234386871	NA	NA
1	"Q3"	308	1	2	0.0198290932098345	NA	NA
1	"Q3"	309	1	2	0.0132901201212339	NA	NA
1	"Q3"	310	1	2	0.0240048592327076	NA	NA
1	"Q3"	311	1	2	0.0228138075798255	NA	NA
1	"Q3"	312	1	2	0.0117397081802408	NA	NA
1	"Q3"	313	1	2	0.0168200298204557	NA	NA
1	"Q3"	314	1	2	0.0182443113503135	NA	NA
1	"Q3"	315	1	2	0.0180573013669052	NA	NA
1	"Q3"	316	1	2	0.0196938331468574	NA	NA
1	"Q3"	317	1	2	0.0144815065831621	NA	NA
1	"Q3"	318	1	2	0.0260045031367418	NA	NA
1	"Q3"	319	1	2	0.0203884395645861	NA	NA
1	"Q3"	320	1	2	0.0131091503092294	NA	NA
1	"Q3"	321	1	2	0.0263298173688174	NA	NA
1	"Q3"	322	1	2	0.0139422039681126	NA	NA
1	"Q3"	323	1	2	0.0242866160163653	NA	NA
1	"Q3"	324	1	2	0.0115079052240493	NA	NA
1	"Q3"	325	1	2	0.027170477671986	NA	NA
1	"Q3"	326	1	2	0.0186878965241177	NA	NA
1	"Q3"	327	1	2	0.00964932641225974	NA	NA
1	"Q3"	328	1	2	0.02431506881271	NA	NA
1	"Q3"	329	1	2	0.0153925230857748	NA	NA
1	"Q3"	330	1	2	-0.00194329507363377	NA	NA
1	"Q3"	331	1	2	0.0122790724629538	NA	NA
1	"Q3"	332	1	2	0.0154640859146018	NA	NA
1	"Q3"	333	1	2	0.00933181561165835	NA	NA
1	"Q3"	334	1	2	0.0131517874994728	NA	NA
1	"Q3"	335	1	2	0.0187700518551798	NA	NA
1	"Q3"	336	1	2	0.0248704226098593	NA	NA
1	"Q3"	337	1	2	0.0135684485854998	NA	NA
1	"Q3"	338	1	2	0.0143144624880338	NA	NA
1	"Q3"	339	1	2	0.0238721626334712	NA	NA
1	"Q3"	340	1	2	0.0304880733362186	NA	NA
1	"Q3"	341	1	2	0.0213802765522559	NA	NA
1	"Q3"	342	1	2	0.0196183634292925	NA	NA
1	"Q3"	343	1	2	0.034078368980599	NA	NA
1	"Q3"	344	1	2	0.0236360027538848	NA	NA
1	"Q3"	345	1	2	0.0219844386125873	NA	NA
1	"Q3"	346	1	2	0.0118383117999252	NA	NA
1	"Q3"	347	1	2	0.0126004461279777	NA	NA
1	"Q3"	348	1	2	0.00790947217796897	NA	NA
1	"Q3"	349	1	2	0.0103873870849187	NA	NA
1	"Q3"	350	1	2	0.0211259974489877	NA	NA
1	"Q3"	351	1	2	0.00770765229516058	NA	NA
1	"Q3"	352	1	2	0.0176235100435339	NA	NA
1	"Q3"	353	1	2	0.00972013105682669	NA	NA
1	"Q3"	354	1	2	0.0172703544790742	NA	NA
1	"Q3"	355	1	2	0.0380131859169393	NA	NA
1	"Q3"	356	1	2	0.0229906480022047	NA	NA
1	"Q3"	357	1	2	0.0195646426005109	NA	NA
1	"Q3"	358	1	2	0.0213580281113909	NA	NA
1	"Q3"	359	1	2	0.0213386308452117	NA	NA
1	"Q3"	360	1	2	0.0220311701043423	NA	NA
1	"Q3"	361	1	2	0.0145041953474875	NA	NA
1	"Q3"	362	1	2	0.0110702609190904	NA	NA
1	"Q3"	363	1	2	0.0213297990480296	NA	NA
1	"Q3"	364	1	2	0.0131479240023364	NA	NA
1	"Q3"	365	1	2	0.0282484194592264	NA	NA
1	"Q3"	366	1	2	0.0185162754036015	NA	NA
1	"Q3"	367	1	2	0.0171213839703976	NA	NA
1	"Q3"	368	1	2	0.0148287384118205	NA	NA
1	"Q3"	369	1	2	0.0228213310808247	NA	NA
1	"Q3"	370	1	2	0.0226762353131808	NA	NA
1	"Q3"	371	1	2	0.0120029635898801	NA	NA
1	"Q3"	372	1	2	0.0145657560966883	NA	NA
1	"Q3"	373	1	2	0.0201668396302421	NA	NA
1	"Q3"	374	1	2	0.0258650115055429	NA	NA
1	"Q3"	375	1	2	0.0233120846789975	NA	NA
1	"Q3"	376	1	2	0.0208689848648194	NA	NA
1	"Q3"	377	1	2	0.0174703615032768	NA	NA
1	"Q3"	378	1	2	0.0134723216474975	NA	NA
1	"Q3"	379	1	2	0.0161266109218633	NA	NA
1	"Q3"	380	1	2	0.0253723046482334	NA	NA
1	"Q3"	381	1	2	0.00823785146229553	NA	NA
1	"Q3"	382	1	2	0.0253219117760213	NA	NA
1	"Q3"	383	1	2	0.0113292968657818	NA	NA
1	"Q3"	384	1	2	0.014091447909626	NA	NA
1	"Q3"	385	1	2	0.0202625129571939	NA	NA
1	"Q3"	386	1	2	0.018507656159339	NA	NA
1	"Q3"	387	1	2	0.0185118050381021	NA	NA
1	"Q3"	388	1	2	0.0241053177150465	NA	NA
1	"Q3"	389	1	2	0.0280307115170858	NA	NA
1	"Q3"	390	1	2	0.02212582016598	NA	NA
1	"Q3"	391	1	2	0.0207556055660495	NA	NA
1	"Q3"	392	1	2	0.0289933886818481	NA	NA
1	"Q3"	393	1	2	0.0291697073025812	NA	NA
1	"Q3"	394	1	2	0.0107668962051143	NA	NA
1	"Q3"	395	1	2	0.0214139228922963	NA	NA
1	"Q3"	396	1	2	0.0081433032053935	NA	NA
1	"Q3"	397	1	2	0.0217826954668692	NA	NA
1	"Q3"	398	1	2	0.0160155342639636	NA	NA
1	"Q3"	399	1	2	0.031480810955581	NA	NA
1	"Q3"	400	1	2	0.0287406554258102	NA	NA
1	"Q4"	1	1	3	0.0329465920350568	NA	NA
1	"Q4"	2	1	3	0.0129247387189221	NA	NA
1	"Q4"	3	1	3	0.0347923985030203	NA	NA
1	"Q4"	4	1	3	0.0153538114268591	NA	NA
1	"Q4"	5	1	3	0.0458781388723829	NA	NA
1	"Q4"	6	1	3	0.0175828055246446	NA	NA
1	"Q4"	7	1	3	0.0344102552509476	NA	NA
1	"Q4"	8	1	3	0.0275915922085536	NA	NA
1	"Q4"	9	1	3	0.0348620746738813	NA	NA
1	"Q4"	10	1	3	0.0159711813804462	NA	NA
1	"Q4"	11	1	3	0.0221808279237083	NA	NA
1	"Q4"	12	1	3	0.0379592344997816	NA	NA
1	"Q4"	13	1	3	0.0111268949672929	NA	NA
1	"Q4"	14	1	3	0.0224588910048048	NA	NA
1	"Q4"	15	1	3	0.0404466588498075	NA	NA
1	"Q4"	16	1	3	0.024586964912561	NA	NA
1	"Q4"	17	1	3	0.0288728977314475	NA	NA
1	"Q4"	18	1	3	0.0368305021001499	NA	NA
1	"Q4"	19	1	3	0.0263655308387196	NA	NA
1	"Q4"	20	1	3	0.0378308733063629	NA	NA
1	"Q4"	21	1	3	0.0360598271405062	NA	NA
1	"Q4"	22	1	3	0.0437522359035023	NA	NA
1	"Q4"	23	1	3	0.0106140873390142	NA	NA
1	"Q4"	24	1	3	0.0127157235453131	NA	NA
1	"Q4"	25	1	3	0.0335188846439642	NA	NA
1	"Q4"	26	1	3	0.0265092010196259	NA	NA
1	"Q4"	27	1	3	0.0361855107408335	NA	NA
1	"Q4"	28	1	3	0.0149645187436008	NA	NA
1	"Q4"	29	1	3	0.0229450983141159	NA	NA
1	"Q4"	30	1	3	0.0285017126839264	NA	NA
1	"Q4"	31	1	3	0.0512378983616484	NA	NA
1	"Q4"	32	1	3	0.0341839037179039	NA	NA
1	"Q4"	33	1	3	0.044524330066567	NA	NA
1	"Q4"	34	1	3	0.026896586110201	NA	NA
1	"Q4"	35	1	3	0.0255874028309471	NA	NA
1	"Q4"	36	1	3	0.028753970981625	NA	NA
1	"Q4"	37	1	3	0.0270685520035527	NA	NA
1	"Q4"	38	1	3	0.0446512262646876	NA	NA
1	"Q4"	39	1	3	0.00191551239773477	NA	NA
1	"Q4"	40	1	3	0.036713035579824	NA	NA
1	"Q4"	41	1	3	0.0321043535467423	NA	NA
1	"Q4"	42	1	3	0.0195073662600986	NA	NA
1	"Q4"	43	1	3	0.039436821147421	NA	NA
1	"Q4"	44	1	3	0.0313239709795726	NA	NA
1	"Q4"	45	1	3	0.0257779849455143	NA	NA
1	"Q4"	46	1	3	0.0301929435145327	NA	NA
1	"Q4"	47	1	3	0.031134011711548	NA	NA
1	"Q4"	48	1	3	0.0289771516713357	NA	NA
1	"Q4"	49	1	3	0.0262869180712973	NA	NA
1	"Q4"	50	1	3	0.0309065558531534	NA	NA
1	"Q4"	51	1	3	0.034050328334293	NA	NA
1	"Q4"	52	1	3	0.023119015402131	NA	NA
1	"Q4"	53	1	3	0.0263542486260638	NA	NA
1	"Q4"	54	1	3	0.02477297160629	NA	NA
1	"Q4"	55	1	3	0.0261509023003185	NA	NA
1	"Q4"	56	1	3	0.0205630058001911	NA	NA
1	"Q4"	57	1	3	0.0315436113920191	NA	NA
1	"Q4"	58	1	3	0.00972668724765908	NA	NA
1	"Q4"	59	1	3	0.0193640776336531	NA	NA
1	"Q4"	60	1	3	0.0139741491644421	NA	NA
1	"Q4"	61	1	3	0.0289894232422732	NA	NA
1	"Q4"	62	1	3	0.0386020027472943	NA	NA
1	"Q4"	63	1	3	0.0058561431768649	NA	NA
1	"Q4"	64	1	3	0.0280418851920158	NA	NA
1	"Q4"	65	1	3	0.0172805494273598	NA	NA
1	"Q4"	66	1	3	0.0362960972990962	NA	NA
1	"Q4"	67	1	3	0.0340015531592973	NA	NA
1	"Q4"	68	1	3	0.0227421830527374	NA	NA
1	"Q4"	69	1	3	0.0175836447975076	NA	NA
1	"Q4"	70	1	3	0.031165681917345	NA	NA
1	"Q4"	71	1	3	0.0246894810463936	NA	NA
1	"Q4"	72	1	3	0.0234400132889489	NA	NA
1	"Q4"	73	1	3	0.0191756378420566	NA	NA
1	"Q4"	74	1	3	0.0388666872742482	NA	NA
1	"Q4"	75	1	3	0.0269034356237067	NA	NA
1	"Q4"	76	1	3	0.0251139335636556	NA	NA
1	"Q4"	77	1	3	0.0191197985692902	NA	NA
1	"Q4"	78	1	3	0.0399448235901269	NA	NA
1	"Q4"	79	1	3	0.0215965658248684	NA	NA
1	"Q4"	80	1	3	0.0276250032709479	NA	NA
1	"Q4"	81	1	3	0.019803581669777	NA	NA
1	"Q4"	82	1	3	0.0218818257047674	NA	NA
1	"Q4"	83	1	3	0.0312520864051331	NA	NA
1	"Q4"	84	1	3	0.0220008182816646	NA	NA
1	"Q4"	85	1	3	0.0462308584208484	NA	NA
1	"Q4"	86	1	3	0.0201375192847997	NA	NA
1	"Q4"	87	1	3	0.0286954487352276	NA	NA
1	"Q4"	88	1	3	0.0199893915844418	NA	NA
1	"Q4"	89	1	3	0.0110506617028449	NA	NA
1	"Q4"	90	1	3	0.0417507776812032	NA	NA
1	"Q4"	91	1	3	0.0200060000779584	NA	NA
1	"Q4"	92	1	3	0.0342061445344903	NA	NA
1	"Q4"	93	1	3	0.0283778742452569	NA	NA
1	"Q4"	94	1	3	0.0285619270448879	NA	NA
1	"Q4"	95	1	3	0.0218154617978699	NA	NA
1	"Q4"	96	1	3	0.0187860388929411	NA	NA
1	"Q4"	97	1	3	0.0152466233735951	NA	NA
1	"Q4"	98	1	3	0.0293023882104016	NA	NA
1	"Q4"	99	1	3	0.0570873400219099	NA	NA
1	"Q4"	100	1	3	0.0326239204452682	NA	NA
1	"Q4"	101	1	3	0.043516296569559	NA	NA
1	"Q4"	102	1	3	0.0238270932591156	NA	NA
1	"Q4"	103	1	3	0.0303313271638657	NA	NA
1	"Q4"	104	1	3	0.0353934669765319	NA	NA
1	"Q4"	105	1	3	0.00337109500762328	NA	NA
1	"Q4"	106	1	3	0.0364354047966236	NA	NA
1	"Q4"	107	1	3	0.0277048864922225	NA	NA
1	"Q4"	108	1	3	0.0219994509597534	NA	NA
1	"Q4"	109	1	3	0.0371132912691862	NA	NA
1	"Q4"	110	1	3	0.0280731675353648	NA	NA
1	"Q4"	111	1	3	0.0271447122410606	NA	NA
1	"Q4"	112	1	3	0.0225663563985815	NA	NA
1	"Q4"	113	1	3	0.0303446564888387	NA	NA
1	"Q4"	114	1	3	0.0237730271741248	NA	NA
1	"Q4"	115	1	3	0.0261840024321105	NA	NA
1	"Q4"	116	1	3	0.0213762597313667	NA	NA
1	"Q4"	117	1	3	0.0367464949433346	NA	NA
1	"Q4"	118	1	3	0.0328523979762926	NA	NA
1	"Q4"	119	1	3	0.032392981896554	NA	NA
1	"Q4"	120	1	3	0.0218983235342702	NA	NA
1	"Q4"	121	1	3	0.0196627538724291	NA	NA
1	"Q4"	122	1	3	0.0211863022567001	NA	NA
1	"Q4"	123	1	3	0.0102482873204737	NA	NA
1	"Q4"	124	1	3	0.0325887691167942	NA	NA
1	"Q4"	125	1	3	0.0182085698688012	NA	NA
1	"Q4"	126	1	3	0.030925753297659	NA	NA
1	"Q4"	127	1	3	0.0281957165187919	NA	NA
1	"Q4"	128	1	3	0.0209026880912108	NA	NA
1	"Q4"	129	1	3	0.0358735502272427	NA	NA
1	"Q4"	130	1	3	0.0353267987746241	NA	NA
1	"Q4"	131	1	3	0.0191530439905259	NA	NA
1	"Q4"	132	1	3	0.0174552307967046	NA	NA
1	"Q4"	133	1	3	0.0201239658895694	NA	NA
1	"Q4"	134	1	3	0.0284205632314265	NA	NA
1	"Q4"	135	1	3	0.0334632197509791	NA	NA
1	"Q4"	136	1	3	0.033385209847376	NA	NA
1	"Q4"	137	1	3	0.0369917281561472	NA	NA
1	"Q4"	138	1	3	0.00661420148461281	NA	NA
1	"Q4"	139	1	3	0.0109071113068545	NA	NA
1	"Q4"	140	1	3	0.0381059644510455	NA	NA
1	"Q4"	141	1	3	0.0210340170727915	NA	NA
1	"Q4"	142	1	3	0.0327855993276524	NA	NA
1	"Q4"	143	1	3	0.0339682142158347	NA	NA
1	"Q4"	144	1	3	0.0172130413573391	NA	NA
1	"Q4"	145	1	3	0.0240262975973398	NA	NA
1	"Q4"	146	1	3	0.0132946521304031	NA	NA
1	"Q4"	147	1	3	0.0364529508649997	NA	NA
1	"Q4"	148	1	3	0.021196066905884	NA	NA
1	"Q4"	149	1	3	0.0217054673367772	NA	NA
1	"Q4"	150	1	3	0.0188188399442956	NA	NA
1	"Q4"	151	1	3	0.0231055992472706	NA	NA
1	"Q4"	152	1	3	0.0245008949577268	NA	NA
1	"Q4"	153	1	3	0.0446878820697421	NA	NA
1	"Q4"	154	1	3	0.0240803160890117	NA	NA
1	"Q4"	155	1	3	0.0294858696426135	NA	NA
1	"Q4"	156	1	3	0.0311136799156564	NA	NA
1	"Q4"	157	1	3	0.0300910032082208	NA	NA
1	"Q4"	158	1	3	0.0266565629378424	NA	NA
1	"Q4"	159	1	3	0.0269683772762822	NA	NA
1	"Q4"	160	1	3	0.0340792158623357	NA	NA
1	"Q4"	161	1	3	0.0345272994160413	NA	NA
1	"Q4"	162	1	3	0.0234455725384404	NA	NA
1	"Q4"	163	1	3	0.0437747253084669	NA	NA
1	"Q4"	164	1	3	0.0299545485088362	NA	NA
1	"Q4"	165	1	3	0.0371014739267678	NA	NA
1	"Q4"	166	1	3	0.0306451101378925	NA	NA
1	"Q4"	167	1	3	0.0263251264960107	NA	NA
1	"Q4"	168	1	3	0.0186849896888394	NA	NA
1	"Q4"	169	1	3	0.0296520906880142	NA	NA
1	"Q4"	170	1	3	0.0278805064872587	NA	NA
1	"Q4"	171	1	3	0.0344339234932461	NA	NA
1	"Q4"	172	1	3	0.0136426893224982	NA	NA
1	"Q4"	173	1	3	0.0322024083038727	NA	NA
1	"Q4"	174	1	3	0.0422083449406665	NA	NA
1	"Q4"	175	1	3	0.0262792510696485	NA	NA
1	"Q4"	176	1	3	0.0318332120498628	NA	NA
1	"Q4"	177	1	3	0.0306884051017425	NA	NA
1	"Q4"	178	1	3	0.0323471194242431	NA	NA
1	"Q4"	179	1	3	0.0201538579288708	NA	NA
1	"Q4"	180	1	3	0.0148874859755327	NA	NA
1	"Q4"	181	1	3	0.0245546406239992	NA	NA
1	"Q4"	182	1	3	0.0222703742231784	NA	NA
1	"Q4"	183	1	3	0.0290668253316545	NA	NA
1	"Q4"	184	1	3	0.00851839728503348	NA	NA
1	"Q4"	185	1	3	0.0294140298991588	NA	NA
1	"Q4"	186	1	3	0.0316733049231684	NA	NA
1	"Q4"	187	1	3	0.0363919719463903	NA	NA
1	"Q4"	188	1	3	0.0217582452157007	NA	NA
1	"Q4"	189	1	3	0.024284146491009	NA	NA
1	"Q4"	190	1	3	0.0339229849568701	NA	NA
1	"Q4"	191	1	3	0.0184329377851796	NA	NA
1	"Q4"	192	1	3	0.0143115329178614	NA	NA
1	"Q4"	193	1	3	0.020776815325428	NA	NA
1	"Q4"	194	1	3	0.0293266562635652	NA	NA
1	"Q4"	195	1	3	0.0294249361214028	NA	NA
1	"Q4"	196	1	3	0.0278212854148954	NA	NA
1	"Q4"	197	1	3	0.0329218897183459	NA	NA
1	"Q4"	198	1	3	0.0172772613720909	NA	NA
1	"Q4"	199	1	3	0.0326291586495053	NA	NA
1	"Q4"	200	1	3	0.0256945618786284	NA	NA
1	"Q4"	201	1	3	0.0332162017149961	NA	NA
1	"Q4"	202	1	3	0.0303192162075916	NA	NA
1	"Q4"	203	1	3	0.0290987170744237	NA	NA
1	"Q4"	204	1	3	0.0296844153102893	NA	NA
1	"Q4"	205	1	3	0.0312890303543973	NA	NA
1	"Q4"	206	1	3	0.0421473570504523	NA	NA
1	"Q4"	207	1	3	0.0303089558242134	NA	NA
1	"Q4"	208	1	3	0.0241883978848461	NA	NA
1	"Q4"	209	1	3	0.0277146607882229	NA	NA
1	"Q4"	210	1	3	0.0301561331798039	NA	NA
1	"Q4"	211	1	3	0.00677146023965244	NA	NA
1	"Q4"	212	1	3	0.0230267176912635	NA	NA
1	"Q4"	213	1	3	0.0264338617898334	NA	NA
1	"Q4"	214	1	3	0.0267146607809197	NA	NA
1	"Q4"	215	1	3	0.0292999771960145	NA	NA
1	"Q4"	216	1	3	0.0230420057266701	NA	NA
1	"Q4"	217	1	3	-0.00113551321842441	NA	NA
1	"Q4"	218	1	3	0.0195734611104552	NA	NA
1	"Q4"	219	1	3	0.0427651845013147	NA	NA
1	"Q4"	220	1	3	0.0389118921057528	NA	NA
1	"Q4"	221	1	3	0.0360677026459791	NA	NA
1	"Q4"	222	1	3	0.0313931729044983	NA	NA
1	"Q4"	223	1	3	0.0355041997129436	NA	NA
1	"Q4"	224	1	3	0.0250859931389658	NA	NA
1	"Q4"	225	1	3	0.0187681589196328	NA	NA
1	"Q4"	226	1	3	0.0181125844968446	NA	NA
1	"Q4"	227	1	3	0.0284324807852625	NA	NA
1	"Q4"	228	1	3	0.0371845789866751	NA	NA
1	"Q4"	229	1	3	0.0305403286705336	NA	NA
1	"Q4"	230	1	3	0.0154334853948765	NA	NA
1	"Q4"	231	1	3	0.0230436118700305	NA	NA
1	"Q4"	232	1	3	0.02690086782602	NA	NA
1	"Q4"	233	1	3	0.0306403735737154	NA	NA
1	"Q4"	234	1	3	0.0256976102260931	NA	NA
1	"Q4"	235	1	3	0.0253054343962467	NA	NA
1	"Q4"	236	1	3	0.0344631218999066	NA	NA
1	"Q4"	237	1	3	0.0192084455801919	NA	NA
1	"Q4"	238	1	3	0.0305190128837167	NA	NA
1	"Q4"	239	1	3	0.0212952737063781	NA	NA
1	"Q4"	240	1	3	0.0293071356030324	NA	NA
1	"Q4"	241	1	3	0.0245102460355773	NA	NA
1	"Q4"	242	1	3	0.0161055572963267	NA	NA
1	"Q4"	243	1	3	0.017115135606569	NA	NA
1	"Q4"	244	1	3	0.0303188030360474	NA	NA
1	"Q4"	245	1	3	0.0215572384344437	NA	NA
1	"Q4"	246	1	3	0.0372616437192844	NA	NA
1	"Q4"	247	1	3	0.0102150487831714	NA	NA
1	"Q4"	248	1	3	0.00888325299705518	NA	NA
1	"Q4"	249	1	3	0.0176818888993966	NA	NA
1	"Q4"	250	1	3	0.0350222225800363	NA	NA
1	"Q4"	251	1	3	0.0245923593154254	NA	NA
1	"Q4"	252	1	3	0.0187774548371511	NA	NA
1	"Q4"	253	1	3	0.0420041498732418	NA	NA
1	"Q4"	254	1	3	0.00849549447729752	NA	NA
1	"Q4"	255	1	3	0.0362430184011893	NA	NA
1	"Q4"	256	1	3	0.0185912927506031	NA	NA
1	"Q4"	257	1	3	0.0114556838514361	NA	NA
1	"Q4"	258	1	3	0.0385599318526502	NA	NA
1	"Q4"	259	1	3	0.0403251957011526	NA	NA
1	"Q4"	260	1	3	0.0299335160742359	NA	NA
1	"Q4"	261	1	3	0.0240662419319169	NA	NA
1	"Q4"	262	1	3	0.0164131395733408	NA	NA
1	"Q4"	263	1	3	0.0297979379855002	NA	NA
1	"Q4"	264	1	3	0.0239325750301749	NA	NA
1	"Q4"	265	1	3	0.01072024723457	NA	NA
1	"Q4"	266	1	3	0.0237132333196089	NA	NA
1	"Q4"	267	1	3	0.0140979808008204	NA	NA
1	"Q4"	268	1	3	0.0257968677328148	NA	NA
1	"Q4"	269	1	3	0.0273276824477912	NA	NA
1	"Q4"	270	1	3	0.00929459844629448	NA	NA
1	"Q4"	271	1	3	0.0251963631283468	NA	NA
1	"Q4"	272	1	3	0.0255183842119366	NA	NA
1	"Q4"	273	1	3	0.0163409806869217	NA	NA
1	"Q4"	274	1	3	0.0299209876331506	NA	NA
1	"Q4"	275	1	3	0.0276764770704965	NA	NA
1	"Q4"	276	1	3	0.0191908487101807	NA	NA
1	"Q4"	277	1	3	0.0488525747604171	NA	NA
1	"Q4"	278	1	3	0.0300744914569805	NA	NA
1	"Q4"	279	1	3	0.0428155339734465	NA	NA
1	"Q4"	280	1	3	0.0300200222503668	NA	NA
1	"Q4"	281	1	3	0.0250669079304372	NA	NA
1	"Q4"	282	1	3	0.0338226347696758	NA	NA
1	"Q4"	283	1	3	0.0181951974489274	NA	NA
1	"Q4"	284	1	3	0.0154723488982845	NA	NA
1	"Q4"	285	1	3	0.031047123245207	NA	NA
1	"Q4"	286	1	3	0.0527795511099431	NA	NA
1	"Q4"	287	1	3	0.0281116467311609	NA	NA
1	"Q4"	288	1	3	0.0316758430200301	NA	NA
1	"Q4"	289	1	3	0.0198672038609916	NA	NA
1	"Q4"	290	1	3	0.0195637870581926	NA	NA
1	"Q4"	291	1	3	0.0167299576692012	NA	NA
1	"Q4"	292	1	3	0.0385776730965652	NA	NA
1	"Q4"	293	1	3	0.0190321988463524	NA	NA
1	"Q4"	294	1	3	0.0263541881470499	NA	NA
1	"Q4"	295	1	3	0.0390552396501121	NA	NA
1	"Q4"	296	1	3	0.0265630601449427	NA	NA
1	"Q4"	297	1	3	0.0244544296771335	NA	NA
1	"Q4"	298	1	3	0.030705616530549	NA	NA
1	"Q4"	299	1	3	0.0339569564725431	NA	NA
1	"Q4"	300	1	3	0.0411767686713073	NA	NA
1	"Q4"	301	1	3	0.023831824730136	NA	NA
1	"Q4"	302	1	3	0.0244628407818469	NA	NA
1	"Q4"	303	1	3	0.0295324333600569	NA	NA
1	"Q4"	304	1	3	0.0298413451931224	NA	NA
1	"Q4"	305	1	3	0.0294222801590604	NA	NA
1	"Q4"	306	1	3	0.0292923183226327	NA	NA
1	"Q4"	307	1	3	0.0407783905127112	NA	NA
1	"Q4"	308	1	3	0.0217980130353781	NA	NA
1	"Q4"	309	1	3	0.0361280845917972	NA	NA
1	"Q4"	310	1	3	0.020115709011269	NA	NA
1	"Q4"	311	1	3	0.024477940793697	NA	NA
1	"Q4"	312	1	3	0.0285429834327685	NA	NA
1	"Q4"	313	1	3	0.0272058813303108	NA	NA
1	"Q4"	314	1	3	0.0253263525488251	NA	NA
1	"Q4"	315	1	3	0.0113218325738949	NA	NA
1	"Q4"	316	1	3	0.0223203293528665	NA	NA
1	"Q4"	317	1	3	0.0340406596504109	NA	NA
1	"Q4"	318	1	3	0.0225331632892673	NA	NA
1	"Q4"	319	1	3	0.0207663819459901	NA	NA
1	"Q4"	320	1	3	0.0370687939013076	NA	NA
1	"Q4"	321	1	3	0.0149534051077628	NA	NA
1	"Q4"	322	1	3	0.029915791528174	NA	NA
1	"Q4"	323	1	3	0.0210939025026126	NA	NA
1	"Q4"	324	1	3	0.0340221451623591	NA	NA
1	"Q4"	325	1	3	0.0165380566477202	NA	NA
1	"Q4"	326	1	3	0.021403172136854	NA	NA
1	"Q4"	327	1	3	0.039900736282366	NA	NA
1	"Q4"	328	1	3	0.0170309055235175	NA	NA
1	"Q4"	329	1	3	0.0229548077176498	NA	NA
1	"Q4"	330	1	3	0.0340792452246949	NA	NA
1	"Q4"	331	1	3	0.0234433455793837	NA	NA
1	"Q4"	332	1	3	0.0423344864545374	NA	NA
1	"Q4"	333	1	3	0.0393217332397125	NA	NA
1	"Q4"	334	1	3	0.0217766364562361	NA	NA
1	"Q4"	335	1	3	0.0249279894724405	NA	NA
1	"Q4"	336	1	3	0.0243713215432522	NA	NA
1	"Q4"	337	1	3	0.023490695911752	NA	NA
1	"Q4"	338	1	3	0.0362739846835632	NA	NA
1	"Q4"	339	1	3	0.0275832264573308	NA	NA
1	"Q4"	340	1	3	0.00930742641868434	NA	NA
1	"Q4"	341	1	3	0.0193340274336039	NA	NA
1	"Q4"	342	1	3	0.0299042648432496	NA	NA
1	"Q4"	343	1	3	0.0157208875269825	NA	NA
1	"Q4"	344	1	3	0.0237411691313171	NA	NA
1	"Q4"	345	1	3	0.017323097659821	NA	NA
1	"Q4"	346	1	3	0.0291650330111403	NA	NA
1	"Q4"	347	1	3	0.0467979232171226	NA	NA
1	"Q4"	348	1	3	0.0466911861212427	NA	NA
1	"Q4"	349	1	3	0.0414647683998372	NA	NA
1	"Q4"	350	1	3	0.0186417700443474	NA	NA
1	"Q4"	351	1	3	0.0387861654979552	NA	NA
1	"Q4"	352	1	3	0.0240948011167741	NA	NA
1	"Q4"	353	1	3	0.0371306790259676	NA	NA
1	"Q4"	354	1	3	0.0327128805555753	NA	NA
1	"Q4"	355	1	3	-0.000482910118831415	NA	NA
1	"Q4"	356	1	3	0.020101547393257	NA	NA
1	"Q4"	357	1	3	0.0356423624302896	NA	NA
1	"Q4"	358	1	3	0.0263580302835862	NA	NA
1	"Q4"	359	1	3	0.0259216569351067	NA	NA
1	"Q4"	360	1	3	0.0287063378882023	NA	NA
1	"Q4"	361	1	3	0.0317010653914761	NA	NA
1	"Q4"	362	1	3	0.0364703687267334	NA	NA
1	"Q4"	363	1	3	0.0239260807324292	NA	NA
1	"Q4"	364	1	3	0.02750270034222	NA	NA
1	"Q4"	365	1	3	0.0138996964936384	NA	NA
1	"Q4"	366	1	3	0.0241727715806889	NA	NA
1	"Q4"	367	1	3	0.0271387510122954	NA	NA
1	"Q4"	368	1	3	0.0222812449841636	NA	NA
1	"Q4"	369	1	3	0.0286928386166377	NA	NA
1	"Q4"	370	1	3	0.0186377116450304	NA	NA
1	"Q4"	371	1	3	0.0229748392615868	NA	NA
1	"Q4"	372	1	3	0.0294678465034208	NA	NA
1	"Q4"	373	1	3	0.0281662547181494	NA	NA
1	"Q4"	374	1	3	0.0156533991599053	NA	NA
1	"Q4"	375	1	3	0.0316364934100114	NA	NA
1	"Q4"	376	1	3	0.018057997445485	NA	NA
1	"Q4"	377	1	3	0.0333369281790346	NA	NA
1	"Q4"	378	1	3	0.0327737585784577	NA	NA
1	"Q4"	379	1	3	0.0170957053305307	NA	NA
1	"Q4"	380	1	3	0.0117921026648082	NA	NA
1	"Q4"	381	1	3	0.0316378206273887	NA	NA
1	"Q4"	382	1	3	0.0196173849190659	NA	NA
1	"Q4"	383	1	3	0.0226803822315366	NA	NA
1	"Q4"	384	1	3	0.0303731423879866	NA	NA
1	"Q4"	385	1	3	0.0284422829457798	NA	NA
1	"Q4"	386	1	3	0.0290427048729267	NA	NA
1	"Q4"	387	1	3	0.0222532575382722	NA	NA
1	"Q4"	388	1	3	0.0222511634331856	NA	NA
1	"Q4"	389	1	3	0.0105735532418242	NA	NA
1	"Q4"	390	1	3	0.0317461128279644	NA	NA
1	"Q4"	391	1	3	0.0237109327217125	NA	NA
1	"Q4"	392	1	3	0.0136557963879471	NA	NA
1	"Q4"	393	1	3	0.0212871019848799	NA	NA
1	"Q4"	394	1	3	0.0434483190123404	NA	NA
1	"Q4"	395	1	3	0.0180966517160989	NA	NA
1	"Q4"	396	1	3	0.0388731179203031	NA	NA
1	"Q4"	397	1	3	0.0275808650496793	NA	NA
1	"Q4"	398	1	3	0.0270311899433015	NA	NA
1	"Q4"	399	1	3	0.0132286628287577	NA	NA
1	"Q4"	400	1	3	0.0271005602998027	NA	NA
