"Age"	"Level"	"Iteration"	"AgeIndex"	"LevelIndex"	"Intercept"	"tau_Intercept"	"ar_Intercept"
1	"27.4.aE"	1	1	1	0.00336385693052224	NA	NA
1	"27.4.aE"	2	1	1	-0.0189453447460838	NA	NA
1	"27.4.aE"	3	1	1	-0.00435260163997442	NA	NA
1	"27.4.aE"	4	1	1	0.000551986703405099	NA	NA
1	"27.4.aE"	5	1	1	-0.00813384717637555	NA	NA
1	"27.4.aE"	6	1	1	-0.00363637610298461	NA	NA
1	"27.4.aE"	7	1	1	-0.00551408663871452	NA	NA
1	"27.4.aE"	8	1	1	3.94816895344582e-05	NA	NA
1	"27.4.aE"	9	1	1	0.00478732313652695	NA	NA
1	"27.4.aE"	10	1	1	-0.00570926289161902	NA	NA
1	"27.4.aE"	11	1	1	-0.00352487808328255	NA	NA
1	"27.4.aE"	12	1	1	-0.00146609767335234	NA	NA
1	"27.4.aE"	13	1	1	0.000669332812431077	NA	NA
1	"27.4.aE"	14	1	1	0.00600263084625185	NA	NA
1	"27.4.aE"	15	1	1	0.00456790021511399	NA	NA
1	"27.4.aE"	16	1	1	-0.000522034524028189	NA	NA
1	"27.4.aE"	17	1	1	0.00102174483632005	NA	NA
1	"27.4.aE"	18	1	1	0.00264952501670422	NA	NA
1	"27.4.aE"	19	1	1	-0.0032548512013734	NA	NA
1	"27.4.aE"	20	1	1	0.00483823294082028	NA	NA
1	"27.4.aE"	21	1	1	-0.000599500169809291	NA	NA
1	"27.4.aE"	22	1	1	0.00535881912157239	NA	NA
1	"27.4.aE"	23	1	1	-0.00968209541093565	NA	NA
1	"27.4.aE"	24	1	1	-0.00383509134993502	NA	NA
1	"27.4.aE"	25	1	1	0.00303703408256229	NA	NA
1	"27.4.aE"	26	1	1	0.00305047797811165	NA	NA
1	"27.4.aE"	27	1	1	-0.00203132659900983	NA	NA
1	"27.4.aE"	28	1	1	-0.00856387491736886	NA	NA
1	"27.4.aE"	29	1	1	0.00191307925478373	NA	NA
1	"27.4.aE"	30	1	1	0.0124381554696764	NA	NA
1	"27.4.aE"	31	1	1	0.00828544197128843	NA	NA
1	"27.4.aE"	32	1	1	-0.0108745146442743	NA	NA
1	"27.4.aE"	33	1	1	0.0136276554580227	NA	NA
1	"27.4.aE"	34	1	1	-0.00340636580741346	NA	NA
1	"27.4.aE"	35	1	1	-0.00343380060732739	NA	NA
1	"27.4.aE"	36	1	1	0.00293018210058041	NA	NA
1	"27.4.aE"	37	1	1	-0.00963733771526057	NA	NA
1	"27.4.aE"	38	1	1	-0.00186759920424948	NA	NA
1	"27.4.aE"	39	1	1	0.00449833881820264	NA	NA
1	"27.4.aE"	40	1	1	0.00621257213045342	NA	NA
1	"27.4.aE"	41	1	1	-0.010273551170381	NA	NA
1	"27.4.aE"	42	1	1	-0.0074482654202876	NA	NA
1	"27.4.aE"	43	1	1	0.0109661515726579	NA	NA
1	"27.4.aE"	44	1	1	0.0099372780754725	NA	NA
1	"27.4.aE"	45	1	1	0.00827405315188263	NA	NA
1	"27.4.aE"	46	1	1	-0.00928781787964213	NA	NA
1	"27.4.aE"	47	1	1	0.00141802750975265	NA	NA
1	"27.4.aE"	48	1	1	0.00653548326264388	NA	NA
1	"27.4.aE"	49	1	1	-0.00806266683063863	NA	NA
1	"27.4.aE"	50	1	1	-0.00332376445243256	NA	NA
1	"27.4.aE"	51	1	1	-0.00393048504817264	NA	NA
1	"27.4.aE"	52	1	1	-0.00581935412160982	NA	NA
1	"27.4.aE"	53	1	1	-0.000187224917421453	NA	NA
1	"27.4.aE"	54	1	1	0.00263677178881253	NA	NA
1	"27.4.aE"	55	1	1	-0.00533827550820844	NA	NA
1	"27.4.aE"	56	1	1	-0.00539772101467138	NA	NA
1	"27.4.aE"	57	1	1	0.00811858444694135	NA	NA
1	"27.4.aE"	58	1	1	-0.00524853188302827	NA	NA
1	"27.4.aE"	59	1	1	0.00239913909329345	NA	NA
1	"27.4.aE"	60	1	1	-0.00558060871616913	NA	NA
1	"27.4.aE"	61	1	1	0.00963990427129478	NA	NA
1	"27.4.aE"	62	1	1	0.00613969138632233	NA	NA
1	"27.4.aE"	63	1	1	-0.00405388957280493	NA	NA
1	"27.4.aE"	64	1	1	0.0109705472582559	NA	NA
1	"27.4.aE"	65	1	1	0.00614096915542526	NA	NA
1	"27.4.aE"	66	1	1	0.00984006276966652	NA	NA
1	"27.4.aE"	67	1	1	0.00258410499042485	NA	NA
1	"27.4.aE"	68	1	1	-0.00803439493787004	NA	NA
1	"27.4.aE"	69	1	1	-0.00176342252740909	NA	NA
1	"27.4.aE"	70	1	1	-0.000650496715932349	NA	NA
1	"27.4.aE"	71	1	1	-0.00900282248629313	NA	NA
1	"27.4.aE"	72	1	1	0.00711546588678488	NA	NA
1	"27.4.aE"	73	1	1	-0.00518359794142589	NA	NA
1	"27.4.aE"	74	1	1	-0.0035861024754049	NA	NA
1	"27.4.aE"	75	1	1	0.0024101023782826	NA	NA
1	"27.4.aE"	76	1	1	0.0078201365698066	NA	NA
1	"27.4.aE"	77	1	1	0.00577104762351591	NA	NA
1	"27.4.aE"	78	1	1	0.00643463678398674	NA	NA
1	"27.4.aE"	79	1	1	-0.00128673172211539	NA	NA
1	"27.4.aE"	80	1	1	-0.00735396822774235	NA	NA
1	"27.4.aE"	81	1	1	0.00933380680066901	NA	NA
1	"27.4.aE"	82	1	1	-0.00212962959041359	NA	NA
1	"27.4.aE"	83	1	1	-0.00344371475308199	NA	NA
1	"27.4.aE"	84	1	1	-0.00420270799908008	NA	NA
1	"27.4.aE"	85	1	1	0.00465351579193	NA	NA
1	"27.4.aE"	86	1	1	-0.000730427758235875	NA	NA
1	"27.4.aE"	87	1	1	-0.0140195351332193	NA	NA
1	"27.4.aE"	88	1	1	0.00736814785339298	NA	NA
1	"27.4.aE"	89	1	1	0.00441895579055242	NA	NA
1	"27.4.aE"	90	1	1	0.00361734927003454	NA	NA
1	"27.4.aE"	91	1	1	-0.0061175924766754	NA	NA
1	"27.4.aE"	92	1	1	-0.00294574271210298	NA	NA
1	"27.4.aE"	93	1	1	-0.00526729197487409	NA	NA
1	"27.4.aE"	94	1	1	0.00173135751210682	NA	NA
1	"27.4.aE"	95	1	1	-0.00737473716181413	NA	NA
1	"27.4.aE"	96	1	1	-0.00366870400386028	NA	NA
1	"27.4.aE"	97	1	1	0.00134313582847656	NA	NA
1	"27.4.aE"	98	1	1	-0.00281901865690353	NA	NA
1	"27.4.aE"	99	1	1	-0.0051467542285725	NA	NA
1	"27.4.aE"	100	1	1	-0.00737996157436292	NA	NA
1	"27.4.aE"	101	1	1	-0.00558202456463893	NA	NA
1	"27.4.aE"	102	1	1	0.00225119398641703	NA	NA
1	"27.4.aE"	103	1	1	0.0025624214730915	NA	NA
1	"27.4.aE"	104	1	1	-0.0028145556627403	NA	NA
1	"27.4.aE"	105	1	1	-0.00742657133528004	NA	NA
1	"27.4.aE"	106	1	1	0.006016129685188	NA	NA
1	"27.4.aE"	107	1	1	0.00346757611081577	NA	NA
1	"27.4.aE"	108	1	1	0.00896979908096961	NA	NA
1	"27.4.aE"	109	1	1	-0.00343411135152163	NA	NA
1	"27.4.aE"	110	1	1	0.00345305600750124	NA	NA
1	"27.4.aE"	111	1	1	-0.0129224729299826	NA	NA
1	"27.4.aE"	112	1	1	0.000315530448728026	NA	NA
1	"27.4.aE"	113	1	1	0.001337789326126	NA	NA
1	"27.4.aE"	114	1	1	0.00104930326949025	NA	NA
1	"27.4.aE"	115	1	1	0.00578354325423742	NA	NA
1	"27.4.aE"	116	1	1	-0.0186784954945205	NA	NA
1	"27.4.aE"	117	1	1	0.00525676729562583	NA	NA
1	"27.4.aE"	118	1	1	-0.000273362528589885	NA	NA
1	"27.4.aE"	119	1	1	0.0228162390201504	NA	NA
1	"27.4.aE"	120	1	1	0.00732982045413115	NA	NA
1	"27.4.aE"	121	1	1	0.000536814324966747	NA	NA
1	"27.4.aE"	122	1	1	0.00267538903285547	NA	NA
1	"27.4.aE"	123	1	1	0.00172998450561892	NA	NA
1	"27.4.aE"	124	1	1	0.00469428653793535	NA	NA
1	"27.4.aE"	125	1	1	-0.0096312410263924	NA	NA
1	"27.4.aE"	126	1	1	-0.00690694569839578	NA	NA
1	"27.4.aE"	127	1	1	-0.000608433314906992	NA	NA
1	"27.4.aE"	128	1	1	-0.00571688131977269	NA	NA
1	"27.4.aE"	129	1	1	0.00536097671347853	NA	NA
1	"27.4.aE"	130	1	1	-0.00744151915061928	NA	NA
1	"27.4.aE"	131	1	1	-0.012148288186047	NA	NA
1	"27.4.aE"	132	1	1	-0.00509096196787314	NA	NA
1	"27.4.aE"	133	1	1	-0.00185140196522277	NA	NA
1	"27.4.aE"	134	1	1	-0.00590665495826234	NA	NA
1	"27.4.aE"	135	1	1	0.00698683693133791	NA	NA
1	"27.4.aE"	136	1	1	-0.00429317370985955	NA	NA
1	"27.4.aE"	137	1	1	-0.00664492504286989	NA	NA
1	"27.4.aE"	138	1	1	-0.00131631265049217	NA	NA
1	"27.4.aE"	139	1	1	-0.00286663051472639	NA	NA
1	"27.4.aE"	140	1	1	-0.00765760140878757	NA	NA
1	"27.4.aE"	141	1	1	0.0096035875685312	NA	NA
1	"27.4.aE"	142	1	1	-0.00192377048670656	NA	NA
1	"27.4.aE"	143	1	1	0.00600916045083193	NA	NA
1	"27.4.aE"	144	1	1	0.000151453867122669	NA	NA
1	"27.4.aE"	145	1	1	0.00516451541165233	NA	NA
1	"27.4.aE"	146	1	1	-0.000523425560554143	NA	NA
1	"27.4.aE"	147	1	1	-0.00986177358377455	NA	NA
1	"27.4.aE"	148	1	1	0.00311615403766887	NA	NA
1	"27.4.aE"	149	1	1	-0.00344187379963442	NA	NA
1	"27.4.aE"	150	1	1	0.000128625062266897	NA	NA
1	"27.4.aE"	151	1	1	-0.007629681348527	NA	NA
1	"27.4.aE"	152	1	1	-0.0104647249521908	NA	NA
1	"27.4.aE"	153	1	1	0.00437942794289314	NA	NA
1	"27.4.aE"	154	1	1	0.000333220013513261	NA	NA
1	"27.4.aE"	155	1	1	0.00242607169583111	NA	NA
1	"27.4.aE"	156	1	1	0.00301431085125078	NA	NA
1	"27.4.aE"	157	1	1	-0.00248762670587893	NA	NA
1	"27.4.aE"	158	1	1	-0.000162865924644533	NA	NA
1	"27.4.aE"	159	1	1	-1.02488636393059e-05	NA	NA
1	"27.4.aE"	160	1	1	-0.0152581598071156	NA	NA
1	"27.4.aE"	161	1	1	0.000563478287067676	NA	NA
1	"27.4.aE"	162	1	1	3.36352065335496e-05	NA	NA
1	"27.4.aE"	163	1	1	0.000443870175681436	NA	NA
1	"27.4.aE"	164	1	1	0.000141337587651373	NA	NA
1	"27.4.aE"	165	1	1	0.0181284225371428	NA	NA
1	"27.4.aE"	166	1	1	-0.00246688741722677	NA	NA
1	"27.4.aE"	167	1	1	0.00350540089390571	NA	NA
1	"27.4.aE"	168	1	1	-0.00772686720305694	NA	NA
1	"27.4.aE"	169	1	1	-0.00579757616868219	NA	NA
1	"27.4.aE"	170	1	1	-0.00437359499275115	NA	NA
1	"27.4.aE"	171	1	1	-0.0118427492566629	NA	NA
1	"27.4.aE"	172	1	1	-0.00910830996903865	NA	NA
1	"27.4.aE"	173	1	1	0.0130941268355159	NA	NA
1	"27.4.aE"	174	1	1	-0.00398632803875005	NA	NA
1	"27.4.aE"	175	1	1	0.00249500051780883	NA	NA
1	"27.4.aE"	176	1	1	-0.00918170893221429	NA	NA
1	"27.4.aE"	177	1	1	0.000727392844769163	NA	NA
1	"27.4.aE"	178	1	1	0.00452429706484328	NA	NA
1	"27.4.aE"	179	1	1	-0.00432947750797546	NA	NA
1	"27.4.aE"	180	1	1	-0.00654214783066403	NA	NA
1	"27.4.aE"	181	1	1	-0.000208871561984514	NA	NA
1	"27.4.aE"	182	1	1	0.00280932996410518	NA	NA
1	"27.4.aE"	183	1	1	0.00374445303044435	NA	NA
1	"27.4.aE"	184	1	1	-0.00117790679703909	NA	NA
1	"27.4.aE"	185	1	1	0.00798779413851053	NA	NA
1	"27.4.aE"	186	1	1	0.00680789108665083	NA	NA
1	"27.4.aE"	187	1	1	0.00186537958006105	NA	NA
1	"27.4.aE"	188	1	1	-0.0061474088528548	NA	NA
1	"27.4.aE"	189	1	1	0.00245561890220424	NA	NA
1	"27.4.aE"	190	1	1	0.00491869037573937	NA	NA
1	"27.4.aE"	191	1	1	-0.00672948089568744	NA	NA
1	"27.4.aE"	192	1	1	0.0140004261581439	NA	NA
1	"27.4.aE"	193	1	1	0.000600481533202702	NA	NA
1	"27.4.aE"	194	1	1	-0.00468995447260872	NA	NA
1	"27.4.aE"	195	1	1	-0.00868328430926894	NA	NA
1	"27.4.aE"	196	1	1	-0.000863209379399146	NA	NA
1	"27.4.aE"	197	1	1	-0.00807719624360917	NA	NA
1	"27.4.aE"	198	1	1	0.000463670804330131	NA	NA
1	"27.4.aE"	199	1	1	-0.000467213057676235	NA	NA
1	"27.4.aE"	200	1	1	0.00152212946758437	NA	NA
1	"27.4.aE"	201	1	1	-0.00455972222209466	NA	NA
1	"27.4.aE"	202	1	1	0.000333229033248759	NA	NA
1	"27.4.aE"	203	1	1	-0.00449345177074433	NA	NA
1	"27.4.aE"	204	1	1	0.00112142509871494	NA	NA
1	"27.4.aE"	205	1	1	0.00573385251794492	NA	NA
1	"27.4.aE"	206	1	1	-0.00700106262287763	NA	NA
1	"27.4.aE"	207	1	1	0.00880806952025153	NA	NA
1	"27.4.aE"	208	1	1	-0.00224712385848453	NA	NA
1	"27.4.aE"	209	1	1	-0.00533467647428529	NA	NA
1	"27.4.aE"	210	1	1	-0.00296199343375485	NA	NA
1	"27.4.aE"	211	1	1	0.0004669736338459	NA	NA
1	"27.4.aE"	212	1	1	-0.00195026882413811	NA	NA
1	"27.4.aE"	213	1	1	-0.00930915604207946	NA	NA
1	"27.4.aE"	214	1	1	0.00299045198636662	NA	NA
1	"27.4.aE"	215	1	1	0.0148579308002681	NA	NA
1	"27.4.aE"	216	1	1	0.00272557363283549	NA	NA
1	"27.4.aE"	217	1	1	9.65611409500808e-05	NA	NA
1	"27.4.aE"	218	1	1	5.84735327399874e-05	NA	NA
1	"27.4.aE"	219	1	1	0.00608347485060098	NA	NA
1	"27.4.aE"	220	1	1	0.00109973346028143	NA	NA
1	"27.4.aE"	221	1	1	-0.00413310254363818	NA	NA
1	"27.4.aE"	222	1	1	-0.00178733072685051	NA	NA
1	"27.4.aE"	223	1	1	-0.00856994924846512	NA	NA
1	"27.4.aE"	224	1	1	-0.002568919464505	NA	NA
1	"27.4.aE"	225	1	1	-0.00393919507583014	NA	NA
1	"27.4.aE"	226	1	1	-0.0104069269432637	NA	NA
1	"27.4.aE"	227	1	1	-0.00639244801195418	NA	NA
1	"27.4.aE"	228	1	1	0.00382602335562837	NA	NA
1	"27.4.aE"	229	1	1	-0.00262424621171492	NA	NA
1	"27.4.aE"	230	1	1	-0.0035340457581303	NA	NA
1	"27.4.aE"	231	1	1	-0.00262524562149097	NA	NA
1	"27.4.aE"	232	1	1	-0.00483842687840168	NA	NA
1	"27.4.aE"	233	1	1	0.00564953243759108	NA	NA
1	"27.4.aE"	234	1	1	0.00265602779959408	NA	NA
1	"27.4.aE"	235	1	1	-0.000256037613698176	NA	NA
1	"27.4.aE"	236	1	1	0.0060387430923027	NA	NA
1	"27.4.aE"	237	1	1	-0.00992452942665134	NA	NA
1	"27.4.aE"	238	1	1	0.000644894433237872	NA	NA
1	"27.4.aE"	239	1	1	0.00405867313548659	NA	NA
1	"27.4.aE"	240	1	1	0.00286590601480275	NA	NA
1	"27.4.aE"	241	1	1	-0.00228786790514324	NA	NA
1	"27.4.aE"	242	1	1	-0.00926384940755185	NA	NA
1	"27.4.aE"	243	1	1	-0.00583424489997806	NA	NA
1	"27.4.aE"	244	1	1	0.00357493216173997	NA	NA
1	"27.4.aE"	245	1	1	-0.000796217479769278	NA	NA
1	"27.4.aE"	246	1	1	0.00576806915653089	NA	NA
1	"27.4.aE"	247	1	1	-0.00114117792831689	NA	NA
1	"27.4.aE"	248	1	1	-0.00955744054795976	NA	NA
1	"27.4.aE"	249	1	1	-0.00588690373767923	NA	NA
1	"27.4.aE"	250	1	1	-0.00769192540952143	NA	NA
1	"27.4.aE"	251	1	1	0.00830349668765869	NA	NA
1	"27.4.aE"	252	1	1	-0.00693237879591939	NA	NA
1	"27.4.aE"	253	1	1	0.0043693684641981	NA	NA
1	"27.4.aE"	254	1	1	0.00223065839916235	NA	NA
1	"27.4.aE"	255	1	1	-0.00157521020161619	NA	NA
1	"27.4.aE"	256	1	1	-0.00525167481387273	NA	NA
1	"27.4.aE"	257	1	1	0.000776586186623175	NA	NA
1	"27.4.aE"	258	1	1	-0.00462174164186687	NA	NA
1	"27.4.aE"	259	1	1	-0.00608628667587358	NA	NA
1	"27.4.aE"	260	1	1	-0.00413652692077302	NA	NA
1	"27.4.aE"	261	1	1	0.00769278079469236	NA	NA
1	"27.4.aE"	262	1	1	-0.00562156482788343	NA	NA
1	"27.4.aE"	263	1	1	-0.00742135639511385	NA	NA
1	"27.4.aE"	264	1	1	-0.0088582340956045	NA	NA
1	"27.4.aE"	265	1	1	-0.00554368134900003	NA	NA
1	"27.4.aE"	266	1	1	-0.00547684723732634	NA	NA
1	"27.4.aE"	267	1	1	0.00455787564391853	NA	NA
1	"27.4.aE"	268	1	1	-0.00459758067470938	NA	NA
1	"27.4.aE"	269	1	1	0.00202360245758721	NA	NA
1	"27.4.aE"	270	1	1	-0.0120433141666136	NA	NA
1	"27.4.aE"	271	1	1	-0.00279131390928424	NA	NA
1	"27.4.aE"	272	1	1	0.00613616364867781	NA	NA
1	"27.4.aE"	273	1	1	-0.0105311890702086	NA	NA
1	"27.4.aE"	274	1	1	0.0113924678912127	NA	NA
1	"27.4.aE"	275	1	1	0.00370140855893877	NA	NA
1	"27.4.aE"	276	1	1	0.0075276222270749	NA	NA
1	"27.4.aE"	277	1	1	-0.000517765595634553	NA	NA
1	"27.4.aE"	278	1	1	0.00538817685837209	NA	NA
1	"27.4.aE"	279	1	1	-0.00137340020620013	NA	NA
1	"27.4.aE"	280	1	1	-0.00190181213529163	NA	NA
1	"27.4.aE"	281	1	1	0.00308827520860216	NA	NA
1	"27.4.aE"	282	1	1	-0.000500970484807638	NA	NA
1	"27.4.aE"	283	1	1	-0.000117197256816325	NA	NA
1	"27.4.aE"	284	1	1	0.00503323938035274	NA	NA
1	"27.4.aE"	285	1	1	0.00745055289777687	NA	NA
1	"27.4.aE"	286	1	1	0.00296312077954643	NA	NA
1	"27.4.aE"	287	1	1	0.00636322326743753	NA	NA
1	"27.4.aE"	288	1	1	-0.00775222603542384	NA	NA
1	"27.4.aE"	289	1	1	0.0100389573708358	NA	NA
1	"27.4.aE"	290	1	1	-0.011474170445111	NA	NA
1	"27.4.aE"	291	1	1	0.00154487832869637	NA	NA
1	"27.4.aE"	292	1	1	0.0132771184899856	NA	NA
1	"27.4.aE"	293	1	1	-0.00420646208652224	NA	NA
1	"27.4.aE"	294	1	1	-0.00470675861254733	NA	NA
1	"27.4.aE"	295	1	1	0.0102858277074438	NA	NA
1	"27.4.aE"	296	1	1	-0.00844603801574132	NA	NA
1	"27.4.aE"	297	1	1	0.000524634975587303	NA	NA
1	"27.4.aE"	298	1	1	-0.00196061737958397	NA	NA
1	"27.4.aE"	299	1	1	0.00627123657757862	NA	NA
1	"27.4.aE"	300	1	1	0.00271619827763848	NA	NA
1	"27.4.aE"	301	1	1	7.93215821691409e-05	NA	NA
1	"27.4.aE"	302	1	1	0.00214349962382497	NA	NA
1	"27.4.aE"	303	1	1	-0.00724376070372681	NA	NA
1	"27.4.aE"	304	1	1	-0.00123975175152785	NA	NA
1	"27.4.aE"	305	1	1	0.0102393504402208	NA	NA
1	"27.4.aE"	306	1	1	0.000846677453333475	NA	NA
1	"27.4.aE"	307	1	1	0.00611474197163354	NA	NA
1	"27.4.aE"	308	1	1	-0.0024863573395171	NA	NA
1	"27.4.aE"	309	1	1	-0.00355896824952004	NA	NA
1	"27.4.aE"	310	1	1	3.21290393749476e-05	NA	NA
1	"27.4.aE"	311	1	1	-0.00136461959343703	NA	NA
1	"27.4.aE"	312	1	1	0.0130838562888852	NA	NA
1	"27.4.aE"	313	1	1	-0.000961232812954929	NA	NA
1	"27.4.aE"	314	1	1	-0.0014275516424749	NA	NA
1	"27.4.aE"	315	1	1	-0.00773346232559361	NA	NA
1	"27.4.aE"	316	1	1	-0.00500281826235426	NA	NA
1	"27.4.aE"	317	1	1	0.0087614242705341	NA	NA
1	"27.4.aE"	318	1	1	0.0200902720158541	NA	NA
1	"27.4.aE"	319	1	1	0.00384683352493022	NA	NA
1	"27.4.aE"	320	1	1	0.00675973331138563	NA	NA
1	"27.4.aE"	321	1	1	-0.0112628316326787	NA	NA
1	"27.4.aE"	322	1	1	-0.000609081174824338	NA	NA
1	"27.4.aE"	323	1	1	0.0170748561801752	NA	NA
1	"27.4.aE"	324	1	1	0.000904084071925707	NA	NA
1	"27.4.aE"	325	1	1	-0.000418167616470002	NA	NA
1	"27.4.aE"	326	1	1	-0.00296229718972409	NA	NA
1	"27.4.aE"	327	1	1	0.00108776114755288	NA	NA
1	"27.4.aE"	328	1	1	-0.00783387575742714	NA	NA
1	"27.4.aE"	329	1	1	0.0011705185841245	NA	NA
1	"27.4.aE"	330	1	1	-0.00969683280396039	NA	NA
1	"27.4.aE"	331	1	1	-0.01128925367984	NA	NA
1	"27.4.aE"	332	1	1	0.00963370428903041	NA	NA
1	"27.4.aE"	333	1	1	0.00638986745220213	NA	NA
1	"27.4.aE"	334	1	1	-0.00891955400297896	NA	NA
1	"27.4.aE"	335	1	1	-0.00266476031546593	NA	NA
1	"27.4.aE"	336	1	1	-0.0119434841895685	NA	NA
1	"27.4.aE"	337	1	1	-0.00929695182567921	NA	NA
1	"27.4.aE"	338	1	1	0.00341864562402276	NA	NA
1	"27.4.aE"	339	1	1	-0.00306759263449055	NA	NA
1	"27.4.aE"	340	1	1	-0.00311425842496003	NA	NA
1	"27.4.aE"	341	1	1	0.000824610076552892	NA	NA
1	"27.4.aE"	342	1	1	0.00140004412519384	NA	NA
1	"27.4.aE"	343	1	1	0.00468873436030551	NA	NA
1	"27.4.aE"	344	1	1	-0.00140504299393952	NA	NA
1	"27.4.aE"	345	1	1	-0.000412727697208345	NA	NA
1	"27.4.aE"	346	1	1	-0.00400971010531336	NA	NA
1	"27.4.aE"	347	1	1	0.0128050346713257	NA	NA
1	"27.4.aE"	348	1	1	0.00959757486973854	NA	NA
1	"27.4.aE"	349	1	1	0.0106176330205445	NA	NA
1	"27.4.aE"	350	1	1	-0.00606367264944789	NA	NA
1	"27.4.aE"	351	1	1	0.00146160057804978	NA	NA
1	"27.4.aE"	352	1	1	0.00383921240319053	NA	NA
1	"27.4.aE"	353	1	1	-0.00570430327596988	NA	NA
1	"27.4.aE"	354	1	1	0.00940388642561396	NA	NA
1	"27.4.aE"	355	1	1	0.00391423232843802	NA	NA
1	"27.4.aE"	356	1	1	0.00857896458307213	NA	NA
1	"27.4.aE"	357	1	1	0.0163965018021437	NA	NA
1	"27.4.aE"	358	1	1	0.00230950609488974	NA	NA
1	"27.4.aE"	359	1	1	0.00524567414006155	NA	NA
1	"27.4.aE"	360	1	1	0.0162396829907672	NA	NA
1	"27.4.aE"	361	1	1	0.00067916262560016	NA	NA
1	"27.4.aE"	362	1	1	-0.00196748391919778	NA	NA
1	"27.4.aE"	363	1	1	0.00341151356395038	NA	NA
1	"27.4.aE"	364	1	1	-0.000729904213293312	NA	NA
1	"27.4.aE"	365	1	1	0.000329466791633505	NA	NA
1	"27.4.aE"	366	1	1	-0.00617533814440308	NA	NA
1	"27.4.aE"	367	1	1	0.00261822908178902	NA	NA
1	"27.4.aE"	368	1	1	-0.00745269014885903	NA	NA
1	"27.4.aE"	369	1	1	0.00641930968189837	NA	NA
1	"27.4.aE"	370	1	1	-0.00256850623105073	NA	NA
1	"27.4.aE"	371	1	1	0.00278708232493793	NA	NA
1	"27.4.aE"	372	1	1	0.00399098201898103	NA	NA
1	"27.4.aE"	373	1	1	-0.0136756958612185	NA	NA
1	"27.4.aE"	374	1	1	0.00128245543775289	NA	NA
1	"27.4.aE"	375	1	1	0.0129541523694243	NA	NA
1	"27.4.aE"	376	1	1	0.000286633299693146	NA	NA
1	"27.4.aE"	377	1	1	0.00108863614637266	NA	NA
1	"27.4.aE"	378	1	1	-0.000665898666381305	NA	NA
1	"27.4.aE"	379	1	1	-0.0129851963553742	NA	NA
1	"27.4.aE"	380	1	1	-0.00292994417018356	NA	NA
1	"27.4.aE"	381	1	1	0.00830787355364949	NA	NA
1	"27.4.aE"	382	1	1	0.00109307994903197	NA	NA
1	"27.4.aE"	383	1	1	-0.0137946072101044	NA	NA
1	"27.4.aE"	384	1	1	0.00346316508185328	NA	NA
1	"27.4.aE"	385	1	1	-0.00713888252190025	NA	NA
1	"27.4.aE"	386	1	1	0.0126165235689521	NA	NA
1	"27.4.aE"	387	1	1	-0.0136039788743399	NA	NA
1	"27.4.aE"	388	1	1	0.000814185440248913	NA	NA
1	"27.4.aE"	389	1	1	-0.00148971174265004	NA	NA
1	"27.4.aE"	390	1	1	-0.011286911981797	NA	NA
1	"27.4.aE"	391	1	1	-0.000414902180884392	NA	NA
1	"27.4.aE"	392	1	1	-0.0103702608437241	NA	NA
1	"27.4.aE"	393	1	1	0.00074550865259367	NA	NA
1	"27.4.aE"	394	1	1	-0.00217129514237372	NA	NA
1	"27.4.aE"	395	1	1	-0.00947675052518663	NA	NA
1	"27.4.aE"	396	1	1	0.0076041273350296	NA	NA
1	"27.4.aE"	397	1	1	-0.00490226281793398	NA	NA
1	"27.4.aE"	398	1	1	-0.00567235138707341	NA	NA
1	"27.4.aE"	399	1	1	0.00969054018940498	NA	NA
1	"27.4.aE"	400	1	1	0.0143494627150998	NA	NA
1	"27.4.aW"	1	1	2	-0.0033638569305209	NA	NA
1	"27.4.aW"	2	1	2	0.0189453447460827	NA	NA
1	"27.4.aW"	3	1	2	0.00435260163997364	NA	NA
1	"27.4.aW"	4	1	2	-0.000551986703401146	NA	NA
1	"27.4.aW"	5	1	2	0.00813384717637102	NA	NA
1	"27.4.aW"	6	1	2	0.0036363761029823	NA	NA
1	"27.4.aW"	7	1	2	0.00551408663871654	NA	NA
1	"27.4.aW"	8	1	2	-3.94816895455691e-05	NA	NA
1	"27.4.aW"	9	1	2	-0.00478732313652694	NA	NA
1	"27.4.aW"	10	1	2	0.00570926289161992	NA	NA
1	"27.4.aW"	11	1	2	0.0035248780832839	NA	NA
1	"27.4.aW"	12	1	2	0.00146609767335207	NA	NA
1	"27.4.aW"	13	1	2	-0.000669332812429861	NA	NA
1	"27.4.aW"	14	1	2	-0.00600263084625122	NA	NA
1	"27.4.aW"	15	1	2	-0.00456790021511615	NA	NA
1	"27.4.aW"	16	1	2	0.000522034524030414	NA	NA
1	"27.4.aW"	17	1	2	-0.00102174483632561	NA	NA
1	"27.4.aW"	18	1	2	-0.00264952501670748	NA	NA
1	"27.4.aW"	19	1	2	0.00325485120136535	NA	NA
1	"27.4.aW"	20	1	2	-0.00483823294081986	NA	NA
1	"27.4.aW"	21	1	2	0.000599500169805287	NA	NA
1	"27.4.aW"	22	1	2	-0.00535881912157156	NA	NA
1	"27.4.aW"	23	1	2	0.00968209541093689	NA	NA
1	"27.4.aW"	24	1	2	0.00383509134993659	NA	NA
1	"27.4.aW"	25	1	2	-0.00303703408256239	NA	NA
1	"27.4.aW"	26	1	2	-0.00305047797811395	NA	NA
1	"27.4.aW"	27	1	2	0.00203132659900333	NA	NA
1	"27.4.aW"	28	1	2	0.00856387491736743	NA	NA
1	"27.4.aW"	29	1	2	-0.00191307925478533	NA	NA
1	"27.4.aW"	30	1	2	-0.0124381554696725	NA	NA
1	"27.4.aW"	31	1	2	-0.00828544197129033	NA	NA
1	"27.4.aW"	32	1	2	0.0108745146442669	NA	NA
1	"27.4.aW"	33	1	2	-0.0136276554580147	NA	NA
1	"27.4.aW"	34	1	2	0.00340636580741533	NA	NA
1	"27.4.aW"	35	1	2	0.00343380060732789	NA	NA
1	"27.4.aW"	36	1	2	-0.00293018210058252	NA	NA
1	"27.4.aW"	37	1	2	0.00963733771525872	NA	NA
1	"27.4.aW"	38	1	2	0.00186759920425408	NA	NA
1	"27.4.aW"	39	1	2	-0.00449833881820014	NA	NA
1	"27.4.aW"	40	1	2	-0.00621257213045029	NA	NA
1	"27.4.aW"	41	1	2	0.010273551170379	NA	NA
1	"27.4.aW"	42	1	2	0.00744826542028662	NA	NA
1	"27.4.aW"	43	1	2	-0.0109661515726598	NA	NA
1	"27.4.aW"	44	1	2	-0.00993727807547321	NA	NA
1	"27.4.aW"	45	1	2	-0.00827405315188025	NA	NA
1	"27.4.aW"	46	1	2	0.00928781787964267	NA	NA
1	"27.4.aW"	47	1	2	-0.00141802750975727	NA	NA
1	"27.4.aW"	48	1	2	-0.00653548326264665	NA	NA
1	"27.4.aW"	49	1	2	0.00806266683063798	NA	NA
1	"27.4.aW"	50	1	2	0.00332376445243367	NA	NA
1	"27.4.aW"	51	1	2	0.00393048504817066	NA	NA
1	"27.4.aW"	52	1	2	0.00581935412160674	NA	NA
1	"27.4.aW"	53	1	2	0.000187224917420374	NA	NA
1	"27.4.aW"	54	1	2	-0.00263677178881486	NA	NA
1	"27.4.aW"	55	1	2	0.00533827550820914	NA	NA
1	"27.4.aW"	56	1	2	0.00539772101466862	NA	NA
1	"27.4.aW"	57	1	2	-0.0081185844469392	NA	NA
1	"27.4.aW"	58	1	2	0.00524853188302741	NA	NA
1	"27.4.aW"	59	1	2	-0.00239913909329539	NA	NA
1	"27.4.aW"	60	1	2	0.00558060871617009	NA	NA
1	"27.4.aW"	61	1	2	-0.00963990427129101	NA	NA
1	"27.4.aW"	62	1	2	-0.00613969138632397	NA	NA
1	"27.4.aW"	63	1	2	0.00405388957280389	NA	NA
1	"27.4.aW"	64	1	2	-0.0109705472582546	NA	NA
1	"27.4.aW"	65	1	2	-0.00614096915542476	NA	NA
1	"27.4.aW"	66	1	2	-0.00984006276966223	NA	NA
1	"27.4.aW"	67	1	2	-0.00258410499042244	NA	NA
1	"27.4.aW"	68	1	2	0.00803439493786565	NA	NA
1	"27.4.aW"	69	1	2	0.00176342252740997	NA	NA
1	"27.4.aW"	70	1	2	0.000650496715929954	NA	NA
1	"27.4.aW"	71	1	2	0.00900282248629875	NA	NA
1	"27.4.aW"	72	1	2	-0.00711546588678763	NA	NA
1	"27.4.aW"	73	1	2	0.00518359794142678	NA	NA
1	"27.4.aW"	74	1	2	0.00358610247540643	NA	NA
1	"27.4.aW"	75	1	2	-0.00241010237828198	NA	NA
1	"27.4.aW"	76	1	2	-0.00782013656980587	NA	NA
1	"27.4.aW"	77	1	2	-0.00577104762351429	NA	NA
1	"27.4.aW"	78	1	2	-0.00643463678399404	NA	NA
1	"27.4.aW"	79	1	2	0.00128673172211105	NA	NA
1	"27.4.aW"	80	1	2	0.00735396822774656	NA	NA
1	"27.4.aW"	81	1	2	-0.00933380680067006	NA	NA
1	"27.4.aW"	82	1	2	0.00212962959041734	NA	NA
1	"27.4.aW"	83	1	2	0.00344371475307895	NA	NA
1	"27.4.aW"	84	1	2	0.00420270799907835	NA	NA
1	"27.4.aW"	85	1	2	-0.00465351579192824	NA	NA
1	"27.4.aW"	86	1	2	0.000730427758230962	NA	NA
1	"27.4.aW"	87	1	2	0.0140195351332195	NA	NA
1	"27.4.aW"	88	1	2	-0.00736814785339444	NA	NA
1	"27.4.aW"	89	1	2	-0.00441895579055594	NA	NA
1	"27.4.aW"	90	1	2	-0.00361734927003477	NA	NA
1	"27.4.aW"	91	1	2	0.00611759247667902	NA	NA
1	"27.4.aW"	92	1	2	0.00294574271210403	NA	NA
1	"27.4.aW"	93	1	2	0.00526729197487276	NA	NA
1	"27.4.aW"	94	1	2	-0.00173135751210604	NA	NA
1	"27.4.aW"	95	1	2	0.0073747371618145	NA	NA
1	"27.4.aW"	96	1	2	0.00366870400385881	NA	NA
1	"27.4.aW"	97	1	2	-0.00134313582847366	NA	NA
1	"27.4.aW"	98	1	2	0.00281901865690108	NA	NA
1	"27.4.aW"	99	1	2	0.00514675422857533	NA	NA
1	"27.4.aW"	100	1	2	0.0073799615743621	NA	NA
1	"27.4.aW"	101	1	2	0.00558202456464224	NA	NA
1	"27.4.aW"	102	1	2	-0.00225119398642005	NA	NA
1	"27.4.aW"	103	1	2	-0.00256242147308962	NA	NA
1	"27.4.aW"	104	1	2	0.00281455566274109	NA	NA
1	"27.4.aW"	105	1	2	0.00742657133527908	NA	NA
1	"27.4.aW"	106	1	2	-0.00601612968518979	NA	NA
1	"27.4.aW"	107	1	2	-0.00346757611081775	NA	NA
1	"27.4.aW"	108	1	2	-0.00896979908096764	NA	NA
1	"27.4.aW"	109	1	2	0.00343411135152362	NA	NA
1	"27.4.aW"	110	1	2	-0.00345305600750343	NA	NA
1	"27.4.aW"	111	1	2	0.0129224729299815	NA	NA
1	"27.4.aW"	112	1	2	-0.000315530448730413	NA	NA
1	"27.4.aW"	113	1	2	-0.00133778932612854	NA	NA
1	"27.4.aW"	114	1	2	-0.00104930326949096	NA	NA
1	"27.4.aW"	115	1	2	-0.00578354325423768	NA	NA
1	"27.4.aW"	116	1	2	0.0186784954945214	NA	NA
1	"27.4.aW"	117	1	2	-0.00525676729562539	NA	NA
1	"27.4.aW"	118	1	2	0.000273362528588187	NA	NA
1	"27.4.aW"	119	1	2	-0.0228162390201533	NA	NA
1	"27.4.aW"	120	1	2	-0.00732982045413526	NA	NA
1	"27.4.aW"	121	1	2	-0.000536814324968313	NA	NA
1	"27.4.aW"	122	1	2	-0.00267538903285565	NA	NA
1	"27.4.aW"	123	1	2	-0.00172998450561737	NA	NA
1	"27.4.aW"	124	1	2	-0.00469428653793736	NA	NA
1	"27.4.aW"	125	1	2	0.0096312410263916	NA	NA
1	"27.4.aW"	126	1	2	0.00690694569839575	NA	NA
1	"27.4.aW"	127	1	2	0.000608433314906846	NA	NA
1	"27.4.aW"	128	1	2	0.00571688131977591	NA	NA
1	"27.4.aW"	129	1	2	-0.00536097671347458	NA	NA
1	"27.4.aW"	130	1	2	0.00744151915061226	NA	NA
1	"27.4.aW"	131	1	2	0.0121482881860441	NA	NA
1	"27.4.aW"	132	1	2	0.00509096196787566	NA	NA
1	"27.4.aW"	133	1	2	0.0018514019652215	NA	NA
1	"27.4.aW"	134	1	2	0.00590665495826268	NA	NA
1	"27.4.aW"	135	1	2	-0.00698683693133975	NA	NA
1	"27.4.aW"	136	1	2	0.00429317370985768	NA	NA
1	"27.4.aW"	137	1	2	0.00664492504287169	NA	NA
1	"27.4.aW"	138	1	2	0.00131631265048941	NA	NA
1	"27.4.aW"	139	1	2	0.00286663051472082	NA	NA
1	"27.4.aW"	140	1	2	0.00765760140878904	NA	NA
1	"27.4.aW"	141	1	2	-0.00960358756853345	NA	NA
1	"27.4.aW"	142	1	2	0.00192377048670925	NA	NA
1	"27.4.aW"	143	1	2	-0.00600916045082799	NA	NA
1	"27.4.aW"	144	1	2	-0.000151453867123329	NA	NA
1	"27.4.aW"	145	1	2	-0.00516451541164848	NA	NA
1	"27.4.aW"	146	1	2	0.000523425560557035	NA	NA
1	"27.4.aW"	147	1	2	0.0098617735837738	NA	NA
1	"27.4.aW"	148	1	2	-0.00311615403766757	NA	NA
1	"27.4.aW"	149	1	2	0.00344187379963419	NA	NA
1	"27.4.aW"	150	1	2	-0.000128625062265326	NA	NA
1	"27.4.aW"	151	1	2	0.00762968134852894	NA	NA
1	"27.4.aW"	152	1	2	0.0104647249521891	NA	NA
1	"27.4.aW"	153	1	2	-0.00437942794289713	NA	NA
1	"27.4.aW"	154	1	2	-0.000333220013513953	NA	NA
1	"27.4.aW"	155	1	2	-0.00242607169583461	NA	NA
1	"27.4.aW"	156	1	2	-0.00301431085124894	NA	NA
1	"27.4.aW"	157	1	2	0.00248762670588195	NA	NA
1	"27.4.aW"	158	1	2	0.000162865924646335	NA	NA
1	"27.4.aW"	159	1	2	1.02488636314615e-05	NA	NA
1	"27.4.aW"	160	1	2	0.0152581598071203	NA	NA
1	"27.4.aW"	161	1	2	-0.000563478287066621	NA	NA
1	"27.4.aW"	162	1	2	-3.36352065351342e-05	NA	NA
1	"27.4.aW"	163	1	2	-0.000443870175678614	NA	NA
1	"27.4.aW"	164	1	2	-0.000141337587654581	NA	NA
1	"27.4.aW"	165	1	2	-0.0181284225371483	NA	NA
1	"27.4.aW"	166	1	2	0.00246688741723029	NA	NA
1	"27.4.aW"	167	1	2	-0.00350540089390653	NA	NA
1	"27.4.aW"	168	1	2	0.00772686720305804	NA	NA
1	"27.4.aW"	169	1	2	0.00579757616868002	NA	NA
1	"27.4.aW"	170	1	2	0.00437359499274779	NA	NA
1	"27.4.aW"	171	1	2	0.0118427492566668	NA	NA
1	"27.4.aW"	172	1	2	0.00910830996904113	NA	NA
1	"27.4.aW"	173	1	2	-0.013094126835514	NA	NA
1	"27.4.aW"	174	1	2	0.00398632803874507	NA	NA
1	"27.4.aW"	175	1	2	-0.00249500051780842	NA	NA
1	"27.4.aW"	176	1	2	0.009181708932216	NA	NA
1	"27.4.aW"	177	1	2	-0.000727392844769993	NA	NA
1	"27.4.aW"	178	1	2	-0.00452429706484128	NA	NA
1	"27.4.aW"	179	1	2	0.00432947750797092	NA	NA
1	"27.4.aW"	180	1	2	0.00654214783066238	NA	NA
1	"27.4.aW"	181	1	2	0.000208871561990038	NA	NA
1	"27.4.aW"	182	1	2	-0.00280932996410521	NA	NA
1	"27.4.aW"	183	1	2	-0.00374445303044061	NA	NA
1	"27.4.aW"	184	1	2	0.00117790679703935	NA	NA
1	"27.4.aW"	185	1	2	-0.00798779413850999	NA	NA
1	"27.4.aW"	186	1	2	-0.00680789108664432	NA	NA
1	"27.4.aW"	187	1	2	-0.00186537958005837	NA	NA
1	"27.4.aW"	188	1	2	0.00614740885285213	NA	NA
1	"27.4.aW"	189	1	2	-0.00245561890220257	NA	NA
1	"27.4.aW"	190	1	2	-0.00491869037574105	NA	NA
1	"27.4.aW"	191	1	2	0.00672948089569123	NA	NA
1	"27.4.aW"	192	1	2	-0.0140004261581441	NA	NA
1	"27.4.aW"	193	1	2	-0.000600481533206816	NA	NA
1	"27.4.aW"	194	1	2	0.0046899544726112	NA	NA
1	"27.4.aW"	195	1	2	0.00868328430927183	NA	NA
1	"27.4.aW"	196	1	2	0.000863209379398977	NA	NA
1	"27.4.aW"	197	1	2	0.00807719624360566	NA	NA
1	"27.4.aW"	198	1	2	-0.000463670804335534	NA	NA
1	"27.4.aW"	199	1	2	0.000467213057679139	NA	NA
1	"27.4.aW"	200	1	2	-0.00152212946758759	NA	NA
1	"27.4.aW"	201	1	2	0.00455972222209624	NA	NA
1	"27.4.aW"	202	1	2	-0.000333229033248696	NA	NA
1	"27.4.aW"	203	1	2	0.00449345177073664	NA	NA
1	"27.4.aW"	204	1	2	-0.00112142509871564	NA	NA
1	"27.4.aW"	205	1	2	-0.00573385251794575	NA	NA
1	"27.4.aW"	206	1	2	0.00700106262287858	NA	NA
1	"27.4.aW"	207	1	2	-0.00880806952025105	NA	NA
1	"27.4.aW"	208	1	2	0.00224712385848022	NA	NA
1	"27.4.aW"	209	1	2	0.00533467647427924	NA	NA
1	"27.4.aW"	210	1	2	0.00296199343375846	NA	NA
1	"27.4.aW"	211	1	2	-0.000466973633850806	NA	NA
1	"27.4.aW"	212	1	2	0.00195026882413508	NA	NA
1	"27.4.aW"	213	1	2	0.00930915604208059	NA	NA
1	"27.4.aW"	214	1	2	-0.00299045198637309	NA	NA
1	"27.4.aW"	215	1	2	-0.0148579308002706	NA	NA
1	"27.4.aW"	216	1	2	-0.00272557363283844	NA	NA
1	"27.4.aW"	217	1	2	-9.65611409490238e-05	NA	NA
1	"27.4.aW"	218	1	2	-5.84735327445792e-05	NA	NA
1	"27.4.aW"	219	1	2	-0.00608347485059931	NA	NA
1	"27.4.aW"	220	1	2	-0.00109973346028254	NA	NA
1	"27.4.aW"	221	1	2	0.00413310254363737	NA	NA
1	"27.4.aW"	222	1	2	0.00178733072684778	NA	NA
1	"27.4.aW"	223	1	2	0.00856994924846328	NA	NA
1	"27.4.aW"	224	1	2	0.00256891946451066	NA	NA
1	"27.4.aW"	225	1	2	0.00393919507583006	NA	NA
1	"27.4.aW"	226	1	2	0.0104069269432632	NA	NA
1	"27.4.aW"	227	1	2	0.00639244801195841	NA	NA
1	"27.4.aW"	228	1	2	-0.00382602335563132	NA	NA
1	"27.4.aW"	229	1	2	0.00262424621171511	NA	NA
1	"27.4.aW"	230	1	2	0.00353404575812672	NA	NA
1	"27.4.aW"	231	1	2	0.00262524562149272	NA	NA
1	"27.4.aW"	232	1	2	0.00483842687840083	NA	NA
1	"27.4.aW"	233	1	2	-0.00564953243759243	NA	NA
1	"27.4.aW"	234	1	2	-0.00265602779959137	NA	NA
1	"27.4.aW"	235	1	2	0.000256037613696541	NA	NA
1	"27.4.aW"	236	1	2	-0.00603874309230367	NA	NA
1	"27.4.aW"	237	1	2	0.00992452942665599	NA	NA
1	"27.4.aW"	238	1	2	-0.00064489443323288	NA	NA
1	"27.4.aW"	239	1	2	-0.00405867313548476	NA	NA
1	"27.4.aW"	240	1	2	-0.00286590601480322	NA	NA
1	"27.4.aW"	241	1	2	0.00228786790514379	NA	NA
1	"27.4.aW"	242	1	2	0.00926384940754855	NA	NA
1	"27.4.aW"	243	1	2	0.00583424489997574	NA	NA
1	"27.4.aW"	244	1	2	-0.00357493216174492	NA	NA
1	"27.4.aW"	245	1	2	0.000796217479771217	NA	NA
1	"27.4.aW"	246	1	2	-0.00576806915653276	NA	NA
1	"27.4.aW"	247	1	2	0.00114117792831463	NA	NA
1	"27.4.aW"	248	1	2	0.00955744054795725	NA	NA
1	"27.4.aW"	249	1	2	0.005886903737679	NA	NA
1	"27.4.aW"	250	1	2	0.00769192540952657	NA	NA
1	"27.4.aW"	251	1	2	-0.00830349668766	NA	NA
1	"27.4.aW"	252	1	2	0.00693237879591743	NA	NA
1	"27.4.aW"	253	1	2	-0.00436936846419086	NA	NA
1	"27.4.aW"	254	1	2	-0.00223065839915983	NA	NA
1	"27.4.aW"	255	1	2	0.00157521020161645	NA	NA
1	"27.4.aW"	256	1	2	0.005251674813876	NA	NA
1	"27.4.aW"	257	1	2	-0.000776586186621211	NA	NA
1	"27.4.aW"	258	1	2	0.00462174164187144	NA	NA
1	"27.4.aW"	259	1	2	0.00608628667587112	NA	NA
1	"27.4.aW"	260	1	2	0.00413652692077597	NA	NA
1	"27.4.aW"	261	1	2	-0.00769278079468816	NA	NA
1	"27.4.aW"	262	1	2	0.00562156482788995	NA	NA
1	"27.4.aW"	263	1	2	0.0074213563951164	NA	NA
1	"27.4.aW"	264	1	2	0.0088582340956038	NA	NA
1	"27.4.aW"	265	1	2	0.00554368134900218	NA	NA
1	"27.4.aW"	266	1	2	0.00547684723733296	NA	NA
1	"27.4.aW"	267	1	2	-0.0045578756439216	NA	NA
1	"27.4.aW"	268	1	2	0.00459758067470652	NA	NA
1	"27.4.aW"	269	1	2	-0.00202360245758595	NA	NA
1	"27.4.aW"	270	1	2	0.0120433141666142	NA	NA
1	"27.4.aW"	271	1	2	0.00279131390928109	NA	NA
1	"27.4.aW"	272	1	2	-0.00613616364867707	NA	NA
1	"27.4.aW"	273	1	2	0.0105311890702076	NA	NA
1	"27.4.aW"	274	1	2	-0.0113924678912143	NA	NA
1	"27.4.aW"	275	1	2	-0.00370140855893685	NA	NA
1	"27.4.aW"	276	1	2	-0.00752762222707931	NA	NA
1	"27.4.aW"	277	1	2	0.000517765595629893	NA	NA
1	"27.4.aW"	278	1	2	-0.00538817685837242	NA	NA
1	"27.4.aW"	279	1	2	0.00137340020620326	NA	NA
1	"27.4.aW"	280	1	2	0.00190181213529394	NA	NA
1	"27.4.aW"	281	1	2	-0.00308827520860413	NA	NA
1	"27.4.aW"	282	1	2	0.000500970484810181	NA	NA
1	"27.4.aW"	283	1	2	0.00011719725681527	NA	NA
1	"27.4.aW"	284	1	2	-0.00503323938035343	NA	NA
1	"27.4.aW"	285	1	2	-0.00745055289777432	NA	NA
1	"27.4.aW"	286	1	2	-0.00296312077954601	NA	NA
1	"27.4.aW"	287	1	2	-0.006363223267435	NA	NA
1	"27.4.aW"	288	1	2	0.00775222603542184	NA	NA
1	"27.4.aW"	289	1	2	-0.010038957370833	NA	NA
1	"27.4.aW"	290	1	2	0.0114741704451099	NA	NA
1	"27.4.aW"	291	1	2	-0.00154487832869649	NA	NA
1	"27.4.aW"	292	1	2	-0.0132771184899912	NA	NA
1	"27.4.aW"	293	1	2	0.00420646208652125	NA	NA
1	"27.4.aW"	294	1	2	0.00470675861254949	NA	NA
1	"27.4.aW"	295	1	2	-0.0102858277074423	NA	NA
1	"27.4.aW"	296	1	2	0.00844603801574238	NA	NA
1	"27.4.aW"	297	1	2	-0.000524634975588576	NA	NA
1	"27.4.aW"	298	1	2	0.0019606173795825	NA	NA
1	"27.4.aW"	299	1	2	-0.00627123657757807	NA	NA
1	"27.4.aW"	300	1	2	-0.00271619827764053	NA	NA
1	"27.4.aW"	301	1	2	-7.93215821691967e-05	NA	NA
1	"27.4.aW"	302	1	2	-0.00214349962382353	NA	NA
1	"27.4.aW"	303	1	2	0.0072437607037286	NA	NA
1	"27.4.aW"	304	1	2	0.00123975175152875	NA	NA
1	"27.4.aW"	305	1	2	-0.0102393504402187	NA	NA
1	"27.4.aW"	306	1	2	-0.000846677453335	NA	NA
1	"27.4.aW"	307	1	2	-0.006114741971633	NA	NA
1	"27.4.aW"	308	1	2	0.00248635733952052	NA	NA
1	"27.4.aW"	309	1	2	0.00355896824952002	NA	NA
1	"27.4.aW"	310	1	2	-3.21290393737934e-05	NA	NA
1	"27.4.aW"	311	1	2	0.00136461959344014	NA	NA
1	"27.4.aW"	312	1	2	-0.0130838562888817	NA	NA
1	"27.4.aW"	313	1	2	0.000961232812954308	NA	NA
1	"27.4.aW"	314	1	2	0.00142755164247248	NA	NA
1	"27.4.aW"	315	1	2	0.00773346232559435	NA	NA
1	"27.4.aW"	316	1	2	0.00500281826235034	NA	NA
1	"27.4.aW"	317	1	2	-0.00876142427053679	NA	NA
1	"27.4.aW"	318	1	2	-0.0200902720158577	NA	NA
1	"27.4.aW"	319	1	2	-0.00384683352493177	NA	NA
1	"27.4.aW"	320	1	2	-0.00675973331138443	NA	NA
1	"27.4.aW"	321	1	2	0.0112628316326798	NA	NA
1	"27.4.aW"	322	1	2	0.000609081174829739	NA	NA
1	"27.4.aW"	323	1	2	-0.0170748561801729	NA	NA
1	"27.4.aW"	324	1	2	-0.000904084071925075	NA	NA
1	"27.4.aW"	325	1	2	0.000418167616469063	NA	NA
1	"27.4.aW"	326	1	2	0.00296229718972973	NA	NA
1	"27.4.aW"	327	1	2	-0.00108776114754964	NA	NA
1	"27.4.aW"	328	1	2	0.0078338757574183	NA	NA
1	"27.4.aW"	329	1	2	-0.001170518584123	NA	NA
1	"27.4.aW"	330	1	2	0.0096968328039609	NA	NA
1	"27.4.aW"	331	1	2	0.0112892536798364	NA	NA
1	"27.4.aW"	332	1	2	-0.00963370428903342	NA	NA
1	"27.4.aW"	333	1	2	-0.00638986745220351	NA	NA
1	"27.4.aW"	334	1	2	0.00891955400298243	NA	NA
1	"27.4.aW"	335	1	2	0.00266476031546413	NA	NA
1	"27.4.aW"	336	1	2	0.0119434841895657	NA	NA
1	"27.4.aW"	337	1	2	0.00929695182567941	NA	NA
1	"27.4.aW"	338	1	2	-0.00341864562402327	NA	NA
1	"27.4.aW"	339	1	2	0.0030675926344888	NA	NA
1	"27.4.aW"	340	1	2	0.00311425842495807	NA	NA
1	"27.4.aW"	341	1	2	-0.000824610076556589	NA	NA
1	"27.4.aW"	342	1	2	-0.0014000441251971	NA	NA
1	"27.4.aW"	343	1	2	-0.00468873436030683	NA	NA
1	"27.4.aW"	344	1	2	0.00140504299393934	NA	NA
1	"27.4.aW"	345	1	2	0.000412727697211075	NA	NA
1	"27.4.aW"	346	1	2	0.00400971010531713	NA	NA
1	"27.4.aW"	347	1	2	-0.0128050346713299	NA	NA
1	"27.4.aW"	348	1	2	-0.00959757486973563	NA	NA
1	"27.4.aW"	349	1	2	-0.0106176330205409	NA	NA
1	"27.4.aW"	350	1	2	0.00606367264945217	NA	NA
1	"27.4.aW"	351	1	2	-0.00146160057805327	NA	NA
1	"27.4.aW"	352	1	2	-0.0038392124031895	NA	NA
1	"27.4.aW"	353	1	2	0.00570430327597049	NA	NA
1	"27.4.aW"	354	1	2	-0.00940388642561368	NA	NA
1	"27.4.aW"	355	1	2	-0.0039142323284396	NA	NA
1	"27.4.aW"	356	1	2	-0.00857896458307249	NA	NA
1	"27.4.aW"	357	1	2	-0.0163965018021437	NA	NA
1	"27.4.aW"	358	1	2	-0.00230950609488884	NA	NA
1	"27.4.aW"	359	1	2	-0.00524567414005901	NA	NA
1	"27.4.aW"	360	1	2	-0.0162396829907734	NA	NA
1	"27.4.aW"	361	1	2	-0.000679162625597543	NA	NA
1	"27.4.aW"	362	1	2	0.00196748391919453	NA	NA
1	"27.4.aW"	363	1	2	-0.00341151356394258	NA	NA
1	"27.4.aW"	364	1	2	0.000729904213296294	NA	NA
1	"27.4.aW"	365	1	2	-0.000329466791630702	NA	NA
1	"27.4.aW"	366	1	2	0.00617533814440725	NA	NA
1	"27.4.aW"	367	1	2	-0.00261822908178614	NA	NA
1	"27.4.aW"	368	1	2	0.007452690148858	NA	NA
1	"27.4.aW"	369	1	2	-0.00641930968190088	NA	NA
1	"27.4.aW"	370	1	2	0.00256850623105181	NA	NA
1	"27.4.aW"	371	1	2	-0.0027870823249354	NA	NA
1	"27.4.aW"	372	1	2	-0.0039909820189814	NA	NA
1	"27.4.aW"	373	1	2	0.0136756958612166	NA	NA
1	"27.4.aW"	374	1	2	-0.00128245543775441	NA	NA
1	"27.4.aW"	375	1	2	-0.0129541523694248	NA	NA
1	"27.4.aW"	376	1	2	-0.000286633299692947	NA	NA
1	"27.4.aW"	377	1	2	-0.00108863614636634	NA	NA
1	"27.4.aW"	378	1	2	0.000665898666376598	NA	NA
1	"27.4.aW"	379	1	2	0.0129851963553741	NA	NA
1	"27.4.aW"	380	1	2	0.00292994417018278	NA	NA
1	"27.4.aW"	381	1	2	-0.0083078735536499	NA	NA
1	"27.4.aW"	382	1	2	-0.00109307994902968	NA	NA
1	"27.4.aW"	383	1	2	0.0137946072101054	NA	NA
1	"27.4.aW"	384	1	2	-0.00346316508185304	NA	NA
1	"27.4.aW"	385	1	2	0.00713888252190334	NA	NA
1	"27.4.aW"	386	1	2	-0.01261652356895	NA	NA
1	"27.4.aW"	387	1	2	0.0136039788743419	NA	NA
1	"27.4.aW"	388	1	2	-0.000814185440249315	NA	NA
1	"27.4.aW"	389	1	2	0.00148971174264917	NA	NA
1	"27.4.aW"	390	1	2	0.0112869119817914	NA	NA
1	"27.4.aW"	391	1	2	0.00041490218088844	NA	NA
1	"27.4.aW"	392	1	2	0.0103702608437235	NA	NA
1	"27.4.aW"	393	1	2	-0.000745508652594647	NA	NA
1	"27.4.aW"	394	1	2	0.00217129514237377	NA	NA
1	"27.4.aW"	395	1	2	0.00947675052517859	NA	NA
1	"27.4.aW"	396	1	2	-0.00760412733503147	NA	NA
1	"27.4.aW"	397	1	2	0.00490226281793718	NA	NA
1	"27.4.aW"	398	1	2	0.00567235138707114	NA	NA
1	"27.4.aW"	399	1	2	-0.00969054018940712	NA	NA
1	"27.4.aW"	400	1	2	-0.0143494627150978	NA	NA
