"LogLikelihood"	"Iteration"
-6604.99686929042	1
-6542.59597475912	2
-6599.8597010434	3
-6594.08416036208	4
-6559.047087779	5
-6549.05791038709	6
-6579.53885627907	7
-6588.25121518475	8
-6596.8736862363	9
-6604.10917112245	10
-6593.55146130234	11
-6639.36151876955	12
-6561.87861584663	13
-6615.64407522318	14
-6613.18028000946	15
-6567.46349696313	16
-6546.92767208837	17
-6564.52322969553	18
-6650.64057693639	19
-6677.3654769918	20
-6580.61420236733	21
-6598.98778034244	22
-6586.6022580654	23
-6597.28044108929	24
-6545.27301513644	25
-6594.92376770953	26
-6637.35940699929	27
-6595.75882404898	28
-6571.22147503288	29
-6625.38701344768	30
-6702.58190358749	31
-6599.7511482212	32
-6571.9140731568	33
-6611.87172997513	34
-6591.06188728681	35
-6564.4321017302	36
-6600.21770618815	37
-6610.59216559649	38
-6521.60855193923	39
-6615.5003502538	40
-6599.35152443121	41
-6620.69404893537	42
-6657.22842279284	43
-6611.28981174978	44
-6613.99113463077	45
-6575.03471623262	46
-6633.03078099232	47
-6584.79912503016	48
-6580.79111062736	49
-6595.83528356827	50
-6547.24446343763	51
-6621.06413311038	52
-6592.38503740425	53
-6573.44566041509	54
-6628.64592399861	55
-6543.35070419405	56
-6583.32793326024	57
-6729.68922947581	58
-6598.0323910495	59
-6576.46994517993	60
-6586.7823619895	61
-6592.44467130708	62
-6604.81224004411	63
-6623.90519620398	64
-6597.343346529	65
-6538.71119155182	66
-6644.04615848278	67
-6615.10428891436	68
-6672.34699321078	69
-6526.09755161709	70
-6647.78752714916	71
-6595.45408202122	72
-6612.40618442808	73
-6667.65705078964	74
-6614.01403296695	75
-6570.97416565369	76
-6549.70201750418	77
-6559.04972344204	78
-6546.75314690709	79
-6599.12630860949	80
-6619.82767270242	81
-6558.24928205357	82
-6563.98799379163	83
-6565.42276317672	84
-6578.48685496234	85
-6549.38796358456	86
-6662.84466889682	87
-6608.38821657897	88
-6607.65166264354	89
-6570.87260233446	90
-6609.91538245913	91
-6571.76348949762	92
-6545.90876389897	93
-6512.90410468594	94
-6578.02409411398	95
-6536.40485833691	96
-6574.95727199639	97
-6579.00250852338	98
-6596.55554507659	99
-6565.66039719639	100
-6570.72349277274	101
-6604.35418647129	102
-6560.46073852621	103
-6557.03371639279	104
-6620.41508237175	105
-6628.07540686675	106
-6605.7742476493	107
-6659.72024440995	108
-6610.41717447936	109
-6615.22175246043	110
-6613.19574466215	111
-6587.83882692429	112
-6553.02879160659	113
-6545.59196092732	114
-6580.0049777164	115
-6685.11398255579	116
-6622.44277258028	117
-6587.62380337458	118
-6546.08327369985	119
-6584.56649829958	120
-6651.91061837509	121
-6603.18750788404	122
-6662.45470503716	123
-6626.49249077439	124
-6562.95664573931	125
-6615.74372817865	126
-6576.3699137347	127
-6602.75626975714	128
-6608.73726457057	129
-6569.60463694816	130
-6513.84903687498	131
-6559.2887662644	132
-6555.96668470102	133
-6562.51328888244	134
-6595.47309510131	135
-6527.8621090858	136
-6571.30819407505	137
-6636.39033336079	138
-6570.61434165981	139
-6547.8529840041	140
-6603.68560605271	141
-6583.85698469415	142
-6580.50029868241	143
-6548.9661886319	144
-6554.87151642446	145
-6560.52807264708	146
-6588.19469129421	147
-6630.0706781643	148
-6512.88711692101	149
-6539.38076275646	150
-6548.41586961211	151
-6592.89563580715	152
-6605.12000622237	153
-6654.21610827569	154
-6602.02621582092	155
-6603.15970807584	156
-6625.44668361004	157
-6551.21277551741	158
-6526.38000720547	159
-6608.52804654211	160
-6607.22793990808	161
-6642.71042572578	162
-6576.29311699106	163
-6524.13499073102	164
-6594.82912080079	165
-6592.70928396609	166
-6523.52384145707	167
-6564.08192338122	168
-6579.19328127179	169
-6611.00617938271	170
-6657.41018652798	171
-6520.39435832687	172
-6573.63324231479	173
-6602.16675880809	174
-6633.80848594371	175
-6555.73696567041	176
-6622.51071925587	177
-6589.61410230662	178
-6630.89918469194	179
-6653.34737594046	180
-6561.30466503677	181
-6577.18727355765	182
-6584.23560352081	183
-6564.89993985196	184
-6549.31112658902	185
-6523.59478213322	186
-6629.32225207818	187
-6588.36105851125	188
-6646.43015249495	189
-6543.81473964877	190
-6559.80754483642	191
-6531.91253230075	192
-6609.06859141238	193
-6574.32186420957	194
-6644.04582931561	195
-6586.1689340196	196
-6630.57697323163	197
-6544.60173248435	198
-6566.72353998034	199
-6621.88541267847	200
-6634.18489214465	201
-6573.38581052443	202
-6559.3754473435	203
-6563.57116827659	204
-6614.72251955583	205
-6632.35007764676	206
-6621.32493585153	207
-6608.08018195816	208
-6645.18982272589	209
-6601.16818773033	210
-6653.61971554729	211
-6621.14816469018	212
-6593.23290868956	213
-6599.82784516111	214
-6553.88381156259	215
-6520.67195024322	216
-6554.63705291631	217
-6593.26791860924	218
-6578.56508198272	219
-6642.47833423026	220
-6686.39766395278	221
-6589.06428848887	222
-6611.54843150436	223
-6598.63782820065	224
-6592.5384574415	225
-6640.65383515942	226
-6603.77180231064	227
-6662.09885663222	228
-6585.84736600628	229
-6619.13823309012	230
-6582.54650740025	231
-6617.06110294141	232
-6586.98597951758	233
-6638.21559395548	234
-6608.38550082499	235
-6549.23827652692	236
-6589.13064912529	237
-6655.73407483971	238
-6602.92675177096	239
-6581.26690434655	240
-6575.08344144817	241
-6559.10809003983	242
-6523.95560912277	243
-6575.82900548511	244
-6580.67881605281	245
-6501.15877686341	246
-6541.12519530382	247
-6585.54858747687	248
-6625.8920916672	249
-6529.31227774602	250
-6533.69340994173	251
-6620.74340692084	252
-6591.86286967488	253
-6618.60748488665	254
-6605.41114058931	255
-6598.16219085395	256
-6603.4563886481	257
-6553.24101202575	258
-6573.50017091168	259
-6528.78925010866	260
-6597.11973110797	261
-6582.37337742126	262
-6645.81417181003	263
-6600.69347361669	264
-6555.59101935122	265
-6634.35946229972	266
-6578.09371492722	267
-6533.39338090697	268
-6579.78871976373	269
-6563.14632982187	270
-6536.83288198614	271
-6603.48130543703	272
-6612.41320951989	273
-6577.6898727397	274
-6583.4670906786	275
-6523.31891732082	276
-6544.42121880465	277
-6530.55472429742	278
-6537.69635688878	279
-6634.1432528131	280
-6590.30203418918	281
-6522.00059855204	282
-6552.29119979475	283
-6617.83139711321	284
-6585.26205886577	285
-6582.41679051901	286
-6643.31168756885	287
-6648.44787365817	288
-6566.98549695475	289
-6543.14718893004	290
-6631.58005677293	291
-6583.32045365776	292
-6547.84210168052	293
-6604.32890134139	294
-6588.00587473879	295
-6561.15999985768	296
-6622.31328155175	297
-6603.64868716631	298
-6621.48413529831	299
-6517.15711654325	300
-6535.28527282603	301
-6614.66918061357	302
-6598.89709093811	303
-6495.32961044142	304
-6621.04918953098	305
-6590.34155316975	306
-6532.30193750873	307
-6578.96115170645	308
-6638.26534162971	309
-6601.5768219648	310
-6533.24865449155	311
-6549.36891484332	312
-6586.40676818849	313
-6586.93504305564	314
-6583.70439426914	315
-6569.88964733036	316
-6505.15567664323	317
-6621.16633696533	318
-6557.38638717308	319
-6587.72204833159	320
-6556.85127910769	321
-6565.56291239941	322
-6604.38413523467	323
-6613.12416577543	324
-6610.04207761109	325
-6576.73167012565	326
-6594.76621880965	327
-6597.76351799469	328
-6584.48725298094	329
-6575.46673931008	330
-6612.80407240647	331
-6522.32533433865	332
-6493.34590579446	333
-6541.74536562606	334
-6576.70056240187	335
-6573.85502960185	336
-6501.69882537691	337
-6523.30631138556	338
-6590.47428185074	339
-6550.98784280715	340
-6523.98752737789	341
-6617.69160795127	342
-6565.37996712778	343
-6574.85204882594	344
-6530.74215850908	345
-6558.97375482652	346
-6614.09767435855	347
-6568.5601260119	348
-6600.48064400285	349
-6616.40671566897	350
-6621.82913150744	351
-6659.02958686462	352
-6644.65874839438	353
-6635.70142048771	354
-6704.42497154018	355
-6520.46183916709	356
-6596.08709961674	357
-6628.21345949463	358
-6635.09084516379	359
-6622.24365772584	360
-6587.04523619586	361
-6575.10799361032	362
-6574.16269141381	363
-6580.03523919374	364
-6557.57471585824	365
-6558.7777773455	366
-6583.11250980205	367
-6606.09241133656	368
-6585.14944810487	369
-6642.93132034437	370
-6577.62235647229	371
-6658.21926860021	372
-6672.12245206942	373
-6663.72682432221	374
-6652.50810443604	375
-6606.00368677511	376
-6601.56469947636	377
-6556.31679142732	378
-6551.61978751199	379
-6594.73413487055	380
-6643.84832619367	381
-6647.04393944777	382
-6646.18452367458	383
-6593.98835116146	384
-6644.28536246338	385
-6581.91532398659	386
-6508.0743041148	387
-6574.99890064068	388
-6539.44066032052	389
-6573.68123390587	390
-6546.8865225833	391
-6525.29440064796	392
-6547.68347602708	393
-6545.786602002	394
-6542.10217700157	395
-6633.8292054754	396
-6599.53951087462	397
-6593.80758972054	398
-6555.41456471579	399
-6573.09454910741	400
