"Age"	"Level"	"Iteration"	"AgeIndex"	"LevelIndex"	"Intercept"	"tau_Intercept"	"ar_Intercept"
1	"Q2"	1	1	1	0.0383882238818414	NA	NA
1	"Q2"	2	1	1	0.0529853476049545	NA	NA
1	"Q2"	3	1	1	0.0220770888052614	NA	NA
1	"Q2"	4	1	1	0.0545097014228745	NA	NA
1	"Q2"	5	1	1	0.0298695369262712	NA	NA
1	"Q2"	6	1	1	0.0279546744703336	NA	NA
1	"Q2"	7	1	1	0.0223704060407242	NA	NA
1	"Q2"	8	1	1	0.0448909320095809	NA	NA
1	"Q2"	9	1	1	0.0226210510998132	NA	NA
1	"Q2"	10	1	1	0.035950053778681	NA	NA
1	"Q2"	11	1	1	0.0229082091392225	NA	NA
1	"Q2"	12	1	1	0.0368519286530996	NA	NA
1	"Q2"	13	1	1	0.0355963498837379	NA	NA
1	"Q2"	14	1	1	0.0199321007900597	NA	NA
1	"Q2"	15	1	1	0.0164142470921109	NA	NA
1	"Q2"	16	1	1	0.0270869298407595	NA	NA
1	"Q2"	17	1	1	0.0330303647153091	NA	NA
1	"Q2"	18	1	1	0.0335785746983033	NA	NA
1	"Q2"	19	1	1	0.0363497747889995	NA	NA
1	"Q2"	20	1	1	0.0173507496408351	NA	NA
1	"Q2"	21	1	1	0.0373986934835382	NA	NA
1	"Q2"	22	1	1	0.0445162881089086	NA	NA
1	"Q2"	23	1	1	0.0200985851172211	NA	NA
1	"Q2"	24	1	1	0.0231024459509905	NA	NA
1	"Q2"	25	1	1	0.0196355465252414	NA	NA
1	"Q2"	26	1	1	0.0335546362361147	NA	NA
1	"Q2"	27	1	1	0.0296082570896395	NA	NA
1	"Q2"	28	1	1	0.0424452478288686	NA	NA
1	"Q2"	29	1	1	0.0157010866094125	NA	NA
1	"Q2"	30	1	1	0.0208527306600848	NA	NA
1	"Q2"	31	1	1	0.0364117244028095	NA	NA
1	"Q2"	32	1	1	0.0410042664389025	NA	NA
1	"Q2"	33	1	1	0.00968831760948226	NA	NA
1	"Q2"	34	1	1	0.0126783730752031	NA	NA
1	"Q2"	35	1	1	0.0364276906060818	NA	NA
1	"Q2"	36	1	1	0.0223184515386034	NA	NA
1	"Q2"	37	1	1	0.0107715008916534	NA	NA
1	"Q2"	38	1	1	0.0271539968759145	NA	NA
1	"Q2"	39	1	1	0.0281184350409838	NA	NA
1	"Q2"	40	1	1	0.0222150515747104	NA	NA
1	"Q2"	41	1	1	0.0411892478607711	NA	NA
1	"Q2"	42	1	1	0.0166229469640174	NA	NA
1	"Q2"	43	1	1	0.0395262187047725	NA	NA
1	"Q2"	44	1	1	0.0338492536249157	NA	NA
1	"Q2"	45	1	1	0.0193846161572749	NA	NA
1	"Q2"	46	1	1	0.0265698170985373	NA	NA
1	"Q2"	47	1	1	0.0463821114733104	NA	NA
1	"Q2"	48	1	1	0.0268391191998548	NA	NA
1	"Q2"	49	1	1	0.0388231059413144	NA	NA
1	"Q2"	50	1	1	0.0269404878684723	NA	NA
1	"Q2"	51	1	1	0.036530915397924	NA	NA
1	"Q2"	52	1	1	0.0184929791306038	NA	NA
1	"Q2"	53	1	1	0.0293026729729008	NA	NA
1	"Q2"	54	1	1	0.033101988804717	NA	NA
1	"Q2"	55	1	1	0.0131967838627271	NA	NA
1	"Q2"	56	1	1	0.0249156319578745	NA	NA
1	"Q2"	57	1	1	0.0466012450553602	NA	NA
1	"Q2"	58	1	1	0.0287447660264355	NA	NA
1	"Q2"	59	1	1	0.0176953638219639	NA	NA
1	"Q2"	60	1	1	0.033141609012536	NA	NA
1	"Q2"	61	1	1	0.0243770611930545	NA	NA
1	"Q2"	62	1	1	0.0365610508998442	NA	NA
1	"Q2"	63	1	1	0.0169136427395393	NA	NA
1	"Q2"	64	1	1	0.0270034412899175	NA	NA
1	"Q2"	65	1	1	0.0234442708534551	NA	NA
1	"Q2"	66	1	1	0.0500814286648733	NA	NA
1	"Q2"	67	1	1	0.0122326217165627	NA	NA
1	"Q2"	68	1	1	0.0363137801166474	NA	NA
1	"Q2"	69	1	1	0.0417634999353165	NA	NA
1	"Q2"	70	1	1	0.0412764056050946	NA	NA
1	"Q2"	71	1	1	0.0226132342311483	NA	NA
1	"Q2"	72	1	1	0.0154259523874567	NA	NA
1	"Q2"	73	1	1	0.038422191567751	NA	NA
1	"Q2"	74	1	1	0.00934662458551561	NA	NA
1	"Q2"	75	1	1	0.0413175429418422	NA	NA
1	"Q2"	76	1	1	0.0165383966279077	NA	NA
1	"Q2"	77	1	1	0.0261156571002621	NA	NA
1	"Q2"	78	1	1	0.0409342173221023	NA	NA
1	"Q2"	79	1	1	0.020087647681593	NA	NA
1	"Q2"	80	1	1	0.015916704515478	NA	NA
1	"Q2"	81	1	1	0.0250029967004596	NA	NA
1	"Q2"	82	1	1	0.0326133801861381	NA	NA
1	"Q2"	83	1	1	0.0319891126366158	NA	NA
1	"Q2"	84	1	1	0.0210774296986264	NA	NA
1	"Q2"	85	1	1	0.0149167048073699	NA	NA
1	"Q2"	86	1	1	0.0248150296512665	NA	NA
1	"Q2"	87	1	1	0.0274665497095985	NA	NA
1	"Q2"	88	1	1	0.0239319167240854	NA	NA
1	"Q2"	89	1	1	0.035341092390773	NA	NA
1	"Q2"	90	1	1	0.0242916956168218	NA	NA
1	"Q2"	91	1	1	0.016918393136577	NA	NA
1	"Q2"	92	1	1	0.0305061804922748	NA	NA
1	"Q2"	93	1	1	0.0136613680170343	NA	NA
1	"Q2"	94	1	1	0.0172006169285064	NA	NA
1	"Q2"	95	1	1	0.0285782514643658	NA	NA
1	"Q2"	96	1	1	0.0298301679721376	NA	NA
1	"Q2"	97	1	1	0.0390784268140414	NA	NA
1	"Q2"	98	1	1	0.0215233936271413	NA	NA
1	"Q2"	99	1	1	0.014491077742078	NA	NA
1	"Q2"	100	1	1	0.0224549656750851	NA	NA
1	"Q2"	101	1	1	0.0167563518847276	NA	NA
1	"Q2"	102	1	1	0.0263032588166907	NA	NA
1	"Q2"	103	1	1	0.0247218984955353	NA	NA
1	"Q2"	104	1	1	0.0431828065620955	NA	NA
1	"Q2"	105	1	1	0.0307147250709644	NA	NA
1	"Q2"	106	1	1	0.0237440410296192	NA	NA
1	"Q2"	107	1	1	0.0327264159263038	NA	NA
1	"Q2"	108	1	1	0.0427156611790672	NA	NA
1	"Q2"	109	1	1	0.0395891439011578	NA	NA
1	"Q2"	110	1	1	0.0167939342999623	NA	NA
1	"Q2"	111	1	1	0.0435758714641502	NA	NA
1	"Q2"	112	1	1	0.0461497245422553	NA	NA
1	"Q2"	113	1	1	0.0389122912070216	NA	NA
1	"Q2"	114	1	1	0.0255986822225226	NA	NA
1	"Q2"	115	1	1	0.0251520247134663	NA	NA
1	"Q2"	116	1	1	0.0366810822659304	NA	NA
1	"Q2"	117	1	1	0.028337170786074	NA	NA
1	"Q2"	118	1	1	0.023758179002952	NA	NA
1	"Q2"	119	1	1	0.0336879006617804	NA	NA
1	"Q2"	120	1	1	0.0227538974251265	NA	NA
1	"Q2"	121	1	1	0.0243950624403038	NA	NA
1	"Q2"	122	1	1	0.0296219674813943	NA	NA
1	"Q2"	123	1	1	0.0440032811323629	NA	NA
1	"Q2"	124	1	1	0.0314869696531594	NA	NA
1	"Q2"	125	1	1	0.0426156974614241	NA	NA
1	"Q2"	126	1	1	0.0224800390245185	NA	NA
1	"Q2"	127	1	1	0.0473227320041208	NA	NA
1	"Q2"	128	1	1	0.0357415923703514	NA	NA
1	"Q2"	129	1	1	0.0351834379030696	NA	NA
1	"Q2"	130	1	1	0.0369129576058862	NA	NA
1	"Q2"	131	1	1	0.0642425698308999	NA	NA
1	"Q2"	132	1	1	0.0202224470962584	NA	NA
1	"Q2"	133	1	1	0.0364003173143615	NA	NA
1	"Q2"	134	1	1	0.0303044943651669	NA	NA
1	"Q2"	135	1	1	0.0396577683095398	NA	NA
1	"Q2"	136	1	1	0.021234697630708	NA	NA
1	"Q2"	137	1	1	0.0254041772636957	NA	NA
1	"Q2"	138	1	1	0.0279868480558089	NA	NA
1	"Q2"	139	1	1	0.0343396523886953	NA	NA
1	"Q2"	140	1	1	0.0225915007377228	NA	NA
1	"Q2"	141	1	1	0.0203199821744494	NA	NA
1	"Q2"	142	1	1	0.0385696941686305	NA	NA
1	"Q2"	143	1	1	0.0198726021759724	NA	NA
1	"Q2"	144	1	1	0.022419174454781	NA	NA
1	"Q2"	145	1	1	0.0402448938908032	NA	NA
1	"Q2"	146	1	1	0.0318213886910833	NA	NA
1	"Q2"	147	1	1	0.0333548361728078	NA	NA
1	"Q2"	148	1	1	0.0549446633597349	NA	NA
1	"Q2"	149	1	1	0.0307752866338919	NA	NA
1	"Q2"	150	1	1	0.038924278791726	NA	NA
1	"Q2"	151	1	1	0.0474284369773458	NA	NA
1	"Q2"	152	1	1	0.0247052838406104	NA	NA
1	"Q2"	153	1	1	0.0363592497112094	NA	NA
1	"Q2"	154	1	1	0.0156439064611944	NA	NA
1	"Q2"	155	1	1	0.0429380073971239	NA	NA
1	"Q2"	156	1	1	0.0338725909657285	NA	NA
1	"Q2"	157	1	1	0.0315385255329869	NA	NA
1	"Q2"	158	1	1	0.0213287415187494	NA	NA
1	"Q2"	159	1	1	0.0207714215387742	NA	NA
1	"Q2"	160	1	1	0.0318798528585969	NA	NA
1	"Q2"	161	1	1	0.0319083867087962	NA	NA
1	"Q2"	162	1	1	0.0365881795772548	NA	NA
1	"Q2"	163	1	1	0.0260654004448217	NA	NA
1	"Q2"	164	1	1	0.044677194163979	NA	NA
1	"Q2"	165	1	1	0.0351941127064792	NA	NA
1	"Q2"	166	1	1	0.0301281351300671	NA	NA
1	"Q2"	167	1	1	0.0218089438346656	NA	NA
1	"Q2"	168	1	1	0.0231793382669905	NA	NA
1	"Q2"	169	1	1	0.0228921253099782	NA	NA
1	"Q2"	170	1	1	0.0290522945759335	NA	NA
1	"Q2"	171	1	1	0.0259480166929066	NA	NA
1	"Q2"	172	1	1	0.0220101103166702	NA	NA
1	"Q2"	173	1	1	0.029050634862223	NA	NA
1	"Q2"	174	1	1	0.0419358184806191	NA	NA
1	"Q2"	175	1	1	0.0495223693720284	NA	NA
1	"Q2"	176	1	1	0.0382796804426627	NA	NA
1	"Q2"	177	1	1	0.0276671362731258	NA	NA
1	"Q2"	178	1	1	0.0209594300546477	NA	NA
1	"Q2"	179	1	1	0.0380562017627983	NA	NA
1	"Q2"	180	1	1	0.023634112536129	NA	NA
1	"Q2"	181	1	1	0.0286001868807393	NA	NA
1	"Q2"	182	1	1	0.00253205136666752	NA	NA
1	"Q2"	183	1	1	0.021828081865527	NA	NA
1	"Q2"	184	1	1	0.0392286034351747	NA	NA
1	"Q2"	185	1	1	0.0533431064886216	NA	NA
1	"Q2"	186	1	1	0.0245825305085587	NA	NA
1	"Q2"	187	1	1	0.0287403979924879	NA	NA
1	"Q2"	188	1	1	0.0292276561257179	NA	NA
1	"Q2"	189	1	1	0.0114394915941194	NA	NA
1	"Q2"	190	1	1	0.00232943598276308	NA	NA
1	"Q2"	191	1	1	0.0391667521802618	NA	NA
1	"Q2"	192	1	1	0.0247149190665896	NA	NA
1	"Q2"	193	1	1	0.0200771222522817	NA	NA
1	"Q2"	194	1	1	0.026890141441358	NA	NA
1	"Q2"	195	1	1	0.00364412730407519	NA	NA
1	"Q2"	196	1	1	0.0128474326437724	NA	NA
1	"Q2"	197	1	1	0.0247205661248216	NA	NA
1	"Q2"	198	1	1	0.0145480095751992	NA	NA
1	"Q2"	199	1	1	0.0307452127359068	NA	NA
1	"Q2"	200	1	1	0.0368991812954688	NA	NA
1	"Q2"	201	1	1	0.0233262971421817	NA	NA
1	"Q2"	202	1	1	0.0311805299452531	NA	NA
1	"Q2"	203	1	1	0.0347126465873288	NA	NA
1	"Q2"	204	1	1	0.0348007894666596	NA	NA
1	"Q2"	205	1	1	0.0405243393200056	NA	NA
1	"Q2"	206	1	1	0.036747820259761	NA	NA
1	"Q2"	207	1	1	0.0327821222214616	NA	NA
1	"Q2"	208	1	1	0.0373108048218284	NA	NA
1	"Q2"	209	1	1	0.0450203731901517	NA	NA
1	"Q2"	210	1	1	0.0300248970205675	NA	NA
1	"Q2"	211	1	1	0.0426334841361799	NA	NA
1	"Q2"	212	1	1	0.0321027358400972	NA	NA
1	"Q2"	213	1	1	0.0359638476432791	NA	NA
1	"Q2"	214	1	1	0.0227270847804341	NA	NA
1	"Q2"	215	1	1	0.0308475163776351	NA	NA
1	"Q2"	216	1	1	0.0503120420407848	NA	NA
1	"Q2"	217	1	1	0.0351076880783783	NA	NA
1	"Q2"	218	1	1	0.0287588174482542	NA	NA
1	"Q2"	219	1	1	0.037022634839164	NA	NA
1	"Q2"	220	1	1	0.0229871023124993	NA	NA
1	"Q2"	221	1	1	0.0522215518332417	NA	NA
1	"Q2"	222	1	1	0.0214108270166722	NA	NA
1	"Q2"	223	1	1	0.0392310158187768	NA	NA
1	"Q2"	224	1	1	0.0415814170250216	NA	NA
1	"Q2"	225	1	1	0.0263953988518034	NA	NA
1	"Q2"	226	1	1	0.0376122458954414	NA	NA
1	"Q2"	227	1	1	-0.00524589815807245	NA	NA
1	"Q2"	228	1	1	0.0214514893610349	NA	NA
1	"Q2"	229	1	1	0.034458653783159	NA	NA
1	"Q2"	230	1	1	0.0134093950304711	NA	NA
1	"Q2"	231	1	1	0.0253077934598634	NA	NA
1	"Q2"	232	1	1	0.0230640064551112	NA	NA
1	"Q2"	233	1	1	0.0365554031728234	NA	NA
1	"Q2"	234	1	1	0.0111498925381604	NA	NA
1	"Q2"	235	1	1	0.0133014210891155	NA	NA
1	"Q2"	236	1	1	0.0325952711144974	NA	NA
1	"Q2"	237	1	1	0.0235210579054362	NA	NA
1	"Q2"	238	1	1	0.0306567264094101	NA	NA
1	"Q2"	239	1	1	0.0124883118705882	NA	NA
1	"Q2"	240	1	1	0.030543541137352	NA	NA
1	"Q2"	241	1	1	0.0457083793684736	NA	NA
1	"Q2"	242	1	1	0.0338387394292781	NA	NA
1	"Q2"	243	1	1	0.04439518589608	NA	NA
1	"Q2"	244	1	1	0.0320995760472222	NA	NA
1	"Q2"	245	1	1	0.0304112754749715	NA	NA
1	"Q2"	246	1	1	0.0230817118897859	NA	NA
1	"Q2"	247	1	1	0.0398440674567225	NA	NA
1	"Q2"	248	1	1	0.028701513211354	NA	NA
1	"Q2"	249	1	1	0.0199378138000343	NA	NA
1	"Q2"	250	1	1	0.0206809853235346	NA	NA
1	"Q2"	251	1	1	0.0414933794127919	NA	NA
1	"Q2"	252	1	1	0.0308521911917329	NA	NA
1	"Q2"	253	1	1	0.0055924114608212	NA	NA
1	"Q2"	254	1	1	0.0350225308881528	NA	NA
1	"Q2"	255	1	1	0.0429097083362539	NA	NA
1	"Q2"	256	1	1	0.022156957314456	NA	NA
1	"Q2"	257	1	1	0.033204704240129	NA	NA
1	"Q2"	258	1	1	0.0275218913346702	NA	NA
1	"Q2"	259	1	1	0.0212726856534766	NA	NA
1	"Q2"	260	1	1	0.0239252296539494	NA	NA
1	"Q2"	261	1	1	0.0199528508527594	NA	NA
1	"Q2"	262	1	1	0.0187492790714574	NA	NA
1	"Q2"	263	1	1	0.0291674421807055	NA	NA
1	"Q2"	264	1	1	0.0309832892970097	NA	NA
1	"Q2"	265	1	1	0.0250385959723083	NA	NA
1	"Q2"	266	1	1	0.0160765936736514	NA	NA
1	"Q2"	267	1	1	0.0157479020759908	NA	NA
1	"Q2"	268	1	1	0.00892607558083038	NA	NA
1	"Q2"	269	1	1	0.0341561235027506	NA	NA
1	"Q2"	270	1	1	0.0405421504374441	NA	NA
1	"Q2"	271	1	1	0.0344304976782174	NA	NA
1	"Q2"	272	1	1	0.0339435618363835	NA	NA
1	"Q2"	273	1	1	0.0169513968582854	NA	NA
1	"Q2"	274	1	1	0.0287568285372443	NA	NA
1	"Q2"	275	1	1	0.035917103248024	NA	NA
1	"Q2"	276	1	1	0.0287712736548147	NA	NA
1	"Q2"	277	1	1	0.0260575904018395	NA	NA
1	"Q2"	278	1	1	0.0150192421737277	NA	NA
1	"Q2"	279	1	1	0.0228168688291084	NA	NA
1	"Q2"	280	1	1	0.0244542770464226	NA	NA
1	"Q2"	281	1	1	0.0271419710885764	NA	NA
1	"Q2"	282	1	1	0.0310194880045816	NA	NA
1	"Q2"	283	1	1	0.0360701317978645	NA	NA
1	"Q2"	284	1	1	0.0286228681495261	NA	NA
1	"Q2"	285	1	1	0.0312652366523687	NA	NA
1	"Q2"	286	1	1	0.0272161076892916	NA	NA
1	"Q2"	287	1	1	0.00707287447695602	NA	NA
1	"Q2"	288	1	1	0.0341239328831116	NA	NA
1	"Q2"	289	1	1	0.0197466531522599	NA	NA
1	"Q2"	290	1	1	0.0258580701036056	NA	NA
1	"Q2"	291	1	1	0.0315900038192989	NA	NA
1	"Q2"	292	1	1	0.0242491722314323	NA	NA
1	"Q2"	293	1	1	0.0252112629153562	NA	NA
1	"Q2"	294	1	1	0.0326233045799576	NA	NA
1	"Q2"	295	1	1	0.0359766409172026	NA	NA
1	"Q2"	296	1	1	0.0235422550528602	NA	NA
1	"Q2"	297	1	1	0.0258689612759479	NA	NA
1	"Q2"	298	1	1	0.0469561042003219	NA	NA
1	"Q2"	299	1	1	0.0283273922680687	NA	NA
1	"Q2"	300	1	1	0.0267096837728026	NA	NA
1	"Q2"	301	1	1	0.0480988814893845	NA	NA
1	"Q2"	302	1	1	0.041439183605217	NA	NA
1	"Q2"	303	1	1	0.0428425546451826	NA	NA
1	"Q2"	304	1	1	0.0440062177812911	NA	NA
1	"Q2"	305	1	1	0.0360993412555347	NA	NA
1	"Q2"	306	1	1	0.0326670150166196	NA	NA
1	"Q2"	307	1	1	0.0301888149822723	NA	NA
1	"Q2"	308	1	1	0.0287754090466889	NA	NA
1	"Q2"	309	1	1	0.022639526002252	NA	NA
1	"Q2"	310	1	1	0.0376423224301184	NA	NA
1	"Q2"	311	1	1	0.0358606259062297	NA	NA
1	"Q2"	312	1	1	0.0296283016397652	NA	NA
1	"Q2"	313	1	1	0.0188270065605236	NA	NA
1	"Q2"	314	1	1	0.0178489229739648	NA	NA
1	"Q2"	315	1	1	0.0323943098955852	NA	NA
1	"Q2"	316	1	1	0.0328226354578848	NA	NA
1	"Q2"	317	1	1	0.0240450812358971	NA	NA
1	"Q2"	318	1	1	0.0183230293175998	NA	NA
1	"Q2"	319	1	1	0.0254590623595535	NA	NA
1	"Q2"	320	1	1	0.019789073043549	NA	NA
1	"Q2"	321	1	1	0.0564025933100781	NA	NA
1	"Q2"	322	1	1	0.01509715868307	NA	NA
1	"Q2"	323	1	1	0.0312457023886533	NA	NA
1	"Q2"	324	1	1	0.0376038487010735	NA	NA
1	"Q2"	325	1	1	0.0354686760615348	NA	NA
1	"Q2"	326	1	1	0.039348522333171	NA	NA
1	"Q2"	327	1	1	0.0376344900718066	NA	NA
1	"Q2"	328	1	1	0.0315933444129171	NA	NA
1	"Q2"	329	1	1	0.0518619843516951	NA	NA
1	"Q2"	330	1	1	0.0297105629051262	NA	NA
1	"Q2"	331	1	1	0.0498649793345861	NA	NA
1	"Q2"	332	1	1	0.0371378960889312	NA	NA
1	"Q2"	333	1	1	0.0309809939940166	NA	NA
1	"Q2"	334	1	1	0.0209709432070701	NA	NA
1	"Q2"	335	1	1	0.0285645926717511	NA	NA
1	"Q2"	336	1	1	0.0305410158198842	NA	NA
1	"Q2"	337	1	1	0.0296997928547792	NA	NA
1	"Q2"	338	1	1	0.0245408450977244	NA	NA
1	"Q2"	339	1	1	0.00683897111466212	NA	NA
1	"Q2"	340	1	1	0.0271412680686834	NA	NA
1	"Q2"	341	1	1	0.042068790638044	NA	NA
1	"Q2"	342	1	1	0.0360892586516533	NA	NA
1	"Q2"	343	1	1	0.00759645673644921	NA	NA
1	"Q2"	344	1	1	0.0346143785954635	NA	NA
1	"Q2"	345	1	1	0.0485377668527095	NA	NA
1	"Q2"	346	1	1	0.0398755957362836	NA	NA
1	"Q2"	347	1	1	0.0351344338625345	NA	NA
1	"Q2"	348	1	1	0.0235365570102256	NA	NA
1	"Q2"	349	1	1	0.0449204398612036	NA	NA
1	"Q2"	350	1	1	0.0395105360103156	NA	NA
1	"Q2"	351	1	1	0.0379716605154733	NA	NA
1	"Q2"	352	1	1	0.0206418787492577	NA	NA
1	"Q2"	353	1	1	0.0368425036198385	NA	NA
1	"Q2"	354	1	1	0.0223188021223824	NA	NA
1	"Q2"	355	1	1	0.0217366074084384	NA	NA
1	"Q2"	356	1	1	0.0451243523045454	NA	NA
1	"Q2"	357	1	1	0.0348445535347976	NA	NA
1	"Q2"	358	1	1	0.0313642433081181	NA	NA
1	"Q2"	359	1	1	0.0379105858271212	NA	NA
1	"Q2"	360	1	1	0.0233006755613493	NA	NA
1	"Q2"	361	1	1	0.0410010556177411	NA	NA
1	"Q2"	362	1	1	0.046035310149477	NA	NA
1	"Q2"	363	1	1	0.0309434899915488	NA	NA
1	"Q2"	364	1	1	0.0298867791064122	NA	NA
1	"Q2"	365	1	1	0.0414435863438251	NA	NA
1	"Q2"	366	1	1	0.0318643719541057	NA	NA
1	"Q2"	367	1	1	0.0282970203727742	NA	NA
1	"Q2"	368	1	1	0.0296339198252584	NA	NA
1	"Q2"	369	1	1	0.034007258173154	NA	NA
1	"Q2"	370	1	1	0.0343917654973344	NA	NA
1	"Q2"	371	1	1	0.038393007126707	NA	NA
1	"Q2"	372	1	1	0.0298004318217903	NA	NA
1	"Q2"	373	1	1	0.0309473481979992	NA	NA
1	"Q2"	374	1	1	0.0339637503150243	NA	NA
1	"Q2"	375	1	1	0.0486955180929236	NA	NA
1	"Q2"	376	1	1	0.0267820231046474	NA	NA
1	"Q2"	377	1	1	0.0298282496152913	NA	NA
1	"Q2"	378	1	1	0.0187422873498997	NA	NA
1	"Q2"	379	1	1	0.0333007730073743	NA	NA
1	"Q2"	380	1	1	0.0141925106365363	NA	NA
1	"Q2"	381	1	1	0.026299250999517	NA	NA
1	"Q2"	382	1	1	0.0321428550653925	NA	NA
1	"Q2"	383	1	1	0.0359839022850985	NA	NA
1	"Q2"	384	1	1	0.0260592939902062	NA	NA
1	"Q2"	385	1	1	0.0401755009319756	NA	NA
1	"Q2"	386	1	1	0.0494837799388546	NA	NA
1	"Q2"	387	1	1	0.0274861389333986	NA	NA
1	"Q2"	388	1	1	0.021832673871354	NA	NA
1	"Q2"	389	1	1	0.0262257930528111	NA	NA
1	"Q2"	390	1	1	0.0378346460138547	NA	NA
1	"Q2"	391	1	1	0.0226738536897715	NA	NA
1	"Q2"	392	1	1	0.0243996210980713	NA	NA
1	"Q2"	393	1	1	0.0177483189307748	NA	NA
1	"Q2"	394	1	1	0.0395648790627322	NA	NA
1	"Q2"	395	1	1	0.0422962316889536	NA	NA
1	"Q2"	396	1	1	0.0175323841278238	NA	NA
1	"Q2"	397	1	1	0.0328116375376639	NA	NA
1	"Q2"	398	1	1	0.0284549190014403	NA	NA
1	"Q2"	399	1	1	0.0404079430158582	NA	NA
1	"Q2"	400	1	1	0.0211770462762811	NA	NA
1	"Q3"	1	1	2	0.0906331002050912	NA	NA
1	"Q3"	2	1	2	0.0746623837650702	NA	NA
1	"Q3"	3	1	2	0.0739638737585761	NA	NA
1	"Q3"	4	1	2	0.062788741434808	NA	NA
1	"Q3"	5	1	2	0.0812499335580814	NA	NA
1	"Q3"	6	1	2	0.0826130580310143	NA	NA
1	"Q3"	7	1	2	0.0867451987041517	NA	NA
1	"Q3"	8	1	2	0.078175777271838	NA	NA
1	"Q3"	9	1	2	0.0853440699632239	NA	NA
1	"Q3"	10	1	2	0.0781888233080823	NA	NA
1	"Q3"	11	1	2	0.0829647227997024	NA	NA
1	"Q3"	12	1	2	0.073022559029173	NA	NA
1	"Q3"	13	1	2	0.0852802396651907	NA	NA
1	"Q3"	14	1	2	0.0813407714617121	NA	NA
1	"Q3"	15	1	2	0.0856716256437797	NA	NA
1	"Q3"	16	1	2	0.0879689178173324	NA	NA
1	"Q3"	17	1	2	0.0707758366969264	NA	NA
1	"Q3"	18	1	2	0.0902287747743477	NA	NA
1	"Q3"	19	1	2	0.0787224666797544	NA	NA
1	"Q3"	20	1	2	0.0883045497738422	NA	NA
1	"Q3"	21	1	2	0.0880429958860705	NA	NA
1	"Q3"	22	1	2	0.0632955505363453	NA	NA
1	"Q3"	23	1	2	0.0821417503349283	NA	NA
1	"Q3"	24	1	2	0.0724256201070688	NA	NA
1	"Q3"	25	1	2	0.0816610122731093	NA	NA
1	"Q3"	26	1	2	0.0685869230397036	NA	NA
1	"Q3"	27	1	2	0.0807609858087163	NA	NA
1	"Q3"	28	1	2	0.0967552202905445	NA	NA
1	"Q3"	29	1	2	0.082719877933493	NA	NA
1	"Q3"	30	1	2	0.0821337396037077	NA	NA
1	"Q3"	31	1	2	0.0783522446234495	NA	NA
1	"Q3"	32	1	2	0.0758041507610019	NA	NA
1	"Q3"	33	1	2	0.0795836217776108	NA	NA
1	"Q3"	34	1	2	0.0851764163172988	NA	NA
1	"Q3"	35	1	2	0.0918727938032567	NA	NA
1	"Q3"	36	1	2	0.0799678917052381	NA	NA
1	"Q3"	37	1	2	0.0888375387424982	NA	NA
1	"Q3"	38	1	2	0.0822257305096021	NA	NA
1	"Q3"	39	1	2	0.0670816076249816	NA	NA
1	"Q3"	40	1	2	0.090623550050249	NA	NA
1	"Q3"	41	1	2	0.0936568114131208	NA	NA
1	"Q3"	42	1	2	0.0811701079498915	NA	NA
1	"Q3"	43	1	2	0.086113796134237	NA	NA
1	"Q3"	44	1	2	0.0840471069971125	NA	NA
1	"Q3"	45	1	2	0.0909154053350186	NA	NA
1	"Q3"	46	1	2	0.0670310252965009	NA	NA
1	"Q3"	47	1	2	0.0710457768321015	NA	NA
1	"Q3"	48	1	2	0.0646687735762646	NA	NA
1	"Q3"	49	1	2	0.0696682354845829	NA	NA
1	"Q3"	50	1	2	0.0814082352290544	NA	NA
1	"Q3"	51	1	2	0.0728562142411744	NA	NA
1	"Q3"	52	1	2	0.0681447243144692	NA	NA
1	"Q3"	53	1	2	0.0756005595938855	NA	NA
1	"Q3"	54	1	2	0.0810970073778263	NA	NA
1	"Q3"	55	1	2	0.0889856203888533	NA	NA
1	"Q3"	56	1	2	0.0672279487181506	NA	NA
1	"Q3"	57	1	2	0.0680763393463672	NA	NA
1	"Q3"	58	1	2	0.0756940111228745	NA	NA
1	"Q3"	59	1	2	0.0764382946398875	NA	NA
1	"Q3"	60	1	2	0.0807692864044312	NA	NA
1	"Q3"	61	1	2	0.0792810655335788	NA	NA
1	"Q3"	62	1	2	0.0933154485151992	NA	NA
1	"Q3"	63	1	2	0.0834783153282972	NA	NA
1	"Q3"	64	1	2	0.068084897889697	NA	NA
1	"Q3"	65	1	2	0.0843393821177599	NA	NA
1	"Q3"	66	1	2	0.0796458918793374	NA	NA
1	"Q3"	67	1	2	0.0553517727369949	NA	NA
1	"Q3"	68	1	2	0.0904284991137354	NA	NA
1	"Q3"	69	1	2	0.0964835103249292	NA	NA
1	"Q3"	70	1	2	0.0729466338892203	NA	NA
1	"Q3"	71	1	2	0.0767060709834961	NA	NA
1	"Q3"	72	1	2	0.0558620525636827	NA	NA
1	"Q3"	73	1	2	0.0784621711525747	NA	NA
1	"Q3"	74	1	2	0.0808476276797745	NA	NA
1	"Q3"	75	1	2	0.0954491274420784	NA	NA
1	"Q3"	76	1	2	0.079333388077359	NA	NA
1	"Q3"	77	1	2	0.0754392722286888	NA	NA
1	"Q3"	78	1	2	0.063291451184557	NA	NA
1	"Q3"	79	1	2	0.0875274363302891	NA	NA
1	"Q3"	80	1	2	0.0834763116356235	NA	NA
1	"Q3"	81	1	2	0.0855119075553165	NA	NA
1	"Q3"	82	1	2	0.0979237780573671	NA	NA
1	"Q3"	83	1	2	0.0837121296764364	NA	NA
1	"Q3"	84	1	2	0.0735443697418271	NA	NA
1	"Q3"	85	1	2	0.0885384209726139	NA	NA
1	"Q3"	86	1	2	0.0790514994388327	NA	NA
1	"Q3"	87	1	2	0.0865970070435086	NA	NA
1	"Q3"	88	1	2	0.0923373003296061	NA	NA
1	"Q3"	89	1	2	0.0792263240733322	NA	NA
1	"Q3"	90	1	2	0.0812073793049384	NA	NA
1	"Q3"	91	1	2	0.096592409847853	NA	NA
1	"Q3"	92	1	2	0.0788860586880272	NA	NA
1	"Q3"	93	1	2	0.0889118098397464	NA	NA
1	"Q3"	94	1	2	0.0751711551194951	NA	NA
1	"Q3"	95	1	2	0.0912374403832629	NA	NA
1	"Q3"	96	1	2	0.0784997194916355	NA	NA
1	"Q3"	97	1	2	0.0832460976175508	NA	NA
1	"Q3"	98	1	2	0.0804353589995454	NA	NA
1	"Q3"	99	1	2	0.0835141212381726	NA	NA
1	"Q3"	100	1	2	0.0840601733974448	NA	NA
1	"Q3"	101	1	2	0.0895727022840728	NA	NA
1	"Q3"	102	1	2	0.0856834337888987	NA	NA
1	"Q3"	103	1	2	0.0731808759110906	NA	NA
1	"Q3"	104	1	2	0.0778513127439632	NA	NA
1	"Q3"	105	1	2	0.0750945512326482	NA	NA
1	"Q3"	106	1	2	0.091118578837457	NA	NA
1	"Q3"	107	1	2	0.0957381069750319	NA	NA
1	"Q3"	108	1	2	0.089825201833609	NA	NA
1	"Q3"	109	1	2	0.0674072886866721	NA	NA
1	"Q3"	110	1	2	0.0797910542434309	NA	NA
1	"Q3"	111	1	2	0.0622173784551183	NA	NA
1	"Q3"	112	1	2	0.0887678191042343	NA	NA
1	"Q3"	113	1	2	0.0788054823779484	NA	NA
1	"Q3"	114	1	2	0.0874031177936722	NA	NA
1	"Q3"	115	1	2	0.0859169213502475	NA	NA
1	"Q3"	116	1	2	0.0852359352014068	NA	NA
1	"Q3"	117	1	2	0.0697680234148696	NA	NA
1	"Q3"	118	1	2	0.086091498531637	NA	NA
1	"Q3"	119	1	2	0.0851838141672711	NA	NA
1	"Q3"	120	1	2	0.0826044742614562	NA	NA
1	"Q3"	121	1	2	0.0801585880162113	NA	NA
1	"Q3"	122	1	2	0.0991970703553209	NA	NA
1	"Q3"	123	1	2	0.0849326879421137	NA	NA
1	"Q3"	124	1	2	0.0954552000820526	NA	NA
1	"Q3"	125	1	2	0.0919805340497643	NA	NA
1	"Q3"	126	1	2	0.0868999643444724	NA	NA
1	"Q3"	127	1	2	0.0971599607629974	NA	NA
1	"Q3"	128	1	2	0.053399620638791	NA	NA
1	"Q3"	129	1	2	0.0689265854162809	NA	NA
1	"Q3"	130	1	2	0.0892920691966746	NA	NA
1	"Q3"	131	1	2	0.0670268695359375	NA	NA
1	"Q3"	132	1	2	0.0660837660468206	NA	NA
1	"Q3"	133	1	2	0.0747879382235237	NA	NA
1	"Q3"	134	1	2	0.0956376810933255	NA	NA
1	"Q3"	135	1	2	0.0878470860973081	NA	NA
1	"Q3"	136	1	2	0.083102242825033	NA	NA
1	"Q3"	137	1	2	0.0915150462158381	NA	NA
1	"Q3"	138	1	2	0.0895957783034642	NA	NA
1	"Q3"	139	1	2	0.076101716408299	NA	NA
1	"Q3"	140	1	2	0.0907920227152729	NA	NA
1	"Q3"	141	1	2	0.101391395015885	NA	NA
1	"Q3"	142	1	2	0.0795736519239927	NA	NA
1	"Q3"	143	1	2	0.0774241184992781	NA	NA
1	"Q3"	144	1	2	0.0777809581692702	NA	NA
1	"Q3"	145	1	2	0.0728938332515362	NA	NA
1	"Q3"	146	1	2	0.0709555443958454	NA	NA
1	"Q3"	147	1	2	0.0681647283240142	NA	NA
1	"Q3"	148	1	2	0.0726612354716237	NA	NA
1	"Q3"	149	1	2	0.0885293686044482	NA	NA
1	"Q3"	150	1	2	0.0919236985396246	NA	NA
1	"Q3"	151	1	2	0.105167654321452	NA	NA
1	"Q3"	152	1	2	0.0946043933124119	NA	NA
1	"Q3"	153	1	2	0.0708968535096895	NA	NA
1	"Q3"	154	1	2	0.0856410211797859	NA	NA
1	"Q3"	155	1	2	0.0843501177120286	NA	NA
1	"Q3"	156	1	2	0.070269243183845	NA	NA
1	"Q3"	157	1	2	0.0649228564465627	NA	NA
1	"Q3"	158	1	2	0.0894298548338042	NA	NA
1	"Q3"	159	1	2	0.0711131953171883	NA	NA
1	"Q3"	160	1	2	0.0889300553392726	NA	NA
1	"Q3"	161	1	2	0.0750985245592696	NA	NA
1	"Q3"	162	1	2	0.0824396375737016	NA	NA
1	"Q3"	163	1	2	0.0749703086646396	NA	NA
1	"Q3"	164	1	2	0.0811282814710133	NA	NA
1	"Q3"	165	1	2	0.0910340788548095	NA	NA
1	"Q3"	166	1	2	0.0933249297598027	NA	NA
1	"Q3"	167	1	2	0.0760190830678286	NA	NA
1	"Q3"	168	1	2	0.0842756544118488	NA	NA
1	"Q3"	169	1	2	0.103564859475102	NA	NA
1	"Q3"	170	1	2	0.0746143406888413	NA	NA
1	"Q3"	171	1	2	0.0988522377299511	NA	NA
1	"Q3"	172	1	2	0.0813656717271066	NA	NA
1	"Q3"	173	1	2	0.0755722115945094	NA	NA
1	"Q3"	174	1	2	0.0835249301691093	NA	NA
1	"Q3"	175	1	2	0.0913876118966658	NA	NA
1	"Q3"	176	1	2	0.0819883610774286	NA	NA
1	"Q3"	177	1	2	0.0785253156277812	NA	NA
1	"Q3"	178	1	2	0.0930307456187405	NA	NA
1	"Q3"	179	1	2	0.0871716315217431	NA	NA
1	"Q3"	180	1	2	0.100240817417445	NA	NA
1	"Q3"	181	1	2	0.0656453192090103	NA	NA
1	"Q3"	182	1	2	0.0791991173709074	NA	NA
1	"Q3"	183	1	2	0.0683323753653803	NA	NA
1	"Q3"	184	1	2	0.0836510343026177	NA	NA
1	"Q3"	185	1	2	0.0851889864868014	NA	NA
1	"Q3"	186	1	2	0.0916453594172814	NA	NA
1	"Q3"	187	1	2	0.0669942665828752	NA	NA
1	"Q3"	188	1	2	0.101949122801715	NA	NA
1	"Q3"	189	1	2	0.0937986327953569	NA	NA
1	"Q3"	190	1	2	0.0687038020549313	NA	NA
1	"Q3"	191	1	2	0.0976625515657666	NA	NA
1	"Q3"	192	1	2	0.0824132738586643	NA	NA
1	"Q3"	193	1	2	0.0631953830902353	NA	NA
1	"Q3"	194	1	2	0.0962968462609126	NA	NA
1	"Q3"	195	1	2	0.0952311268912002	NA	NA
1	"Q3"	196	1	2	0.0846167109046426	NA	NA
1	"Q3"	197	1	2	0.0724272157233401	NA	NA
1	"Q3"	198	1	2	0.0889070779835854	NA	NA
1	"Q3"	199	1	2	0.0839808691015922	NA	NA
1	"Q3"	200	1	2	0.0989249281495532	NA	NA
1	"Q3"	201	1	2	0.0810163718122558	NA	NA
1	"Q3"	202	1	2	0.0777374744074424	NA	NA
1	"Q3"	203	1	2	0.079452621812435	NA	NA
1	"Q3"	204	1	2	0.0994796377022997	NA	NA
1	"Q3"	205	1	2	0.0798282634714595	NA	NA
1	"Q3"	206	1	2	0.0795867188549275	NA	NA
1	"Q3"	207	1	2	0.086825466191434	NA	NA
1	"Q3"	208	1	2	0.081938787378182	NA	NA
1	"Q3"	209	1	2	0.0904937101974904	NA	NA
1	"Q3"	210	1	2	0.0902550599453147	NA	NA
1	"Q3"	211	1	2	0.0908771079452803	NA	NA
1	"Q3"	212	1	2	0.0849889361162568	NA	NA
1	"Q3"	213	1	2	0.0852909230583839	NA	NA
1	"Q3"	214	1	2	0.0737226409453966	NA	NA
1	"Q3"	215	1	2	0.0801305454374759	NA	NA
1	"Q3"	216	1	2	0.0892051506812314	NA	NA
1	"Q3"	217	1	2	0.0783349173382786	NA	NA
1	"Q3"	218	1	2	0.0889603020029413	NA	NA
1	"Q3"	219	1	2	0.0708073184609141	NA	NA
1	"Q3"	220	1	2	0.0657007851596896	NA	NA
1	"Q3"	221	1	2	0.0794690239153777	NA	NA
1	"Q3"	222	1	2	0.0869564774452973	NA	NA
1	"Q3"	223	1	2	0.0756299950765899	NA	NA
1	"Q3"	224	1	2	0.0689247217163305	NA	NA
1	"Q3"	225	1	2	0.0899643533215254	NA	NA
1	"Q3"	226	1	2	0.0767132869323229	NA	NA
1	"Q3"	227	1	2	0.0823322320694097	NA	NA
1	"Q3"	228	1	2	0.104552895098548	NA	NA
1	"Q3"	229	1	2	0.0720983425225385	NA	NA
1	"Q3"	230	1	2	0.0855456662100589	NA	NA
1	"Q3"	231	1	2	0.0706968310690647	NA	NA
1	"Q3"	232	1	2	0.0900510544152811	NA	NA
1	"Q3"	233	1	2	0.0847671157180603	NA	NA
1	"Q3"	234	1	2	0.0643166267222114	NA	NA
1	"Q3"	235	1	2	0.0835453610654391	NA	NA
1	"Q3"	236	1	2	0.0832285258026447	NA	NA
1	"Q3"	237	1	2	0.0929749604610415	NA	NA
1	"Q3"	238	1	2	0.0720528877451137	NA	NA
1	"Q3"	239	1	2	0.0787626763377898	NA	NA
1	"Q3"	240	1	2	0.0633086284431879	NA	NA
1	"Q3"	241	1	2	0.0642521475017262	NA	NA
1	"Q3"	242	1	2	0.0807710652638527	NA	NA
1	"Q3"	243	1	2	0.076061039758955	NA	NA
1	"Q3"	244	1	2	0.0852179691793172	NA	NA
1	"Q3"	245	1	2	0.0862299143306183	NA	NA
1	"Q3"	246	1	2	0.0756166730497119	NA	NA
1	"Q3"	247	1	2	0.0763418312948034	NA	NA
1	"Q3"	248	1	2	0.0804878008701272	NA	NA
1	"Q3"	249	1	2	0.0906819770542466	NA	NA
1	"Q3"	250	1	2	0.0827442824566044	NA	NA
1	"Q3"	251	1	2	0.0874178852370865	NA	NA
1	"Q3"	252	1	2	0.0774591801179926	NA	NA
1	"Q3"	253	1	2	0.0992306685463331	NA	NA
1	"Q3"	254	1	2	0.0889013283830285	NA	NA
1	"Q3"	255	1	2	0.0866098261082341	NA	NA
1	"Q3"	256	1	2	0.0834393642842903	NA	NA
1	"Q3"	257	1	2	0.0845611819121355	NA	NA
1	"Q3"	258	1	2	0.0929671756703899	NA	NA
1	"Q3"	259	1	2	0.0769875183338711	NA	NA
1	"Q3"	260	1	2	0.0679107548780196	NA	NA
1	"Q3"	261	1	2	0.0718068550469457	NA	NA
1	"Q3"	262	1	2	0.0849723446251023	NA	NA
1	"Q3"	263	1	2	0.0685103165392584	NA	NA
1	"Q3"	264	1	2	0.08979843626614	NA	NA
1	"Q3"	265	1	2	0.0851124879786951	NA	NA
1	"Q3"	266	1	2	0.0785147663117474	NA	NA
1	"Q3"	267	1	2	0.0753611868577162	NA	NA
1	"Q3"	268	1	2	0.0809198436280755	NA	NA
1	"Q3"	269	1	2	0.0726514767587936	NA	NA
1	"Q3"	270	1	2	0.0807433853817693	NA	NA
1	"Q3"	271	1	2	0.0734329283079118	NA	NA
1	"Q3"	272	1	2	0.0859281261798286	NA	NA
1	"Q3"	273	1	2	0.0811840819249123	NA	NA
1	"Q3"	274	1	2	0.0735527115716626	NA	NA
1	"Q3"	275	1	2	0.0669319906987494	NA	NA
1	"Q3"	276	1	2	0.0838838764867968	NA	NA
1	"Q3"	277	1	2	0.0797467065569968	NA	NA
1	"Q3"	278	1	2	0.0958612287102161	NA	NA
1	"Q3"	279	1	2	0.0769079967912372	NA	NA
1	"Q3"	280	1	2	0.0935748599637123	NA	NA
1	"Q3"	281	1	2	0.0621055824060252	NA	NA
1	"Q3"	282	1	2	0.0777358302622382	NA	NA
1	"Q3"	283	1	2	0.0651781769200213	NA	NA
1	"Q3"	284	1	2	0.0690318033151818	NA	NA
1	"Q3"	285	1	2	0.0857617102323456	NA	NA
1	"Q3"	286	1	2	0.0703208835978749	NA	NA
1	"Q3"	287	1	2	0.0697051776770419	NA	NA
1	"Q3"	288	1	2	0.0895590705692315	NA	NA
1	"Q3"	289	1	2	0.0900930947423986	NA	NA
1	"Q3"	290	1	2	0.0922742430285009	NA	NA
1	"Q3"	291	1	2	0.0772148428835627	NA	NA
1	"Q3"	292	1	2	0.0885120029186589	NA	NA
1	"Q3"	293	1	2	0.0814446351418357	NA	NA
1	"Q3"	294	1	2	0.0719430744135502	NA	NA
1	"Q3"	295	1	2	0.0852876423045833	NA	NA
1	"Q3"	296	1	2	0.0730715928247568	NA	NA
1	"Q3"	297	1	2	0.0789354339920474	NA	NA
1	"Q3"	298	1	2	0.0743835018448923	NA	NA
1	"Q3"	299	1	2	0.0749131656466914	NA	NA
1	"Q3"	300	1	2	0.0903236062755801	NA	NA
1	"Q3"	301	1	2	0.0890551959622768	NA	NA
1	"Q3"	302	1	2	0.0914504137978937	NA	NA
1	"Q3"	303	1	2	0.0943494052341743	NA	NA
1	"Q3"	304	1	2	0.0787130319688534	NA	NA
1	"Q3"	305	1	2	0.0938576341141994	NA	NA
1	"Q3"	306	1	2	0.0861859528494515	NA	NA
1	"Q3"	307	1	2	0.0755749636090838	NA	NA
1	"Q3"	308	1	2	0.0808760414226432	NA	NA
1	"Q3"	309	1	2	0.0758741973448984	NA	NA
1	"Q3"	310	1	2	0.0732342596563717	NA	NA
1	"Q3"	311	1	2	0.0750640948651342	NA	NA
1	"Q3"	312	1	2	0.0878547747091376	NA	NA
1	"Q3"	313	1	2	0.078298328041242	NA	NA
1	"Q3"	314	1	2	0.0694074835050458	NA	NA
1	"Q3"	315	1	2	0.0868425423918509	NA	NA
1	"Q3"	316	1	2	0.0896770678671582	NA	NA
1	"Q3"	317	1	2	0.0846501386910262	NA	NA
1	"Q3"	318	1	2	0.0690593915016324	NA	NA
1	"Q3"	319	1	2	0.0765602175667393	NA	NA
1	"Q3"	320	1	2	0.0722857203249275	NA	NA
1	"Q3"	321	1	2	0.099375670067157	NA	NA
1	"Q3"	322	1	2	0.100488001504403	NA	NA
1	"Q3"	323	1	2	0.0752654874096684	NA	NA
1	"Q3"	324	1	2	0.0891814648546907	NA	NA
1	"Q3"	325	1	2	0.0849118510679257	NA	NA
1	"Q3"	326	1	2	0.106969774957497	NA	NA
1	"Q3"	327	1	2	0.068171129446666	NA	NA
1	"Q3"	328	1	2	0.0862675142485439	NA	NA
1	"Q3"	329	1	2	0.0784995807632478	NA	NA
1	"Q3"	330	1	2	0.0832840059805515	NA	NA
1	"Q3"	331	1	2	0.0847501925390456	NA	NA
1	"Q3"	332	1	2	0.0652622517697265	NA	NA
1	"Q3"	333	1	2	0.0931496267404778	NA	NA
1	"Q3"	334	1	2	0.0981422749597291	NA	NA
1	"Q3"	335	1	2	0.0905789955170688	NA	NA
1	"Q3"	336	1	2	0.0593159150757268	NA	NA
1	"Q3"	337	1	2	0.0854814748313564	NA	NA
1	"Q3"	338	1	2	0.0770348776458676	NA	NA
1	"Q3"	339	1	2	0.0775005877727678	NA	NA
1	"Q3"	340	1	2	0.0959657384751598	NA	NA
1	"Q3"	341	1	2	0.0783645860417736	NA	NA
1	"Q3"	342	1	2	0.0877425851326617	NA	NA
1	"Q3"	343	1	2	0.0681351493510071	NA	NA
1	"Q3"	344	1	2	0.072443474470081	NA	NA
1	"Q3"	345	1	2	0.0518669620659446	NA	NA
1	"Q3"	346	1	2	0.0729475974319258	NA	NA
1	"Q3"	347	1	2	0.0846637584947339	NA	NA
1	"Q3"	348	1	2	0.0687194795964397	NA	NA
1	"Q3"	349	1	2	0.0921954233214637	NA	NA
1	"Q3"	350	1	2	0.0903676454680563	NA	NA
1	"Q3"	351	1	2	0.0794796806194247	NA	NA
1	"Q3"	352	1	2	0.0809978710434198	NA	NA
1	"Q3"	353	1	2	0.0901248957305502	NA	NA
1	"Q3"	354	1	2	0.067032578223811	NA	NA
1	"Q3"	355	1	2	0.0872307880043218	NA	NA
1	"Q3"	356	1	2	0.0730885977542014	NA	NA
1	"Q3"	357	1	2	0.112649340619544	NA	NA
1	"Q3"	358	1	2	0.076911295655465	NA	NA
1	"Q3"	359	1	2	0.0624764719545014	NA	NA
1	"Q3"	360	1	2	0.070318321134871	NA	NA
1	"Q3"	361	1	2	0.0830489353520331	NA	NA
1	"Q3"	362	1	2	0.0660495066228441	NA	NA
1	"Q3"	363	1	2	0.0957907542676131	NA	NA
1	"Q3"	364	1	2	0.102437246759493	NA	NA
1	"Q3"	365	1	2	0.0934831845235041	NA	NA
1	"Q3"	366	1	2	0.0925000683289092	NA	NA
1	"Q3"	367	1	2	0.105289820362838	NA	NA
1	"Q3"	368	1	2	0.0749576695600961	NA	NA
1	"Q3"	369	1	2	0.0918134830499672	NA	NA
1	"Q3"	370	1	2	0.0839907637160389	NA	NA
1	"Q3"	371	1	2	0.0747264814114357	NA	NA
1	"Q3"	372	1	2	0.0842702596034424	NA	NA
1	"Q3"	373	1	2	0.086641679828917	NA	NA
1	"Q3"	374	1	2	0.0896849665432799	NA	NA
1	"Q3"	375	1	2	0.0827050092364968	NA	NA
1	"Q3"	376	1	2	0.073519212325833	NA	NA
1	"Q3"	377	1	2	0.0810152436176961	NA	NA
1	"Q3"	378	1	2	0.0873551170450943	NA	NA
1	"Q3"	379	1	2	0.0838641856399033	NA	NA
1	"Q3"	380	1	2	0.0769951465155408	NA	NA
1	"Q3"	381	1	2	0.0916561722432332	NA	NA
1	"Q3"	382	1	2	0.081970724555276	NA	NA
1	"Q3"	383	1	2	0.0730815152491306	NA	NA
1	"Q3"	384	1	2	0.0724627189258762	NA	NA
1	"Q3"	385	1	2	0.0707207381800832	NA	NA
1	"Q3"	386	1	2	0.0971811599084703	NA	NA
1	"Q3"	387	1	2	0.0803027153914193	NA	NA
1	"Q3"	388	1	2	0.0927808439116336	NA	NA
1	"Q3"	389	1	2	0.077595555299349	NA	NA
1	"Q3"	390	1	2	0.088621680658045	NA	NA
1	"Q3"	391	1	2	0.0772855023056227	NA	NA
1	"Q3"	392	1	2	0.081843000474883	NA	NA
1	"Q3"	393	1	2	0.067167039478051	NA	NA
1	"Q3"	394	1	2	0.0775802143599362	NA	NA
1	"Q3"	395	1	2	0.0774241944528867	NA	NA
1	"Q3"	396	1	2	0.068566955362831	NA	NA
1	"Q3"	397	1	2	0.0759557738951117	NA	NA
1	"Q3"	398	1	2	0.100509504279598	NA	NA
1	"Q3"	399	1	2	0.0763730822552885	NA	NA
1	"Q3"	400	1	2	0.0694260371745939	NA	NA
1	"Q4"	1	1	3	-0.129021324086931	NA	NA
1	"Q4"	2	1	3	-0.127647731370037	NA	NA
1	"Q4"	3	1	3	-0.0960409625638315	NA	NA
1	"Q4"	4	1	3	-0.117298442857678	NA	NA
1	"Q4"	5	1	3	-0.111119470484354	NA	NA
1	"Q4"	6	1	3	-0.110567732501356	NA	NA
1	"Q4"	7	1	3	-0.10911560474487	NA	NA
1	"Q4"	8	1	3	-0.123066709281421	NA	NA
1	"Q4"	9	1	3	-0.107965121063037	NA	NA
1	"Q4"	10	1	3	-0.114138877086765	NA	NA
1	"Q4"	11	1	3	-0.105872931938918	NA	NA
1	"Q4"	12	1	3	-0.10987448768228	NA	NA
1	"Q4"	13	1	3	-0.120876589548924	NA	NA
1	"Q4"	14	1	3	-0.101272872251771	NA	NA
1	"Q4"	15	1	3	-0.102085872735901	NA	NA
1	"Q4"	16	1	3	-0.11505584765809	NA	NA
1	"Q4"	17	1	3	-0.103806201412248	NA	NA
1	"Q4"	18	1	3	-0.123807349472646	NA	NA
1	"Q4"	19	1	3	-0.115072241468751	NA	NA
1	"Q4"	20	1	3	-0.105655299414673	NA	NA
1	"Q4"	21	1	3	-0.125441689369597	NA	NA
1	"Q4"	22	1	3	-0.107811838645258	NA	NA
1	"Q4"	23	1	3	-0.10224033545215	NA	NA
1	"Q4"	24	1	3	-0.0955280660580493	NA	NA
1	"Q4"	25	1	3	-0.101296558798346	NA	NA
1	"Q4"	26	1	3	-0.102141559275822	NA	NA
1	"Q4"	27	1	3	-0.110369242898359	NA	NA
1	"Q4"	28	1	3	-0.139200468119411	NA	NA
1	"Q4"	29	1	3	-0.0984209645428939	NA	NA
1	"Q4"	30	1	3	-0.102986470263786	NA	NA
1	"Q4"	31	1	3	-0.11476396902626	NA	NA
1	"Q4"	32	1	3	-0.116808417199902	NA	NA
1	"Q4"	33	1	3	-0.0892719393870811	NA	NA
1	"Q4"	34	1	3	-0.0978547893925043	NA	NA
1	"Q4"	35	1	3	-0.128300484409335	NA	NA
1	"Q4"	36	1	3	-0.102286343243836	NA	NA
1	"Q4"	37	1	3	-0.0996090396341442	NA	NA
1	"Q4"	38	1	3	-0.109379727385519	NA	NA
1	"Q4"	39	1	3	-0.0952000426659572	NA	NA
1	"Q4"	40	1	3	-0.112838601624959	NA	NA
1	"Q4"	41	1	3	-0.134846059273888	NA	NA
1	"Q4"	42	1	3	-0.0977930549139084	NA	NA
1	"Q4"	43	1	3	-0.125640014839014	NA	NA
1	"Q4"	44	1	3	-0.117896360622024	NA	NA
1	"Q4"	45	1	3	-0.110300021492293	NA	NA
1	"Q4"	46	1	3	-0.0936008423950326	NA	NA
1	"Q4"	47	1	3	-0.117427888305411	NA	NA
1	"Q4"	48	1	3	-0.0915078927761259	NA	NA
1	"Q4"	49	1	3	-0.108491341425898	NA	NA
1	"Q4"	50	1	3	-0.108348723097526	NA	NA
1	"Q4"	51	1	3	-0.109387129639099	NA	NA
1	"Q4"	52	1	3	-0.0866377034450778	NA	NA
1	"Q4"	53	1	3	-0.104903232566796	NA	NA
1	"Q4"	54	1	3	-0.114198996182551	NA	NA
1	"Q4"	55	1	3	-0.102182404251572	NA	NA
1	"Q4"	56	1	3	-0.0921435806760082	NA	NA
1	"Q4"	57	1	3	-0.114677584401729	NA	NA
1	"Q4"	58	1	3	-0.104438777149316	NA	NA
1	"Q4"	59	1	3	-0.094133658461854	NA	NA
1	"Q4"	60	1	3	-0.113910895416962	NA	NA
1	"Q4"	61	1	3	-0.10365812672662	NA	NA
1	"Q4"	62	1	3	-0.129876499415041	NA	NA
1	"Q4"	63	1	3	-0.100391958067843	NA	NA
1	"Q4"	64	1	3	-0.0950883391796178	NA	NA
1	"Q4"	65	1	3	-0.107783652971226	NA	NA
1	"Q4"	66	1	3	-0.129727320544221	NA	NA
1	"Q4"	67	1	3	-0.0675843944535651	NA	NA
1	"Q4"	68	1	3	-0.126742279230387	NA	NA
1	"Q4"	69	1	3	-0.138247010260237	NA	NA
1	"Q4"	70	1	3	-0.114223039494317	NA	NA
1	"Q4"	71	1	3	-0.0993193052146371	NA	NA
1	"Q4"	72	1	3	-0.0712880049511344	NA	NA
1	"Q4"	73	1	3	-0.116884362720332	NA	NA
1	"Q4"	74	1	3	-0.0901942522652857	NA	NA
1	"Q4"	75	1	3	-0.136766670383929	NA	NA
1	"Q4"	76	1	3	-0.0958717847052744	NA	NA
1	"Q4"	77	1	3	-0.101554929328949	NA	NA
1	"Q4"	78	1	3	-0.104225668506652	NA	NA
1	"Q4"	79	1	3	-0.107615084011892	NA	NA
1	"Q4"	80	1	3	-0.0993930161511016	NA	NA
1	"Q4"	81	1	3	-0.11051490425579	NA	NA
1	"Q4"	82	1	3	-0.130537158243504	NA	NA
1	"Q4"	83	1	3	-0.115701242313047	NA	NA
1	"Q4"	84	1	3	-0.0946217994404532	NA	NA
1	"Q4"	85	1	3	-0.103455125779981	NA	NA
1	"Q4"	86	1	3	-0.1038665290901	NA	NA
1	"Q4"	87	1	3	-0.114063556753104	NA	NA
1	"Q4"	88	1	3	-0.116269217053701	NA	NA
1	"Q4"	89	1	3	-0.114567416464115	NA	NA
1	"Q4"	90	1	3	-0.105499074921768	NA	NA
1	"Q4"	91	1	3	-0.113510802984435	NA	NA
1	"Q4"	92	1	3	-0.109392239180289	NA	NA
1	"Q4"	93	1	3	-0.102573177856784	NA	NA
1	"Q4"	94	1	3	-0.0923717720480064	NA	NA
1	"Q4"	95	1	3	-0.119815691847619	NA	NA
1	"Q4"	96	1	3	-0.108329887463774	NA	NA
1	"Q4"	97	1	3	-0.122324524431593	NA	NA
1	"Q4"	98	1	3	-0.101958752626692	NA	NA
1	"Q4"	99	1	3	-0.0980051989802493	NA	NA
1	"Q4"	100	1	3	-0.106515139072533	NA	NA
1	"Q4"	101	1	3	-0.106329054168798	NA	NA
1	"Q4"	102	1	3	-0.111986692605593	NA	NA
1	"Q4"	103	1	3	-0.0979027744066262	NA	NA
1	"Q4"	104	1	3	-0.121034119306044	NA	NA
1	"Q4"	105	1	3	-0.105809276303607	NA	NA
1	"Q4"	106	1	3	-0.114862619867077	NA	NA
1	"Q4"	107	1	3	-0.128464522901341	NA	NA
1	"Q4"	108	1	3	-0.132540863012682	NA	NA
1	"Q4"	109	1	3	-0.10699643258783	NA	NA
1	"Q4"	110	1	3	-0.0965849885433914	NA	NA
1	"Q4"	111	1	3	-0.105793249919272	NA	NA
1	"Q4"	112	1	3	-0.134917543646502	NA	NA
1	"Q4"	113	1	3	-0.117717773584973	NA	NA
1	"Q4"	114	1	3	-0.113001800016212	NA	NA
1	"Q4"	115	1	3	-0.111068946063714	NA	NA
1	"Q4"	116	1	3	-0.121917017467332	NA	NA
1	"Q4"	117	1	3	-0.0981051942009523	NA	NA
1	"Q4"	118	1	3	-0.109849677534578	NA	NA
1	"Q4"	119	1	3	-0.118871714829068	NA	NA
1	"Q4"	120	1	3	-0.105358371686587	NA	NA
1	"Q4"	121	1	3	-0.104553650456523	NA	NA
1	"Q4"	122	1	3	-0.128819037836731	NA	NA
1	"Q4"	123	1	3	-0.12893596907447	NA	NA
1	"Q4"	124	1	3	-0.126942169735205	NA	NA
1	"Q4"	125	1	3	-0.134596231511196	NA	NA
1	"Q4"	126	1	3	-0.109380003368987	NA	NA
1	"Q4"	127	1	3	-0.144482692767117	NA	NA
1	"Q4"	128	1	3	-0.0891412130091332	NA	NA
1	"Q4"	129	1	3	-0.104110023319364	NA	NA
1	"Q4"	130	1	3	-0.126205026802564	NA	NA
1	"Q4"	131	1	3	-0.131269439366847	NA	NA
1	"Q4"	132	1	3	-0.0863062131430823	NA	NA
1	"Q4"	133	1	3	-0.111188255537881	NA	NA
1	"Q4"	134	1	3	-0.125942175458488	NA	NA
1	"Q4"	135	1	3	-0.127504854406851	NA	NA
1	"Q4"	136	1	3	-0.104336940455755	NA	NA
1	"Q4"	137	1	3	-0.116919223479533	NA	NA
1	"Q4"	138	1	3	-0.117582626359277	NA	NA
1	"Q4"	139	1	3	-0.110441368796998	NA	NA
1	"Q4"	140	1	3	-0.113383523452998	NA	NA
1	"Q4"	141	1	3	-0.12171137719034	NA	NA
1	"Q4"	142	1	3	-0.118143346092614	NA	NA
1	"Q4"	143	1	3	-0.097296720675248	NA	NA
1	"Q4"	144	1	3	-0.100200132624072	NA	NA
1	"Q4"	145	1	3	-0.113138727142334	NA	NA
1	"Q4"	146	1	3	-0.102776933086928	NA	NA
1	"Q4"	147	1	3	-0.101519564496838	NA	NA
1	"Q4"	148	1	3	-0.127605898831359	NA	NA
1	"Q4"	149	1	3	-0.119304655238331	NA	NA
1	"Q4"	150	1	3	-0.130847977331348	NA	NA
1	"Q4"	151	1	3	-0.152596091298803	NA	NA
1	"Q4"	152	1	3	-0.119309677153009	NA	NA
1	"Q4"	153	1	3	-0.107256103220891	NA	NA
1	"Q4"	154	1	3	-0.101284927640987	NA	NA
1	"Q4"	155	1	3	-0.127288125109152	NA	NA
1	"Q4"	156	1	3	-0.104141834149585	NA	NA
1	"Q4"	157	1	3	-0.0964613819795612	NA	NA
1	"Q4"	158	1	3	-0.110758596352558	NA	NA
1	"Q4"	159	1	3	-0.0918846168559645	NA	NA
1	"Q4"	160	1	3	-0.120809908197858	NA	NA
1	"Q4"	161	1	3	-0.107006911268056	NA	NA
1	"Q4"	162	1	3	-0.119027817150959	NA	NA
1	"Q4"	163	1	3	-0.101035709109454	NA	NA
1	"Q4"	164	1	3	-0.125805475634985	NA	NA
1	"Q4"	165	1	3	-0.126228191561295	NA	NA
1	"Q4"	166	1	3	-0.123453064889877	NA	NA
1	"Q4"	167	1	3	-0.0978280269024958	NA	NA
1	"Q4"	168	1	3	-0.10745499267884	NA	NA
1	"Q4"	169	1	3	-0.126456984785087	NA	NA
1	"Q4"	170	1	3	-0.103666635264788	NA	NA
1	"Q4"	171	1	3	-0.124800254422853	NA	NA
1	"Q4"	172	1	3	-0.103375782043783	NA	NA
1	"Q4"	173	1	3	-0.104622846456727	NA	NA
1	"Q4"	174	1	3	-0.125460748649739	NA	NA
1	"Q4"	175	1	3	-0.140909981268698	NA	NA
1	"Q4"	176	1	3	-0.120268041520087	NA	NA
1	"Q4"	177	1	3	-0.106192451900896	NA	NA
1	"Q4"	178	1	3	-0.113990175673385	NA	NA
1	"Q4"	179	1	3	-0.125227833284534	NA	NA
1	"Q4"	180	1	3	-0.12387492995358	NA	NA
1	"Q4"	181	1	3	-0.0942455060897492	NA	NA
1	"Q4"	182	1	3	-0.0817311687375726	NA	NA
1	"Q4"	183	1	3	-0.0901604572309021	NA	NA
1	"Q4"	184	1	3	-0.122879637737795	NA	NA
1	"Q4"	185	1	3	-0.138532092975434	NA	NA
1	"Q4"	186	1	3	-0.116227889925836	NA	NA
1	"Q4"	187	1	3	-0.0957346645753542	NA	NA
1	"Q4"	188	1	3	-0.131176778927425	NA	NA
1	"Q4"	189	1	3	-0.105238124389466	NA	NA
1	"Q4"	190	1	3	-0.0710332380376783	NA	NA
1	"Q4"	191	1	3	-0.136829303746042	NA	NA
1	"Q4"	192	1	3	-0.107128192925251	NA	NA
1	"Q4"	193	1	3	-0.0832725053425204	NA	NA
1	"Q4"	194	1	3	-0.12318698770227	NA	NA
1	"Q4"	195	1	3	-0.0988752541952663	NA	NA
1	"Q4"	196	1	3	-0.0974641435484192	NA	NA
1	"Q4"	197	1	3	-0.0971477818481773	NA	NA
1	"Q4"	198	1	3	-0.103455087558788	NA	NA
1	"Q4"	199	1	3	-0.114726081837497	NA	NA
1	"Q4"	200	1	3	-0.135824109445002	NA	NA
1	"Q4"	201	1	3	-0.104342668954439	NA	NA
1	"Q4"	202	1	3	-0.108918004352688	NA	NA
1	"Q4"	203	1	3	-0.114165268399766	NA	NA
1	"Q4"	204	1	3	-0.134280427168959	NA	NA
1	"Q4"	205	1	3	-0.120352602791455	NA	NA
1	"Q4"	206	1	3	-0.116334539114674	NA	NA
1	"Q4"	207	1	3	-0.119607588412911	NA	NA
1	"Q4"	208	1	3	-0.119249592200021	NA	NA
1	"Q4"	209	1	3	-0.13551408338765	NA	NA
1	"Q4"	210	1	3	-0.120279956965886	NA	NA
1	"Q4"	211	1	3	-0.133510592081452	NA	NA
1	"Q4"	212	1	3	-0.117091671956355	NA	NA
1	"Q4"	213	1	3	-0.121254770701666	NA	NA
1	"Q4"	214	1	3	-0.0964497257258308	NA	NA
1	"Q4"	215	1	3	-0.110978061815125	NA	NA
1	"Q4"	216	1	3	-0.139517192722007	NA	NA
1	"Q4"	217	1	3	-0.113442605416667	NA	NA
1	"Q4"	218	1	3	-0.117719119451192	NA	NA
1	"Q4"	219	1	3	-0.107829953300084	NA	NA
1	"Q4"	220	1	3	-0.0886878874721923	NA	NA
1	"Q4"	221	1	3	-0.131690575748635	NA	NA
1	"Q4"	222	1	3	-0.108367304461963	NA	NA
1	"Q4"	223	1	3	-0.114861010895376	NA	NA
1	"Q4"	224	1	3	-0.110506138741364	NA	NA
1	"Q4"	225	1	3	-0.116359752173334	NA	NA
1	"Q4"	226	1	3	-0.114325532827778	NA	NA
1	"Q4"	227	1	3	-0.0770863339113231	NA	NA
1	"Q4"	228	1	3	-0.126004384459577	NA	NA
1	"Q4"	229	1	3	-0.106556996305709	NA	NA
1	"Q4"	230	1	3	-0.0989550612405378	NA	NA
1	"Q4"	231	1	3	-0.0960046245289351	NA	NA
1	"Q4"	232	1	3	-0.113115060870396	NA	NA
1	"Q4"	233	1	3	-0.121322518890884	NA	NA
1	"Q4"	234	1	3	-0.0754665192603797	NA	NA
1	"Q4"	235	1	3	-0.0968467821545478	NA	NA
1	"Q4"	236	1	3	-0.115823796917132	NA	NA
1	"Q4"	237	1	3	-0.116496018366488	NA	NA
1	"Q4"	238	1	3	-0.102709614154529	NA	NA
1	"Q4"	239	1	3	-0.0912509882083757	NA	NA
1	"Q4"	240	1	3	-0.0938521695805373	NA	NA
1	"Q4"	241	1	3	-0.109960526870188	NA	NA
1	"Q4"	242	1	3	-0.114609804693143	NA	NA
1	"Q4"	243	1	3	-0.120456225655019	NA	NA
1	"Q4"	244	1	3	-0.11731754522654	NA	NA
1	"Q4"	245	1	3	-0.116641189805605	NA	NA
1	"Q4"	246	1	3	-0.0986983849394983	NA	NA
1	"Q4"	247	1	3	-0.116185898751519	NA	NA
1	"Q4"	248	1	3	-0.109189314081494	NA	NA
1	"Q4"	249	1	3	-0.110619790854279	NA	NA
1	"Q4"	250	1	3	-0.103425267780139	NA	NA
1	"Q4"	251	1	3	-0.128911264649879	NA	NA
1	"Q4"	252	1	3	-0.108311371309724	NA	NA
1	"Q4"	253	1	3	-0.104823080007151	NA	NA
1	"Q4"	254	1	3	-0.123923859271175	NA	NA
1	"Q4"	255	1	3	-0.129519534444492	NA	NA
1	"Q4"	256	1	3	-0.105596321598734	NA	NA
1	"Q4"	257	1	3	-0.117765886152254	NA	NA
1	"Q4"	258	1	3	-0.120489067005065	NA	NA
1	"Q4"	259	1	3	-0.0982602039873523	NA	NA
1	"Q4"	260	1	3	-0.0918359845319775	NA	NA
1	"Q4"	261	1	3	-0.0917597058997207	NA	NA
1	"Q4"	262	1	3	-0.103721623696557	NA	NA
1	"Q4"	263	1	3	-0.0976777587199745	NA	NA
1	"Q4"	264	1	3	-0.120781725563162	NA	NA
1	"Q4"	265	1	3	-0.110151083951009	NA	NA
1	"Q4"	266	1	3	-0.0945913599854016	NA	NA
1	"Q4"	267	1	3	-0.0911090889337079	NA	NA
1	"Q4"	268	1	3	-0.0898459192089087	NA	NA
1	"Q4"	269	1	3	-0.10680760026154	NA	NA
1	"Q4"	270	1	3	-0.121285535819224	NA	NA
1	"Q4"	271	1	3	-0.107863425986136	NA	NA
1	"Q4"	272	1	3	-0.119871688016221	NA	NA
1	"Q4"	273	1	3	-0.0981354787832027	NA	NA
1	"Q4"	274	1	3	-0.102309540108916	NA	NA
1	"Q4"	275	1	3	-0.102849093946776	NA	NA
1	"Q4"	276	1	3	-0.112655150141619	NA	NA
1	"Q4"	277	1	3	-0.105804296958836	NA	NA
1	"Q4"	278	1	3	-0.110880470883946	NA	NA
1	"Q4"	279	1	3	-0.0997248656203596	NA	NA
1	"Q4"	280	1	3	-0.118029137010134	NA	NA
1	"Q4"	281	1	3	-0.0892475534946035	NA	NA
1	"Q4"	282	1	3	-0.108755318266818	NA	NA
1	"Q4"	283	1	3	-0.101248308717877	NA	NA
1	"Q4"	284	1	3	-0.0976546714647134	NA	NA
1	"Q4"	285	1	3	-0.117026946884719	NA	NA
1	"Q4"	286	1	3	-0.0975369912871617	NA	NA
1	"Q4"	287	1	3	-0.0767780521539891	NA	NA
1	"Q4"	288	1	3	-0.123683003452344	NA	NA
1	"Q4"	289	1	3	-0.109839747894656	NA	NA
1	"Q4"	290	1	3	-0.118132313132117	NA	NA
1	"Q4"	291	1	3	-0.108804846702867	NA	NA
1	"Q4"	292	1	3	-0.112761175150095	NA	NA
1	"Q4"	293	1	3	-0.106655898057185	NA	NA
1	"Q4"	294	1	3	-0.104566378993515	NA	NA
1	"Q4"	295	1	3	-0.121264283221785	NA	NA
1	"Q4"	296	1	3	-0.0966138478776038	NA	NA
1	"Q4"	297	1	3	-0.104804395267988	NA	NA
1	"Q4"	298	1	3	-0.121339606045225	NA	NA
1	"Q4"	299	1	3	-0.103240557914758	NA	NA
1	"Q4"	300	1	3	-0.117033290048363	NA	NA
1	"Q4"	301	1	3	-0.137154077451671	NA	NA
1	"Q4"	302	1	3	-0.132889597403107	NA	NA
1	"Q4"	303	1	3	-0.137191959879368	NA	NA
1	"Q4"	304	1	3	-0.122719249750153	NA	NA
1	"Q4"	305	1	3	-0.129956975369737	NA	NA
1	"Q4"	306	1	3	-0.11885296786607	NA	NA
1	"Q4"	307	1	3	-0.105763778591355	NA	NA
1	"Q4"	308	1	3	-0.109651450469329	NA	NA
1	"Q4"	309	1	3	-0.0985137233471455	NA	NA
1	"Q4"	310	1	3	-0.110876582086501	NA	NA
1	"Q4"	311	1	3	-0.110924720771373	NA	NA
1	"Q4"	312	1	3	-0.117483076348902	NA	NA
1	"Q4"	313	1	3	-0.0971253346017651	NA	NA
1	"Q4"	314	1	3	-0.0872564064790124	NA	NA
1	"Q4"	315	1	3	-0.119236852287438	NA	NA
1	"Q4"	316	1	3	-0.12249970332505	NA	NA
1	"Q4"	317	1	3	-0.108695219926926	NA	NA
1	"Q4"	318	1	3	-0.0873824208192401	NA	NA
1	"Q4"	319	1	3	-0.102019279926283	NA	NA
1	"Q4"	320	1	3	-0.0920747933684759	NA	NA
1	"Q4"	321	1	3	-0.155778263377246	NA	NA
1	"Q4"	322	1	3	-0.115585160187468	NA	NA
1	"Q4"	323	1	3	-0.106511189798331	NA	NA
1	"Q4"	324	1	3	-0.12678531355577	NA	NA
1	"Q4"	325	1	3	-0.120380527129453	NA	NA
1	"Q4"	326	1	3	-0.146318297290667	NA	NA
1	"Q4"	327	1	3	-0.105805619518468	NA	NA
1	"Q4"	328	1	3	-0.117860858661457	NA	NA
1	"Q4"	329	1	3	-0.130361565114936	NA	NA
1	"Q4"	330	1	3	-0.112994568885677	NA	NA
1	"Q4"	331	1	3	-0.13461517187363	NA	NA
1	"Q4"	332	1	3	-0.102400147858666	NA	NA
1	"Q4"	333	1	3	-0.124130620734485	NA	NA
1	"Q4"	334	1	3	-0.119113218166808	NA	NA
1	"Q4"	335	1	3	-0.119143588188803	NA	NA
1	"Q4"	336	1	3	-0.0898569308956174	NA	NA
1	"Q4"	337	1	3	-0.115181267686139	NA	NA
1	"Q4"	338	1	3	-0.101575722743594	NA	NA
1	"Q4"	339	1	3	-0.0843395588874339	NA	NA
1	"Q4"	340	1	3	-0.123107006543845	NA	NA
1	"Q4"	341	1	3	-0.120433376679808	NA	NA
1	"Q4"	342	1	3	-0.123831843784311	NA	NA
1	"Q4"	343	1	3	-0.0757316060874525	NA	NA
1	"Q4"	344	1	3	-0.107057853065553	NA	NA
1	"Q4"	345	1	3	-0.100404728918656	NA	NA
1	"Q4"	346	1	3	-0.112823193168211	NA	NA
1	"Q4"	347	1	3	-0.119798192357266	NA	NA
1	"Q4"	348	1	3	-0.0922560366066799	NA	NA
1	"Q4"	349	1	3	-0.137115863182669	NA	NA
1	"Q4"	350	1	3	-0.129878181478368	NA	NA
1	"Q4"	351	1	3	-0.11745134113491	NA	NA
1	"Q4"	352	1	3	-0.101639749792672	NA	NA
1	"Q4"	353	1	3	-0.126967399350394	NA	NA
1	"Q4"	354	1	3	-0.0893513803461941	NA	NA
1	"Q4"	355	1	3	-0.108967395412748	NA	NA
1	"Q4"	356	1	3	-0.118212950058726	NA	NA
1	"Q4"	357	1	3	-0.147493894154344	NA	NA
1	"Q4"	358	1	3	-0.108275538963587	NA	NA
1	"Q4"	359	1	3	-0.100387057781621	NA	NA
1	"Q4"	360	1	3	-0.0936189966962099	NA	NA
1	"Q4"	361	1	3	-0.124049990969779	NA	NA
1	"Q4"	362	1	3	-0.112084816772323	NA	NA
1	"Q4"	363	1	3	-0.126734244259161	NA	NA
1	"Q4"	364	1	3	-0.1323240258659	NA	NA
1	"Q4"	365	1	3	-0.13492677086733	NA	NA
1	"Q4"	366	1	3	-0.124364440283025	NA	NA
1	"Q4"	367	1	3	-0.133586840735601	NA	NA
1	"Q4"	368	1	3	-0.104591589385347	NA	NA
1	"Q4"	369	1	3	-0.125820741223134	NA	NA
1	"Q4"	370	1	3	-0.118382529213387	NA	NA
1	"Q4"	371	1	3	-0.113119488538141	NA	NA
1	"Q4"	372	1	3	-0.114070691425227	NA	NA
1	"Q4"	373	1	3	-0.11758902802693	NA	NA
1	"Q4"	374	1	3	-0.123648716858305	NA	NA
1	"Q4"	375	1	3	-0.131400527329416	NA	NA
1	"Q4"	376	1	3	-0.100301235430475	NA	NA
1	"Q4"	377	1	3	-0.110843493232982	NA	NA
1	"Q4"	378	1	3	-0.106097404394995	NA	NA
1	"Q4"	379	1	3	-0.117164958647288	NA	NA
1	"Q4"	380	1	3	-0.0911876571520845	NA	NA
1	"Q4"	381	1	3	-0.117955423242745	NA	NA
1	"Q4"	382	1	3	-0.114113579620668	NA	NA
1	"Q4"	383	1	3	-0.109065417534231	NA	NA
1	"Q4"	384	1	3	-0.0985220129160843	NA	NA
1	"Q4"	385	1	3	-0.110896239112054	NA	NA
1	"Q4"	386	1	3	-0.146664939847326	NA	NA
1	"Q4"	387	1	3	-0.107788854324813	NA	NA
1	"Q4"	388	1	3	-0.11461351778298	NA	NA
1	"Q4"	389	1	3	-0.103821348352163	NA	NA
1	"Q4"	390	1	3	-0.126456326671913	NA	NA
1	"Q4"	391	1	3	-0.0999593559953979	NA	NA
1	"Q4"	392	1	3	-0.106242621572967	NA	NA
1	"Q4"	393	1	3	-0.0849153584088222	NA	NA
1	"Q4"	394	1	3	-0.117145093422665	NA	NA
1	"Q4"	395	1	3	-0.119720426141842	NA	NA
1	"Q4"	396	1	3	-0.0860993394906611	NA	NA
1	"Q4"	397	1	3	-0.108767411432773	NA	NA
1	"Q4"	398	1	3	-0.12896442328105	NA	NA
1	"Q4"	399	1	3	-0.116781025271155	NA	NA
1	"Q4"	400	1	3	-0.0906030834508837	NA	NA
