"Iteration"	"tau_Intercept"
1	177.189263304562
2	172.159413247916
3	171.967905419943
4	175.367821674331
5	180.824525021427
6	181.243700358433
7	175.863817538804
8	182.20158700836
9	178.514147054362
10	177.070436015685
11	177.811136968119
12	182.633505524919
13	182.145991512987
14	179.531363393056
15	180.688356266474
16	182.561136524406
17	178.038721544681
18	175.698849396758
19	176.76738838579
20	183.558268545512
21	182.73049035613
22	178.188061329042
23	178.675929985941
24	182.681850815812
25	181.099647380637
26	176.0510698805
27	186.868039938045
28	174.578466844645
29	183.959491894069
30	182.686472555186
31	176.450865810687
32	183.520905849554
33	181.192281625227
34	174.959746752029
35	178.461483282905
36	183.604807237015
37	181.705515359285
38	184.373131153594
39	184.232371205634
40	178.707675391844
41	182.9891278805
42	188.617352766576
43	178.003951108797
44	179.159113088693
45	178.452031966847
46	177.87287652326
47	182.03934782459
48	182.942222797644
49	187.270013227283
50	182.092930240015
51	176.800306180378
52	179.14240020077
53	176.299523204729
54	180.776195465124
55	179.728231503744
56	175.095230222073
57	182.84605963209
58	186.325064361132
59	176.325460510769
60	178.895820690342
61	177.982020483833
62	186.629529109484
63	182.693892133148
64	177.10201699114
65	185.015929423267
66	182.44146121072
67	176.982992699785
68	182.264958298809
69	182.136288802058
70	181.711717265113
71	183.043429750601
72	173.331639050192
73	176.899582163656
74	180.418018631496
75	189.68924048759
76	181.610154444718
77	178.203250872815
78	178.094003231382
79	179.18481904157
80	180.82422003986
81	179.804692865588
82	182.545638640059
83	177.115280451624
84	167.359624912294
85	172.768360566249
86	183.326313582222
87	177.073433153003
88	178.609304614411
89	173.174113660255
90	171.241240862131
91	181.079903271186
92	182.281991588186
93	180.62390994114
94	176.184290247471
95	181.171495011019
96	177.636985618999
97	181.611625150165
98	178.083052603419
99	182.91714186308
100	178.568228980028
101	183.215187282737
102	179.79127024059
103	183.921424228485
104	172.768963946032
105	175.580009617908
106	182.436470736835
107	178.257858204398
108	176.096961749754
109	185.470560023855
110	180.004289549522
111	181.841440548922
112	180.243815603114
113	179.200829251711
114	179.449636197976
115	188.597707601205
116	184.774348131414
117	176.873321408061
118	176.411496609485
119	177.38887284102
120	184.563556212227
121	178.860188841459
122	185.857965575103
123	182.512473341656
124	178.134036379757
125	176.858813403287
126	176.855267746544
127	182.172102333765
128	185.254817696449
129	185.010211107846
130	184.12407968354
131	175.290447018098
132	184.753300965985
133	176.302769497235
134	184.149104356711
135	181.280171387342
136	184.045972256217
137	179.779728653013
138	187.207899765666
139	176.89564723207
140	178.764246132361
141	180.286340664681
142	182.044520116613
143	181.612620651642
144	186.430433942372
145	182.906867363084
146	182.43058278989
147	178.043407608744
148	176.595879170453
149	177.617509078309
150	173.136832942571
151	178.256458302752
152	184.119289208881
153	185.156734782954
154	186.47685782413
155	178.303078273756
156	177.965518424935
157	183.18211759006
158	181.453579506476
159	179.757790853426
160	178.450636106356
161	181.804446728477
162	173.385257426465
163	181.985459343649
164	177.445504130299
165	184.127536709563
166	178.252086386955
167	178.330211377638
168	182.759183332497
169	180.150294484216
170	180.524052736004
171	177.429512483443
172	183.909276136521
173	180.136729633661
174	180.488633797443
175	190.396066853458
176	177.615966600873
177	184.82398344228
178	175.747365616661
179	181.883562715012
180	177.871333270252
181	187.483876817381
182	185.692108547907
183	185.101263833723
184	180.986307092467
185	183.091181214821
186	184.623623470595
187	184.177542640461
188	179.829632915307
189	173.540077089904
190	186.173992906164
191	179.097815511049
192	178.641086688096
193	184.861298424025
194	168.567922516684
195	186.782182060331
196	171.292270023445
197	181.893690205055
198	179.774157308282
199	172.781754525086
200	170.475035613426
201	179.047658264062
202	180.503230975522
203	185.246260322415
204	185.161128289034
205	180.371958466727
206	178.780598050534
207	176.125445980187
208	178.370733814239
209	180.458147651255
210	180.521383778005
211	184.323747502851
212	177.083062019516
213	177.362409938532
214	186.445130367367
215	179.144157773619
216	172.563475270843
217	185.50737210413
218	181.663583449103
219	183.72430289972
220	171.837840598081
221	178.797099241067
222	181.971563835049
223	182.519176506858
224	183.039494944387
225	185.314030680351
226	179.040428489209
227	175.556244882395
228	183.750115775753
229	175.93665815892
230	182.606849170783
231	179.553764476584
232	173.201805316477
233	181.652483516902
234	185.868003809928
235	180.667332045668
236	182.800077314067
237	181.369266092001
238	178.405491441174
239	178.415185879829
240	185.962300703454
241	179.481660646178
242	179.98305385298
243	179.756180306418
244	178.714754723237
245	188.174897581772
246	178.799848528874
247	171.170407300971
248	186.415642945964
249	175.464046025497
250	180.248103968823
251	173.044688706547
252	177.99139192614
253	177.886476209486
254	174.762587301455
255	181.939452542607
256	184.850851144142
257	177.72107433488
258	185.508766532178
259	180.340710365734
260	177.089575410125
261	177.53395217045
262	179.31055429486
263	181.965966420513
264	189.180039768637
265	179.677273606165
266	189.495257627428
267	183.384727922861
268	183.889770621874
269	178.06327826029
270	177.074556477749
271	184.809996473073
272	184.375980956756
273	182.333302782244
274	171.674086668633
275	181.93046110797
276	173.566790091745
277	186.611508235434
278	176.35605600282
279	180.638964879981
280	173.517932522966
281	188.303901736868
282	192.153831298557
283	183.702181517668
284	182.313238741548
285	184.368215367604
286	181.305482746914
287	179.046676707286
288	178.33245305819
289	179.783838871766
290	176.520520622647
291	187.404308169077
292	183.086023097587
293	176.219800829887
294	182.665723708367
295	175.228523847329
296	185.636331819107
297	177.624262133005
298	180.645201757512
299	182.005156933176
300	187.313186798357
301	179.258819492494
302	178.53522339025
303	174.250930146751
304	183.636979513226
305	175.396598853965
306	178.406342725513
307	179.682893176041
308	177.660228599324
309	180.905790657538
310	178.65489352164
311	182.523201637453
312	179.169167435683
313	178.571416456768
314	179.755232998803
315	183.949076195899
316	179.990085423417
317	182.893707911063
318	191.070167752305
319	187.477934776521
320	178.385516645298
321	185.137691104382
322	176.954786949875
323	179.624075609882
324	176.436195851596
325	173.237434171954
326	174.621455557239
327	181.120228378531
328	181.93667788717
329	184.70494181542
330	179.197242668296
331	182.898724562406
332	180.350340772045
333	178.469126646517
334	178.016414891791
335	181.134817967379
336	175.718308923969
337	180.149400377604
338	178.455860086411
339	178.880632806964
340	178.935634787993
341	180.395153978008
342	185.362504605195
343	178.647130779845
344	187.794001044798
345	182.819713236032
346	173.29699503046
347	169.84406513747
348	175.770277119
349	179.532132400184
350	178.205446651668
351	190.111469539373
352	174.090338504246
353	190.786062314442
354	172.808956646741
355	180.73354843539
356	180.886855501645
357	178.33032717856
358	178.346570207421
359	185.402908532926
360	187.497905044859
361	181.086056526709
362	176.512236223641
363	172.608622993379
364	180.602018480796
365	182.189380281699
366	175.947737169936
367	186.710725627092
368	169.860663400805
369	172.931838659966
370	187.658665261696
371	182.306117945844
372	177.148681589228
373	181.143092344996
374	183.082649458237
375	177.961474795047
376	176.26228319068
377	182.60794019445
378	188.829555397856
379	184.761758885664
380	183.531174619031
381	182.648024966779
382	175.662822190205
383	184.335592796665
384	183.652934283664
385	183.17894301989
386	182.381840736897
387	181.047121531436
388	183.496557101526
389	185.352476204405
390	179.457674311118
391	182.850749709277
392	176.819739473633
393	182.225390524022
394	175.743262126748
395	174.91568737792
396	174.78466461517
397	183.80449275162
398	182.989212467353
399	179.511854065371
400	176.741821251198
