"age"	"part.year"	"lengthCM"	"samplingID"	"partnumber"	"otolithtype"	"partcount"
3	0.568306010928962	28	2	1	NA	NA
6	0.568306010928962	27	2	1	NA	NA
3	0.568306010928962	27	2	1	NA	NA
2	0.568306010928962	24.5	2	1	NA	NA
2	0.568306010928962	23	2	1	NA	NA
4	0.568306010928962	26.5	2	1	NA	NA
3	0.568306010928962	26	2	1	NA	NA
4	0.568306010928962	26	2	1	NA	NA
3	0.568306010928962	24	2	1	NA	NA
3	0.568306010928962	25.5	2	1	NA	NA
2	0.568306010928962	26.5	2	1	NA	NA
4	0.568306010928962	26.5	2	1	NA	NA
5	0.568306010928962	26	2	1	NA	NA
5	0.568306010928962	28	2	1	NA	NA
4	0.568306010928962	27	2	1	NA	NA
6	0.568306010928962	28	2	1	NA	NA
2	0.568306010928962	24.5	2	1	NA	NA
5	0.568306010928962	26.5	2	1	NA	NA
3	0.568306010928962	28	2	1	NA	NA
3	0.568306010928962	26	2	1	NA	NA
3	0.568306010928962	26.5	2	1	NA	NA
4	0.568306010928962	28	2	1	NA	NA
2	0.568306010928962	23	2	1	NA	NA
4	0.568306010928962	23	2	1	NA	NA
7	0.568306010928962	29.5	2	1	NA	NA
2	0.568306010928962	25	2	1	NA	NA
2	0.568306010928962	25	2	1	NA	NA
7	0.568306010928962	29	2	1	NA	NA
5	0.568306010928962	25	2	1	NA	NA
3	0.568306010928962	25	2	1	NA	NA
3	0.568306010928962	27	2	1	NA	NA
4	0.568306010928962	26.5	2	1	NA	NA
2	0.568306010928962	23	2	1	NA	NA
4	0.568306010928962	25	2	1	NA	NA
2	0.568306010928962	24	2	1	NA	NA
2	0.568306010928962	24	2	1	NA	NA
7	0.568306010928962	27.5	2	1	NA	NA
3	0.568306010928962	23	2	1	NA	NA
6	0.568306010928962	26.5	2	1	NA	NA
2	0.568306010928962	25	2	1	NA	NA
3	0.568306010928962	24.5	2	1	NA	NA
2	0.568306010928962	27	2	1	NA	NA
2	0.568306010928962	25.5	2	1	NA	NA
4	0.568306010928962	25	2	1	NA	NA
3	0.568306010928962	26	2	1	NA	NA
3	0.568306010928962	24.5	2	1	NA	NA
7	0.568306010928962	29	2	1	NA	NA
6	0.568306010928962	25.5	2	1	NA	NA
3	0.568306010928962	22	2	1	NA	NA
3	0.568306010928962	27.5	2	1	NA	NA
6	0.445355191256831	29	3	1	NA	NA
6	0.445355191256831	28	3	1	NA	NA
4	0.445355191256831	28	3	1	NA	NA
8	0.445355191256831	29	3	1	NA	NA
6	0.445355191256831	28	3	1	NA	NA
6	0.445355191256831	29.5	3	1	NA	NA
4	0.445355191256831	26	3	1	NA	NA
6	0.445355191256831	28.5	3	1	NA	NA
5	0.445355191256831	29.5	3	1	NA	NA
5	0.445355191256831	27.5	3	1	NA	NA
3	0.445355191256831	26.5	3	1	NA	NA
5	0.445355191256831	27.5	3	1	NA	NA
6	0.445355191256831	28.5	3	1	NA	NA
4	0.445355191256831	26	3	1	NA	NA
6	0.445355191256831	27	3	1	NA	NA
6	0.445355191256831	27	3	1	NA	NA
6	0.445355191256831	28.5	3	1	NA	NA
6	0.445355191256831	27	3	1	NA	NA
5	0.445355191256831	28	3	1	NA	NA
7	0.445355191256831	28.5	3	1	NA	NA
6	0.445355191256831	28	3	1	NA	NA
7	0.445355191256831	28	3	1	NA	NA
9	0.445355191256831	28	3	1	NA	NA
6	0.445355191256831	28	3	1	NA	NA
9	0.445355191256831	29.5	3	1	NA	NA
7	0.418032786885246	27.5	4	1	NA	NA
5	0.418032786885246	25.5	4	1	NA	NA
6	0.418032786885246	26	4	1	NA	NA
4	0.418032786885246	25	4	1	NA	NA
2	0.418032786885246	24	4	1	NA	NA
4	0.418032786885246	25	4	1	NA	NA
4	0.418032786885246	25	4	1	NA	NA
5	0.418032786885246	27	4	1	NA	NA
2	0.418032786885246	21	4	1	NA	NA
4	0.418032786885246	24	4	1	NA	NA
4	0.418032786885246	24	4	1	NA	NA
6	0.418032786885246	24	4	1	NA	NA
2	0.418032786885246	23.5	4	1	NA	NA
7	0.418032786885246	27	4	1	NA	NA
4	0.418032786885246	24	4	1	NA	NA
2	0.418032786885246	24.5	4	1	NA	NA
4	0.418032786885246	23.5	4	1	NA	NA
5	0.418032786885246	24	4	1	NA	NA
6	0.418032786885246	24	4	1	NA	NA
3	0.418032786885246	23	4	1	NA	NA
2	0.418032786885246	24	4	1	NA	NA
4	0.418032786885246	24	4	1	NA	NA
2	0.418032786885246	22	4	1	NA	NA
4	0.418032786885246	24.5	4	1	NA	NA
2	0.418032786885246	21.5	4	1	NA	NA
2	0.418032786885246	22.5	4	1	NA	NA
2	0.418032786885246	22	4	1	NA	NA
6	0.418032786885246	25	4	1	NA	NA
6	0.418032786885246	25.5	4	1	NA	NA
3	0.418032786885246	24	4	1	NA	NA
3	0.385245901639344	22	5	1	NA	NA
4	0.385245901639344	22	5	1	NA	NA
7	0.385245901639344	25.5	5	1	NA	NA
2	0.385245901639344	23	5	1	NA	NA
2	0.385245901639344	22	5	1	NA	NA
7	0.385245901639344	27	5	1	NA	NA
2	0.385245901639344	25.5	5	1	NA	NA
7	0.385245901639344	26	5	1	NA	NA
2	0.385245901639344	22.5	5	1	NA	NA
4	0.385245901639344	25.5	5	1	NA	NA
4	0.385245901639344	26	5	1	NA	NA
6	0.385245901639344	26.5	5	1	NA	NA
2	0.385245901639344	24.5	5	1	NA	NA
4	0.385245901639344	26	5	1	NA	NA
2	0.385245901639344	22.5	5	1	NA	NA
6	0.385245901639344	25.5	5	1	NA	NA
6	0.385245901639344	25.5	5	1	NA	NA
2	0.385245901639344	23	5	1	NA	NA
2	0.385245901639344	22.5	5	1	NA	NA
4	0.385245901639344	24.5	5	1	NA	NA
6	0.385245901639344	24.5	5	1	NA	NA
3	0.385245901639344	23	5	1	NA	NA
7	0.385245901639344	27.5	5	1	NA	NA
2	0.385245901639344	21.5	5	1	NA	NA
2	0.385245901639344	24	5	1	NA	NA
3	0.385245901639344	26.5	5	1	NA	NA
3	0.385245901639344	23.5	5	1	NA	NA
5	0.385245901639344	25.5	5	1	NA	NA
3	0.385245901639344	26	5	1	NA	NA
3	0.385245901639344	24.5	5	1	NA	NA
7	0.385245901639344	27	5	1	NA	NA
2	0.385245901639344	24	5	1	NA	NA
2	0.385245901639344	24.5	5	1	NA	NA
2	0.385245901639344	23	5	1	NA	NA
2	0.385245901639344	23	5	1	NA	NA
3	0.385245901639344	23.5	5	1	NA	NA
2	0.385245901639344	24	5	1	NA	NA
6	0.385245901639344	25.5	5	1	NA	NA
2	0.385245901639344	25	5	1	NA	NA
6	0.385245901639344	26.5	5	1	NA	NA
3	0.385245901639344	24.5	5	1	NA	NA
8	0.385245901639344	25.5	5	1	NA	NA
3	0.385245901639344	22	5	1	NA	NA
2	0.385245901639344	24.5	5	1	NA	NA
4	0.385245901639344	27.5	5	1	NA	NA
4	0.385245901639344	26.5	5	1	NA	NA
2	0.385245901639344	23.5	5	1	NA	NA
2	0.385245901639344	24	5	1	NA	NA
6	0.385245901639344	27	5	1	NA	NA
2	0.385245901639344	24	5	1	NA	NA
5	0.442622950819672	27.5	6	1	NA	NA
7	0.442622950819672	28	6	1	NA	NA
8	0.442622950819672	28.5	6	1	NA	NA
7	0.442622950819672	27	6	1	NA	NA
4	0.442622950819672	26	6	1	NA	NA
3	0.442622950819672	26	6	1	NA	NA
6	0.442622950819672	29	6	1	NA	NA
2	0.442622950819672	25.5	6	1	NA	NA
7	0.442622950819672	26.5	6	1	NA	NA
6	0.442622950819672	26.5	6	1	NA	NA
6	0.442622950819672	27.5	6	1	NA	NA
6	0.442622950819672	28	6	1	NA	NA
5	0.442622950819672	24.5	6	1	NA	NA
6	0.442622950819672	26	6	1	NA	NA
7	0.442622950819672	28	6	1	NA	NA
6	0.442622950819672	28.5	6	1	NA	NA
6	0.442622950819672	27	6	1	NA	NA
6	0.442622950819672	26.5	6	1	NA	NA
9	0.442622950819672	29	6	1	NA	NA
7	0.442622950819672	28	6	1	NA	NA
3	0.442622950819672	27	6	1	NA	NA
7	0.442622950819672	26	6	1	NA	NA
7	0.442622950819672	28	6	1	NA	NA
5	0.442622950819672	26.5	6	1	NA	NA
7	0.442622950819672	26	6	1	NA	NA
8	0.442622950819672	29	6	1	NA	NA
8	0.442622950819672	26.5	6	1	NA	NA
6	0.442622950819672	27.5	6	1	NA	NA
6	0.442622950819672	28	6	1	NA	NA
8	0.442622950819672	27.5	6	1	NA	NA
7	0.442622950819672	28.5	6	1	NA	NA
9	0.442622950819672	28	6	1	NA	NA
4	0.442622950819672	25.5	6	1	NA	NA
7	0.442622950819672	28.5	6	1	NA	NA
7	0.442622950819672	26.5	6	1	NA	NA
4	0.442622950819672	27	6	1	NA	NA
7	0.442622950819672	27.5	6	1	NA	NA
7	0.442622950819672	28	6	1	NA	NA
9	0.442622950819672	27	6	1	NA	NA
6	0.442622950819672	28	6	1	NA	NA
6	0.442622950819672	26	6	1	NA	NA
6	0.442622950819672	27	6	1	NA	NA
6	0.442622950819672	29.5	6	1	NA	NA
9	0.442622950819672	29	6	1	NA	NA
5	0.442622950819672	27.5	6	1	NA	NA
5	0.442622950819672	26.5	6	1	NA	NA
7	0.442622950819672	27	6	1	NA	NA
7	0.442622950819672	27.5	6	1	NA	NA
4	0.442622950819672	28	6	1	NA	NA
7	0.442622950819672	28.5	6	1	NA	NA
6	0.66120218579235	28	7	1	NA	NA
6	0.66120218579235	27.5	7	1	NA	NA
6	0.66120218579235	29	7	1	NA	NA
2	0.66120218579235	24.5	7	1	NA	NA
7	0.66120218579235	31.5	7	1	NA	NA
2	0.66120218579235	25	7	1	NA	NA
3	0.66120218579235	26.5	7	1	NA	NA
2	0.66120218579235	25.5	7	1	NA	NA
9	0.66120218579235	30	7	1	NA	NA
3	0.66120218579235	27	7	1	NA	NA
6	0.66120218579235	28	7	1	NA	NA
9	0.66120218579235	30	7	1	NA	NA
9	0.66120218579235	30.5	7	1	NA	NA
2	0.66120218579235	26	7	1	NA	NA
6	0.66120218579235	28	7	1	NA	NA
2	0.66120218579235	25	7	1	NA	NA
6	0.66120218579235	27	7	1	NA	NA
6	0.66120218579235	29	7	1	NA	NA
2	0.66120218579235	24.5	7	1	NA	NA
6	0.66120218579235	28.5	7	1	NA	NA
7	0.66120218579235	28	7	1	NA	NA
2	0.66120218579235	25.5	7	1	NA	NA
6	0.66120218579235	30.5	7	1	NA	NA
2	0.66120218579235	25.5	7	1	NA	NA
4	0.66120218579235	29	7	1	NA	NA
9	0.66120218579235	29.5	7	1	NA	NA
2	0.66120218579235	25.5	7	1	NA	NA
6	0.66120218579235	30.5	7	1	NA	NA
7	0.66120218579235	29	7	1	NA	NA
6	0.66120218579235	28.5	7	1	NA	NA
2	0.519125683060109	20.5	8	1	NA	NA
2	0.519125683060109	23	8	1	NA	NA
1	0.519125683060109	20.5	8	1	NA	NA
1	0.519125683060109	20	8	1	NA	NA
2	0.519125683060109	22	8	1	NA	NA
3	0.519125683060109	23	8	1	NA	NA
1	0.519125683060109	19	8	1	NA	NA
2	0.519125683060109	22.5	8	1	NA	NA
2	0.519125683060109	22	8	1	NA	NA
3	0.519125683060109	24	8	1	NA	NA
2	0.519125683060109	23	8	1	NA	NA
2	0.519125683060109	20	8	1	NA	NA
1	0.519125683060109	20.5	8	1	NA	NA
1	0.519125683060109	19.5	8	1	NA	NA
1	0.519125683060109	21	8	1	NA	NA
4	0.519125683060109	25.5	8	1	NA	NA
2	0.519125683060109	24	8	1	NA	NA
1	0.519125683060109	20.5	8	1	NA	NA
1	0.519125683060109	21	8	1	NA	NA
2	0.519125683060109	23	8	1	NA	NA
2	0.519125683060109	24	8	1	NA	NA
2	0.519125683060109	21.5	8	1	NA	NA
2	0.519125683060109	21.5	8	1	NA	NA
2	0.519125683060109	24	8	1	NA	NA
2	0.519125683060109	21.5	8	1	NA	NA
1	0.519125683060109	22	8	1	NA	NA
1	0.519125683060109	19.5	8	1	NA	NA
2	0.519125683060109	22	8	1	NA	NA
2	0.519125683060109	23	8	1	NA	NA
2	0.519125683060109	20.5	8	1	NA	NA
1	0.519125683060109	20	8	1	NA	NA
6	0.519125683060109	25.5	8	1	NA	NA
2	0.519125683060109	23	8	1	NA	NA
2	0.519125683060109	20.5	8	1	NA	NA
2	0.519125683060109	22	8	1	NA	NA
2	0.519125683060109	23	8	1	NA	NA
2	0.519125683060109	23	8	1	NA	NA
2	0.519125683060109	19.5	8	1	NA	NA
3	0.519125683060109	23.5	8	1	NA	NA
2	0.519125683060109	21.5	8	1	NA	NA
2	0.519125683060109	21	8	1	NA	NA
2	0.519125683060109	24	8	1	NA	NA
2	0.519125683060109	20.5	8	1	NA	NA
1	0.519125683060109	20	8	1	NA	NA
1	0.519125683060109	21	8	1	NA	NA
2	0.519125683060109	23	8	1	NA	NA
2	0.519125683060109	24.5	8	1	NA	NA
2	0.519125683060109	22.5	8	1	NA	NA
9	0.519125683060109	28	8	1	NA	NA
2	0.519125683060109	23.5	8	1	NA	NA
2	0.439890710382514	22	9	1	NA	NA
1	0.439890710382514	20	9	1	NA	NA
2	0.439890710382514	25	9	1	NA	NA
1	0.439890710382514	20	9	1	NA	NA
2	0.439890710382514	20	9	1	NA	NA
2	0.439890710382514	22	9	1	NA	NA
2	0.439890710382514	23	9	1	NA	NA
4	0.439890710382514	24.5	9	1	NA	NA
2	0.439890710382514	20.5	9	1	NA	NA
2	0.439890710382514	21	9	1	NA	NA
2	0.439890710382514	21	9	1	NA	NA
2	0.439890710382514	22.5	9	1	NA	NA
2	0.439890710382514	24	9	1	NA	NA
1	0.439890710382514	19.5	9	1	NA	NA
2	0.439890710382514	22.5	9	1	NA	NA
1	0.439890710382514	20.5	9	1	NA	NA
2	0.439890710382514	24.5	9	1	NA	NA
2	0.439890710382514	21	9	1	NA	NA
2	0.439890710382514	21	9	1	NA	NA
2	0.439890710382514	21.5	9	1	NA	NA
2	0.439890710382514	20	9	1	NA	NA
2	0.439890710382514	24	9	1	NA	NA
2	0.439890710382514	20.5	9	1	NA	NA
2	0.439890710382514	24	9	1	NA	NA
6	0.439890710382514	25.5	9	1	NA	NA
2	0.439890710382514	22	9	1	NA	NA
2	0.439890710382514	19.5	9	1	NA	NA
6	0.439890710382514	26.5	9	1	NA	NA
1	0.439890710382514	19	9	1	NA	NA
2	0.439890710382514	24	9	1	NA	NA
1	0.439890710382514	20	9	1	NA	NA
1	0.439890710382514	19	9	1	NA	NA
6	0.439890710382514	26.5	9	1	NA	NA
2	0.439890710382514	22	9	1	NA	NA
2	0.439890710382514	23	9	1	NA	NA
2	0.439890710382514	22	9	1	NA	NA
2	0.439890710382514	19.5	9	1	NA	NA
3	0.439890710382514	23	9	1	NA	NA
2	0.439890710382514	20.5	9	1	NA	NA
2	0.439890710382514	21.5	9	1	NA	NA
2	0.439890710382514	20	9	1	NA	NA
2	0.439890710382514	21.5	9	1	NA	NA
1	0.439890710382514	19.5	9	1	NA	NA
2	0.439890710382514	20.5	9	1	NA	NA
2	0.439890710382514	20	9	1	NA	NA
2	0.439890710382514	19	9	1	NA	NA
1	0.439890710382514	19	9	1	NA	NA
2	0.439890710382514	25	9	1	NA	NA
2	0.439890710382514	22.5	9	1	NA	NA
2	0.439890710382514	23.5	9	1	NA	NA
1	0.442622950819672	19	1	1	NA	NA
2	0.442622950819672	20	1	1	NA	NA
2	0.442622950819672	22.5	1	1	NA	NA
2	0.442622950819672	22.5	1	1	NA	NA
4	0.442622950819672	24.5	1	1	NA	NA
2	0.442622950819672	24	1	1	NA	NA
2	0.442622950819672	21.5	1	1	NA	NA
2	0.442622950819672	25	1	1	NA	NA
2	0.442622950819672	23.5	1	1	NA	NA
2	0.442622950819672	21.5	1	1	NA	NA
8	0.442622950819672	29.5	1	1	NA	NA
2	0.442622950819672	21.5	1	1	NA	NA
2	0.442622950819672	24	1	1	NA	NA
2	0.442622950819672	21.5	1	1	NA	NA
2	0.442622950819672	20.5	1	1	NA	NA
2	0.442622950819672	20	1	1	NA	NA
2	0.442622950819672	22.5	1	1	NA	NA
2	0.442622950819672	21	1	1	NA	NA
2	0.442622950819672	22	1	1	NA	NA
2	0.442622950819672	24	1	1	NA	NA
2	0.442622950819672	23	1	1	NA	NA
2	0.442622950819672	22	1	1	NA	NA
2	0.442622950819672	23	1	1	NA	NA
2	0.442622950819672	21	1	1	NA	NA
2	0.442622950819672	21.5	1	1	NA	NA
2	0.442622950819672	22	1	1	NA	NA
2	0.442622950819672	23	1	1	NA	NA
2	0.442622950819672	24	1	1	NA	NA
1	0.442622950819672	20	1	1	NA	NA
7	0.756830601092896	27	11	1	NA	NA
6	0.756830601092896	26.5	11	1	NA	NA
6	0.756830601092896	27.5	11	1	NA	NA
7	0.756830601092896	28	11	1	NA	NA
7	0.756830601092896	27.5	11	1	NA	NA
6	0.756830601092896	27.5	11	1	NA	NA
6	0.756830601092896	27	11	1	NA	NA
3	0.756830601092896	25	11	1	NA	NA
6	0.756830601092896	27	11	1	NA	NA
4	0.756830601092896	25.5	11	1	NA	NA
4	0.756830601092896	26	11	1	NA	NA
6	0.756830601092896	27	11	1	NA	NA
6	0.756830601092896	25.5	11	1	NA	NA
2	0.756830601092896	23.5	11	1	NA	NA
7	0.756830601092896	27	11	1	NA	NA
7	0.756830601092896	28.5	11	1	NA	NA
5	0.756830601092896	27	11	1	NA	NA
2	0.756830601092896	26	11	1	NA	NA
4	0.756830601092896	25.5	11	1	NA	NA
3	0.756830601092896	25.5	11	1	NA	NA
3	0.756830601092896	27	11	1	NA	NA
6	0.756830601092896	26.5	11	1	NA	NA
4	0.756830601092896	24.5	11	1	NA	NA
6	0.756830601092896	26.5	11	1	NA	NA
9	0.756830601092896	28.5	11	1	NA	NA
2	0.756830601092896	25	11	1	NA	NA
2	0.756830601092896	24	11	1	NA	NA
4	0.756830601092896	25.5	11	1	NA	NA
9	0.756830601092896	27	11	1	NA	NA
2	0.756830601092896	25	11	1	NA	NA
4	0.756830601092896	25	11	1	NA	NA
3	0.756830601092896	25	11	1	NA	NA
2	0.756830601092896	25	11	1	NA	NA
3	0.756830601092896	27.5	11	1	NA	NA
2	0.756830601092896	21.5	11	1	NA	NA
4	0.756830601092896	26.5	11	1	NA	NA
3	0.756830601092896	28	11	1	NA	NA
2	0.756830601092896	26.5	11	1	NA	NA
3	0.756830601092896	24.5	11	1	NA	NA
9	0.685792349726776	30	12	1	NA	NA
6	0.685792349726776	29	12	1	NA	NA
8	0.685792349726776	32	12	1	NA	NA
2	0.685792349726776	25.5	12	1	NA	NA
2	0.685792349726776	26	12	1	NA	NA
7	0.685792349726776	29	12	1	NA	NA
6	0.685792349726776	27	12	1	NA	NA
7	0.685792349726776	30.5	12	1	NA	NA
3	0.685792349726776	25.5	12	1	NA	NA
2	0.685792349726776	25	12	1	NA	NA
7	0.685792349726776	29	12	1	NA	NA
7	0.685792349726776	29	12	1	NA	NA
7	0.685792349726776	29	12	1	NA	NA
9	0.685792349726776	31	12	1	NA	NA
7	0.685792349726776	29	12	1	NA	NA
2	0.685792349726776	25	12	1	NA	NA
7	0.685792349726776	29.5	12	1	NA	NA
2	0.685792349726776	25.5	12	1	NA	NA
2	0.685792349726776	25.5	12	1	NA	NA
6	0.685792349726776	28	12	1	NA	NA
7	0.685792349726776	29	12	1	NA	NA
7	0.685792349726776	29.5	12	1	NA	NA
8	0.685792349726776	30.5	12	1	NA	NA
3	0.685792349726776	24.5	12	1	NA	NA
7	0.685792349726776	30	12	1	NA	NA
7	0.685792349726776	30	12	1	NA	NA
8	0.685792349726776	29	12	1	NA	NA
9	0.685792349726776	31.5	12	1	NA	NA
7	0.685792349726776	29.5	12	1	NA	NA
2	0.685792349726776	26	12	1	NA	NA
2	0.445355191256831	22.5	10	1	NA	NA
2	0.445355191256831	23	10	1	NA	NA
3	0.445355191256831	24.5	10	1	NA	NA
2	0.445355191256831	22.5	10	1	NA	NA
3	0.445355191256831	24	10	1	NA	NA
2	0.445355191256831	23	10	1	NA	NA
2	0.445355191256831	26.5	10	1	NA	NA
3	0.445355191256831	25.5	10	1	NA	NA
2	0.445355191256831	22	10	1	NA	NA
2	0.445355191256831	24.5	10	1	NA	NA
2	0.445355191256831	24	10	1	NA	NA
2	0.445355191256831	26	10	1	NA	NA
2	0.445355191256831	23.5	10	1	NA	NA
2	0.445355191256831	21	10	1	NA	NA
3	0.445355191256831	22.5	10	1	NA	NA
7	0.445355191256831	28	10	1	NA	NA
3	0.445355191256831	25	10	1	NA	NA
2	0.445355191256831	24.5	10	1	NA	NA
2	0.445355191256831	25.5	10	1	NA	NA
3	0.445355191256831	24	10	1	NA	NA
2	0.445355191256831	25.5	10	1	NA	NA
2	0.445355191256831	23.5	10	1	NA	NA
3	0.445355191256831	25	10	1	NA	NA
2	0.445355191256831	23.5	10	1	NA	NA
2	0.445355191256831	25.5	10	1	NA	NA
2	0.445355191256831	25	10	1	NA	NA
3	0.445355191256831	24	10	1	NA	NA
2	0.445355191256831	24.5	10	1	NA	NA
2	0.445355191256831	23.5	10	1	NA	NA
3	0.445355191256831	23	10	1	NA	NA
2	0.445355191256831	22.5	10	1	NA	NA
3	0.445355191256831	23	10	1	NA	NA
2	0.445355191256831	23	10	1	NA	NA
2	0.445355191256831	21	10	1	NA	NA
2	0.445355191256831	24	10	1	NA	NA
2	0.445355191256831	21	10	1	NA	NA
3	0.445355191256831	22	10	1	NA	NA
3	0.445355191256831	22	10	1	NA	NA
2	0.445355191256831	23.5	10	1	NA	NA
1	0.445355191256831	20.5	10	1	NA	NA
3	0.445355191256831	25	10	1	NA	NA
2	0.445355191256831	24	10	1	NA	NA
2	0.445355191256831	22	10	1	NA	NA
3	0.445355191256831	22	10	1	NA	NA
2	0.445355191256831	22.5	10	1	NA	NA
2	0.445355191256831	23	10	1	NA	NA
2	0.445355191256831	21.5	10	1	NA	NA
2	0.445355191256831	23	10	1	NA	NA
3	0.445355191256831	22	10	1	NA	NA
2	0.445355191256831	21.5	10	1	NA	NA
4	0.811475409836066	26.5	14	1	NA	NA
2	0.811475409836066	25.5	14	1	NA	NA
1	0.811475409836066	21	14	1	NA	NA
4	0.811475409836066	26	14	1	NA	NA
6	0.811475409836066	27.5	14	1	NA	NA
7	0.811475409836066	26.5	14	1	NA	NA
6	0.811475409836066	27	14	1	NA	NA
7	0.811475409836066	28	14	1	NA	NA
2	0.811475409836066	25.5	14	1	NA	NA
6	0.811475409836066	26.5	14	1	NA	NA
6	0.811475409836066	26	14	1	NA	NA
2	0.811475409836066	25.5	14	1	NA	NA
6	0.811475409836066	28	14	1	NA	NA
4	0.811475409836066	24.5	14	1	NA	NA
2	0.811475409836066	24	14	1	NA	NA
6	0.811475409836066	28	14	1	NA	NA
5	0.811475409836066	27	14	1	NA	NA
4	0.811475409836066	27	14	1	NA	NA
3	0.811475409836066	25	14	1	NA	NA
4	0.811475409836066	26.5	14	1	NA	NA
7	0.811475409836066	28	14	1	NA	NA
4	0.811475409836066	26.5	14	1	NA	NA
1	0.811475409836066	20.5	14	1	NA	NA
4	0.811475409836066	26	14	1	NA	NA
2	0.811475409836066	25.5	14	1	NA	NA
7	0.811475409836066	27.5	14	1	NA	NA
6	0.811475409836066	27	14	1	NA	NA
7	0.811475409836066	28	14	1	NA	NA
5	0.811475409836066	26.5	14	1	NA	NA
2	0.811475409836066	25.5	14	1	NA	NA
7	0.401639344262295	27	13	1	NA	NA
7	0.401639344262295	28	13	1	NA	NA
6	0.401639344262295	26.5	13	1	NA	NA
3	0.401639344262295	26.5	13	1	NA	NA
2	0.401639344262295	25	13	1	NA	NA
6	0.401639344262295	27.5	13	1	NA	NA
3	0.401639344262295	27	13	1	NA	NA
9	0.401639344262295	29.5	13	1	NA	NA
2	0.401639344262295	25	13	1	NA	NA
4	0.401639344262295	25.5	13	1	NA	NA
8	0.401639344262295	28	13	1	NA	NA
7	0.401639344262295	29	13	1	NA	NA
7	0.401639344262295	29	13	1	NA	NA
7	0.401639344262295	26.5	13	1	NA	NA
4	0.401639344262295	26	13	1	NA	NA
4	0.401639344262295	26	13	1	NA	NA
7	0.401639344262295	26	13	1	NA	NA
7	0.401639344262295	26.5	13	1	NA	NA
3	0.401639344262295	23.5	13	1	NA	NA
5	0.401639344262295	25	13	1	NA	NA
7	0.401639344262295	25.5	13	1	NA	NA
3	0.401639344262295	25	13	1	NA	NA
7	0.401639344262295	25	13	1	NA	NA
6	0.401639344262295	26.5	13	1	NA	NA
7	0.401639344262295	28	13	1	NA	NA
3	0.401639344262295	25.5	13	1	NA	NA
7	0.401639344262295	28	13	1	NA	NA
7	0.401639344262295	27	13	1	NA	NA
7	0.401639344262295	27.5	13	1	NA	NA
4	0.401639344262295	24	13	1	NA	NA
7	0.401639344262295	27.5	13	1	NA	NA
4	0.401639344262295	24	13	1	NA	NA
6	0.401639344262295	27	13	1	NA	NA
6	0.401639344262295	26	13	1	NA	NA
4	0.401639344262295	25.5	13	1	NA	NA
6	0.401639344262295	27	13	1	NA	NA
2	0.401639344262295	25.5	13	1	NA	NA
2	0.401639344262295	23	13	1	NA	NA
3	0.401639344262295	25	13	1	NA	NA
2	0.401639344262295	23.5	13	1	NA	NA
6	0.401639344262295	26.5	13	1	NA	NA
7	0.401639344262295	26.5	13	1	NA	NA
2	0.401639344262295	25	13	1	NA	NA
3	0.401639344262295	26.5	13	1	NA	NA
6	0.401639344262295	26.5	13	1	NA	NA
5	0.401639344262295	26.5	13	1	NA	NA
9	0.401639344262295	29.5	13	1	NA	NA
7	0.401639344262295	27.5	13	1	NA	NA
2	0.401639344262295	25.5	13	1	NA	NA
2	0.401639344262295	26	13	1	NA	NA
6	0.486338797814208	27	15	1	NA	NA
7	0.486338797814208	28.5	15	1	NA	NA
7	0.486338797814208	27	15	1	NA	NA
6	0.486338797814208	28	15	1	NA	NA
5	0.486338797814208	28	15	1	NA	NA
6	0.486338797814208	28.5	15	1	NA	NA
7	0.486338797814208	27	15	1	NA	NA
9	0.486338797814208	28.5	15	1	NA	NA
6	0.486338797814208	28	15	1	NA	NA
7	0.486338797814208	28	15	1	NA	NA
6	0.486338797814208	29.5	15	1	NA	NA
6	0.486338797814208	28.5	15	1	NA	NA
4	0.486338797814208	27	15	1	NA	NA
7	0.486338797814208	28.5	15	1	NA	NA
6	0.486338797814208	27.5	15	1	NA	NA
4	0.486338797814208	25.5	15	1	NA	NA
4	0.486338797814208	28	15	1	NA	NA
4	0.486338797814208	25.5	15	1	NA	NA
6	0.486338797814208	30.5	15	1	NA	NA
4	0.486338797814208	27.5	15	1	NA	NA
7	0.486338797814208	29	15	1	NA	NA
6	0.486338797814208	29	15	1	NA	NA
6	0.486338797814208	29	15	1	NA	NA
5	0.486338797814208	26.5	15	1	NA	NA
7	0.486338797814208	26.5	15	1	NA	NA
6	0.486338797814208	28	15	1	NA	NA
9	0.486338797814208	30	15	1	NA	NA
7	0.486338797814208	26.5	15	1	NA	NA
7	0.486338797814208	27	15	1	NA	NA
7	0.486338797814208	27	15	1	NA	NA
6	0.486338797814208	27	15	1	NA	NA
6	0.486338797814208	27	15	1	NA	NA
7	0.486338797814208	27	15	1	NA	NA
8	0.486338797814208	26	15	1	NA	NA
5	0.486338797814208	27	15	1	NA	NA
7	0.486338797814208	27.5	15	1	NA	NA
3	0.486338797814208	26	15	1	NA	NA
6	0.486338797814208	27.5	15	1	NA	NA
4	0.486338797814208	26.5	15	1	NA	NA
4	0.486338797814208	26.5	15	1	NA	NA
7	0.486338797814208	28.5	15	1	NA	NA
6	0.486338797814208	27	15	1	NA	NA
6	0.486338797814208	29	15	1	NA	NA
6	0.486338797814208	30	15	1	NA	NA
3	0.486338797814208	26.5	15	1	NA	NA
6	0.486338797814208	27	15	1	NA	NA
6	0.486338797814208	27.5	15	1	NA	NA
4	0.486338797814208	26	15	1	NA	NA
6	0.486338797814208	27.5	15	1	NA	NA
6	0.486338797814208	26	15	1	NA	NA
4	0.478142076502732	24	16	1	NA	NA
4	0.478142076502732	26.5	16	1	NA	NA
2	0.478142076502732	24	16	1	NA	NA
4	0.478142076502732	25	16	1	NA	NA
6	0.478142076502732	26.5	16	1	NA	NA
4	0.478142076502732	25	16	1	NA	NA
7	0.478142076502732	26.5	16	1	NA	NA
2	0.478142076502732	24	16	1	NA	NA
4	0.478142076502732	26	16	1	NA	NA
4	0.478142076502732	25.5	16	1	NA	NA
4	0.478142076502732	25	16	1	NA	NA
7	0.478142076502732	26	16	1	NA	NA
5	0.478142076502732	25.5	16	1	NA	NA
2	0.478142076502732	25	16	1	NA	NA
3	0.478142076502732	25	16	1	NA	NA
5	0.478142076502732	25.5	16	1	NA	NA
4	0.478142076502732	25.5	16	1	NA	NA
4	0.478142076502732	25	16	1	NA	NA
2	0.478142076502732	25	16	1	NA	NA
2	0.478142076502732	23	16	1	NA	NA
3	0.478142076502732	24	16	1	NA	NA
4	0.478142076502732	25.5	16	1	NA	NA
6	0.478142076502732	25.5	16	1	NA	NA
4	0.478142076502732	24.5	16	1	NA	NA
5	0.478142076502732	26.5	16	1	NA	NA
4	0.478142076502732	24.5	16	1	NA	NA
6	0.478142076502732	26	16	1	NA	NA
2	0.478142076502732	26.5	16	1	NA	NA
5	0.478142076502732	26.5	16	1	NA	NA
4	0.478142076502732	25	16	1	NA	NA
3	0.478142076502732	24	16	1	NA	NA
3	0.478142076502732	26	16	1	NA	NA
7	0.478142076502732	28	16	1	NA	NA
4	0.478142076502732	24.5	16	1	NA	NA
4	0.478142076502732	26	16	1	NA	NA
3	0.478142076502732	24	16	1	NA	NA
4	0.478142076502732	25.5	16	1	NA	NA
2	0.478142076502732	25	16	1	NA	NA
2	0.478142076502732	25.5	16	1	NA	NA
6	0.478142076502732	25.5	16	1	NA	NA
4	0.478142076502732	26.5	16	1	NA	NA
2	0.478142076502732	24	16	1	NA	NA
2	0.478142076502732	25	16	1	NA	NA
4	0.478142076502732	26.5	16	1	NA	NA
4	0.478142076502732	26	16	1	NA	NA
4	0.478142076502732	26	16	1	NA	NA
4	0.478142076502732	25	16	1	NA	NA
4	0.478142076502732	25	16	1	NA	NA
2	0.478142076502732	25.5	16	1	NA	NA
2	0.478142076502732	22.5	16	1	NA	NA
4	0.450819672131148	26	17	1	NA	NA
5	0.450819672131148	25.5	17	1	NA	NA
2	0.450819672131148	22.5	17	1	NA	NA
9	0.450819672131148	27.5	17	1	NA	NA
2	0.450819672131148	24	17	1	NA	NA
2	0.450819672131148	24	17	1	NA	NA
2	0.450819672131148	23.5	17	1	NA	NA
2	0.450819672131148	22.5	17	1	NA	NA
2	0.450819672131148	21	17	1	NA	NA
2	0.450819672131148	23.5	17	1	NA	NA
2	0.450819672131148	21	17	1	NA	NA
2	0.450819672131148	23	17	1	NA	NA
6	0.450819672131148	25.5	17	1	NA	NA
2	0.450819672131148	21.5	17	1	NA	NA
2	0.450819672131148	20.5	17	1	NA	NA
2	0.450819672131148	22.5	17	1	NA	NA
2	0.450819672131148	23.5	17	1	NA	NA
3	0.450819672131148	22.5	17	1	NA	NA
2	0.450819672131148	20	17	1	NA	NA
2	0.450819672131148	20	17	1	NA	NA
2	0.450819672131148	21	17	1	NA	NA
1	0.450819672131148	20.5	17	1	NA	NA
2	0.450819672131148	23	17	1	NA	NA
2	0.450819672131148	23	17	1	NA	NA
2	0.450819672131148	22	17	1	NA	NA
3	0.450819672131148	23.5	17	1	NA	NA
2	0.450819672131148	22.5	17	1	NA	NA
2	0.450819672131148	21	17	1	NA	NA
3	0.450819672131148	24	17	1	NA	NA
2	0.450819672131148	20.5	17	1	NA	NA
2	0.450819672131148	23	17	1	NA	NA
2	0.450819672131148	23	17	1	NA	NA
2	0.450819672131148	22.5	17	1	NA	NA
2	0.450819672131148	24	17	1	NA	NA
2	0.450819672131148	24	17	1	NA	NA
2	0.450819672131148	21.5	17	1	NA	NA
2	0.450819672131148	24	17	1	NA	NA
2	0.450819672131148	24	17	1	NA	NA
2	0.450819672131148	25	17	1	NA	NA
5	0.450819672131148	25	17	1	NA	NA
6	0.450819672131148	25	17	1	NA	NA
2	0.450819672131148	22	17	1	NA	NA
2	0.450819672131148	22.5	17	1	NA	NA
2	0.450819672131148	22	17	1	NA	NA
2	0.450819672131148	20	17	1	NA	NA
2	0.450819672131148	25	17	1	NA	NA
2	0.450819672131148	21	17	1	NA	NA
2	0.450819672131148	20.5	17	1	NA	NA
2	0.450819672131148	21.5	17	1	NA	NA
2	0.450819672131148	23	17	1	NA	NA
6	0.655737704918033	29	18	1	NA	NA
7	0.655737704918033	28.5	18	1	NA	NA
6	0.655737704918033	28.5	18	1	NA	NA
7	0.655737704918033	29	18	1	NA	NA
6	0.655737704918033	29	18	1	NA	NA
6	0.655737704918033	29	18	1	NA	NA
6	0.655737704918033	28	18	1	NA	NA
7	0.655737704918033	29	18	1	NA	NA
7	0.655737704918033	29.5	18	1	NA	NA
6	0.655737704918033	29.5	18	1	NA	NA
7	0.655737704918033	31	18	1	NA	NA
9	0.655737704918033	32	18	1	NA	NA
9	0.655737704918033	30.5	18	1	NA	NA
6	0.655737704918033	29.5	18	1	NA	NA
6	0.655737704918033	27.5	18	1	NA	NA
7	0.655737704918033	28.5	18	1	NA	NA
6	0.655737704918033	29	18	1	NA	NA
5	0.655737704918033	29	18	1	NA	NA
6	0.655737704918033	29	18	1	NA	NA
7	0.655737704918033	30.5	18	1	NA	NA
7	0.655737704918033	29	18	1	NA	NA
9	0.655737704918033	31.5	18	1	NA	NA
6	0.655737704918033	28	18	1	NA	NA
6	0.655737704918033	29	18	1	NA	NA
6	0.655737704918033	29	18	1	NA	NA
3	0.655737704918033	27	18	1	NA	NA
6	0.655737704918033	30	18	1	NA	NA
3	0.655737704918033	27	18	1	NA	NA
6	0.655737704918033	28.5	18	1	NA	NA
9	0.655737704918033	30.5	18	1	NA	NA
3	0.453551912568306	24	19	1	NA	NA
2	0.453551912568306	20.5	19	1	NA	NA
2	0.453551912568306	21	19	1	NA	NA
2	0.453551912568306	24	19	1	NA	NA
2	0.453551912568306	25	19	1	NA	NA
2	0.453551912568306	22.5	19	1	NA	NA
2	0.453551912568306	23	19	1	NA	NA
2	0.453551912568306	23.5	19	1	NA	NA
2	0.453551912568306	21.5	19	1	NA	NA
2	0.453551912568306	21	19	1	NA	NA
2	0.453551912568306	23.5	19	1	NA	NA
2	0.453551912568306	26	19	1	NA	NA
2	0.453551912568306	23.5	19	1	NA	NA
2	0.453551912568306	22	19	1	NA	NA
2	0.453551912568306	23	19	1	NA	NA
2	0.453551912568306	21	19	1	NA	NA
2	0.453551912568306	23	19	1	NA	NA
2	0.453551912568306	24	19	1	NA	NA
2	0.453551912568306	21	19	1	NA	NA
2	0.453551912568306	24	19	1	NA	NA
2	0.453551912568306	20.5	19	1	NA	NA
2	0.453551912568306	22.5	19	1	NA	NA
2	0.453551912568306	23.5	19	1	NA	NA
1	0.453551912568306	21	19	1	NA	NA
2	0.453551912568306	21	19	1	NA	NA
2	0.453551912568306	23.5	19	1	NA	NA
2	0.453551912568306	24	19	1	NA	NA
2	0.453551912568306	19.5	19	1	NA	NA
2	0.453551912568306	23	19	1	NA	NA
2	0.453551912568306	22	19	1	NA	NA
2	0.453551912568306	22	19	1	NA	NA
6	0.453551912568306	26.5	19	1	NA	NA
2	0.453551912568306	22	19	1	NA	NA
2	0.453551912568306	21.5	19	1	NA	NA
2	0.453551912568306	24.5	19	1	NA	NA
2	0.453551912568306	19.5	19	1	NA	NA
2	0.453551912568306	20.5	19	1	NA	NA
2	0.453551912568306	22	19	1	NA	NA
2	0.453551912568306	21	19	1	NA	NA
2	0.453551912568306	21	19	1	NA	NA
2	0.453551912568306	25	19	1	NA	NA
1	0.453551912568306	19.5	19	1	NA	NA
2	0.453551912568306	22.5	19	1	NA	NA
1	0.453551912568306	19	19	1	NA	NA
2	0.453551912568306	22.5	19	1	NA	NA
2	0.453551912568306	24.5	19	1	NA	NA
2	0.453551912568306	22	19	1	NA	NA
2	0.453551912568306	24.5	19	1	NA	NA
3	0.453551912568306	24	19	1	NA	NA
2	0.453551912568306	22.5	19	1	NA	NA
3	0.461748633879781	24	20	1	NA	NA
2	0.461748633879781	24	20	1	NA	NA
3	0.461748633879781	24	20	1	NA	NA
4	0.461748633879781	24	20	1	NA	NA
2	0.461748633879781	23	20	1	NA	NA
3	0.461748633879781	24	20	1	NA	NA
3	0.461748633879781	24.5	20	1	NA	NA
4	0.461748633879781	25.5	20	1	NA	NA
4	0.461748633879781	24.5	20	1	NA	NA
8	0.461748633879781	28.5	20	1	NA	NA
2	0.461748633879781	24	20	1	NA	NA
2	0.461748633879781	23	20	1	NA	NA
3	0.461748633879781	22.5	20	1	NA	NA
3	0.461748633879781	23.5	20	1	NA	NA
4	0.461748633879781	24	20	1	NA	NA
4	0.461748633879781	24.5	20	1	NA	NA
3	0.461748633879781	23	20	1	NA	NA
4	0.461748633879781	24.5	20	1	NA	NA
3	0.461748633879781	24.5	20	1	NA	NA
2	0.461748633879781	24.5	20	1	NA	NA
4	0.461748633879781	25	20	1	NA	NA
2	0.461748633879781	24	20	1	NA	NA
2	0.461748633879781	23	20	1	NA	NA
2	0.461748633879781	23	20	1	NA	NA
4	0.461748633879781	23.5	20	1	NA	NA
2	0.461748633879781	24.5	20	1	NA	NA
3	0.461748633879781	25.5	20	1	NA	NA
3	0.461748633879781	24	20	1	NA	NA
2	0.461748633879781	25	20	1	NA	NA
3	0.461748633879781	24.5	20	1	NA	NA
