"weightKG"	"lengthCM"	"samplingID"	"partnumber"	"otolithtype"	"partcount"
0.215	28	2	"NA/19/2020/9000/20_10_38410_2"	NA	NA
0.22	27	2	"NA/19/2020/9000/20_10_38410_2"	NA	NA
0.219	27	2	"NA/19/2020/9000/20_10_38410_2"	NA	NA
0.163	24.5	2	"NA/19/2020/9000/20_10_38410_2"	NA	NA
0.138	23	2	"NA/19/2020/9000/20_10_38410_2"	NA	NA
0.184	26.5	2	"NA/19/2020/9000/20_10_38410_2"	NA	NA
0.2	26	2	"NA/19/2020/9000/20_10_38410_2"	NA	NA
0.159	26	2	"NA/19/2020/9000/20_10_38410_2"	NA	NA
0.128	24	2	"NA/19/2020/9000/20_10_38410_2"	NA	NA
0.167	25.5	2	"NA/19/2020/9000/20_10_38410_2"	NA	NA
0.196	26.5	2	"NA/19/2020/9000/20_10_38410_2"	NA	NA
0.188	26.5	2	"NA/19/2020/9000/20_10_38410_2"	NA	NA
0.156	26	2	"NA/19/2020/9000/20_10_38410_2"	NA	NA
0.221	28	2	"NA/19/2020/9000/20_10_38410_2"	NA	NA
0.239	27	2	"NA/19/2020/9000/20_10_38410_2"	NA	NA
0.22	28	2	"NA/19/2020/9000/20_10_38410_2"	NA	NA
0.153	24.5	2	"NA/19/2020/9000/20_10_38410_2"	NA	NA
0.191	26.5	2	"NA/19/2020/9000/20_10_38410_2"	NA	NA
0.185	28	2	"NA/19/2020/9000/20_10_38410_2"	NA	NA
0.179	26	2	"NA/19/2020/9000/20_10_38410_2"	NA	NA
0.204	26.5	2	"NA/19/2020/9000/20_10_38410_2"	NA	NA
0.21	28	2	"NA/19/2020/9000/20_10_38410_2"	NA	NA
0.131	23	2	"NA/19/2020/9000/20_10_38410_2"	NA	NA
0.128	23	2	"NA/19/2020/9000/20_10_38410_2"	NA	NA
0.242	29.5	2	"NA/19/2020/9000/20_10_38410_2"	NA	NA
0.179	25	2	"NA/19/2020/9000/20_10_38410_2"	NA	NA
0.144	25	2	"NA/19/2020/9000/20_10_38410_2"	NA	NA
0.212	29	2	"NA/19/2020/9000/20_10_38410_2"	NA	NA
0.158	25	2	"NA/19/2020/9000/20_10_38410_2"	NA	NA
0.155	25	2	"NA/19/2020/9000/20_10_38410_2"	NA	NA
0.211	27	2	"NA/19/2020/9000/20_10_38410_2"	NA	NA
0.175	26.5	2	"NA/19/2020/9000/20_10_38410_2"	NA	NA
0.138	23	2	"NA/19/2020/9000/20_10_38410_2"	NA	NA
0.153	25	2	"NA/19/2020/9000/20_10_38410_2"	NA	NA
0.116	24	2	"NA/19/2020/9000/20_10_38410_2"	NA	NA
0.152	24	2	"NA/19/2020/9000/20_10_38410_2"	NA	NA
0.207	27.5	2	"NA/19/2020/9000/20_10_38410_2"	NA	NA
0.107	23	2	"NA/19/2020/9000/20_10_38410_2"	NA	NA
0.178	26.5	2	"NA/19/2020/9000/20_10_38410_2"	NA	NA
0.183	25	2	"NA/19/2020/9000/20_10_38410_2"	NA	NA
0.141	24.5	2	"NA/19/2020/9000/20_10_38410_2"	NA	NA
0.193	27	2	"NA/19/2020/9000/20_10_38410_2"	NA	NA
0.171	25.5	2	"NA/19/2020/9000/20_10_38410_2"	NA	NA
0.149	25	2	"NA/19/2020/9000/20_10_38410_2"	NA	NA
0.175	26	2	"NA/19/2020/9000/20_10_38410_2"	NA	NA
0.146	24.5	2	"NA/19/2020/9000/20_10_38410_2"	NA	NA
0.231	29	2	"NA/19/2020/9000/20_10_38410_2"	NA	NA
0.18	25.5	2	"NA/19/2020/9000/20_10_38410_2"	NA	NA
0.095	22	2	"NA/19/2020/9000/20_10_38410_2"	NA	NA
0.236	27.5	2	"NA/19/2020/9000/20_10_38410_2"	NA	NA
0.22	29	3	"NA/19/2020/9000/20_11_38411_3"	NA	NA
0.209	28	3	"NA/19/2020/9000/20_11_38411_3"	NA	NA
0.202	28	3	"NA/19/2020/9000/20_11_38411_3"	NA	NA
0.217	29	3	"NA/19/2020/9000/20_11_38411_3"	NA	NA
0.216	28	3	"NA/19/2020/9000/20_11_38411_3"	NA	NA
0.211	29.5	3	"NA/19/2020/9000/20_11_38411_3"	NA	NA
0.145	26	3	"NA/19/2020/9000/20_11_38411_3"	NA	NA
0.203	28.5	3	"NA/19/2020/9000/20_11_38411_3"	NA	NA
0.284	29.5	3	"NA/19/2020/9000/20_11_38411_3"	NA	NA
0.202	27.5	3	"NA/19/2020/9000/20_11_38411_3"	NA	NA
0.203	26.5	3	"NA/19/2020/9000/20_11_38411_3"	NA	NA
0.223	27.5	3	"NA/19/2020/9000/20_11_38411_3"	NA	NA
0.21	28.5	3	"NA/19/2020/9000/20_11_38411_3"	NA	NA
0.182	26	3	"NA/19/2020/9000/20_11_38411_3"	NA	NA
0.197	27	3	"NA/19/2020/9000/20_11_38411_3"	NA	NA
0.219	27	3	"NA/19/2020/9000/20_11_38411_3"	NA	NA
0.199	28.5	3	"NA/19/2020/9000/20_11_38411_3"	NA	NA
0.2	27	3	"NA/19/2020/9000/20_11_38411_3"	NA	NA
0.21	28	3	"NA/19/2020/9000/20_11_38411_3"	NA	NA
0.207	28.5	3	"NA/19/2020/9000/20_11_38411_3"	NA	NA
0.195	28	3	"NA/19/2020/9000/20_11_38411_3"	NA	NA
0.222	28	3	"NA/19/2020/9000/20_11_38411_3"	NA	NA
0.214	28	3	"NA/19/2020/9000/20_11_38411_3"	NA	NA
0.185	28	3	"NA/19/2020/9000/20_11_38411_3"	NA	NA
0.229	29.5	3	"NA/19/2020/9000/20_11_38411_3"	NA	NA
0.186	27.5	4	"NA/19/2020/9000/20_12_38412_2"	NA	NA
0.158	25.5	4	"NA/19/2020/9000/20_12_38412_2"	NA	NA
0.158	26	4	"NA/19/2020/9000/20_12_38412_2"	NA	NA
0.154	25	4	"NA/19/2020/9000/20_12_38412_2"	NA	NA
0.127	24	4	"NA/19/2020/9000/20_12_38412_2"	NA	NA
0.143	25	4	"NA/19/2020/9000/20_12_38412_2"	NA	NA
0.143	25	4	"NA/19/2020/9000/20_12_38412_2"	NA	NA
0.156	27	4	"NA/19/2020/9000/20_12_38412_2"	NA	NA
0.099	21	4	"NA/19/2020/9000/20_12_38412_2"	NA	NA
0.154	24	4	"NA/19/2020/9000/20_12_38412_2"	NA	NA
0.135	24	4	"NA/19/2020/9000/20_12_38412_2"	NA	NA
0.138	24	4	"NA/19/2020/9000/20_12_38412_2"	NA	NA
0.143	23.5	4	"NA/19/2020/9000/20_12_38412_2"	NA	NA
0.215	27	4	"NA/19/2020/9000/20_12_38412_2"	NA	NA
0.148	24	4	"NA/19/2020/9000/20_12_38412_2"	NA	NA
0.146	24.5	4	"NA/19/2020/9000/20_12_38412_2"	NA	NA
0.153	23.5	4	"NA/19/2020/9000/20_12_38412_2"	NA	NA
0.136	24	4	"NA/19/2020/9000/20_12_38412_2"	NA	NA
0.153	24	4	"NA/19/2020/9000/20_12_38412_2"	NA	NA
0.117	23	4	"NA/19/2020/9000/20_12_38412_2"	NA	NA
0.147	24	4	"NA/19/2020/9000/20_12_38412_2"	NA	NA
0.141	24	4	"NA/19/2020/9000/20_12_38412_2"	NA	NA
0.121	22	4	"NA/19/2020/9000/20_12_38412_2"	NA	NA
0.152	24.5	4	"NA/19/2020/9000/20_12_38412_2"	NA	NA
0.098	21.5	4	"NA/19/2020/9000/20_12_38412_2"	NA	NA
0.118	22.5	4	"NA/19/2020/9000/20_12_38412_2"	NA	NA
0.102	22	4	"NA/19/2020/9000/20_12_38412_2"	NA	NA
0.147	25	4	"NA/19/2020/9000/20_12_38412_2"	NA	NA
0.175	25.5	4	"NA/19/2020/9000/20_12_38412_2"	NA	NA
0.147	24	4	"NA/19/2020/9000/20_12_38412_2"	NA	NA
0.091	22	5	"NA/19/2020/9000/20_13_38413_1"	NA	NA
0.104	22	5	"NA/19/2020/9000/20_13_38413_1"	NA	NA
0.138	25.5	5	"NA/19/2020/9000/20_13_38413_1"	NA	NA
0.117	23	5	"NA/19/2020/9000/20_13_38413_1"	NA	NA
0.096	22	5	"NA/19/2020/9000/20_13_38413_1"	NA	NA
0.168	27	5	"NA/19/2020/9000/20_13_38413_1"	NA	NA
0.152	25.5	5	"NA/19/2020/9000/20_13_38413_1"	NA	NA
0.136	26	5	"NA/19/2020/9000/20_13_38413_1"	NA	NA
0.102	22.5	5	"NA/19/2020/9000/20_13_38413_1"	NA	NA
0.131	25.5	5	"NA/19/2020/9000/20_13_38413_1"	NA	NA
0.159	26	5	"NA/19/2020/9000/20_13_38413_1"	NA	NA
0.195	26.5	5	"NA/19/2020/9000/20_13_38413_1"	NA	NA
0.123	24.5	5	"NA/19/2020/9000/20_13_38413_1"	NA	NA
0.158	26	5	"NA/19/2020/9000/20_13_38413_1"	NA	NA
0.111	22.5	5	"NA/19/2020/9000/20_13_38413_1"	NA	NA
0.129	25.5	5	"NA/19/2020/9000/20_13_38413_1"	NA	NA
0.136	25.5	5	"NA/19/2020/9000/20_13_38413_1"	NA	NA
0.102	23	5	"NA/19/2020/9000/20_13_38413_1"	NA	NA
0.104	22.5	5	"NA/19/2020/9000/20_13_38413_1"	NA	NA
0.143	24.5	5	"NA/19/2020/9000/20_13_38413_1"	NA	NA
0.122	24.5	5	"NA/19/2020/9000/20_13_38413_1"	NA	NA
0.114	23	5	"NA/19/2020/9000/20_13_38413_1"	NA	NA
0.195	27.5	5	"NA/19/2020/9000/20_13_38413_1"	NA	NA
0.087	21.5	5	"NA/19/2020/9000/20_13_38413_1"	NA	NA
0.119	24	5	"NA/19/2020/9000/20_13_38413_1"	NA	NA
0.165	26.5	5	"NA/19/2020/9000/20_13_38413_1"	NA	NA
0.118	23.5	5	"NA/19/2020/9000/20_13_38413_1"	NA	NA
0.136	25.5	5	"NA/19/2020/9000/20_13_38413_1"	NA	NA
0.156	26	5	"NA/19/2020/9000/20_13_38413_1"	NA	NA
0.125	24.5	5	"NA/19/2020/9000/20_13_38413_1"	NA	NA
0.142	27	5	"NA/19/2020/9000/20_13_38413_1"	NA	NA
0.115	24	5	"NA/19/2020/9000/20_13_38413_1"	NA	NA
0.132	24.5	5	"NA/19/2020/9000/20_13_38413_1"	NA	NA
0.108	23	5	"NA/19/2020/9000/20_13_38413_1"	NA	NA
0.104	23	5	"NA/19/2020/9000/20_13_38413_1"	NA	NA
0.115	23.5	5	"NA/19/2020/9000/20_13_38413_1"	NA	NA
0.118	24	5	"NA/19/2020/9000/20_13_38413_1"	NA	NA
0.149	25.5	5	"NA/19/2020/9000/20_13_38413_1"	NA	NA
0.136	25	5	"NA/19/2020/9000/20_13_38413_1"	NA	NA
0.153	26.5	5	"NA/19/2020/9000/20_13_38413_1"	NA	NA
0.144	24.5	5	"NA/19/2020/9000/20_13_38413_1"	NA	NA
0.153	25.5	5	"NA/19/2020/9000/20_13_38413_1"	NA	NA
0.091	22	5	"NA/19/2020/9000/20_13_38413_1"	NA	NA
0.13	24.5	5	"NA/19/2020/9000/20_13_38413_1"	NA	NA
0.174	27.5	5	"NA/19/2020/9000/20_13_38413_1"	NA	NA
0.164	26.5	5	"NA/19/2020/9000/20_13_38413_1"	NA	NA
0.111	23.5	5	"NA/19/2020/9000/20_13_38413_1"	NA	NA
0.112	24	5	"NA/19/2020/9000/20_13_38413_1"	NA	NA
0.171	27	5	"NA/19/2020/9000/20_13_38413_1"	NA	NA
0.127	24	5	"NA/19/2020/9000/20_13_38413_1"	NA	NA
0.233	27.5	6	"NA/19/2020/9000/20_14_38414_1"	NA	NA
0.231	28	6	"NA/19/2020/9000/20_14_38414_1"	NA	NA
0.22	28.5	6	"NA/19/2020/9000/20_14_38414_1"	NA	NA
0.204	27	6	"NA/19/2020/9000/20_14_38414_1"	NA	NA
0.205	26	6	"NA/19/2020/9000/20_14_38414_1"	NA	NA
0.2	26	6	"NA/19/2020/9000/20_14_38414_1"	NA	NA
0.236	29	6	"NA/19/2020/9000/20_14_38414_1"	NA	NA
0.158	25.5	6	"NA/19/2020/9000/20_14_38414_1"	NA	NA
0.199	26.5	6	"NA/19/2020/9000/20_14_38414_1"	NA	NA
0.17	26.5	6	"NA/19/2020/9000/20_14_38414_1"	NA	NA
0.239	27.5	6	"NA/19/2020/9000/20_14_38414_1"	NA	NA
0.251	28	6	"NA/19/2020/9000/20_14_38414_1"	NA	NA
0.182	24.5	6	"NA/19/2020/9000/20_14_38414_1"	NA	NA
0.187	26	6	"NA/19/2020/9000/20_14_38414_1"	NA	NA
0.217	28	6	"NA/19/2020/9000/20_14_38414_1"	NA	NA
0.224	28.5	6	"NA/19/2020/9000/20_14_38414_1"	NA	NA
0.201	27	6	"NA/19/2020/9000/20_14_38414_1"	NA	NA
0.179	26.5	6	"NA/19/2020/9000/20_14_38414_1"	NA	NA
0.224	29	6	"NA/19/2020/9000/20_14_38414_1"	NA	NA
0.228	28	6	"NA/19/2020/9000/20_14_38414_1"	NA	NA
0.206	27	6	"NA/19/2020/9000/20_14_38414_1"	NA	NA
0.192	26	6	"NA/19/2020/9000/20_14_38414_1"	NA	NA
0.191	28	6	"NA/19/2020/9000/20_14_38414_1"	NA	NA
0.188	26.5	6	"NA/19/2020/9000/20_14_38414_1"	NA	NA
0.192	26	6	"NA/19/2020/9000/20_14_38414_1"	NA	NA
0.238	29	6	"NA/19/2020/9000/20_14_38414_1"	NA	NA
0.201	26.5	6	"NA/19/2020/9000/20_14_38414_1"	NA	NA
0.212	27.5	6	"NA/19/2020/9000/20_14_38414_1"	NA	NA
0.226	28	6	"NA/19/2020/9000/20_14_38414_1"	NA	NA
0.223	27.5	6	"NA/19/2020/9000/20_14_38414_1"	NA	NA
0.209	28.5	6	"NA/19/2020/9000/20_14_38414_1"	NA	NA
0.213	28	6	"NA/19/2020/9000/20_14_38414_1"	NA	NA
0.176	25.5	6	"NA/19/2020/9000/20_14_38414_1"	NA	NA
0.214	28.5	6	"NA/19/2020/9000/20_14_38414_1"	NA	NA
0.17	26.5	6	"NA/19/2020/9000/20_14_38414_1"	NA	NA
0.189	27	6	"NA/19/2020/9000/20_14_38414_1"	NA	NA
0.2	27.5	6	"NA/19/2020/9000/20_14_38414_1"	NA	NA
0.224	28	6	"NA/19/2020/9000/20_14_38414_1"	NA	NA
0.204	27	6	"NA/19/2020/9000/20_14_38414_1"	NA	NA
0.212	28	6	"NA/19/2020/9000/20_14_38414_1"	NA	NA
0.178	26	6	"NA/19/2020/9000/20_14_38414_1"	NA	NA
0.198	27	6	"NA/19/2020/9000/20_14_38414_1"	NA	NA
0.252	29.5	6	"NA/19/2020/9000/20_14_38414_1"	NA	NA
0.216	29	6	"NA/19/2020/9000/20_14_38414_1"	NA	NA
0.22	27.5	6	"NA/19/2020/9000/20_14_38414_1"	NA	NA
0.185	26.5	6	"NA/19/2020/9000/20_14_38414_1"	NA	NA
0.195	27	6	"NA/19/2020/9000/20_14_38414_1"	NA	NA
0.202	27.5	6	"NA/19/2020/9000/20_14_38414_1"	NA	NA
0.198	28	6	"NA/19/2020/9000/20_14_38414_1"	NA	NA
0.216	28.5	6	"NA/19/2020/9000/20_14_38414_1"	NA	NA
0.237	28	7	"NA/19/2020/9000/20_15_38415_2"	NA	NA
0.235	27.5	7	"NA/19/2020/9000/20_15_38415_2"	NA	NA
0.27	29	7	"NA/19/2020/9000/20_15_38415_2"	NA	NA
0.153	24.5	7	"NA/19/2020/9000/20_15_38415_2"	NA	NA
0.347	31.5	7	"NA/19/2020/9000/20_15_38415_2"	NA	NA
0.139	25	7	"NA/19/2020/9000/20_15_38415_2"	NA	NA
0.199	26.5	7	"NA/19/2020/9000/20_15_38415_2"	NA	NA
0.183	25.5	7	"NA/19/2020/9000/20_15_38415_2"	NA	NA
0.287	30	7	"NA/19/2020/9000/20_15_38415_2"	NA	NA
0.195	27	7	"NA/19/2020/9000/20_15_38415_2"	NA	NA
0.196	28	7	"NA/19/2020/9000/20_15_38415_2"	NA	NA
0.301	30	7	"NA/19/2020/9000/20_15_38415_2"	NA	NA
0.293	30.5	7	"NA/19/2020/9000/20_15_38415_2"	NA	NA
0.155	26	7	"NA/19/2020/9000/20_15_38415_2"	NA	NA
0.269	28	7	"NA/19/2020/9000/20_15_38415_2"	NA	NA
0.158	25	7	"NA/19/2020/9000/20_15_38415_2"	NA	NA
0.212	27	7	"NA/19/2020/9000/20_15_38415_2"	NA	NA
0.266	29	7	"NA/19/2020/9000/20_15_38415_2"	NA	NA
0.143	24.5	7	"NA/19/2020/9000/20_15_38415_2"	NA	NA
0.231	28.5	7	"NA/19/2020/9000/20_15_38415_2"	NA	NA
0.234	28	7	"NA/19/2020/9000/20_15_38415_2"	NA	NA
0.171	25.5	7	"NA/19/2020/9000/20_15_38415_2"	NA	NA
0.316	30.5	7	"NA/19/2020/9000/20_15_38415_2"	NA	NA
0.177	25.5	7	"NA/19/2020/9000/20_15_38415_2"	NA	NA
0.267	29	7	"NA/19/2020/9000/20_15_38415_2"	NA	NA
0.24	29.5	7	"NA/19/2020/9000/20_15_38415_2"	NA	NA
0.177	25.5	7	"NA/19/2020/9000/20_15_38415_2"	NA	NA
0.321	30.5	7	"NA/19/2020/9000/20_15_38415_2"	NA	NA
0.24	29	7	"NA/19/2020/9000/20_15_38415_2"	NA	NA
0.244	28.5	7	"NA/19/2020/9000/20_15_38415_2"	NA	NA
0.095	20.5	8	"NA/19/2020/9000/20_16_38416_2"	NA	NA
0.144	23	8	"NA/19/2020/9000/20_16_38416_2"	NA	NA
0.093	20.5	8	"NA/19/2020/9000/20_16_38416_2"	NA	NA
0.088	20	8	"NA/19/2020/9000/20_16_38416_2"	NA	NA
0.109	22	8	"NA/19/2020/9000/20_16_38416_2"	NA	NA
0.138	23	8	"NA/19/2020/9000/20_16_38416_2"	NA	NA
0.079	19	8	"NA/19/2020/9000/20_16_38416_2"	NA	NA
0.117	22.5	8	"NA/19/2020/9000/20_16_38416_2"	NA	NA
0.124	22	8	"NA/19/2020/9000/20_16_38416_2"	NA	NA
0.129	24	8	"NA/19/2020/9000/20_16_38416_2"	NA	NA
0.126	23	8	"NA/19/2020/9000/20_16_38416_2"	NA	NA
0.089	20	8	"NA/19/2020/9000/20_16_38416_2"	NA	NA
0.08	20.5	8	"NA/19/2020/9000/20_16_38416_2"	NA	NA
0.073	19.5	8	"NA/19/2020/9000/20_16_38416_2"	NA	NA
0.094	21	8	"NA/19/2020/9000/20_16_38416_2"	NA	NA
0.176	25.5	8	"NA/19/2020/9000/20_16_38416_2"	NA	NA
0.14	24	8	"NA/19/2020/9000/20_16_38416_2"	NA	NA
0.088	20.5	8	"NA/19/2020/9000/20_16_38416_2"	NA	NA
0.099	21	8	"NA/19/2020/9000/20_16_38416_2"	NA	NA
0.127	23	8	"NA/19/2020/9000/20_16_38416_2"	NA	NA
0.133	24	8	"NA/19/2020/9000/20_16_38416_2"	NA	NA
0.11	21.5	8	"NA/19/2020/9000/20_16_38416_2"	NA	NA
0.098	21.5	8	"NA/19/2020/9000/20_16_38416_2"	NA	NA
0.154	24	8	"NA/19/2020/9000/20_16_38416_2"	NA	NA
0.106	21.5	8	"NA/19/2020/9000/20_16_38416_2"	NA	NA
0.107	22	8	"NA/19/2020/9000/20_16_38416_2"	NA	NA
0.073	19.5	8	"NA/19/2020/9000/20_16_38416_2"	NA	NA
0.097	22	8	"NA/19/2020/9000/20_16_38416_2"	NA	NA
0.14	23	8	"NA/19/2020/9000/20_16_38416_2"	NA	NA
0.091	20.5	8	"NA/19/2020/9000/20_16_38416_2"	NA	NA
0.083	20	8	"NA/19/2020/9000/20_16_38416_2"	NA	NA
0.149	25.5	8	"NA/19/2020/9000/20_16_38416_2"	NA	NA
0.149	23	8	"NA/19/2020/9000/20_16_38416_2"	NA	NA
0.093	20.5	8	"NA/19/2020/9000/20_16_38416_2"	NA	NA
0.111	22	8	"NA/19/2020/9000/20_16_38416_2"	NA	NA
0.138	23	8	"NA/19/2020/9000/20_16_38416_2"	NA	NA
0.124	23	8	"NA/19/2020/9000/20_16_38416_2"	NA	NA
0.087	19.5	8	"NA/19/2020/9000/20_16_38416_2"	NA	NA
0.146	23.5	8	"NA/19/2020/9000/20_16_38416_2"	NA	NA
0.107	21.5	8	"NA/19/2020/9000/20_16_38416_2"	NA	NA
0.098	21	8	"NA/19/2020/9000/20_16_38416_2"	NA	NA
0.161	24	8	"NA/19/2020/9000/20_16_38416_2"	NA	NA
0.092	20.5	8	"NA/19/2020/9000/20_16_38416_2"	NA	NA
0.083	20	8	"NA/19/2020/9000/20_16_38416_2"	NA	NA
0.093	21	8	"NA/19/2020/9000/20_16_38416_2"	NA	NA
0.126	23	8	"NA/19/2020/9000/20_16_38416_2"	NA	NA
0.154	24.5	8	"NA/19/2020/9000/20_16_38416_2"	NA	NA
0.128	22.5	8	"NA/19/2020/9000/20_16_38416_2"	NA	NA
0.213	28	8	"NA/19/2020/9000/20_16_38416_2"	NA	NA
0.143	23.5	8	"NA/19/2020/9000/20_16_38416_2"	NA	NA
0.108	22	9	"NA/19/2020/9000/20_17_38417_1"	NA	NA
0.08	20	9	"NA/19/2020/9000/20_17_38417_1"	NA	NA
0.155	25	9	"NA/19/2020/9000/20_17_38417_1"	NA	NA
0.082	20	9	"NA/19/2020/9000/20_17_38417_1"	NA	NA
0.082	20	9	"NA/19/2020/9000/20_17_38417_1"	NA	NA
0.111	22	9	"NA/19/2020/9000/20_17_38417_1"	NA	NA
0.124	23	9	"NA/19/2020/9000/20_17_38417_1"	NA	NA
0.155	24.5	9	"NA/19/2020/9000/20_17_38417_1"	NA	NA
0.091	20.5	9	"NA/19/2020/9000/20_17_38417_1"	NA	NA
0.096	21	9	"NA/19/2020/9000/20_17_38417_1"	NA	NA
0.092	21	9	"NA/19/2020/9000/20_17_38417_1"	NA	NA
0.126	22.5	9	"NA/19/2020/9000/20_17_38417_1"	NA	NA
0.149	24	9	"NA/19/2020/9000/20_17_38417_1"	NA	NA
0.07	19.5	9	"NA/19/2020/9000/20_17_38417_1"	NA	NA
0.123	22.5	9	"NA/19/2020/9000/20_17_38417_1"	NA	NA
0.091	20.5	9	"NA/19/2020/9000/20_17_38417_1"	NA	NA
0.157	24.5	9	"NA/19/2020/9000/20_17_38417_1"	NA	NA
0.099	21	9	"NA/19/2020/9000/20_17_38417_1"	NA	NA
0.098	21	9	"NA/19/2020/9000/20_17_38417_1"	NA	NA
0.105	21.5	9	"NA/19/2020/9000/20_17_38417_1"	NA	NA
0.086	20	9	"NA/19/2020/9000/20_17_38417_1"	NA	NA
0.144	24	9	"NA/19/2020/9000/20_17_38417_1"	NA	NA
0.09	20.5	9	"NA/19/2020/9000/20_17_38417_1"	NA	NA
0.144	24	9	"NA/19/2020/9000/20_17_38417_1"	NA	NA
0.177	25.5	9	"NA/19/2020/9000/20_17_38417_1"	NA	NA
0.097	22	9	"NA/19/2020/9000/20_17_38417_1"	NA	NA
0.077	19.5	9	"NA/19/2020/9000/20_17_38417_1"	NA	NA
0.169	26.5	9	"NA/19/2020/9000/20_17_38417_1"	NA	NA
0.069	19	9	"NA/19/2020/9000/20_17_38417_1"	NA	NA
0.136	24	9	"NA/19/2020/9000/20_17_38417_1"	NA	NA
0.082	20	9	"NA/19/2020/9000/20_17_38417_1"	NA	NA
0.073	19	9	"NA/19/2020/9000/20_17_38417_1"	NA	NA
0.181	26.5	9	"NA/19/2020/9000/20_17_38417_1"	NA	NA
0.113	22	9	"NA/19/2020/9000/20_17_38417_1"	NA	NA
0.132	23	9	"NA/19/2020/9000/20_17_38417_1"	NA	NA
0.116	22	9	"NA/19/2020/9000/20_17_38417_1"	NA	NA
0.078	19.5	9	"NA/19/2020/9000/20_17_38417_1"	NA	NA
0.117	23	9	"NA/19/2020/9000/20_17_38417_1"	NA	NA
0.091	20.5	9	"NA/19/2020/9000/20_17_38417_1"	NA	NA
0.104	21.5	9	"NA/19/2020/9000/20_17_38417_1"	NA	NA
0.079	20	9	"NA/19/2020/9000/20_17_38417_1"	NA	NA
0.109	21.5	9	"NA/19/2020/9000/20_17_38417_1"	NA	NA
0.077	19.5	9	"NA/19/2020/9000/20_17_38417_1"	NA	NA
0.1	20.5	9	"NA/19/2020/9000/20_17_38417_1"	NA	NA
0.088	20	9	"NA/19/2020/9000/20_17_38417_1"	NA	NA
0.072	19	9	"NA/19/2020/9000/20_17_38417_1"	NA	NA
0.07	19	9	"NA/19/2020/9000/20_17_38417_1"	NA	NA
0.151	25	9	"NA/19/2020/9000/20_17_38417_1"	NA	NA
0.115	22.5	9	"NA/19/2020/9000/20_17_38417_1"	NA	NA
0.139	23.5	9	"NA/19/2020/9000/20_17_38417_1"	NA	NA
0.072	19	1	"NA/19/2020/9000/20_1_38401_1"	NA	NA
0.085	20	1	"NA/19/2020/9000/20_1_38401_1"	NA	NA
0.133	22.5	1	"NA/19/2020/9000/20_1_38401_1"	NA	NA
0.121	22.5	1	"NA/19/2020/9000/20_1_38401_1"	NA	NA
0.146	24.5	1	"NA/19/2020/9000/20_1_38401_1"	NA	NA
0.146	24	1	"NA/19/2020/9000/20_1_38401_1"	NA	NA
0.099	21.5	1	"NA/19/2020/9000/20_1_38401_1"	NA	NA
0.153	25	1	"NA/19/2020/9000/20_1_38401_1"	NA	NA
0.128	23.5	1	"NA/19/2020/9000/20_1_38401_1"	NA	NA
0.093	21.5	1	"NA/19/2020/9000/20_1_38401_1"	NA	NA
0.303	29.5	1	"NA/19/2020/9000/20_1_38401_1"	NA	NA
0.101	21.5	1	"NA/19/2020/9000/20_1_38401_1"	NA	NA
0.134	24	1	"NA/19/2020/9000/20_1_38401_1"	NA	NA
0.095	21.5	1	"NA/19/2020/9000/20_1_38401_1"	NA	NA
0.08	20.5	1	"NA/19/2020/9000/20_1_38401_1"	NA	NA
0.086	20	1	"NA/19/2020/9000/20_1_38401_1"	NA	NA
0.116	22.5	1	"NA/19/2020/9000/20_1_38401_1"	NA	NA
0.093	21	1	"NA/19/2020/9000/20_1_38401_1"	NA	NA
0.1	22	1	"NA/19/2020/9000/20_1_38401_1"	NA	NA
0.131	24	1	"NA/19/2020/9000/20_1_38401_1"	NA	NA
0.119	23	1	"NA/19/2020/9000/20_1_38401_1"	NA	NA
0.094	22	1	"NA/19/2020/9000/20_1_38401_1"	NA	NA
0.117	23	1	"NA/19/2020/9000/20_1_38401_1"	NA	NA
0.081	21	1	"NA/19/2020/9000/20_1_38401_1"	NA	NA
0.099	21.5	1	"NA/19/2020/9000/20_1_38401_1"	NA	NA
0.089	22	1	"NA/19/2020/9000/20_1_38401_1"	NA	NA
0.112	23	1	"NA/19/2020/9000/20_1_38401_1"	NA	NA
0.128	24	1	"NA/19/2020/9000/20_1_38401_1"	NA	NA
0.071	20	1	"NA/19/2020/9000/20_1_38401_1"	NA	NA
0.222	27	11	"NA/19/2020/9000/20_28_38428_1"	NA	NA
0.18	26.5	11	"NA/19/2020/9000/20_28_38428_1"	NA	NA
0.143	27.5	11	"NA/19/2020/9000/20_28_38428_1"	NA	NA
0.247	28	11	"NA/19/2020/9000/20_28_38428_1"	NA	NA
0.221	27.5	11	"NA/19/2020/9000/20_28_38428_1"	NA	NA
0.225	27.5	11	"NA/19/2020/9000/20_28_38428_1"	NA	NA
0.207	27	11	"NA/19/2020/9000/20_28_38428_1"	NA	NA
0.157	25	11	"NA/19/2020/9000/20_28_38428_1"	NA	NA
0.239	27	11	"NA/19/2020/9000/20_28_38428_1"	NA	NA
0.167	25.5	11	"NA/19/2020/9000/20_28_38428_1"	NA	NA
0.181	26	11	"NA/19/2020/9000/20_28_38428_1"	NA	NA
0.22	27	11	"NA/19/2020/9000/20_28_38428_1"	NA	NA
0.179	25.5	11	"NA/19/2020/9000/20_28_38428_1"	NA	NA
0.107	23.5	11	"NA/19/2020/9000/20_28_38428_1"	NA	NA
0.218	27	11	"NA/19/2020/9000/20_28_38428_1"	NA	NA
0.217	28.5	11	"NA/19/2020/9000/20_28_38428_1"	NA	NA
0.216	27	11	"NA/19/2020/9000/20_28_38428_1"	NA	NA
0.134	26	11	"NA/19/2020/9000/20_28_38428_1"	NA	NA
0.176	25.5	11	"NA/19/2020/9000/20_28_38428_1"	NA	NA
0.18	25.5	11	"NA/19/2020/9000/20_28_38428_1"	NA	NA
0.199	27	11	"NA/19/2020/9000/20_28_38428_1"	NA	NA
0.23	26.5	11	"NA/19/2020/9000/20_28_38428_1"	NA	NA
0.157	24.5	11	"NA/19/2020/9000/20_28_38428_1"	NA	NA
0.189	26.5	11	"NA/19/2020/9000/20_28_38428_1"	NA	NA
0.25	28.5	11	"NA/19/2020/9000/20_28_38428_1"	NA	NA
0.141	25	11	"NA/19/2020/9000/20_28_38428_1"	NA	NA
0.137	24	11	"NA/19/2020/9000/20_28_38428_1"	NA	NA
0.164	25.5	11	"NA/19/2020/9000/20_28_38428_1"	NA	NA
0.229	27	11	"NA/19/2020/9000/20_28_38428_1"	NA	NA
0.132	25	11	"NA/19/2020/9000/20_28_38428_1"	NA	NA
0.161	25	11	"NA/19/2020/9000/20_28_38428_1"	NA	NA
0.147	25	11	"NA/19/2020/9000/20_28_38428_1"	NA	NA
0.164	25	11	"NA/19/2020/9000/20_28_38428_1"	NA	NA
0.157	27.5	11	"NA/19/2020/9000/20_28_38428_1"	NA	NA
0.098	21.5	11	"NA/19/2020/9000/20_28_38428_1"	NA	NA
0.177	26.5	11	"NA/19/2020/9000/20_28_38428_1"	NA	NA
0.239	28	11	"NA/19/2020/9000/20_28_38428_1"	NA	NA
0.207	26.5	11	"NA/19/2020/9000/20_28_38428_1"	NA	NA
0.128	24.5	11	"NA/19/2020/9000/20_28_38428_1"	NA	NA
0.246	30	12	"NA/19/2020/9000/20_29_38429_1"	NA	NA
0.198	29	12	"NA/19/2020/9000/20_29_38429_1"	NA	NA
0.267	32	12	"NA/19/2020/9000/20_29_38429_1"	NA	NA
0.135	25.5	12	"NA/19/2020/9000/20_29_38429_1"	NA	NA
0.169	26	12	"NA/19/2020/9000/20_29_38429_1"	NA	NA
0.177	29	12	"NA/19/2020/9000/20_29_38429_1"	NA	NA
0.176	27	12	"NA/19/2020/9000/20_29_38429_1"	NA	NA
0.256	30.5	12	"NA/19/2020/9000/20_29_38429_1"	NA	NA
0.177	25.5	12	"NA/19/2020/9000/20_29_38429_1"	NA	NA
0.154	25	12	"NA/19/2020/9000/20_29_38429_1"	NA	NA
0.206	29	12	"NA/19/2020/9000/20_29_38429_1"	NA	NA
0.229	29	12	"NA/19/2020/9000/20_29_38429_1"	NA	NA
0.266	29	12	"NA/19/2020/9000/20_29_38429_1"	NA	NA
0.235	31	12	"NA/19/2020/9000/20_29_38429_1"	NA	NA
0.205	29	12	"NA/19/2020/9000/20_29_38429_1"	NA	NA
0.134	25	12	"NA/19/2020/9000/20_29_38429_1"	NA	NA
0.212	29.5	12	"NA/19/2020/9000/20_29_38429_1"	NA	NA
0.148	25.5	12	"NA/19/2020/9000/20_29_38429_1"	NA	NA
0.165	25.5	12	"NA/19/2020/9000/20_29_38429_1"	NA	NA
0.189	28	12	"NA/19/2020/9000/20_29_38429_1"	NA	NA
0.213	29	12	"NA/19/2020/9000/20_29_38429_1"	NA	NA
0.213	29.5	12	"NA/19/2020/9000/20_29_38429_1"	NA	NA
0.238	30.5	12	"NA/19/2020/9000/20_29_38429_1"	NA	NA
0.124	24.5	12	"NA/19/2020/9000/20_29_38429_1"	NA	NA
0.266	30	12	"NA/19/2020/9000/20_29_38429_1"	NA	NA
0.227	30	12	"NA/19/2020/9000/20_29_38429_1"	NA	NA
0.215	29	12	"NA/19/2020/9000/20_29_38429_1"	NA	NA
0.324	31.5	12	"NA/19/2020/9000/20_29_38429_1"	NA	NA
0.208	29.5	12	"NA/19/2020/9000/20_29_38429_1"	NA	NA
0.165	26	12	"NA/19/2020/9000/20_29_38429_1"	NA	NA
0.105	22.5	10	"NA/19/2020/9000/20_2_38402_2"	NA	NA
0.118	23	10	"NA/19/2020/9000/20_2_38402_2"	NA	NA
0.141	24.5	10	"NA/19/2020/9000/20_2_38402_2"	NA	NA
0.111	22.5	10	"NA/19/2020/9000/20_2_38402_2"	NA	NA
0.142	24	10	"NA/19/2020/9000/20_2_38402_2"	NA	NA
0.12	23	10	"NA/19/2020/9000/20_2_38402_2"	NA	NA
0.177	26.5	10	"NA/19/2020/9000/20_2_38402_2"	NA	NA
0.148	25.5	10	"NA/19/2020/9000/20_2_38402_2"	NA	NA
0.114	22	10	"NA/19/2020/9000/20_2_38402_2"	NA	NA
0.162	24.5	10	"NA/19/2020/9000/20_2_38402_2"	NA	NA
0.138	24	10	"NA/19/2020/9000/20_2_38402_2"	NA	NA
0.165	26	10	"NA/19/2020/9000/20_2_38402_2"	NA	NA
0.137	23.5	10	"NA/19/2020/9000/20_2_38402_2"	NA	NA
0.102	21	10	"NA/19/2020/9000/20_2_38402_2"	NA	NA
0.119	22.5	10	"NA/19/2020/9000/20_2_38402_2"	NA	NA
0.183	28	10	"NA/19/2020/9000/20_2_38402_2"	NA	NA
0.15	25	10	"NA/19/2020/9000/20_2_38402_2"	NA	NA
0.143	24.5	10	"NA/19/2020/9000/20_2_38402_2"	NA	NA
0.165	25.5	10	"NA/19/2020/9000/20_2_38402_2"	NA	NA
0.125	24	10	"NA/19/2020/9000/20_2_38402_2"	NA	NA
0.152	25.5	10	"NA/19/2020/9000/20_2_38402_2"	NA	NA
0.122	23.5	10	"NA/19/2020/9000/20_2_38402_2"	NA	NA
0.145	25	10	"NA/19/2020/9000/20_2_38402_2"	NA	NA
0.136	23.5	10	"NA/19/2020/9000/20_2_38402_2"	NA	NA
0.159	25.5	10	"NA/19/2020/9000/20_2_38402_2"	NA	NA
0.157	25	10	"NA/19/2020/9000/20_2_38402_2"	NA	NA
0.14	24	10	"NA/19/2020/9000/20_2_38402_2"	NA	NA
0.139	24.5	10	"NA/19/2020/9000/20_2_38402_2"	NA	NA
0.121	23.5	10	"NA/19/2020/9000/20_2_38402_2"	NA	NA
0.125	23	10	"NA/19/2020/9000/20_2_38402_2"	NA	NA
0.12	22.5	10	"NA/19/2020/9000/20_2_38402_2"	NA	NA
0.116	23	10	"NA/19/2020/9000/20_2_38402_2"	NA	NA
0.119	23	10	"NA/19/2020/9000/20_2_38402_2"	NA	NA
0.092	21	10	"NA/19/2020/9000/20_2_38402_2"	NA	NA
0.127	24	10	"NA/19/2020/9000/20_2_38402_2"	NA	NA
0.106	21	10	"NA/19/2020/9000/20_2_38402_2"	NA	NA
0.099	22	10	"NA/19/2020/9000/20_2_38402_2"	NA	NA
0.081	22	10	"NA/19/2020/9000/20_2_38402_2"	NA	NA
0.13	23.5	10	"NA/19/2020/9000/20_2_38402_2"	NA	NA
0.081	20.5	10	"NA/19/2020/9000/20_2_38402_2"	NA	NA
0.158	25	10	"NA/19/2020/9000/20_2_38402_2"	NA	NA
0.13	24	10	"NA/19/2020/9000/20_2_38402_2"	NA	NA
0.113	22	10	"NA/19/2020/9000/20_2_38402_2"	NA	NA
0.109	22	10	"NA/19/2020/9000/20_2_38402_2"	NA	NA
0.101	22.5	10	"NA/19/2020/9000/20_2_38402_2"	NA	NA
0.12	23	10	"NA/19/2020/9000/20_2_38402_2"	NA	NA
0.081	21.5	10	"NA/19/2020/9000/20_2_38402_2"	NA	NA
0.13	23	10	"NA/19/2020/9000/20_2_38402_2"	NA	NA
0.097	22	10	"NA/19/2020/9000/20_2_38402_2"	NA	NA
0.088	21.5	10	"NA/19/2020/9000/20_2_38402_2"	NA	NA
0.163	26.5	14	"NA/19/2020/9000/20_30_38430_1"	NA	NA
0.152	25.5	14	"NA/19/2020/9000/20_30_38430_1"	NA	NA
0.088	21	14	"NA/19/2020/9000/20_30_38430_1"	NA	NA
0.174	26	14	"NA/19/2020/9000/20_30_38430_1"	NA	NA
0.222	27.5	14	"NA/19/2020/9000/20_30_38430_1"	NA	NA
0.197	26.5	14	"NA/19/2020/9000/20_30_38430_1"	NA	NA
0.226	27	14	"NA/19/2020/9000/20_30_38430_1"	NA	NA
0.274	28	14	"NA/19/2020/9000/20_30_38430_1"	NA	NA
0.145	25.5	14	"NA/19/2020/9000/20_30_38430_1"	NA	NA
0.203	26.5	14	"NA/19/2020/9000/20_30_38430_1"	NA	NA
0.216	26	14	"NA/19/2020/9000/20_30_38430_1"	NA	NA
0.138	25.5	14	"NA/19/2020/9000/20_30_38430_1"	NA	NA
0.223	28	14	"NA/19/2020/9000/20_30_38430_1"	NA	NA
0.14	24.5	14	"NA/19/2020/9000/20_30_38430_1"	NA	NA
0.126	24	14	"NA/19/2020/9000/20_30_38430_1"	NA	NA
0.253	28	14	"NA/19/2020/9000/20_30_38430_1"	NA	NA
0.205	27	14	"NA/19/2020/9000/20_30_38430_1"	NA	NA
0.2	27	14	"NA/19/2020/9000/20_30_38430_1"	NA	NA
0.118	25	14	"NA/19/2020/9000/20_30_38430_1"	NA	NA
0.205	26.5	14	"NA/19/2020/9000/20_30_38430_1"	NA	NA
0.258	28	14	"NA/19/2020/9000/20_30_38430_1"	NA	NA
0.175	26.5	14	"NA/19/2020/9000/20_30_38430_1"	NA	NA
0.079	20.5	14	"NA/19/2020/9000/20_30_38430_1"	NA	NA
0.188	26	14	"NA/19/2020/9000/20_30_38430_1"	NA	NA
0.146	25.5	14	"NA/19/2020/9000/20_30_38430_1"	NA	NA
0.211	27.5	14	"NA/19/2020/9000/20_30_38430_1"	NA	NA
0.211	27	14	"NA/19/2020/9000/20_30_38430_1"	NA	NA
0.251	28	14	"NA/19/2020/9000/20_30_38430_1"	NA	NA
0.218	26.5	14	"NA/19/2020/9000/20_30_38430_1"	NA	NA
0.15	25.5	14	"NA/19/2020/9000/20_30_38430_1"	NA	NA
0.18	27	13	"NA/19/2020/9000/20_3_38403_1"	NA	NA
0.167	28	13	"NA/19/2020/9000/20_3_38403_1"	NA	NA
0.16	26.5	13	"NA/19/2020/9000/20_3_38403_1"	NA	NA
0.161	26.5	13	"NA/19/2020/9000/20_3_38403_1"	NA	NA
0.146	25	13	"NA/19/2020/9000/20_3_38403_1"	NA	NA
0.168	27.5	13	"NA/19/2020/9000/20_3_38403_1"	NA	NA
0.18	27	13	"NA/19/2020/9000/20_3_38403_1"	NA	NA
0.2	29.5	13	"NA/19/2020/9000/20_3_38403_1"	NA	NA
0.145	25	13	"NA/19/2020/9000/20_3_38403_1"	NA	NA
0.142	25.5	13	"NA/19/2020/9000/20_3_38403_1"	NA	NA
0.192	28	13	"NA/19/2020/9000/20_3_38403_1"	NA	NA
0.214	29	13	"NA/19/2020/9000/20_3_38403_1"	NA	NA
0.214	29	13	"NA/19/2020/9000/20_3_38403_1"	NA	NA
0.162	26.5	13	"NA/19/2020/9000/20_3_38403_1"	NA	NA
0.152	26	13	"NA/19/2020/9000/20_3_38403_1"	NA	NA
0.16	26	13	"NA/19/2020/9000/20_3_38403_1"	NA	NA
0.161	26	13	"NA/19/2020/9000/20_3_38403_1"	NA	NA
0.164	26.5	13	"NA/19/2020/9000/20_3_38403_1"	NA	NA
0.124	23.5	13	"NA/19/2020/9000/20_3_38403_1"	NA	NA
0.152	25	13	"NA/19/2020/9000/20_3_38403_1"	NA	NA
0.147	25.5	13	"NA/19/2020/9000/20_3_38403_1"	NA	NA
0.133	25	13	"NA/19/2020/9000/20_3_38403_1"	NA	NA
0.15	25	13	"NA/19/2020/9000/20_3_38403_1"	NA	NA
0.169	26.5	13	"NA/19/2020/9000/20_3_38403_1"	NA	NA
0.178	28	13	"NA/19/2020/9000/20_3_38403_1"	NA	NA
0.157	25.5	13	"NA/19/2020/9000/20_3_38403_1"	NA	NA
0.185	28	13	"NA/19/2020/9000/20_3_38403_1"	NA	NA
0.161	27	13	"NA/19/2020/9000/20_3_38403_1"	NA	NA
0.202	27.5	13	"NA/19/2020/9000/20_3_38403_1"	NA	NA
0.129	24	13	"NA/19/2020/9000/20_3_38403_1"	NA	NA
0.17	27.5	13	"NA/19/2020/9000/20_3_38403_1"	NA	NA
0.126	24	13	"NA/19/2020/9000/20_3_38403_1"	NA	NA
0.192	27	13	"NA/19/2020/9000/20_3_38403_1"	NA	NA
0.167	26	13	"NA/19/2020/9000/20_3_38403_1"	NA	NA
0.146	25.5	13	"NA/19/2020/9000/20_3_38403_1"	NA	NA
0.18	27	13	"NA/19/2020/9000/20_3_38403_1"	NA	NA
0.165	25.5	13	"NA/19/2020/9000/20_3_38403_1"	NA	NA
0.133	23	13	"NA/19/2020/9000/20_3_38403_1"	NA	NA
0.142	25	13	"NA/19/2020/9000/20_3_38403_1"	NA	NA
0.125	23.5	13	"NA/19/2020/9000/20_3_38403_1"	NA	NA
0.153	26.5	13	"NA/19/2020/9000/20_3_38403_1"	NA	NA
0.164	26.5	13	"NA/19/2020/9000/20_3_38403_1"	NA	NA
0.139	25	13	"NA/19/2020/9000/20_3_38403_1"	NA	NA
0.169	26.5	13	"NA/19/2020/9000/20_3_38403_1"	NA	NA
0.136	26.5	13	"NA/19/2020/9000/20_3_38403_1"	NA	NA
0.207	26.5	13	"NA/19/2020/9000/20_3_38403_1"	NA	NA
0.204	29.5	13	"NA/19/2020/9000/20_3_38403_1"	NA	NA
0.181	27.5	13	"NA/19/2020/9000/20_3_38403_1"	NA	NA
0.146	25.5	13	"NA/19/2020/9000/20_3_38403_1"	NA	NA
0.161	26	13	"NA/19/2020/9000/20_3_38403_1"	NA	NA
0.205	27	15	"NA/19/2020/9000/20_4_38404_1"	NA	NA
0.257	28.5	15	"NA/19/2020/9000/20_4_38404_1"	NA	NA
0.186	27	15	"NA/19/2020/9000/20_4_38404_1"	NA	NA
0.202	28	15	"NA/19/2020/9000/20_4_38404_1"	NA	NA
0.215	28	15	"NA/19/2020/9000/20_4_38404_1"	NA	NA
0.22	28.5	15	"NA/19/2020/9000/20_4_38404_1"	NA	NA
0.163	27	15	"NA/19/2020/9000/20_4_38404_1"	NA	NA
0.228	28.5	15	"NA/19/2020/9000/20_4_38404_1"	NA	NA
0.225	28	15	"NA/19/2020/9000/20_4_38404_1"	NA	NA
0.227	28	15	"NA/19/2020/9000/20_4_38404_1"	NA	NA
0.232	29.5	15	"NA/19/2020/9000/20_4_38404_1"	NA	NA
0.206	28.5	15	"NA/19/2020/9000/20_4_38404_1"	NA	NA
0.197	27	15	"NA/19/2020/9000/20_4_38404_1"	NA	NA
0.233	28.5	15	"NA/19/2020/9000/20_4_38404_1"	NA	NA
0.198	27.5	15	"NA/19/2020/9000/20_4_38404_1"	NA	NA
0.157	25.5	15	"NA/19/2020/9000/20_4_38404_1"	NA	NA
0.226	28	15	"NA/19/2020/9000/20_4_38404_1"	NA	NA
0.158	25.5	15	"NA/19/2020/9000/20_4_38404_1"	NA	NA
0.243	30.5	15	"NA/19/2020/9000/20_4_38404_1"	NA	NA
0.202	27.5	15	"NA/19/2020/9000/20_4_38404_1"	NA	NA
0.291	29	15	"NA/19/2020/9000/20_4_38404_1"	NA	NA
0.242	29	15	"NA/19/2020/9000/20_4_38404_1"	NA	NA
0.234	29	15	"NA/19/2020/9000/20_4_38404_1"	NA	NA
0.181	26.5	15	"NA/19/2020/9000/20_4_38404_1"	NA	NA
0.174	26.5	15	"NA/19/2020/9000/20_4_38404_1"	NA	NA
0.253	28	15	"NA/19/2020/9000/20_4_38404_1"	NA	NA
0.271	30	15	"NA/19/2020/9000/20_4_38404_1"	NA	NA
0.183	26.5	15	"NA/19/2020/9000/20_4_38404_1"	NA	NA
0.208	27	15	"NA/19/2020/9000/20_4_38404_1"	NA	NA
0.211	27	15	"NA/19/2020/9000/20_4_38404_1"	NA	NA
0.194	27	15	"NA/19/2020/9000/20_4_38404_1"	NA	NA
0.188	27	15	"NA/19/2020/9000/20_4_38404_1"	NA	NA
0.193	27	15	"NA/19/2020/9000/20_4_38404_1"	NA	NA
0.197	26	15	"NA/19/2020/9000/20_4_38404_1"	NA	NA
0.19	27	15	"NA/19/2020/9000/20_4_38404_1"	NA	NA
0.191	27.5	15	"NA/19/2020/9000/20_4_38404_1"	NA	NA
0.177	26	15	"NA/19/2020/9000/20_4_38404_1"	NA	NA
0.205	27.5	15	"NA/19/2020/9000/20_4_38404_1"	NA	NA
0.172	26.5	15	"NA/19/2020/9000/20_4_38404_1"	NA	NA
0.186	26.5	15	"NA/19/2020/9000/20_4_38404_1"	NA	NA
0.237	28.5	15	"NA/19/2020/9000/20_4_38404_1"	NA	NA
0.196	27	15	"NA/19/2020/9000/20_4_38404_1"	NA	NA
0.255	29	15	"NA/19/2020/9000/20_4_38404_1"	NA	NA
0.243	30	15	"NA/19/2020/9000/20_4_38404_1"	NA	NA
0.208	26.5	15	"NA/19/2020/9000/20_4_38404_1"	NA	NA
0.202	27	15	"NA/19/2020/9000/20_4_38404_1"	NA	NA
0.208	27.5	15	"NA/19/2020/9000/20_4_38404_1"	NA	NA
0.174	26	15	"NA/19/2020/9000/20_4_38404_1"	NA	NA
0.207	27.5	15	"NA/19/2020/9000/20_4_38404_1"	NA	NA
0.17	26	15	"NA/19/2020/9000/20_4_38404_1"	NA	NA
0.141	24	16	"NA/19/2020/9000/20_5_38405_1"	NA	NA
0.195	26.5	16	"NA/19/2020/9000/20_5_38405_1"	NA	NA
0.139	24	16	"NA/19/2020/9000/20_5_38405_1"	NA	NA
0.159	25	16	"NA/19/2020/9000/20_5_38405_1"	NA	NA
0.202	26.5	16	"NA/19/2020/9000/20_5_38405_1"	NA	NA
0.161	25	16	"NA/19/2020/9000/20_5_38405_1"	NA	NA
0.185	26.5	16	"NA/19/2020/9000/20_5_38405_1"	NA	NA
0.146	24	16	"NA/19/2020/9000/20_5_38405_1"	NA	NA
0.164	26	16	"NA/19/2020/9000/20_5_38405_1"	NA	NA
0.171	25.5	16	"NA/19/2020/9000/20_5_38405_1"	NA	NA
0.163	25	16	"NA/19/2020/9000/20_5_38405_1"	NA	NA
0.182	26	16	"NA/19/2020/9000/20_5_38405_1"	NA	NA
0.162	25.5	16	"NA/19/2020/9000/20_5_38405_1"	NA	NA
0.16	25	16	"NA/19/2020/9000/20_5_38405_1"	NA	NA
0.138	25	16	"NA/19/2020/9000/20_5_38405_1"	NA	NA
0.181	25.5	16	"NA/19/2020/9000/20_5_38405_1"	NA	NA
0.166	25.5	16	"NA/19/2020/9000/20_5_38405_1"	NA	NA
0.176	25	16	"NA/19/2020/9000/20_5_38405_1"	NA	NA
0.159	25	16	"NA/19/2020/9000/20_5_38405_1"	NA	NA
0.123	23	16	"NA/19/2020/9000/20_5_38405_1"	NA	NA
0.144	24	16	"NA/19/2020/9000/20_5_38405_1"	NA	NA
0.167	25.5	16	"NA/19/2020/9000/20_5_38405_1"	NA	NA
0.181	25.5	16	"NA/19/2020/9000/20_5_38405_1"	NA	NA
0.142	24.5	16	"NA/19/2020/9000/20_5_38405_1"	NA	NA
0.174	26.5	16	"NA/19/2020/9000/20_5_38405_1"	NA	NA
0.156	24.5	16	"NA/19/2020/9000/20_5_38405_1"	NA	NA
0.189	26	16	"NA/19/2020/9000/20_5_38405_1"	NA	NA
0.193	26.5	16	"NA/19/2020/9000/20_5_38405_1"	NA	NA
0.162	26.5	16	"NA/19/2020/9000/20_5_38405_1"	NA	NA
0.168	25	16	"NA/19/2020/9000/20_5_38405_1"	NA	NA
0.133	24	16	"NA/19/2020/9000/20_5_38405_1"	NA	NA
0.16	26	16	"NA/19/2020/9000/20_5_38405_1"	NA	NA
0.204	28	16	"NA/19/2020/9000/20_5_38405_1"	NA	NA
0.145	24.5	16	"NA/19/2020/9000/20_5_38405_1"	NA	NA
0.165	26	16	"NA/19/2020/9000/20_5_38405_1"	NA	NA
0.142	24	16	"NA/19/2020/9000/20_5_38405_1"	NA	NA
0.184	25.5	16	"NA/19/2020/9000/20_5_38405_1"	NA	NA
0.165	25	16	"NA/19/2020/9000/20_5_38405_1"	NA	NA
0.171	25.5	16	"NA/19/2020/9000/20_5_38405_1"	NA	NA
0.181	25.5	16	"NA/19/2020/9000/20_5_38405_1"	NA	NA
0.187	26.5	16	"NA/19/2020/9000/20_5_38405_1"	NA	NA
0.15	24	16	"NA/19/2020/9000/20_5_38405_1"	NA	NA
0.149	25	16	"NA/19/2020/9000/20_5_38405_1"	NA	NA
0.2	26.5	16	"NA/19/2020/9000/20_5_38405_1"	NA	NA
0.173	26	16	"NA/19/2020/9000/20_5_38405_1"	NA	NA
0.158	26	16	"NA/19/2020/9000/20_5_38405_1"	NA	NA
0.155	25	16	"NA/19/2020/9000/20_5_38405_1"	NA	NA
0.152	25	16	"NA/19/2020/9000/20_5_38405_1"	NA	NA
0.164	25.5	16	"NA/19/2020/9000/20_5_38405_1"	NA	NA
0.125	22.5	16	"NA/19/2020/9000/20_5_38405_1"	NA	NA
0.189	26	17	"NA/19/2020/9000/20_6_38406_1"	NA	NA
0.168	25.5	17	"NA/19/2020/9000/20_6_38406_1"	NA	NA
0.123	22.5	17	"NA/19/2020/9000/20_6_38406_1"	NA	NA
0.199	27.5	17	"NA/19/2020/9000/20_6_38406_1"	NA	NA
0.157	24	17	"NA/19/2020/9000/20_6_38406_1"	NA	NA
0.146	24	17	"NA/19/2020/9000/20_6_38406_1"	NA	NA
0.14	23.5	17	"NA/19/2020/9000/20_6_38406_1"	NA	NA
0.113	22.5	17	"NA/19/2020/9000/20_6_38406_1"	NA	NA
0.094	21	17	"NA/19/2020/9000/20_6_38406_1"	NA	NA
0.139	23.5	17	"NA/19/2020/9000/20_6_38406_1"	NA	NA
0.09	21	17	"NA/19/2020/9000/20_6_38406_1"	NA	NA
0.132	23	17	"NA/19/2020/9000/20_6_38406_1"	NA	NA
0.144	25.5	17	"NA/19/2020/9000/20_6_38406_1"	NA	NA
0.105	21.5	17	"NA/19/2020/9000/20_6_38406_1"	NA	NA
0.085	20.5	17	"NA/19/2020/9000/20_6_38406_1"	NA	NA
0.13	22.5	17	"NA/19/2020/9000/20_6_38406_1"	NA	NA
0.128	23.5	17	"NA/19/2020/9000/20_6_38406_1"	NA	NA
0.112	22.5	17	"NA/19/2020/9000/20_6_38406_1"	NA	NA
0.079	20	17	"NA/19/2020/9000/20_6_38406_1"	NA	NA
0.09	20	17	"NA/19/2020/9000/20_6_38406_1"	NA	NA
0.096	21	17	"NA/19/2020/9000/20_6_38406_1"	NA	NA
0.077	20.5	17	"NA/19/2020/9000/20_6_38406_1"	NA	NA
0.137	23	17	"NA/19/2020/9000/20_6_38406_1"	NA	NA
0.132	23	17	"NA/19/2020/9000/20_6_38406_1"	NA	NA
0.122	22	17	"NA/19/2020/9000/20_6_38406_1"	NA	NA
0.136	23.5	17	"NA/19/2020/9000/20_6_38406_1"	NA	NA
0.127	22.5	17	"NA/19/2020/9000/20_6_38406_1"	NA	NA
0.097	21	17	"NA/19/2020/9000/20_6_38406_1"	NA	NA
0.159	24	17	"NA/19/2020/9000/20_6_38406_1"	NA	NA
0.09	20.5	17	"NA/19/2020/9000/20_6_38406_1"	NA	NA
0.122	23	17	"NA/19/2020/9000/20_6_38406_1"	NA	NA
0.132	23	17	"NA/19/2020/9000/20_6_38406_1"	NA	NA
0.124	22.5	17	"NA/19/2020/9000/20_6_38406_1"	NA	NA
0.139	24	17	"NA/19/2020/9000/20_6_38406_1"	NA	NA
0.133	24	17	"NA/19/2020/9000/20_6_38406_1"	NA	NA
0.1	21.5	17	"NA/19/2020/9000/20_6_38406_1"	NA	NA
0.14	24	17	"NA/19/2020/9000/20_6_38406_1"	NA	NA
0.133	24	17	"NA/19/2020/9000/20_6_38406_1"	NA	NA
0.176	25	17	"NA/19/2020/9000/20_6_38406_1"	NA	NA
0.161	25	17	"NA/19/2020/9000/20_6_38406_1"	NA	NA
0.172	25	17	"NA/19/2020/9000/20_6_38406_1"	NA	NA
0.121	22	17	"NA/19/2020/9000/20_6_38406_1"	NA	NA
0.106	22.5	17	"NA/19/2020/9000/20_6_38406_1"	NA	NA
0.126	22	17	"NA/19/2020/9000/20_6_38406_1"	NA	NA
0.085	20	17	"NA/19/2020/9000/20_6_38406_1"	NA	NA
0.152	25	17	"NA/19/2020/9000/20_6_38406_1"	NA	NA
0.107	21	17	"NA/19/2020/9000/20_6_38406_1"	NA	NA
0.081	20.5	17	"NA/19/2020/9000/20_6_38406_1"	NA	NA
0.105	21.5	17	"NA/19/2020/9000/20_6_38406_1"	NA	NA
0.144	23	17	"NA/19/2020/9000/20_6_38406_1"	NA	NA
0.277	29	18	"NA/19/2020/9000/20_7_38407_2"	NA	NA
0.251	28.5	18	"NA/19/2020/9000/20_7_38407_2"	NA	NA
0.239	28.5	18	"NA/19/2020/9000/20_7_38407_2"	NA	NA
0.27	29	18	"NA/19/2020/9000/20_7_38407_2"	NA	NA
0.25	29	18	"NA/19/2020/9000/20_7_38407_2"	NA	NA
0.257	29	18	"NA/19/2020/9000/20_7_38407_2"	NA	NA
0.252	28	18	"NA/19/2020/9000/20_7_38407_2"	NA	NA
0.259	29	18	"NA/19/2020/9000/20_7_38407_2"	NA	NA
0.226	29.5	18	"NA/19/2020/9000/20_7_38407_2"	NA	NA
0.285	29.5	18	"NA/19/2020/9000/20_7_38407_2"	NA	NA
0.285	31	18	"NA/19/2020/9000/20_7_38407_2"	NA	NA
0.281	32	18	"NA/19/2020/9000/20_7_38407_2"	NA	NA
0.241	30.5	18	"NA/19/2020/9000/20_7_38407_2"	NA	NA
0.249	29.5	18	"NA/19/2020/9000/20_7_38407_2"	NA	NA
0.214	27.5	18	"NA/19/2020/9000/20_7_38407_2"	NA	NA
0.266	28.5	18	"NA/19/2020/9000/20_7_38407_2"	NA	NA
0.305	29	18	"NA/19/2020/9000/20_7_38407_2"	NA	NA
0.271	29	18	"NA/19/2020/9000/20_7_38407_2"	NA	NA
0.205	29	18	"NA/19/2020/9000/20_7_38407_2"	NA	NA
0.348	30.5	18	"NA/19/2020/9000/20_7_38407_2"	NA	NA
0.213	29	18	"NA/19/2020/9000/20_7_38407_2"	NA	NA
0.304	31.5	18	"NA/19/2020/9000/20_7_38407_2"	NA	NA
0.226	28	18	"NA/19/2020/9000/20_7_38407_2"	NA	NA
0.294	29	18	"NA/19/2020/9000/20_7_38407_2"	NA	NA
0.26	29	18	"NA/19/2020/9000/20_7_38407_2"	NA	NA
0.181	27	18	"NA/19/2020/9000/20_7_38407_2"	NA	NA
0.269	30	18	"NA/19/2020/9000/20_7_38407_2"	NA	NA
0.197	27	18	"NA/19/2020/9000/20_7_38407_2"	NA	NA
0.261	28.5	18	"NA/19/2020/9000/20_7_38407_2"	NA	NA
0.266	30.5	18	"NA/19/2020/9000/20_7_38407_2"	NA	NA
0.141	24	19	"NA/19/2020/9000/20_8_38408_3"	NA	NA
0.1	20.5	19	"NA/19/2020/9000/20_8_38408_3"	NA	NA
0.1	21	19	"NA/19/2020/9000/20_8_38408_3"	NA	NA
0.154	24	19	"NA/19/2020/9000/20_8_38408_3"	NA	NA
0.175	25	19	"NA/19/2020/9000/20_8_38408_3"	NA	NA
0.127	22.5	19	"NA/19/2020/9000/20_8_38408_3"	NA	NA
0.13	23	19	"NA/19/2020/9000/20_8_38408_3"	NA	NA
0.139	23.5	19	"NA/19/2020/9000/20_8_38408_3"	NA	NA
0.1	21.5	19	"NA/19/2020/9000/20_8_38408_3"	NA	NA
0.091	21	19	"NA/19/2020/9000/20_8_38408_3"	NA	NA
0.135	23.5	19	"NA/19/2020/9000/20_8_38408_3"	NA	NA
0.182	26	19	"NA/19/2020/9000/20_8_38408_3"	NA	NA
0.149	23.5	19	"NA/19/2020/9000/20_8_38408_3"	NA	NA
0.112	22	19	"NA/19/2020/9000/20_8_38408_3"	NA	NA
0.127	23	19	"NA/19/2020/9000/20_8_38408_3"	NA	NA
0.103	21	19	"NA/19/2020/9000/20_8_38408_3"	NA	NA
0.135	23	19	"NA/19/2020/9000/20_8_38408_3"	NA	NA
0.143	24	19	"NA/19/2020/9000/20_8_38408_3"	NA	NA
0.098	21	19	"NA/19/2020/9000/20_8_38408_3"	NA	NA
0.163	24	19	"NA/19/2020/9000/20_8_38408_3"	NA	NA
0.091	20.5	19	"NA/19/2020/9000/20_8_38408_3"	NA	NA
0.117	22.5	19	"NA/19/2020/9000/20_8_38408_3"	NA	NA
0.137	23.5	19	"NA/19/2020/9000/20_8_38408_3"	NA	NA
0.095	21	19	"NA/19/2020/9000/20_8_38408_3"	NA	NA
0.087	21	19	"NA/19/2020/9000/20_8_38408_3"	NA	NA
0.142	23.5	19	"NA/19/2020/9000/20_8_38408_3"	NA	NA
0.155	24	19	"NA/19/2020/9000/20_8_38408_3"	NA	NA
0.085	19.5	19	"NA/19/2020/9000/20_8_38408_3"	NA	NA
0.133	23	19	"NA/19/2020/9000/20_8_38408_3"	NA	NA
0.104	22	19	"NA/19/2020/9000/20_8_38408_3"	NA	NA
0.104	22	19	"NA/19/2020/9000/20_8_38408_3"	NA	NA
0.201	26.5	19	"NA/19/2020/9000/20_8_38408_3"	NA	NA
0.11	22	19	"NA/19/2020/9000/20_8_38408_3"	NA	NA
0.096	21.5	19	"NA/19/2020/9000/20_8_38408_3"	NA	NA
0.145	24.5	19	"NA/19/2020/9000/20_8_38408_3"	NA	NA
0.08	19.5	19	"NA/19/2020/9000/20_8_38408_3"	NA	NA
0.094	20.5	19	"NA/19/2020/9000/20_8_38408_3"	NA	NA
0.112	22	19	"NA/19/2020/9000/20_8_38408_3"	NA	NA
0.105	21	19	"NA/19/2020/9000/20_8_38408_3"	NA	NA
0.096	21	19	"NA/19/2020/9000/20_8_38408_3"	NA	NA
0.164	25	19	"NA/19/2020/9000/20_8_38408_3"	NA	NA
0.077	19.5	19	"NA/19/2020/9000/20_8_38408_3"	NA	NA
0.121	22.5	19	"NA/19/2020/9000/20_8_38408_3"	NA	NA
0.069	19	19	"NA/19/2020/9000/20_8_38408_3"	NA	NA
0.121	22.5	19	"NA/19/2020/9000/20_8_38408_3"	NA	NA
0.152	24.5	19	"NA/19/2020/9000/20_8_38408_3"	NA	NA
0.115	22	19	"NA/19/2020/9000/20_8_38408_3"	NA	NA
0.165	24.5	19	"NA/19/2020/9000/20_8_38408_3"	NA	NA
0.152	24	19	"NA/19/2020/9000/20_8_38408_3"	NA	NA
0.109	22.5	19	"NA/19/2020/9000/20_8_38408_3"	NA	NA
0.129	24	20	"NA/19/2020/9000/20_9_38409_2"	NA	NA
0.148	24	20	"NA/19/2020/9000/20_9_38409_2"	NA	NA
0.153	24	20	"NA/19/2020/9000/20_9_38409_2"	NA	NA
0.137	24	20	"NA/19/2020/9000/20_9_38409_2"	NA	NA
0.121	23	20	"NA/19/2020/9000/20_9_38409_2"	NA	NA
0.143	24	20	"NA/19/2020/9000/20_9_38409_2"	NA	NA
0.136	24.5	20	"NA/19/2020/9000/20_9_38409_2"	NA	NA
0.16	25.5	20	"NA/19/2020/9000/20_9_38409_2"	NA	NA
0.169	24.5	20	"NA/19/2020/9000/20_9_38409_2"	NA	NA
0.198	28.5	20	"NA/19/2020/9000/20_9_38409_2"	NA	NA
0.161	24	20	"NA/19/2020/9000/20_9_38409_2"	NA	NA
0.141	23	20	"NA/19/2020/9000/20_9_38409_2"	NA	NA
0.148	22.5	20	"NA/19/2020/9000/20_9_38409_2"	NA	NA
0.141	23.5	20	"NA/19/2020/9000/20_9_38409_2"	NA	NA
0.128	24	20	"NA/19/2020/9000/20_9_38409_2"	NA	NA
0.163	24.5	20	"NA/19/2020/9000/20_9_38409_2"	NA	NA
0.124	23	20	"NA/19/2020/9000/20_9_38409_2"	NA	NA
0.145	24.5	20	"NA/19/2020/9000/20_9_38409_2"	NA	NA
0.156	24.5	20	"NA/19/2020/9000/20_9_38409_2"	NA	NA
0.147	24.5	20	"NA/19/2020/9000/20_9_38409_2"	NA	NA
0.166	25	20	"NA/19/2020/9000/20_9_38409_2"	NA	NA
0.15	24	20	"NA/19/2020/9000/20_9_38409_2"	NA	NA
0.127	23	20	"NA/19/2020/9000/20_9_38409_2"	NA	NA
0.124	23	20	"NA/19/2020/9000/20_9_38409_2"	NA	NA
0.13	23.5	20	"NA/19/2020/9000/20_9_38409_2"	NA	NA
0.171	24.5	20	"NA/19/2020/9000/20_9_38409_2"	NA	NA
0.171	25.5	20	"NA/19/2020/9000/20_9_38409_2"	NA	NA
0.131	24	20	"NA/19/2020/9000/20_9_38409_2"	NA	NA
0.166	25	20	"NA/19/2020/9000/20_9_38409_2"	NA	NA
0.145	24.5	20	"NA/19/2020/9000/20_9_38409_2"	NA	NA
