"LogLikelihood"	"Iteration"
4846.06838099292	1
4827.55927984694	2
4875.97254948304	3
4876.18589029427	4
4892.60826181483	5
4806.72714443539	6
4832.16879778512	7
4850.58847599611	8
4849.37510500241	9
4887.73235700543	10
4859.92093598957	11
4875.60293996464	12
4863.42079728696	13
4861.94352313765	14
4887.9309797693	15
4841.22594506215	16
4852.55527454637	17
4866.55605284105	18
4882.4485191632	19
4865.1070559776	20
4836.38914628193	21
4899.60293272962	22
4880.26805165786	23
4886.85689060133	24
4883.59708216199	25
4844.41574406959	26
4866.08150356033	27
4863.29744601699	28
4849.79051088039	29
4817.84681502254	30
4851.44025148145	31
4889.10167688009	32
4851.56811888669	33
4850.81220182378	34
4866.61952961376	35
4841.77935643706	36
4829.68689946496	37
4859.11219751949	38
4856.58946346865	39
4837.91516982029	40
4840.02851759712	41
4853.66477279018	42
4831.29772987739	43
4897.0398070999	44
4854.35985243602	45
4875.86474572733	46
4870.460883645	47
4877.16997132491	48
4831.84096430664	49
4876.70572497883	50
4869.67269538724	51
4869.28239378089	52
4854.1643208129	53
4870.39195318538	54
4847.86573381144	55
4878.84132996682	56
4867.78502679146	57
4815.04371504312	58
4857.82630322569	59
4855.33474706082	60
4853.20660981265	61
4840.04317644759	62
4875.42921499939	63
4837.50082188808	64
4862.41273459512	65
4819.98937117949	66
4873.29563561426	67
4872.24203779748	68
4881.01329288744	69
4814.87002130082	70
4867.64269067349	71
4886.8287070205	72
4847.35371433863	73
4876.7183530731	74
4876.90412893775	75
4868.92912578681	76
4813.9764136646	77
4859.35778234322	78
4843.29200792614	79
4892.01922996774	80
4862.1462250876	81
4880.67668758251	82
4856.18552881571	83
4876.66180651585	84
4847.40778619977	85
4812.00136147524	86
4834.60650583735	87
4892.34599335731	88
4887.76337713217	89
4867.38362907742	90
4817.10054845657	91
4832.51620364653	92
4854.86553590919	93
4847.34511813738	94
4864.97416876803	95
4848.5960646923	96
4843.28609230815	97
4872.07245520102	98
4867.85872546118	99
4879.0854408916	100
4869.15406191509	101
4878.08403636779	102
4867.07007019603	103
4841.68565605153	104
4850.54338652559	105
4863.77583813475	106
4865.18475835252	107
4836.4676258298	108
4860.54397288908	109
4888.03592465369	110
4883.14866547237	111
4876.40549957827	112
4823.52772784856	113
4838.13395384542	114
4838.57623854325	115
4859.25646676088	116
4874.53542686087	117
4865.206401235	118
4842.63687951248	119
4874.30518734593	120
4866.0237219166	121
4888.67186597102	122
4883.62525807636	123
4865.44136101973	124
4867.07571074495	125
4881.69832682729	126
4861.94712843772	127
4895.591693628	128
4861.42867602713	129
4854.59737814815	130
4855.47430951995	131
4873.22577153117	132
4838.57334931167	133
4851.68185824594	134
4848.18424046082	135
4873.14828075747	136
4871.26166466898	137
4849.74276157827	138
4887.04112537603	139
4879.02902341786	140
4851.22137839014	141
4851.91214595085	142
4865.02797129019	143
4830.38032041588	144
4829.70565156542	145
4822.03014402671	146
4854.83348188591	147
4840.0307150644	148
4930.97830035965	149
4858.87616813897	150
4839.66677275458	151
4876.67511957646	152
4878.41222835948	153
4873.2866390425	154
4836.96995118852	155
4874.95378869614	156
4850.56990067841	157
4871.34192341065	158
4877.0879056534	159
4882.5864153609	160
4857.00231230162	161
4868.7832245823	162
4862.02397456126	163
4883.91364017707	164
4828.78493292247	165
4846.11068110335	166
4839.45686003254	167
4829.68383812703	168
4884.23850937697	169
4912.93662468118	170
4879.08299231867	171
4848.36279123929	172
4873.2068281229	173
4859.7664452067	174
4866.09270633538	175
4860.07719407039	176
4862.08725401693	177
4912.77299549418	178
4844.9303959504	179
4886.01658616287	180
4833.83246675808	181
4900.54646004187	182
4834.949781142	183
4877.11957763648	184
4864.8692505378	185
4850.29389005091	186
4858.7875714455	187
4857.50099190744	188
4861.03484897278	189
4833.80846668397	190
4840.65755458156	191
4866.92523678857	192
4865.20258691291	193
4889.05519628491	194
4824.00831027095	195
4825.6438150579	196
4868.73551553685	197
4873.58850917874	198
4843.52353208692	199
4885.61444257581	200
4818.87719780395	201
4898.02205578137	202
4843.43428918348	203
4863.71134961516	204
4867.40988640883	205
4861.33999616216	206
4867.98303107741	207
4840.34513373004	208
4857.85888256308	209
4860.97078675705	210
4893.79754291697	211
4880.4670616508	212
4868.8142220579	213
4851.32627775022	214
4851.41598765156	215
4918.33346038647	216
4898.16836859493	217
4865.29705137493	218
4862.82746223871	219
4862.40493354199	220
4876.6237493419	221
4863.69964670225	222
4894.24368814192	223
4869.91450038476	224
4847.99905658012	225
4855.93143338321	226
4845.9571266763	227
4877.63270033279	228
4849.7097345919	229
4851.93375738922	230
4858.36387617352	231
4860.06948830739	232
4852.22132056822	233
4873.05891878208	234
4846.59071342824	235
4870.16070051835	236
4836.96549132313	237
4874.12767219593	238
4827.02780705414	239
4861.28810421101	240
4847.47160355468	241
4833.70691020289	242
4865.79834655036	243
4880.27817178827	244
4853.91800261586	245
4851.01798280595	246
4864.43292178326	247
4867.02821793883	248
4890.23052953365	249
4855.38524242679	250
4854.1967459577	251
4875.56445652428	252
4871.23981478999	253
4908.30485306888	254
4853.45458373481	255
4863.03435905059	256
4870.82813205029	257
4859.27409544224	258
4793.45783688778	259
4872.72382388142	260
4823.60971423188	261
4863.88951697967	262
4906.80864846915	263
4889.24874546574	264
4857.51845277558	265
4852.13284115217	266
4871.39982516961	267
4864.03468598109	268
4893.12601268466	269
4856.46581572684	270
4868.63703666262	271
4837.02960863164	272
4908.05584925793	273
4882.73611881325	274
4891.63363194122	275
4882.01459339282	276
4877.84689228016	277
4866.84019963179	278
4867.02012646573	279
4876.85848802955	280
4855.56539203551	281
4894.30190455723	282
4872.12107372711	283
4854.29303349572	284
4893.96065636655	285
4865.16926773544	286
4884.91797525052	287
4862.13473152667	288
4848.42841023977	289
4859.40541579496	290
4864.09508061672	291
4849.97889914106	292
4878.25364605559	293
4872.41065377192	294
4821.62006898266	295
4851.9137887391	296
4874.8020914995	297
4878.59748279718	298
4860.45129075858	299
4840.18396177593	300
4824.8501991996	301
4865.74102721471	302
4878.16364438359	303
4858.24741225029	304
4865.16596249574	305
4870.3627384273	306
4873.15709691171	307
4862.98880623089	308
4828.63193502708	309
4835.20069961625	310
4896.76730369962	311
4872.3535373232	312
4855.70493936135	313
4845.75209014074	314
4862.71646956429	315
4843.96261230078	316
4867.73121789661	317
4882.73488892073	318
4864.16968565353	319
4874.90910621915	320
4840.4250407168	321
4868.51687584135	322
4843.68019694523	323
4895.91589036253	324
4864.85584506536	325
4844.66254272269	326
4851.57125653106	327
4875.53771766327	328
4900.79675777988	329
4894.96873980096	330
4849.90787660893	331
4854.78732268038	332
4887.29367752049	333
4844.54419914755	334
4867.72563934016	335
4882.44503703572	336
4879.83176539796	337
4870.04673094921	338
4852.91993839206	339
4860.09780151546	340
4855.44884719836	341
4851.11396533333	342
4841.72108821086	343
4839.85606263739	344
4868.39797857416	345
4895.84129564625	346
4863.34826569081	347
4838.62184665486	348
4895.38071938397	349
4865.83974743172	350
4854.48560760219	351
4877.85827318511	352
4858.05508791114	353
4856.62037941581	354
4899.66109328155	355
4912.23260941123	356
4888.77282893437	357
4880.93039074186	358
4863.31287636398	359
4871.36851495368	360
4834.64928141266	361
4843.36429008888	362
4838.01021327586	363
4887.52338276805	364
4886.2038536469	365
4871.87747345239	366
4833.55856755603	367
4842.34833061363	368
4844.04100784167	369
4890.352312802	370
4908.85009351464	371
4883.08862565506	372
4882.23497465814	373
4855.11634187342	374
4873.67787596481	375
4873.37136232031	376
4860.92877687409	377
4862.12330142008	378
4874.2600247191	379
4859.37284448706	380
4852.48364598623	381
4873.76514266095	382
4859.53787544371	383
4870.17001032236	384
4869.06712094832	385
4816.02799102973	386
4850.53170691517	387
4852.88254863421	388
4894.54574431896	389
4826.47878464769	390
4870.64680183015	391
4877.43383272546	392
4875.98073784898	393
4896.79306332079	394
4860.61598798078	395
4872.3939676243	396
4868.99977176074	397
4890.32717871528	398
4891.93145011505	399
4864.84565536163	400
4841.83853406004	401
4835.73846341758	402
4879.06745664731	403
4867.33689738227	404
4875.96760159633	405
4856.18051080811	406
4859.40122313266	407
4833.78001664219	408
4849.03333346337	409
4864.17076299769	410
4853.82889933927	411
4872.48737174571	412
4867.61251773576	413
4864.90518889814	414
4877.57676399609	415
4886.44166071719	416
4833.7048740848	417
4864.82452802007	418
4855.56038470888	419
4885.85423417433	420
4868.84185721434	421
4834.38295628784	422
4866.8073718975	423
4839.64479390861	424
4884.08010336852	425
4842.30196027643	426
4891.53449709488	427
4917.93588598587	428
4852.64567852735	429
4807.21377869474	430
4905.88132270677	431
4817.10065194564	432
4815.35770377513	433
4846.02703463311	434
4897.32408923834	435
4900.31109458395	436
4867.12750095345	437
4863.04696083948	438
4873.87110608134	439
4897.78985299915	440
4857.6061035277	441
4823.30649316417	442
4853.35874138186	443
4849.99405359749	444
4870.95953189035	445
4875.50694424649	446
4853.86855808932	447
4867.92181680728	448
4876.49571286532	449
4889.66435349213	450
4872.39759706888	451
4870.46152869303	452
4888.83393910955	453
4832.10401340992	454
4883.3221653095	455
4858.86066370797	456
4889.8990633028	457
4861.75239000649	458
4854.46182285122	459
4869.98328548017	460
4845.9060774022	461
4886.15125644092	462
4867.3920955699	463
4897.60272581175	464
4824.17359793585	465
4831.95619995358	466
4856.82516498264	467
4851.50510378594	468
4857.0403405217	469
4870.47469982575	470
4856.49614319547	471
4892.19348516408	472
4848.47575489058	473
4850.84174516892	474
4859.74853170842	475
4881.55487434494	476
4857.43124690243	477
4816.97359281222	478
4840.37048451291	479
4886.67325100789	480
4878.00936572998	481
4834.9896368847	482
4836.7617214746	483
4861.87342157693	484
4864.19514673698	485
4872.17391897653	486
4866.82832212459	487
4827.01534272929	488
4840.98680465648	489
4842.9588438522	490
4896.05673803851	491
4887.47890473029	492
4856.74020115431	493
4863.16925510833	494
4864.43077286561	495
4845.11786263572	496
4885.32258729359	497
4877.84137313698	498
4867.91200264236	499
4868.80347222002	500
4861.94044844433	501
4858.53502435756	502
4866.13910200236	503
4845.51828190132	504
4886.53316515398	505
4830.08967165828	506
4839.57926710683	507
4892.45527411824	508
4844.47790018608	509
4841.81827922175	510
4890.83470495527	511
4856.7036742727	512
4830.77736732473	513
4881.41247791786	514
4848.27370273172	515
4881.11844185316	516
4884.9215191786	517
4845.56882084349	518
4853.42476049041	519
4864.44043947818	520
4824.18259569031	521
4869.88095081646	522
4848.39634954137	523
4879.83424826739	524
4867.81070094169	525
4844.76504814731	526
4878.63777710264	527
4838.30714618019	528
4840.54361911381	529
4825.12095275796	530
4852.26538279316	531
4836.64909445134	532
4843.59645735837	533
4856.43072341823	534
4838.34430665922	535
4879.35368238193	536
4870.61726991186	537
4924.65247733801	538
4866.58631208105	539
4852.22718633897	540
4854.23085317359	541
4892.8299254515	542
4868.31261729708	543
4846.16214459414	544
4891.82414171039	545
4836.26677858135	546
4854.6737174363	547
4867.20392282649	548
4864.44458066947	549
4859.71542844471	550
4888.96043037985	551
4858.47688344294	552
4847.86322902032	553
4821.18287195943	554
4829.967352802	555
4845.06622731096	556
4852.51665958874	557
4835.59850811895	558
4860.07017640376	559
4850.70971470527	560
4859.30325717265	561
4870.78929123548	562
4861.72239457775	563
4855.23517475003	564
4872.61756436674	565
4854.88396176499	566
4890.91315496784	567
4843.60765369894	568
4850.76707241564	569
4832.11529919159	570
4866.51172228512	571
4865.34703711952	572
4806.33117387782	573
4872.83122706696	574
4859.81484229297	575
4850.09495550083	576
4856.79568771283	577
4904.31380552097	578
4857.10676612062	579
4836.86811180219	580
4853.41811803933	581
4880.64895800244	582
4905.31374754542	583
4882.62676430716	584
4856.57190339031	585
4861.52901679815	586
4877.31737988203	587
4880.63862210435	588
4848.55991277293	589
4873.08942204583	590
4876.97336436188	591
4864.90842141459	592
4844.32973257312	593
4833.39584180029	594
4865.04487402179	595
4835.17624953597	596
4904.72691974959	597
4851.79725467111	598
4895.56028038212	599
4835.37450681183	600
4915.57652165202	601
4873.51379077661	602
4899.26960120534	603
4878.43977061958	604
4862.98693838703	605
4875.59803649206	606
4862.58147588517	607
4833.18050511539	608
4871.66396583521	609
4849.70498899142	610
4865.40636255404	611
4859.55278257414	612
4851.24577926229	613
4836.19788180401	614
4855.19868483947	615
4856.94630013998	616
4838.96252968017	617
4881.80120713822	618
4873.03991238063	619
4817.98935710435	620
4852.3150793438	621
4842.74220142053	622
4915.59150178084	623
4872.75427151612	624
4825.24191131085	625
4885.97814745298	626
4853.15485938977	627
4840.31610572252	628
4820.98338249062	629
4864.48561832275	630
4875.39469871667	631
4861.08640825338	632
4869.29786600163	633
4875.00132202597	634
4850.66847197962	635
4867.55715666809	636
4848.81706328143	637
4862.44691803784	638
4847.55631008628	639
4877.04989919231	640
4854.52433938257	641
4847.13620010072	642
4845.01242997017	643
4836.01261097943	644
4832.35048645717	645
4833.19960852618	646
4864.3936924781	647
4887.58360131323	648
4819.36898983271	649
4847.5232375604	650
4841.36396462454	651
4870.94605355415	652
4814.20686307409	653
4852.3918753074	654
4900.20581621617	655
4866.54871590857	656
4849.41337636365	657
4889.90748873396	658
4864.9121585649	659
4853.10475367226	660
4854.84172321949	661
4823.56435575274	662
4883.56863026265	663
4845.85492641008	664
4860.73744051236	665
4879.59270120966	666
4881.65536130413	667
4876.22319279467	668
4860.16659676576	669
4859.84364572602	670
4883.57158967776	671
4864.70421187405	672
4838.71828037955	673
4870.72949685964	674
4838.03091251785	675
4860.77744654785	676
4827.13833359269	677
4839.96423849703	678
4832.73294181648	679
4859.90142405137	680
4877.93055231799	681
4854.83947702302	682
4859.06308928064	683
4892.61733442815	684
4852.75482655842	685
4906.83861686529	686
4860.14690700613	687
4846.8627836086	688
4869.99190100462	689
4843.24843987033	690
4824.48281953449	691
4877.1111170258	692
4852.72030046584	693
4835.69945117525	694
4870.07044746667	695
4864.41583518937	696
4861.98292978941	697
4869.3267396681	698
4825.8389651294	699
4841.16506613718	700
4874.48764698256	701
4844.69396971938	702
4889.29991189071	703
4859.5101248102	704
4865.05431353875	705
4851.86216777656	706
4856.33753339435	707
4862.702748147	708
4828.44508506399	709
4846.34073755809	710
4825.11053417893	711
4870.14572037444	712
4872.90114766912	713
4859.36923177807	714
4814.95997893652	715
4846.94915297641	716
4857.98296770006	717
4870.60259421717	718
4887.40024021329	719
4870.36945030609	720
4855.22410677409	721
4876.28395581874	722
4861.32503267154	723
4850.73800822964	724
4841.78537166456	725
4866.50070157168	726
4858.44716274959	727
4866.11252287044	728
4849.07282107087	729
4858.4303868343	730
4848.71654469967	731
4839.07305930534	732
4883.84213880766	733
4877.89492040711	734
4876.43780865329	735
4844.45147345357	736
4859.61658650824	737
4882.60053772978	738
4853.47818523942	739
4844.71306913506	740
4843.36382078359	741
4833.96142624065	742
4834.98210231328	743
4872.58622144956	744
4850.30824305439	745
4811.65949731955	746
4840.07703626283	747
4890.42606341344	748
4867.09105120109	749
4877.9779127625	750
4849.58983971089	751
4853.46147006958	752
4841.45624705839	753
4877.18247132355	754
4902.06084479285	755
4880.7266432432	756
4860.95328793145	757
4819.58079979471	758
4858.75480808537	759
4840.90217898248	760
4866.65457372224	761
4861.37197523047	762
4855.30218207165	763
4849.92467306345	764
4869.62365231027	765
4841.59125833409	766
4866.05423797751	767
4853.48261210388	768
4857.64412965328	769
4872.51168806469	770
4841.88312302154	771
4889.98650153864	772
4863.31539884574	773
4888.07195807983	774
4844.96078086614	775
4856.81573263581	776
4863.60174376177	777
4860.69430775837	778
4831.28076090571	779
4852.4255053868	780
4875.09703750466	781
4833.21188704597	782
4842.50600348044	783
4858.42237341683	784
4869.98224597785	785
4874.73425075218	786
4823.19422638538	787
4881.11364961572	788
4850.10003476704	789
4856.07810938447	790
4840.84864207227	791
4854.10440949796	792
4848.781547589	793
4859.23257034069	794
4853.94356950631	795
4885.46906802861	796
4848.51553397532	797
4899.00236683142	798
4863.49615722839	799
4873.03735346032	800
4875.54574818247	801
4884.37131803602	802
4871.32748538293	803
4891.51213929087	804
4854.31357925578	805
4870.59656947867	806
4822.90343169118	807
4845.22566530097	808
4851.46523547026	809
4881.98545863286	810
4857.50447935421	811
4864.96749339164	812
4850.89504540494	813
4835.78267983651	814
4847.3264693096	815
4880.68252572168	816
4850.52967563095	817
4846.1608312898	818
4855.45286027069	819
4836.21025183287	820
4847.88242686979	821
4881.74156498615	822
4872.55719158321	823
4927.12720834654	824
4877.31493293573	825
4865.10875913686	826
4872.74369965891	827
4866.13893299166	828
4837.69729278931	829
4845.58485812107	830
4875.64946118248	831
4872.03699083585	832
4860.23209717842	833
4854.28942974325	834
4845.27618627487	835
4894.35960540224	836
4860.98200734638	837
4849.3742679284	838
4873.0796470096	839
4896.13589287305	840
4884.63517317526	841
4848.67161884364	842
4854.04548533965	843
4840.33609936226	844
4862.48874595078	845
4859.21533645493	846
4877.52098774405	847
4866.22209846987	848
4861.39918165225	849
4852.57606647009	850
4846.11858698582	851
4851.90441758027	852
4891.38978040638	853
4831.66589622145	854
4888.21170847309	855
4846.5812450887	856
4857.15211682741	857
4841.44397030149	858
4883.96996769335	859
4910.42997977137	860
4859.0914018035	861
4873.85265607216	862
4878.25071932006	863
4860.92631492676	864
4885.88052860463	865
4822.56189548623	866
4858.44309818144	867
4891.11348384478	868
4840.21045623728	869
4865.82704496542	870
4864.87977766751	871
4876.90680755227	872
4864.10142440123	873
4851.66883284633	874
4886.36566624609	875
4848.06429413092	876
4829.06099267575	877
4864.14901289147	878
4858.84769198859	879
4891.61821982097	880
4839.16728210544	881
4878.5647353735	882
4866.33262921176	883
4827.02128961364	884
4874.46309445423	885
4884.23069349941	886
4876.19644365462	887
4858.78524981037	888
4853.107109986	889
4830.19845500691	890
4894.64061495674	891
4848.61572667377	892
4852.4213845217	893
4855.78573319852	894
4851.45222861865	895
4842.14453553126	896
4848.61417975404	897
4887.16007661355	898
4860.42366195286	899
4850.27191705054	900
4859.43974742229	901
4857.34657541479	902
4826.89060753734	903
4837.44304401496	904
4847.19850874339	905
4881.49872788654	906
4890.67571028011	907
4830.72221630844	908
4872.96065873957	909
4866.8919421849	910
4879.83062403188	911
4854.89083608213	912
4880.36565009159	913
4834.18418368571	914
4855.25186248888	915
4897.96699446731	916
4900.08791881597	917
4874.90409930988	918
4852.91463827332	919
4859.11717811198	920
4883.9225660999	921
4842.31445296727	922
4819.26751401506	923
4839.87224160649	924
4851.23362415414	925
4856.73492046155	926
4878.16762902659	927
4889.45772516271	928
4857.23022860366	929
4839.16313610636	930
4856.18981196928	931
4795.51855395444	932
4888.26714549228	933
4879.34450518123	934
4853.78465008128	935
4877.68362482732	936
4883.78999525403	937
4866.34894476092	938
4853.89337084287	939
4866.34641315969	940
4876.53205046242	941
4846.17159599406	942
4885.64681735724	943
4891.85621049278	944
4883.06370675636	945
4848.80067453972	946
4885.11726960484	947
4848.06635797811	948
4875.80705866815	949
4865.78192912021	950
4869.39898582107	951
4865.34026561192	952
4856.46053352851	953
4842.1106983346	954
4854.75468237252	955
4866.99273860536	956
4883.470582869	957
4853.2868744457	958
4850.65828537987	959
4830.29154686998	960
4878.58994808099	961
4834.09353515678	962
4847.56010153989	963
4871.303241969	964
4879.68896571985	965
4867.36927643856	966
4806.21837171773	967
4862.70832826985	968
4863.65359859313	969
4900.21479984402	970
4835.41318686691	971
4913.95526381366	972
4888.92115323763	973
4862.88047364759	974
4825.42135445565	975
4869.2393342326	976
4841.48915227942	977
4855.3776680852	978
4844.95419581099	979
4864.50083760114	980
4856.40127883023	981
4882.75231758569	982
4872.70130037345	983
4862.80006046585	984
4845.87964320811	985
4847.91679287261	986
4845.50038334941	987
4846.68971414596	988
4878.86514068885	989
4883.31491645531	990
4826.49696872881	991
4818.86404926715	992
4856.22172565205	993
4857.77847415622	994
4867.34236189783	995
4850.08754749616	996
4824.85835081657	997
4840.16052516652	998
4876.95523335274	999
4854.42664822501	1000
4894.87735706446	1001
4866.87380167557	1002
4852.326606526	1003
4842.16395720604	1004
4838.55084721671	1005
4886.383558608	1006
4860.52522400734	1007
4860.98643243049	1008
4870.98936480174	1009
4845.40799908363	1010
4838.21728640605	1011
4806.68526219119	1012
4837.44998503924	1013
4834.4831582184	1014
4873.41979066772	1015
4854.96624038124	1016
4888.72944161313	1017
4858.12558438222	1018
4822.21763540941	1019
4843.34048153706	1020
4825.46014216653	1021
4826.23321627087	1022
4857.3236169409	1023
4880.39886822831	1024
4883.58901908872	1025
4845.5792897732	1026
4888.43591850216	1027
4820.59192376325	1028
4846.90104553726	1029
4866.31011855805	1030
4874.72790790528	1031
4889.43764272381	1032
4883.96745743257	1033
4866.21775671127	1034
4897.40601761144	1035
4884.37560292321	1036
4845.70251669107	1037
4797.96753355383	1038
4856.87891201899	1039
4854.65034610526	1040
4872.12797147865	1041
4840.78624626275	1042
4853.63309837332	1043
4868.72993890773	1044
4884.26350402701	1045
4880.52939317551	1046
4865.63813753658	1047
4862.60940245617	1048
4870.8778680266	1049
4901.06342732274	1050
4891.28150959058	1051
4833.211915888	1052
4831.86989792994	1053
4862.0608570335	1054
4875.41056529403	1055
4882.05988921748	1056
4877.49758198856	1057
4839.45296269788	1058
4864.21695747825	1059
4889.57969259663	1060
4843.65879064931	1061
4851.91903437299	1062
4869.60892308294	1063
4842.25551170512	1064
4866.04723713932	1065
4872.88776543359	1066
4874.72246803035	1067
4838.79066786425	1068
4868.78732511083	1069
4867.20538363437	1070
4865.99036420257	1071
4832.30346784867	1072
4885.62411427603	1073
4868.60704712751	1074
4855.5575206152	1075
4836.94757386465	1076
4856.53663484313	1077
4867.15420585595	1078
4877.81942209692	1079
4856.22987353716	1080
4865.90604729729	1081
4840.82157817224	1082
4855.30264669133	1083
4872.71964594004	1084
4872.43233794598	1085
4873.48945975735	1086
4857.76604669136	1087
4892.61061836409	1088
4898.63868922406	1089
4865.50802679347	1090
4839.99834430746	1091
4859.84638341456	1092
4846.6650324239	1093
4884.37590845289	1094
4851.35504439617	1095
4822.07147550777	1096
4870.69294912804	1097
4862.98915614753	1098
4875.77766536488	1099
4857.98861245846	1100
4871.56822158969	1101
4861.07511428525	1102
4809.87975467883	1103
4845.51668229817	1104
4860.16851885857	1105
4872.83432822624	1106
4836.46740775583	1107
4858.36307635727	1108
4871.36842392481	1109
4874.26066276316	1110
4876.00630361198	1111
4836.95954679348	1112
4884.97119704007	1113
4846.94826879871	1114
4837.4143902152	1115
4842.52762632474	1116
4871.22412275379	1117
4844.37467269034	1118
4891.63116189202	1119
4884.10764350165	1120
4859.24733399556	1121
4870.22198037159	1122
4856.85074963657	1123
4845.58740784667	1124
4890.38265417913	1125
4862.56586372928	1126
4852.73135991353	1127
4867.92935432375	1128
4864.28925373035	1129
4865.05273210158	1130
4870.31023238645	1131
4892.83576517486	1132
4888.47598739636	1133
4870.5365147941	1134
4830.51001812306	1135
4831.07218559999	1136
4857.62109135228	1137
4892.04764168047	1138
4849.07674911146	1139
4851.91807257227	1140
4822.28089954733	1141
4847.4268466374	1142
4877.50251660394	1143
4837.86813022914	1144
4882.13015037505	1145
4845.13043430948	1146
4830.81608536647	1147
4861.44691830431	1148
4837.69062688493	1149
4884.31464744291	1150
4861.80457015792	1151
4836.28906219972	1152
4837.55198063428	1153
4834.51442997294	1154
4874.57887656515	1155
4889.33251263154	1156
4892.55431711473	1157
4885.27455496151	1158
4881.2795270127	1159
4844.68182275516	1160
4848.3428118028	1161
4846.87254026385	1162
4839.53445073158	1163
4919.9238763362	1164
4881.5725698597	1165
4838.27127218239	1166
4841.38191778714	1167
4867.21479980785	1168
4866.1338365926	1169
4837.14124978821	1170
4876.65395191481	1171
4849.84666919759	1172
4861.17959024975	1173
4901.88827666432	1174
4885.02517018748	1175
4867.3794106436	1176
4891.78558648113	1177
4816.50568530028	1178
4858.13316504731	1179
4841.76461107616	1180
4854.45927291077	1181
4866.66734164731	1182
4868.69138537605	1183
4871.40369331984	1184
4850.11619211945	1185
4814.56570052956	1186
4861.91310539996	1187
4847.91367737135	1188
4879.39989738057	1189
4880.30590694348	1190
4860.55710477569	1191
4864.8874843509	1192
4859.32691095517	1193
4868.79129812716	1194
4863.22090246181	1195
4855.86134544595	1196
4865.28380193423	1197
4859.03153069128	1198
4823.99884592395	1199
4835.76088682375	1200
4855.92302913967	1201
4867.73677681992	1202
4830.44734844211	1203
4861.35742438245	1204
4862.42065111209	1205
4869.10240582038	1206
4824.77111562963	1207
4867.24377526666	1208
4868.61774499395	1209
4854.78637614575	1210
4891.18440312193	1211
4840.7858699391	1212
4864.09181712094	1213
4855.26778225082	1214
4848.95187117361	1215
4859.68386999286	1216
4861.73987553652	1217
4857.85277451349	1218
4883.32798174148	1219
4873.10598940351	1220
4818.94890395447	1221
4862.80000967291	1222
4894.03099954616	1223
4896.31588554525	1224
4859.60595339568	1225
4854.40070566973	1226
4873.61929562313	1227
4853.60778322507	1228
4888.55765960373	1229
4872.92127780164	1230
4883.53518013784	1231
4830.86310322357	1232
4883.08835859589	1233
4810.85650494462	1234
4879.81324013278	1235
4857.42962381151	1236
4841.94968848119	1237
4877.47301401226	1238
4865.13827208079	1239
4884.51501919105	1240
4869.42931749908	1241
4860.61169479073	1242
4869.817325933	1243
4896.51771286326	1244
4851.10985028893	1245
4853.50753906703	1246
4843.22889570983	1247
4861.58722815097	1248
4809.23496537209	1249
4847.34500638179	1250
4868.11036102487	1251
4851.95448008337	1252
4875.44427802625	1253
4850.13919185801	1254
4852.45273353336	1255
4881.28892423782	1256
4835.51579944304	1257
4853.63343482738	1258
4842.97729406453	1259
4855.58536161328	1260
4854.5379641126	1261
4842.63012720566	1262
4862.09622578308	1263
4870.83802754473	1264
4878.03855894616	1265
4840.97236074108	1266
4869.78858143521	1267
4826.84608459234	1268
4881.41724322273	1269
4870.62120177003	1270
4878.26709632689	1271
4861.71557153718	1272
4839.93398246828	1273
4861.6156564163	1274
4868.00588439434	1275
4857.34485663463	1276
4840.28414786119	1277
4837.18341097799	1278
4855.77244016442	1279
4846.64258171144	1280
4886.41862861974	1281
4876.4074105646	1282
4880.28083966522	1283
4885.51727283666	1284
4876.26710372526	1285
4875.21617076567	1286
4867.18420142101	1287
4835.58658016966	1288
4848.88604509074	1289
4833.72762535421	1290
4879.14724189382	1291
4806.88951153108	1292
4871.98985085984	1293
4874.72277975618	1294
4826.84747164999	1295
4890.17194857626	1296
4897.88454544436	1297
4821.43239624082	1298
4872.22489888175	1299
4860.46471540876	1300
4827.50775213989	1301
4822.66447567091	1302
4872.79705589925	1303
4863.63918196985	1304
4852.4911834458	1305
4887.97915286247	1306
4847.06410117451	1307
4869.82246902164	1308
4865.87427839891	1309
4837.21099232478	1310
4849.62905345947	1311
4887.22765415316	1312
4843.65465014408	1313
4830.80557658704	1314
4847.04989442419	1315
4841.74947304804	1316
4846.42218844093	1317
4832.28522330719	1318
4879.90075680672	1319
4864.28168845869	1320
4872.98041174662	1321
4856.81225654171	1322
4891.61516937739	1323
4841.54242979294	1324
4892.21632118386	1325
4847.81093126223	1326
4875.3987298049	1327
4835.82562941639	1328
4858.26598460503	1329
4861.1444678658	1330
4833.45525770152	1331
4821.82952597575	1332
4867.52043120323	1333
4863.36476020377	1334
4856.31648800598	1335
4876.81185529901	1336
4867.69438699763	1337
4835.82555175828	1338
4854.23772538417	1339
4851.24055463101	1340
4850.09430665796	1341
4848.45252358463	1342
4919.03655803011	1343
4856.31090885371	1344
4885.95621896889	1345
4849.01789715109	1346
4853.88825428	1347
4839.96326627954	1348
4872.22616823587	1349
4873.64369451232	1350
4890.55123316963	1351
4891.92882738761	1352
4850.49482240063	1353
4875.53570092235	1354
4881.96247013078	1355
4860.5066112697	1356
4870.12172002359	1357
4883.48865228451	1358
4863.77334335844	1359
4877.22866906611	1360
4833.58708041044	1361
4849.15260134484	1362
4862.6842225322	1363
4876.25779409998	1364
4896.24699601074	1365
4882.37025001808	1366
4829.47555094388	1367
4847.85360251373	1368
4862.18018295488	1369
4853.88536982243	1370
4848.02449459129	1371
4883.21040093419	1372
4816.89988110575	1373
4873.71720683474	1374
4893.2976615123	1375
4892.68866585947	1376
4859.65201220855	1377
4851.82861783775	1378
4845.45769587632	1379
4857.06425789589	1380
4854.56693174735	1381
4856.67955754457	1382
4871.77159848886	1383
4881.81926148551	1384
4871.36400536482	1385
4864.70221942857	1386
4868.61908377424	1387
4851.20196644535	1388
4865.01318145084	1389
4870.95845334658	1390
4864.7337969899	1391
4888.30739904457	1392
4844.92874013749	1393
4859.48279804022	1394
4872.536861251	1395
4831.240068537	1396
4857.92912980814	1397
4872.42220802348	1398
4877.16744892531	1399
4872.12320376534	1400
4883.23312475153	1401
4861.59938547028	1402
4842.43266613711	1403
4879.33217458867	1404
4853.63029619028	1405
4819.63117042218	1406
4881.86188917735	1407
4864.4355850289	1408
4827.64661920924	1409
4873.10023836399	1410
4887.25671762188	1411
4863.57071399911	1412
4860.02925293063	1413
4849.93731043477	1414
4862.64250743749	1415
4850.3709696559	1416
4864.25290886037	1417
4881.56965158537	1418
4842.64436136193	1419
4856.70224451411	1420
4846.51015491597	1421
4895.18750152467	1422
4860.94138353964	1423
4868.12841201861	1424
4852.91678930681	1425
4858.1021126329	1426
4852.73452609178	1427
4818.28947777505	1428
4841.36509388417	1429
4874.92367338134	1430
4842.06236557341	1431
4836.78184922271	1432
4852.42907493679	1433
4870.65382980489	1434
4876.12716325926	1435
4834.8253304498	1436
4849.38161133054	1437
4880.49148605439	1438
4848.31455518309	1439
4887.73931466416	1440
4837.51946869907	1441
4857.55654700311	1442
4828.72510147782	1443
4859.7154679564	1444
4839.35862386381	1445
4829.95032690532	1446
4855.79210253185	1447
4830.5118985692	1448
4844.13179428267	1449
4874.39200397611	1450
4880.56255956709	1451
4896.27393833675	1452
4843.07676653581	1453
4870.92834726405	1454
4848.11572998474	1455
4861.2152709976	1456
4829.49298195933	1457
4840.61850440213	1458
4867.39218086217	1459
4881.79083114154	1460
4874.99160820986	1461
4880.94417597486	1462
4841.78974200549	1463
4858.87898324513	1464
4837.67242499709	1465
4862.77379365172	1466
4869.70608326071	1467
4839.79317105899	1468
4851.05159385234	1469
4810.02841700131	1470
4889.31422021556	1471
4886.39763885468	1472
4843.45946291718	1473
4843.97282432473	1474
4828.71271377556	1475
4856.11453349785	1476
4904.43315108249	1477
4852.15829264265	1478
4833.64993171128	1479
4862.40495322052	1480
4870.91132357402	1481
4848.44766512187	1482
4847.76075148654	1483
4883.99418009051	1484
4848.28275378183	1485
4875.95013534279	1486
4842.21893511275	1487
4863.87888486442	1488
4883.68381832213	1489
4870.80408060756	1490
4861.30678624982	1491
4844.40766861073	1492
4853.52465312698	1493
4870.22227182346	1494
4867.17297522876	1495
4861.71007571224	1496
4852.26507456919	1497
4860.9054371518	1498
4828.87490446473	1499
4850.34864808987	1500
4829.3078197075	1501
4846.54193888008	1502
4858.74778177185	1503
4838.52038877567	1504
4825.06113971119	1505
4828.84626734903	1506
4841.14364685172	1507
4828.85289824585	1508
4879.55150502551	1509
4821.98502219193	1510
4823.71713768143	1511
4850.9375778402	1512
4817.46168590147	1513
4832.95309176206	1514
4825.08512627506	1515
4855.12349836911	1516
4862.06672389818	1517
4834.11393766547	1518
4850.20269406037	1519
4841.20193595403	1520
4895.86753395605	1521
4828.77532634303	1522
4873.16824869627	1523
4894.08521019243	1524
4876.57958185015	1525
4853.70396710805	1526
4872.66817569594	1527
4873.17149078387	1528
4882.39110399834	1529
4859.66431423841	1530
4842.85038312215	1531
4894.65529969326	1532
4838.61888738817	1533
4832.96256891001	1534
4857.05503587118	1535
4865.64171241315	1536
4840.76026045613	1537
4834.73502962902	1538
4847.73925721499	1539
4892.30808411706	1540
4840.97311932277	1541
4845.11398107872	1542
4872.65402688568	1543
4852.23771289048	1544
4869.64996641375	1545
4850.47990054627	1546
4874.46858419377	1547
4827.94964121287	1548
4886.77280365342	1549
4833.01307130023	1550
4887.50632836372	1551
4862.95296455664	1552
4886.32094392521	1553
4856.86947874082	1554
4879.80636677287	1555
4857.83191517656	1556
4885.33336927369	1557
4868.71095247157	1558
4852.2724951307	1559
4850.85249556311	1560
4844.84924982838	1561
4871.62703588416	1562
4844.90815369326	1563
4824.35399622806	1564
4827.36178919621	1565
4838.05599822108	1566
4877.07545829163	1567
4868.22547322328	1568
4875.00500832593	1569
4841.6158051742	1570
4865.57087414002	1571
4895.27742118905	1572
4828.21886656193	1573
4875.13955281168	1574
4917.02402926816	1575
4824.74606674026	1576
4875.43040385893	1577
4886.45157850483	1578
4901.13538603847	1579
4859.12830580444	1580
4860.35093051059	1581
4838.09029918237	1582
4899.89880185859	1583
4886.65934257122	1584
4897.67929988541	1585
4831.87312819325	1586
4869.6035009623	1587
4861.7295451262	1588
4860.82357856014	1589
4866.28671869656	1590
4822.61405051954	1591
4870.62754744484	1592
4876.78709084658	1593
4862.78606503054	1594
4853.69255925591	1595
4853.2027015336	1596
4858.95854879005	1597
4823.54656882916	1598
4877.26002634515	1599
4827.70740852167	1600
4868.51146307663	1601
4845.02782341708	1602
4846.27713379363	1603
4836.93326607163	1604
4821.84033892337	1605
4877.30247127157	1606
4846.87090851253	1607
4815.59926871084	1608
4910.6480909768	1609
4896.07939352318	1610
4844.62827331118	1611
4901.36276469086	1612
4820.28927259699	1613
4814.80085865298	1614
4833.49428819227	1615
4920.05159596682	1616
4881.79471145507	1617
4897.8568554376	1618
4910.92193877566	1619
4848.57245529274	1620
4845.80743281941	1621
4835.30927951276	1622
4873.47459921708	1623
4888.82462598109	1624
4890.30049307135	1625
4865.78777280701	1626
4850.14940644015	1627
4861.76092187656	1628
4841.68332470714	1629
4862.44301754246	1630
4849.13581830695	1631
4858.76942445228	1632
4871.58897886551	1633
4831.03721765434	1634
4886.44506608143	1635
4862.13688068922	1636
4870.11090818303	1637
4833.78028851575	1638
4895.95117155228	1639
4845.9550116483	1640
4870.55714258216	1641
4858.12066280438	1642
4878.09506551428	1643
4856.77779650611	1644
4835.03243459999	1645
4868.25035887226	1646
4838.47035427184	1647
4894.71512393625	1648
4844.55214858304	1649
4861.58032068454	1650
4865.77053314282	1651
4887.44621566894	1652
4840.3858300903	1653
4868.57160452266	1654
4845.70953658079	1655
4863.03575350717	1656
4870.82477833998	1657
4866.92195116618	1658
4844.43521710683	1659
4882.05338920364	1660
4847.33809640626	1661
4854.97738042459	1662
4848.87635770705	1663
4842.6251591583	1664
4874.26672938034	1665
4886.87942829693	1666
4868.13695019039	1667
4860.85350693428	1668
4847.19589361847	1669
4850.43481866491	1670
4842.28113664884	1671
4863.209844229	1672
4876.84635785127	1673
4902.53054715344	1674
4842.37107552858	1675
4903.342162777	1676
4879.22604068181	1677
4828.82199414549	1678
4870.87987023099	1679
4838.96150831365	1680
4855.33095927715	1681
4833.75631882735	1682
4870.4079771209	1683
4905.13212257919	1684
4868.9319916164	1685
4850.4380377312	1686
4871.58649862817	1687
4856.14710349146	1688
4890.17989259325	1689
4835.0013257697	1690
4898.61645530513	1691
4858.04942689138	1692
4861.72996027268	1693
4880.18479884202	1694
4866.30963901537	1695
4855.83417466247	1696
4883.48670097591	1697
4867.16441754325	1698
4848.71606286471	1699
4841.94842391419	1700
4860.18993729186	1701
4836.81799163063	1702
4853.82772518903	1703
4870.77933262476	1704
4868.94588395712	1705
4889.94362667003	1706
4882.08182850371	1707
4861.85423205894	1708
4875.89657454095	1709
4885.88782933322	1710
4847.11685262375	1711
4847.19691993326	1712
4862.11128566107	1713
4872.09701568945	1714
4850.04358226249	1715
4852.8183516268	1716
4825.62866643088	1717
4893.89855641162	1718
4882.43259958024	1719
4889.02225471867	1720
4862.63535205498	1721
4867.20785517828	1722
4833.82287567119	1723
4863.29365205607	1724
4865.74916039821	1725
4870.18097093999	1726
4858.92142101599	1727
4842.33746953983	1728
4853.12375812921	1729
4820.94546696032	1730
4889.45053399684	1731
4867.16421803451	1732
4878.89302577566	1733
4875.02020974999	1734
4862.77034353101	1735
4845.29913654285	1736
4873.88814946213	1737
4853.50925473519	1738
4851.13263383167	1739
4838.2697316321	1740
4867.49372960608	1741
4855.57470516259	1742
4837.00405419641	1743
4879.04512791697	1744
4874.54506598429	1745
4861.2372090227	1746
4886.29183577166	1747
4895.87131741667	1748
4859.8946428309	1749
4867.03915310164	1750
4862.48453051088	1751
4824.12986335559	1752
4862.99175694043	1753
4863.82313234039	1754
4853.88921273952	1755
4876.57777625209	1756
4862.57644496467	1757
4844.68669776019	1758
4845.28168184247	1759
4857.62004583755	1760
4894.39854759461	1761
4880.56045668005	1762
4870.11710788553	1763
4823.32037422752	1764
4866.77837620085	1765
4874.23490345227	1766
4868.15377595398	1767
4850.59427566523	1768
4861.172105905	1769
4836.91171341125	1770
4866.28242382673	1771
4843.90613444966	1772
4860.49324341541	1773
4848.86858241946	1774
4859.48891391297	1775
4861.27056886502	1776
4870.03685761258	1777
4840.11090032028	1778
4884.3291622898	1779
4876.56733866553	1780
4839.71049177443	1781
4880.78767831828	1782
4854.20685122243	1783
4873.28852194252	1784
4884.61027423925	1785
4862.30600691101	1786
4855.90002862664	1787
4856.19200331832	1788
4866.25726320843	1789
4879.25673629431	1790
4860.39395571496	1791
4852.7249757611	1792
4888.77834769	1793
4892.78764598992	1794
4854.68114253449	1795
4850.68767443814	1796
4864.73189005234	1797
4909.05113042517	1798
4839.83148851676	1799
4872.06096682342	1800
4877.56669483573	1801
4875.38808518588	1802
4836.47753167144	1803
4878.00337315836	1804
4863.48674893389	1805
4893.74307661027	1806
4841.22169672009	1807
4872.84997625258	1808
4849.24048002085	1809
4865.54557199782	1810
4852.63698648975	1811
4848.03795561753	1812
4889.04307048019	1813
4854.38585319865	1814
4827.13326593403	1815
4863.34442551688	1816
4876.23598974931	1817
4843.42835078539	1818
4852.2593900929	1819
4864.11105338136	1820
4877.86763275277	1821
4878.19382642856	1822
4839.3633002919	1823
4893.32780945064	1824
4890.19885294218	1825
4851.50694130788	1826
4866.02418755319	1827
4876.56892764523	1828
4832.72094454235	1829
4848.20377431924	1830
4864.12317942099	1831
4846.52506560441	1832
4883.54263878557	1833
4804.82455449232	1834
4883.87667649056	1835
4873.86602611222	1836
4870.83569920242	1837
4858.38581967145	1838
4863.78426345597	1839
4861.06750370162	1840
4833.78314009293	1841
4884.37832813684	1842
4849.65091686768	1843
4889.55548305373	1844
4880.35807474009	1845
4891.67709179071	1846
4856.97809570982	1847
4884.86161947759	1848
4864.90054952412	1849
4841.75980139012	1850
4883.72601049286	1851
4839.6512651837	1852
4851.3290276629	1853
4884.78379686667	1854
4890.73477584103	1855
4860.49901135297	1856
4892.58569952169	1857
4818.80258990932	1858
4839.18707538069	1859
4835.42711796347	1860
4842.96490787523	1861
4897.63512878047	1862
4837.89267019891	1863
4893.9852158303	1864
4848.41095462075	1865
4889.97041857352	1866
4858.61442698068	1867
4857.86794807174	1868
4856.48100707869	1869
4874.0862304409	1870
4857.05321374779	1871
4891.59956957572	1872
4848.58593889904	1873
4881.27528587714	1874
4876.87163160052	1875
4874.81343707975	1876
4857.75212201889	1877
4837.89967135522	1878
4890.58903951907	1879
4862.12180509458	1880
4913.6900099889	1881
4862.07869510136	1882
4854.30751173619	1883
4842.742852594	1884
4858.8404463441	1885
4858.17587719943	1886
4853.76118063008	1887
4877.42509140947	1888
4883.76264471612	1889
4850.34233644203	1890
4838.80874415982	1891
4883.23541245812	1892
4875.05262570488	1893
4899.45922032731	1894
4865.04586775485	1895
4852.13440730971	1896
4879.55972459129	1897
4880.02659937789	1898
4845.81774567389	1899
4851.84417149633	1900
4827.49205155319	1901
4844.53248628302	1902
4824.80074148446	1903
4865.35201357561	1904
4854.92716582428	1905
4883.28690200731	1906
4859.24196619263	1907
4855.78962042123	1908
4855.22136196885	1909
4891.49521592154	1910
4888.05879428232	1911
4892.50255039919	1912
4836.78354755915	1913
4854.60984159844	1914
4861.68290213885	1915
4871.82189129041	1916
4837.56245483799	1917
4868.631418729	1918
4863.15832563048	1919
4858.36423405942	1920
4875.38376164958	1921
4881.65707212159	1922
4877.63318775046	1923
4853.9039065293	1924
4896.1332733678	1925
4865.37736341036	1926
4840.18624623733	1927
4875.37029836999	1928
4885.1747580038	1929
4871.51095999373	1930
4846.36489350049	1931
4862.30261053054	1932
4867.507571887	1933
4893.66991573187	1934
4855.73506155193	1935
4841.70065491839	1936
4843.4821172068	1937
4849.18268508351	1938
4873.44609618748	1939
4830.38937705085	1940
4889.1186115942	1941
4863.69888224767	1942
4868.41874997565	1943
4844.91368236472	1944
4848.54680622964	1945
4865.7702983294	1946
4836.52483947914	1947
4847.60507499551	1948
4853.25503949691	1949
4832.03207055018	1950
4824.34198921961	1951
4822.34079230632	1952
4816.50347010875	1953
4861.87468064572	1954
4842.51864033791	1955
4846.30253034544	1956
4889.35189901713	1957
4861.62911617443	1958
4879.72168398612	1959
4861.85099502187	1960
4877.81383196233	1961
4863.9007500311	1962
4864.2229653088	1963
4853.09716801025	1964
4863.5538044867	1965
4827.9887457755	1966
4843.2211430039	1967
4870.67149462062	1968
4839.12783284839	1969
4863.68961099518	1970
4867.06006100152	1971
4851.91940519701	1972
4885.51264426102	1973
4876.35127187331	1974
4915.76685923098	1975
4894.48914285153	1976
4868.38289454165	1977
4884.5210738684	1978
4836.32755759958	1979
4863.58087254943	1980
4858.86317405279	1981
4862.59538436948	1982
4825.15650271817	1983
4884.83770565938	1984
4852.50081665273	1985
4847.67366102471	1986
4830.92987567631	1987
4868.27640000287	1988
4869.54257092486	1989
4873.97271217021	1990
4852.65626578224	1991
4858.73794506105	1992
4866.21840565104	1993
4866.3631535679	1994
4872.39942891588	1995
4855.18827703942	1996
4857.1440108247	1997
4889.04021276165	1998
4870.06106485825	1999
4805.51087762104	2000
4866.93341461296	2001
4869.82543849454	2002
4860.63086298366	2003
4841.56678405019	2004
4858.01552968222	2005
4856.77122577718	2006
4860.51259666589	2007
4881.72966328441	2008
4868.88116192805	2009
4885.1252244442	2010
4824.81634431158	2011
4865.93018373921	2012
4856.77037929731	2013
4897.4342291338	2014
4861.27123284706	2015
4858.23114190364	2016
4894.80934749236	2017
4861.51174080529	2018
4848.01059157978	2019
4903.12615940175	2020
4875.6843435752	2021
4839.37329909403	2022
4892.2847468715	2023
4844.71395972582	2024
4843.50934244723	2025
4852.80924042517	2026
4845.91577026242	2027
4845.44373020112	2028
4857.41377049143	2029
4842.96181478509	2030
4830.78586822727	2031
4809.8186718864	2032
4888.37705691951	2033
4881.50452376639	2034
4843.8321383396	2035
4815.83524911488	2036
4859.18079908343	2037
4861.7800890104	2038
4847.09732361068	2039
4854.29392899894	2040
4839.54439469979	2041
4826.24730080077	2042
4849.31868195233	2043
4858.16581881048	2044
4866.02673625584	2045
4851.54652191312	2046
4833.07936558446	2047
4864.09377808613	2048
4859.04801779099	2049
4863.12336508997	2050
4852.97420442302	2051
4857.24742969609	2052
4838.86504286038	2053
4904.37670443392	2054
4873.66631858752	2055
4862.48614143254	2056
4845.26878286882	2057
4849.60891200704	2058
4874.41423992676	2059
4824.85281603724	2060
4837.09039123064	2061
4871.22788728845	2062
4867.7640133926	2063
4858.0174223525	2064
4857.51371543596	2065
4844.57744342996	2066
4851.88701424849	2067
4890.92244608385	2068
4844.7617552652	2069
4848.11167859266	2070
4856.77610119766	2071
4894.60757441044	2072
4878.0289074511	2073
4863.85061003305	2074
4854.68500121187	2075
4886.88110744797	2076
4849.35926963304	2077
4844.52357942986	2078
4883.57687380695	2079
4849.75470654111	2080
4860.40951373315	2081
4872.78175084348	2082
4870.24079695808	2083
4890.62566933667	2084
4861.55402617682	2085
4893.88143315086	2086
4836.53177415508	2087
4873.04204368579	2088
4870.1083996043	2089
4841.73093041037	2090
4868.93013518569	2091
4831.32488538657	2092
4877.14143680653	2093
4846.14986768579	2094
4868.39149008271	2095
4834.3978786984	2096
4856.28618436944	2097
4857.61276272696	2098
4870.93164836681	2099
4851.76799745889	2100
4865.84495945388	2101
4831.17677113642	2102
4867.15187977056	2103
4833.95022573776	2104
4844.4476984566	2105
4853.68873482352	2106
4878.49434426149	2107
4867.18358680146	2108
4863.69701710199	2109
4902.71432745087	2110
4868.83030509539	2111
4853.23313137512	2112
4828.72423894843	2113
4876.36168723288	2114
4907.75666699823	2115
4896.96256154071	2116
4823.87084887282	2117
4797.43895114913	2118
4871.3834452775	2119
4882.14719990282	2120
4853.65401202528	2121
4856.30585824431	2122
4877.64136033849	2123
4841.43296070575	2124
4893.37584151518	2125
4839.47371721981	2126
4885.91563740682	2127
4812.40605906234	2128
4907.19802264401	2129
4887.56131717722	2130
4868.66571133692	2131
4851.39088369976	2132
4867.3455511588	2133
4884.06914396572	2134
4875.50429444892	2135
4890.59085363486	2136
4833.91155126989	2137
4864.17665398328	2138
4853.83068856269	2139
4862.76944970319	2140
4855.97423083845	2141
4859.72589457634	2142
4886.26016301996	2143
4865.60075540944	2144
4861.29256587457	2145
4873.78680820924	2146
4896.70960592177	2147
4874.99955790968	2148
4860.37159019164	2149
4873.94569147178	2150
4852.66498524607	2151
4875.85386099197	2152
4821.30976780588	2153
4880.84237462403	2154
4845.22808636317	2155
4861.34945512959	2156
4869.01736118449	2157
4840.44717426815	2158
4844.24125895844	2159
4887.76722867643	2160
4843.87359992606	2161
4851.59863725305	2162
4875.46192852	2163
4863.69686623109	2164
4831.70670283017	2165
4882.56234375648	2166
4900.13221374981	2167
4841.27470010367	2168
4836.84653063012	2169
4839.21995356099	2170
4867.92609406601	2171
4866.08888390764	2172
4847.41547448149	2173
4864.00100937347	2174
4842.85597499872	2175
4834.51259821458	2176
4898.03773273635	2177
4829.51423574353	2178
4904.40008512457	2179
4838.91326763335	2180
4828.59516364332	2181
4883.71733460626	2182
4847.30937681788	2183
4862.88544531155	2184
4848.6946371465	2185
4875.26833358781	2186
4874.81527889825	2187
4885.45317518277	2188
4859.27332594279	2189
4894.92324352092	2190
4898.79672159207	2191
4859.53123364817	2192
4876.5227922056	2193
4868.37637632721	2194
4871.28114111255	2195
4863.65509957773	2196
4865.20902667498	2197
4863.81091461088	2198
4833.72405923028	2199
4892.30200850459	2200
4856.02469386565	2201
4860.40330122785	2202
4836.04677520919	2203
4859.39997460605	2204
4847.10006287187	2205
4880.92495681937	2206
4886.63352450543	2207
4844.76515191513	2208
4877.48518076749	2209
4841.12857237626	2210
4866.32635165175	2211
4858.96207450891	2212
4884.23453629869	2213
4849.76348969697	2214
4874.79664010092	2215
4860.51464962085	2216
4857.70223214478	2217
4857.75627623737	2218
4871.69179187501	2219
4858.84033816225	2220
4843.05188849526	2221
4857.36177170988	2222
4828.32628827807	2223
4866.8018888871	2224
4832.41853854232	2225
4872.7641684359	2226
4839.86974671756	2227
4860.40979091816	2228
4860.78234801135	2229
4855.1168492983	2230
4869.71173560508	2231
4860.29825773561	2232
4870.66420705778	2233
4849.72688347273	2234
4879.68867567743	2235
4860.47462669721	2236
4880.30721725982	2237
4857.95135730879	2238
4858.85638715099	2239
4859.77559128374	2240
4845.82306744934	2241
4865.77557394434	2242
4861.62104263837	2243
4835.97290964234	2244
4859.21064646634	2245
4852.58699646291	2246
4877.30662650058	2247
4868.53126367822	2248
4853.80401781676	2249
4900.8020429359	2250
4869.51183326714	2251
4825.68272665026	2252
4845.46922486476	2253
4904.69722632158	2254
4870.22348650423	2255
4891.33203540374	2256
4858.21432158843	2257
4868.25123341901	2258
4845.62525864705	2259
4866.26664235095	2260
4854.40285091032	2261
4860.63688367273	2262
4829.8524691077	2263
4856.42843302942	2264
4852.59904507918	2265
4811.11352212983	2266
4857.8431656783	2267
4838.03197424654	2268
4840.5662477936	2269
4877.78173046903	2270
4846.08746282115	2271
4870.40494728721	2272
4889.75953069318	2273
4876.49612248697	2274
4892.84208866331	2275
4883.8486088251	2276
4838.402329372	2277
4864.24869976838	2278
4897.8488881745	2279
4854.31778533686	2280
4903.61892583939	2281
4863.4250711812	2282
4867.86385188058	2283
4866.71967429568	2284
4894.43175267999	2285
4848.31394864624	2286
4871.6371973623	2287
4832.99070150295	2288
4868.90574531545	2289
4848.3011747719	2290
4828.84914406705	2291
4883.17838522931	2292
4827.4155491858	2293
4867.83919651028	2294
4848.73779324548	2295
4825.57175885782	2296
4860.93298718848	2297
4832.74984379974	2298
4865.65821006167	2299
4859.03131606139	2300
4864.3218137004	2301
4856.24575157061	2302
4844.82359009246	2303
4892.91733570264	2304
4880.48310180797	2305
4870.7875200541	2306
4881.70081185646	2307
4884.41585500936	2308
4866.55249435192	2309
4857.98735083323	2310
4846.43157656816	2311
4883.49878186328	2312
4837.87292505566	2313
4857.01707669219	2314
4876.68294199949	2315
4907.7721779074	2316
4853.72577321879	2317
4852.81991926981	2318
4841.07233170566	2319
4889.99046129829	2320
4890.59824034699	2321
4890.56327028408	2322
4892.88723900052	2323
4841.22527661444	2324
4864.7827798003	2325
4872.50383488073	2326
4864.71689578112	2327
4886.18898766136	2328
4861.98087496391	2329
4886.08732829445	2330
4851.98277436494	2331
4829.35004869182	2332
4862.67774212485	2333
4823.69978607719	2334
4875.28667476619	2335
4844.03303732225	2336
4871.56068474629	2337
4874.3965879083	2338
4857.43734234225	2339
4875.8550108846	2340
4865.7089869799	2341
4832.10416784368	2342
4820.91578173627	2343
4854.40976670674	2344
4829.08243670801	2345
4836.84235631532	2346
4853.21422903779	2347
4886.45336918853	2348
4898.35142310612	2349
4877.54418232729	2350
4892.74977971177	2351
4813.03328460826	2352
4842.96606304674	2353
4855.46760348504	2354
4861.92662675422	2355
4867.33464121833	2356
4867.48675842514	2357
4869.93062230109	2358
4877.31342175202	2359
4884.17285867257	2360
4850.84880273331	2361
4890.285049997	2362
4862.51961540735	2363
4877.18867467691	2364
4911.81294633871	2365
4840.22184009222	2366
4861.29957885535	2367
4868.51024456778	2368
4866.28971599732	2369
4889.10375461309	2370
4860.00259297025	2371
4838.02531511921	2372
4869.58735744413	2373
4857.31553604319	2374
4876.37863162795	2375
4882.94154975375	2376
4866.42317438889	2377
4851.04902201503	2378
4906.23992518292	2379
4873.87577768339	2380
4848.82468287998	2381
4894.91126089408	2382
4855.88738264841	2383
4869.75332422452	2384
4845.08116434189	2385
4849.5406726729	2386
4874.1066359229	2387
4860.06376877123	2388
4877.91821583602	2389
4840.51187369583	2390
4851.71260263618	2391
4841.0104103755	2392
4874.50683019808	2393
4828.07230991271	2394
4841.33020109975	2395
4844.08305230726	2396
4893.65941112657	2397
4863.80254245613	2398
4858.11592596586	2399
4873.48767153989	2400
4846.8950455829	2401
4871.8861830096	2402
4848.21531212471	2403
4858.62601126773	2404
4849.34934238032	2405
4871.99581898982	2406
4844.79089890126	2407
4883.27363993365	2408
4855.2259770523	2409
4875.18811559998	2410
4898.77304836304	2411
4863.77612431337	2412
4803.80023323675	2413
4847.36916785398	2414
4890.37672287486	2415
4834.5673920314	2416
4876.45850949031	2417
4848.80964777551	2418
4854.54294169241	2419
4863.77897080125	2420
4841.81570769209	2421
4897.04445357769	2422
4888.5176030192	2423
4893.44875418502	2424
4853.10672147341	2425
4842.0157126846	2426
4899.77814099384	2427
4862.09556846434	2428
4870.13121674747	2429
4866.25697467988	2430
4905.49904392347	2431
4884.21552381034	2432
4857.02923989245	2433
4834.08167333667	2434
4840.68275928096	2435
4873.87679131121	2436
4856.30924808394	2437
4850.81832663798	2438
4843.94279226038	2439
4893.97828878891	2440
4878.20033635737	2441
4870.27357517233	2442
4856.23956986955	2443
4821.1955569744	2444
4859.11978112358	2445
4844.60214734039	2446
4859.42514221154	2447
4877.97239368776	2448
4866.40263334946	2449
4877.87778005785	2450
4876.95836714328	2451
4852.83890135283	2452
4843.49272225484	2453
4850.87310337185	2454
4885.8813820467	2455
4858.6859379083	2456
4873.68365821657	2457
4870.04480000809	2458
4874.77499883229	2459
4862.49323697452	2460
4852.79307433363	2461
4892.13083879601	2462
4862.83780921884	2463
4856.15368309745	2464
4861.44251049905	2465
4878.34769486011	2466
4860.96326129876	2467
4856.33051666328	2468
4867.23149096945	2469
4839.04963093891	2470
4890.08405063634	2471
4844.37448993281	2472
4833.84240618383	2473
4886.03284385361	2474
4850.95590585448	2475
4897.02437528319	2476
4881.17976493739	2477
4858.83028276404	2478
4811.24800109823	2479
4871.51218878167	2480
4829.52882192395	2481
4825.63017166531	2482
4859.39968632378	2483
4860.34179024648	2484
4865.37338810136	2485
4917.36065121461	2486
4857.58438861656	2487
4847.55234307406	2488
4855.9514236715	2489
4870.66501093599	2490
4852.24878606623	2491
4868.02789191193	2492
4899.54002737605	2493
4848.83298639841	2494
4849.91414169421	2495
4864.00322180782	2496
4810.73635416879	2497
4893.52399151992	2498
4897.06988968619	2499
4823.00339112926	2500
4865.56160759829	2501
4846.02511451518	2502
4834.37191122031	2503
4837.13779433441	2504
4876.56500164955	2505
4876.01095513474	2506
4851.14321608138	2507
4840.874306754	2508
4833.1416884024	2509
4869.34891782179	2510
4827.04512694405	2511
4850.48338708176	2512
4876.34149507264	2513
4887.7563159464	2514
4871.38707196046	2515
4874.7921417318	2516
4897.37991904914	2517
4864.12570765228	2518
4875.27708367434	2519
4846.01059979308	2520
4837.42628640132	2521
4879.16683179884	2522
4894.30927335734	2523
4909.38737113578	2524
4887.42551174627	2525
4846.84055053186	2526
4898.34450464392	2527
4870.0672265319	2528
4857.39329377933	2529
4850.00476287966	2530
4894.21708791092	2531
4873.16156648537	2532
4844.01814522049	2533
4888.44729429998	2534
4840.03625048209	2535
4852.28594165176	2536
4843.77005556089	2537
4867.60500095525	2538
4851.21912966613	2539
4869.58851536179	2540
4892.91688323715	2541
4843.38374457555	2542
4860.28518097503	2543
4853.23283918108	2544
4873.40985617343	2545
4874.40227794203	2546
4892.90330393952	2547
4884.79728554083	2548
4866.25341726774	2549
4828.74989010987	2550
4859.82821016042	2551
4831.09007769692	2552
4853.83124393648	2553
4815.75487208172	2554
4860.85092653466	2555
4858.32666942859	2556
4862.59333914745	2557
4885.10948791389	2558
4867.77576992366	2559
4863.89760030679	2560
4833.77427851124	2561
4879.4560734046	2562
4851.0865987016	2563
4864.05235739196	2564
4862.20593352739	2565
4889.30350630588	2566
4884.4502819068	2567
4872.06791749648	2568
4881.47434519126	2569
4883.67625743832	2570
4850.09884263354	2571
4882.80558142454	2572
4889.32969955387	2573
4853.00354791901	2574
4900.90476592139	2575
4882.45899916048	2576
4830.27535250305	2577
4881.30931388867	2578
4875.07401777522	2579
4858.95412331005	2580
4864.51772222217	2581
4836.79828763689	2582
4848.0137520643	2583
4850.98899102967	2584
4831.41553358373	2585
4850.96030742874	2586
4848.59146214783	2587
4867.34012997154	2588
4820.7597830583	2589
4881.8182235819	2590
4860.53217736976	2591
4803.65680876789	2592
4888.95733524835	2593
4830.885508689	2594
4849.10763261704	2595
4856.18479542045	2596
4936.04187293168	2597
4856.50990987698	2598
4834.09232337097	2599
4877.74776862994	2600
4855.09985390573	2601
4871.49070442072	2602
4789.57388673561	2603
4867.28311696966	2604
4884.93440895378	2605
4897.86368446874	2606
4869.02877053257	2607
4856.05800102218	2608
4856.41308402127	2609
4865.88763175209	2610
4888.67933520739	2611
4843.58133491515	2612
4885.96338734759	2613
4875.74639725798	2614
4842.2333519407	2615
4875.40293125124	2616
4835.74978405476	2617
4871.64223627547	2618
4879.82807422756	2619
4826.98997183854	2620
4879.73999950672	2621
4875.18270585399	2622
4853.74283454079	2623
4865.96832574259	2624
4862.09014881833	2625
4867.63829768974	2626
4837.52492455408	2627
4871.4630959087	2628
4887.72260607782	2629
4876.73203908454	2630
4839.40068225104	2631
4846.46830453574	2632
4873.22642739093	2633
4894.14398074534	2634
4882.90877545685	2635
4863.29714710348	2636
4895.51766821239	2637
4839.78262533976	2638
4885.35755483036	2639
4849.29455236895	2640
4862.54870968251	2641
4829.64577203157	2642
4815.26037571321	2643
4878.43096479339	2644
4859.96596959705	2645
4914.06658344215	2646
4870.09286582286	2647
4827.06102686196	2648
4898.36290812205	2649
4839.86747382303	2650
4882.67498593303	2651
4879.65818836468	2652
4849.94960555728	2653
4857.26203453666	2654
4864.43633951821	2655
4837.8436568736	2656
4883.94579379333	2657
4880.64809420736	2658
4853.65537866088	2659
4861.91036513272	2660
4849.24322663071	2661
4849.59396194089	2662
4867.66682167483	2663
4868.46671887263	2664
4856.7900033821	2665
4898.31979281048	2666
4871.64047644538	2667
4868.33295027803	2668
4854.86263345926	2669
4848.59195064694	2670
4852.01417639467	2671
4910.44638592192	2672
4861.7264189926	2673
4848.90719564597	2674
4865.69900143535	2675
4844.64018356148	2676
4856.18610270936	2677
4853.51496793912	2678
4864.10621550044	2679
4866.72754528933	2680
4841.74531135471	2681
4849.3998261639	2682
4858.82745635109	2683
4840.67699195194	2684
4854.34711829959	2685
4853.8037591575	2686
4862.03788804658	2687
4830.63404493961	2688
4851.59745132226	2689
4858.69932523169	2690
4843.80558720401	2691
4854.53132143276	2692
4898.05126309807	2693
4892.35855468889	2694
4839.13885480616	2695
4872.30122228564	2696
4861.35801035159	2697
4880.30137465298	2698
4872.4088501864	2699
4871.90015679254	2700
4893.0266331639	2701
4873.08257525983	2702
4856.56292124261	2703
4842.23507284355	2704
4856.63212222848	2705
4891.24392320178	2706
4913.34157221196	2707
4883.8027006581	2708
4845.3898491096	2709
4867.96230472157	2710
4898.39849187356	2711
4878.31374216941	2712
4864.95267756575	2713
4867.10571656219	2714
4858.09579187319	2715
4854.99827488111	2716
4863.54895404512	2717
4847.36868506552	2718
4841.43532795986	2719
4853.40631840079	2720
4866.54686078279	2721
4862.92851087471	2722
4882.90434384893	2723
4841.79469347618	2724
4827.88530729695	2725
4848.18317449115	2726
4882.50883646157	2727
4860.93257793595	2728
4858.44673008759	2729
4865.80529195398	2730
4885.08463106454	2731
4838.32274651447	2732
4858.18683377719	2733
4897.17201373092	2734
4889.16097176838	2735
4878.87147656421	2736
4824.80123864002	2737
4869.58627364872	2738
4859.59309255054	2739
4874.81183372044	2740
4863.12953842235	2741
4830.78386694093	2742
4903.49936658655	2743
4867.56157830744	2744
4895.7565893385	2745
4856.26465174779	2746
4869.96902210523	2747
4871.60646779231	2748
4897.17192082811	2749
4835.58238954984	2750
4865.33650517903	2751
4864.50932015532	2752
4856.59529883429	2753
4873.73552074919	2754
4869.38009453093	2755
4835.28538009597	2756
4866.42332226022	2757
4859.85796166462	2758
4869.16471167563	2759
4907.46630673333	2760
4864.08841861941	2761
4852.13291937288	2762
4884.97805556971	2763
4864.73359221941	2764
4822.33628881204	2765
4842.78698713956	2766
4885.21716391074	2767
4875.95442035232	2768
4849.17843443334	2769
4907.63547373817	2770
4881.26536501909	2771
4867.06837309821	2772
4844.96426795722	2773
4856.69899567715	2774
4860.98749137068	2775
4855.82934394091	2776
4885.70380535809	2777
4856.2840223079	2778
4838.26194695279	2779
4871.38180093878	2780
4861.43088543056	2781
4861.96198132998	2782
4828.56872685054	2783
4857.06700961163	2784
4849.86702338074	2785
4862.70218621775	2786
4875.47781997385	2787
4867.19145015776	2788
4863.51307200977	2789
4864.97134842463	2790
4880.64932183716	2791
4843.16292917162	2792
4871.24736136082	2793
4886.22122445203	2794
4844.95830490089	2795
4864.72038312449	2796
4862.07306300075	2797
4864.23812418753	2798
4869.84728136105	2799
4869.15240856367	2800
4875.92979324615	2801
4864.73662262776	2802
4844.23205538443	2803
4850.39032958366	2804
4879.55332971836	2805
4867.73930079218	2806
4849.04960882667	2807
4869.15778146286	2808
4870.88210643067	2809
4888.60310963107	2810
4838.93820692645	2811
4846.02596453678	2812
4887.84515373609	2813
4874.42193909934	2814
4865.44497803134	2815
4875.5045359478	2816
4842.84892939149	2817
4852.97470065344	2818
4832.45205427076	2819
4824.19379204566	2820
4886.66964572803	2821
4864.67868636959	2822
4844.7022149886	2823
4890.19209958641	2824
4888.89557918167	2825
4859.29662249018	2826
4855.72251880089	2827
4860.42142135463	2828
4902.43306748511	2829
4883.69046293744	2830
4862.70115602427	2831
4834.81719087253	2832
4856.78005730168	2833
4879.68329777896	2834
4868.46342871228	2835
4870.00939890659	2836
4882.97268757916	2837
4886.1160953982	2838
4873.59973256992	2839
4862.96916715483	2840
4840.32181465339	2841
4854.35744312334	2842
4862.21079369723	2843
4881.63598566471	2844
4859.16587050739	2845
4885.08897229389	2846
4833.24325251105	2847
4878.93952746581	2848
4865.7537975035	2849
4861.8967720574	2850
4830.79051208626	2851
4883.67106389523	2852
4836.02727676985	2853
4874.11823170137	2854
4883.16248490378	2855
4900.81144903816	2856
4878.22060487024	2857
4926.30386492274	2858
4875.68311425981	2859
4870.40379357297	2860
4848.39009972343	2861
4875.03824285415	2862
4869.11133402027	2863
4855.58707157767	2864
4897.44803313242	2865
4870.13303738141	2866
4847.91843707229	2867
4863.38524485497	2868
4871.00349779859	2869
4864.80445314855	2870
4877.98916828681	2871
4882.91363111515	2872
4842.37363629308	2873
4875.61072362182	2874
4886.98992148471	2875
4871.57969645109	2876
4841.5845570763	2877
4854.8807786451	2878
4850.96735271978	2879
4858.0091850309	2880
4830.17703761143	2881
4875.21620795451	2882
4886.26005995929	2883
4845.59617123807	2884
4848.14825604105	2885
4872.45063485008	2886
4871.26696403079	2887
4854.34197784005	2888
4855.59805173303	2889
4850.40466384772	2890
4836.43668365651	2891
4862.69202661878	2892
4851.4223880262	2893
4852.0438656191	2894
4891.94541251531	2895
4865.17961430919	2896
4858.69304560139	2897
4869.89505015968	2898
4879.03438088503	2899
4858.61182691996	2900
4886.07522456049	2901
4862.4911268333	2902
4843.70330412413	2903
4855.74887985417	2904
4821.61046457155	2905
4870.09627902244	2906
4850.52635101422	2907
4870.87328621073	2908
4888.87906512639	2909
4870.14330254348	2910
4868.6035015515	2911
4837.09341383176	2912
4882.97643920058	2913
4838.89484019306	2914
4845.82024163834	2915
4864.47850772636	2916
4858.72839714112	2917
4846.58028130987	2918
4849.53981819687	2919
4852.38663410128	2920
4862.49989562643	2921
4826.84134616862	2922
4841.0920788362	2923
4888.45489620522	2924
4851.53442756009	2925
4851.39768141529	2926
4842.80923172663	2927
4871.28014628183	2928
4863.96529417763	2929
4861.36209208024	2930
4867.71526428808	2931
4840.40331866771	2932
4883.36762855396	2933
4828.84650228154	2934
4879.26435742461	2935
4865.82008667055	2936
4852.82023888925	2937
4839.55818828496	2938
4864.57893924389	2939
4846.27431029849	2940
4846.35551493156	2941
4841.71307104321	2942
4863.63888677645	2943
4863.1238850668	2944
4863.52927854771	2945
4885.36692762877	2946
4834.56049329308	2947
4854.91659093364	2948
4867.81012357849	2949
4859.91186105315	2950
4830.71926163526	2951
4859.99500702492	2952
4804.22608684993	2953
4874.14214447757	2954
4804.2406728446	2955
4841.50381228537	2956
4798.28282926706	2957
4858.82320523886	2958
4846.78331432389	2959
4877.34731079836	2960
4835.51669344834	2961
4851.90378591274	2962
4841.14561478353	2963
4832.1856660563	2964
4838.59845965653	2965
4897.79298674154	2966
4859.44069169141	2967
4829.87330964467	2968
4872.07815789157	2969
4865.20610489421	2970
4886.50771703465	2971
4823.10656807824	2972
4873.99422657288	2973
4858.07468727747	2974
4849.45083082299	2975
4859.73407935289	2976
4850.2743245457	2977
4858.68045460075	2978
4862.12613113018	2979
4874.40744447287	2980
4875.04851266396	2981
4872.55921357436	2982
4871.61227758388	2983
4865.94540908759	2984
4863.39214520036	2985
4851.21850840059	2986
4877.15925884933	2987
4880.52923855077	2988
4869.44957542237	2989
4881.59876235855	2990
4878.40881929505	2991
4881.22408269209	2992
4874.39146056857	2993
4848.80262462813	2994
4852.57126635365	2995
4923.67909277745	2996
4861.72741996117	2997
4881.72042951675	2998
4873.66771259452	2999
4840.81140716284	3000
4837.87627289519	3001
4891.04470475586	3002
4848.5235379452	3003
4840.74329963871	3004
4852.05306394096	3005
4873.61138086065	3006
4880.95416659864	3007
4885.7857221378	3008
4829.35449786726	3009
4850.51699182677	3010
4893.44100025591	3011
4865.1277580971	3012
4910.56042621066	3013
4861.63258170684	3014
4876.22138527821	3015
4898.92700096188	3016
4844.02874134444	3017
4854.47736149636	3018
4837.52152488521	3019
4867.38740199916	3020
4850.34848168215	3021
4899.89042500924	3022
4866.83990797945	3023
4847.9649833217	3024
4851.95464158471	3025
4863.81412206164	3026
4852.34131598169	3027
4805.28668296453	3028
4857.88533957334	3029
4855.33675527899	3030
4881.24306959643	3031
4855.60422798329	3032
4841.20206669393	3033
4878.36134556931	3034
4896.49956325871	3035
4860.54050565317	3036
4891.81648010953	3037
4831.35048332057	3038
4845.60168137411	3039
4875.06222037563	3040
4855.69424418386	3041
4883.592405457	3042
4863.84341112273	3043
4860.39272742779	3044
4822.12062772967	3045
4866.06730679436	3046
4856.7571371878	3047
4825.69814494171	3048
4809.73609458473	3049
4852.9216703068	3050
4893.09185106233	3051
4864.88929524789	3052
4899.62408327501	3053
4875.07286526123	3054
4891.65729671499	3055
4817.34510620359	3056
4842.44278326384	3057
4883.12893907827	3058
4858.38359023138	3059
4819.40343380624	3060
4872.71907543729	3061
4869.08760873412	3062
4876.08105247267	3063
4863.52155705232	3064
4879.97807265403	3065
4868.0821764326	3066
4871.06354881145	3067
4855.62768223662	3068
4878.96922896257	3069
4873.26507653967	3070
4843.72137765153	3071
4870.59739943779	3072
4875.9644483853	3073
4840.12414935505	3074
4847.61819698621	3075
4858.89438167549	3076
4830.8000916231	3077
4847.76711999629	3078
4882.44289107297	3079
4886.23695645304	3080
4840.25921824775	3081
4853.90082696973	3082
4836.01130186664	3083
4827.96645465264	3084
4870.23022467415	3085
4830.27195197682	3086
4841.25645965814	3087
4866.10456188117	3088
4875.27188800356	3089
4882.06612046517	3090
4863.25653127661	3091
4858.68293430167	3092
4857.84895414566	3093
4851.11313661679	3094
4875.30935612494	3095
4818.60785453127	3096
4848.61456370019	3097
4829.66269468733	3098
4895.2595794405	3099
4897.23057463404	3100
4854.5464647426	3101
4833.23558127485	3102
4851.90251102308	3103
4836.66019915627	3104
4844.81651559426	3105
4825.31881124575	3106
4850.64619526609	3107
4852.68612438339	3108
4848.77465100848	3109
4824.99931898784	3110
4874.25008743347	3111
4885.82317339826	3112
4866.90007319866	3113
4842.03145473854	3114
4847.85162863373	3115
4852.68689636291	3116
4862.37720789821	3117
4893.78029229026	3118
4849.27031243728	3119
4825.06566017988	3120
4885.11573961584	3121
4891.92224755262	3122
4876.23912475152	3123
4856.65557142505	3124
4820.14192846583	3125
4874.43248533949	3126
4848.72676965991	3127
4879.71259071977	3128
4890.0704510651	3129
4857.29555524735	3130
4813.85570139955	3131
4838.63928398386	3132
4836.21654067955	3133
4834.04131562333	3134
4863.02193149174	3135
4845.35375265702	3136
4867.5439306445	3137
4837.08973103835	3138
4858.87212956664	3139
4841.48395732349	3140
4827.66914375548	3141
4867.25594760081	3142
4844.96603779292	3143
4855.88745702815	3144
4874.85852313569	3145
4862.35185622509	3146
4893.7953730558	3147
4899.82841700875	3148
4834.75224783416	3149
4864.45079067032	3150
4834.470530679	3151
4892.30867117504	3152
4825.18676931484	3153
4844.37055379668	3154
4858.00045266003	3155
4825.34091715916	3156
4845.37583177953	3157
4870.30141288472	3158
4893.68669671418	3159
4856.24993715489	3160
4820.29231549385	3161
4831.49508909646	3162
4845.69570705404	3163
4836.91174468606	3164
4830.33181274035	3165
4854.13389942009	3166
4873.58663648502	3167
4917.72428340684	3168
4838.34820416301	3169
4847.68621562254	3170
4861.18888735578	3171
4852.38182037213	3172
4824.40974960233	3173
4856.57579363033	3174
4851.33606463128	3175
4849.63149381692	3176
4843.71074824029	3177
4866.89176402235	3178
4880.50853336463	3179
4871.4671782248	3180
4835.31745427777	3181
4890.39587181871	3182
4879.86077909499	3183
4857.12732161586	3184
4887.09764627415	3185
4892.15625594619	3186
4844.92303450517	3187
4847.87857984276	3188
4869.39908682595	3189
4911.37708584502	3190
4844.75779365684	3191
4854.43592568132	3192
4876.1698835212	3193
4866.37687276165	3194
4859.07729033218	3195
4887.00082802955	3196
4893.59951032439	3197
4849.46913133359	3198
4821.11681502747	3199
4874.52915428228	3200
4863.10850906454	3201
4891.56266817406	3202
4857.27230023957	3203
4843.79232063015	3204
4838.72850754199	3205
4874.60103667416	3206
4875.31326256282	3207
4813.8581861886	3208
4829.41944837626	3209
4854.78615729021	3210
4837.17629797567	3211
4877.3546311964	3212
4823.16935042983	3213
4838.00533405452	3214
4868.12777641461	3215
4864.26228157281	3216
4848.74250595959	3217
4854.93787794441	3218
4867.64230799581	3219
4842.7666614415	3220
4883.98852606537	3221
4841.82697583927	3222
4828.71010425562	3223
4863.97519217473	3224
4851.65426481198	3225
4830.37061943981	3226
4848.11691210173	3227
4844.57321674893	3228
4850.95920282472	3229
4823.13962322018	3230
4848.47300625976	3231
4836.99923193915	3232
4859.96438828081	3233
4875.31139666104	3234
4887.74401616878	3235
4845.86741907065	3236
4855.49830440171	3237
4900.27158235549	3238
4852.27630926356	3239
4880.4089530272	3240
4837.96915967166	3241
4857.94521863937	3242
4862.79026833868	3243
4894.84980308539	3244
4858.5148134145	3245
4855.95707039708	3246
4826.31021006079	3247
4857.11714601693	3248
4853.29862083133	3249
4889.08878529656	3250
4875.96139994219	3251
4853.41006033749	3252
4846.39206431997	3253
4843.37892879914	3254
4856.85667389908	3255
4842.11662395493	3256
4873.77836620291	3257
4905.14600312148	3258
4856.98036829723	3259
4862.13167255901	3260
4835.45545912741	3261
4878.49472574064	3262
4805.06164535731	3263
4842.46484781157	3264
4866.93072159359	3265
4854.41741806936	3266
4858.02911013097	3267
4838.57851114988	3268
4896.16670670784	3269
4881.14262219602	3270
4846.19651162941	3271
4858.94192741328	3272
4863.66464015332	3273
4853.7834144132	3274
4875.30411926055	3275
4869.19329490963	3276
4871.45424664935	3277
4871.35355772905	3278
4845.07331994657	3279
4861.44080052587	3280
4868.27523236633	3281
4854.86505048858	3282
4867.99322534827	3283
4869.05215213203	3284
4880.95929551413	3285
4878.79039831662	3286
4896.83837265411	3287
4887.64497257945	3288
4841.73604335981	3289
4894.1090740303	3290
4872.98359686637	3291
4863.47656336248	3292
4818.66379257105	3293
4850.15925223297	3294
4837.80726321759	3295
4888.82080545727	3296
4853.41866918357	3297
4865.32232669675	3298
4855.87548254023	3299
4905.55376985294	3300
4889.87701121839	3301
4862.07069352619	3302
4840.55989748985	3303
4875.26310686262	3304
4893.24102717184	3305
4828.80856369545	3306
4861.30483344499	3307
4855.26163450855	3308
4850.17632062303	3309
4861.78865476939	3310
4863.52859119939	3311
4822.74645890272	3312
4878.26823793779	3313
4865.73412974117	3314
4852.6898385689	3315
4818.64408473529	3316
4873.05098035528	3317
4867.20014034765	3318
4869.77858023982	3319
4886.70785871556	3320
4820.75702101708	3321
4842.6073027869	3322
4832.3063662298	3323
4879.1957960755	3324
4858.26048168603	3325
4868.28499627914	3326
4837.41244076717	3327
4888.29013091133	3328
4874.52555314326	3329
4849.75909249364	3330
4845.80664212032	3331
4848.28980428248	3332
4867.13619012603	3333
4803.02468423934	3334
4857.78553258089	3335
4886.13485001232	3336
4843.14343564642	3337
4849.16496522346	3338
4828.50011570583	3339
4864.59079659468	3340
4874.74496396193	3341
4846.25087267694	3342
4846.34449458053	3343
4867.53563230853	3344
4849.69476844071	3345
4834.38431480681	3346
4836.77952549043	3347
4837.00794633031	3348
4903.07551877956	3349
4900.84833050727	3350
4895.68100759892	3351
4880.8976732055	3352
4819.11966844011	3353
4854.76958963403	3354
4844.29506386227	3355
4828.29406920769	3356
4838.23876212231	3357
4873.82984900465	3358
4872.03706199513	3359
4829.80414068779	3360
4866.71524235163	3361
4849.71352229749	3362
4862.51049482897	3363
4851.45449855728	3364
4871.19376995616	3365
4882.95160106526	3366
4829.72082463467	3367
4864.27209228573	3368
4867.90627529308	3369
4847.99734471693	3370
4869.02477173309	3371
4893.83815780444	3372
4852.67445733564	3373
4878.33549762535	3374
4868.42360645206	3375
4833.58036537117	3376
4866.57924359285	3377
4814.24185322133	3378
4869.08950640029	3379
4890.4515005311	3380
4874.70625486058	3381
4892.78407514414	3382
4863.15387575337	3383
4888.46343530455	3384
4842.25008669175	3385
4811.12339080637	3386
4863.26863289835	3387
4868.85410953615	3388
4868.55915407782	3389
4843.12024166581	3390
4874.33550123399	3391
4882.92577119057	3392
4840.76301628214	3393
4903.32518156456	3394
4838.10010832313	3395
4882.20788089109	3396
4877.63980115591	3397
4877.31617995886	3398
4862.07323155692	3399
4863.31860212345	3400
4888.29418695952	3401
4856.01290776738	3402
4900.39509841142	3403
4878.75343334822	3404
4855.58502390378	3405
4877.93538714255	3406
4872.27168119131	3407
4849.58637028735	3408
4905.8709617758	3409
4857.51361795072	3410
4845.40791595167	3411
4865.04475138647	3412
4869.00972421106	3413
4830.5415716153	3414
4875.04853345906	3415
4868.66092799964	3416
4890.98555987387	3417
4869.70998487178	3418
4850.96849362862	3419
4833.17225962304	3420
4881.02089087535	3421
4857.70027515848	3422
4861.64275739758	3423
4831.32237703542	3424
4882.45227006053	3425
4874.33343763117	3426
4851.65132594634	3427
4839.81020332172	3428
4883.41685534989	3429
4861.88108994202	3430
4849.57331618732	3431
4899.2616563767	3432
4860.46927283585	3433
4870.95611728333	3434
4881.60092537047	3435
4818.25498849008	3436
4897.90496872695	3437
4851.98192764593	3438
4865.39631573499	3439
4830.10187162819	3440
4846.30351409559	3441
4872.10252166317	3442
4866.42596500529	3443
4883.65152512791	3444
4874.53972882049	3445
4889.57002504224	3446
4870.26129550729	3447
4910.80600722806	3448
4849.25562662378	3449
4843.08238970751	3450
4874.08970810087	3451
4865.32635293966	3452
4873.19875728096	3453
4831.57095437473	3454
4848.69030343806	3455
4853.82505479949	3456
4875.0728534793	3457
4855.58540479977	3458
4881.88870631136	3459
4877.28807475531	3460
4802.47836773366	3461
4835.929571188	3462
4879.21928735414	3463
4830.5065781545	3464
4863.30384577496	3465
4875.97360929359	3466
4821.79384916181	3467
4877.74635921435	3468
4805.69304886655	3469
4866.52390992784	3470
4882.90148933986	3471
4853.8606331824	3472
4856.85227146257	3473
4866.57518217389	3474
4810.40797753018	3475
4864.02251787474	3476
4855.18090113469	3477
4856.01310989517	3478
4836.92003949012	3479
4839.06465924859	3480
4843.52390058859	3481
4874.4117161921	3482
4864.83666323699	3483
4825.95805060354	3484
4879.76919435179	3485
4851.35085317653	3486
4875.74184312176	3487
4862.5157461782	3488
4843.62650021739	3489
4841.32875455742	3490
4853.69111312246	3491
4891.38002861981	3492
4875.42750091208	3493
4887.47962926869	3494
4895.09907510735	3495
4839.44031076217	3496
4842.0647113866	3497
4847.66007120761	3498
4864.80714811857	3499
4873.15987083447	3500
4826.61857189493	3501
4858.70932367458	3502
4883.95255146482	3503
4874.30947025033	3504
4881.1819154358	3505
4890.22291313049	3506
4868.2163894952	3507
4831.87902812541	3508
4858.25143836094	3509
4881.2982948267	3510
4869.39242636387	3511
4877.25065429923	3512
4838.57114250185	3513
4869.10507224982	3514
4872.22457405907	3515
4860.65855257647	3516
4830.6969040483	3517
4870.049534774	3518
4858.68058991377	3519
4855.14541179987	3520
4877.77765347942	3521
4923.59036210707	3522
4865.68639274079	3523
4866.02701025002	3524
4825.82457005305	3525
4863.8970760725	3526
4891.35817027009	3527
4858.29699359232	3528
4875.90036296939	3529
4889.19505265882	3530
4840.38582491287	3531
4860.34315796266	3532
4855.24228697086	3533
4849.98572815748	3534
4849.79593880615	3535
4862.50462788622	3536
4896.61159166616	3537
4842.3274978854	3538
4882.63346256116	3539
4828.68930210365	3540
4809.44545168561	3541
4840.0495450832	3542
4863.39116370321	3543
4870.96664046132	3544
4871.95244835922	3545
4868.57089338694	3546
4851.86093989605	3547
4857.37512380747	3548
4860.21900000546	3549
4882.90226235693	3550
4859.79642772149	3551
4864.1862768961	3552
4858.22303432596	3553
4876.08554582359	3554
4884.84321708187	3555
4894.72597780033	3556
4850.51375452663	3557
4885.31031369472	3558
4874.49633676667	3559
4845.96873898307	3560
4898.22690886904	3561
4842.54646674844	3562
4838.14497902565	3563
4874.56820068535	3564
4882.68637737256	3565
4849.10959078935	3566
4881.82077514265	3567
4861.31947373234	3568
4853.41631658213	3569
4829.58045646516	3570
4878.82709702016	3571
4862.25682521418	3572
4860.2675427865	3573
4879.03015877147	3574
4877.73341786203	3575
4882.15465787083	3576
4844.46899520233	3577
4853.78464416595	3578
4868.44032230878	3579
4880.75910882767	3580
4835.01389408444	3581
4841.53358906304	3582
4855.02120212278	3583
4871.71564491057	3584
4848.22045402879	3585
4875.1245744718	3586
4834.17897213033	3587
4848.7317642561	3588
4831.95422770727	3589
4847.39707378321	3590
4850.25746409454	3591
4864.35518270236	3592
4862.35459522208	3593
4853.8775000564	3594
4869.2364483931	3595
4878.71055327727	3596
4890.34033900051	3597
4855.05311639992	3598
4846.91720709876	3599
4880.44923760637	3600
4890.10245220962	3601
4844.14694147514	3602
4852.49991637481	3603
4860.55667803817	3604
4841.679177045	3605
4847.58637640699	3606
4884.37752334995	3607
4855.61862153872	3608
4865.11003139833	3609
4833.4538245044	3610
4862.14451993104	3611
4856.9336032626	3612
4873.39823360113	3613
4826.14209853037	3614
4876.60162737953	3615
4896.18756664029	3616
4886.49921811108	3617
4848.01475831216	3618
4845.72608382645	3619
4861.51442891045	3620
4880.36095980846	3621
4868.05846576729	3622
4867.85067054306	3623
4861.79612505163	3624
4845.17237701443	3625
4860.55854792477	3626
4866.20434837801	3627
4851.84947924969	3628
4858.75221769012	3629
4870.82516549933	3630
4896.88026875104	3631
4853.99100495197	3632
4890.23792934664	3633
4844.43944132408	3634
4886.91645562223	3635
4815.8519017115	3636
4832.21316833984	3637
4853.7469144295	3638
4894.83385792287	3639
4856.32167389628	3640
4854.40790413683	3641
4887.10901888025	3642
4848.25680492195	3643
4863.36232400959	3644
4885.58411541196	3645
4886.19725477417	3646
4861.94711303778	3647
4900.08748788911	3648
4824.52871361281	3649
4887.64466351406	3650
4862.74887444022	3651
4847.48485164767	3652
4845.37456209069	3653
4840.04151159745	3654
4824.84020879644	3655
4813.95539828583	3656
4856.32512977238	3657
4847.34260831233	3658
4851.74706113754	3659
4882.31193369787	3660
4863.6332928809	3661
4807.84883303503	3662
4860.76025035035	3663
4871.57201531342	3664
4878.77681033822	3665
4869.60913269656	3666
4850.92422809959	3667
4863.40021296096	3668
4851.89597466393	3669
4893.19670989662	3670
4860.82040252217	3671
4845.48864216458	3672
4857.61824469026	3673
4858.25536652355	3674
4861.26047820585	3675
4889.98545337534	3676
4882.50870486865	3677
4862.78603762918	3678
4851.46387142379	3679
4872.43723305484	3680
4909.13730055202	3681
4871.40280613008	3682
4901.1632284745	3683
4865.95451762446	3684
4846.63223543784	3685
4861.51251688722	3686
4889.60976143409	3687
4840.11056788839	3688
4896.20149905693	3689
4895.81022746654	3690
4890.72505589547	3691
4890.6267933158	3692
4876.7510712921	3693
4834.38397747872	3694
4858.25824954777	3695
4849.58023974283	3696
4864.68671028216	3697
4890.9024992675	3698
4842.51274255927	3699
4885.53032393539	3700
4850.27136919463	3701
4884.9372087134	3702
4907.45817626252	3703
4872.8585390117	3704
4868.23504139734	3705
4844.4600859091	3706
4848.87012835427	3707
4880.25155550461	3708
4851.85877386751	3709
4894.68967140788	3710
4876.54352465297	3711
4894.01486122371	3712
4904.06204991572	3713
4872.543978921	3714
4831.31228992278	3715
4876.98901028987	3716
4897.24289825813	3717
4839.35081641942	3718
4834.95951316788	3719
4834.84065711101	3720
4869.98916262595	3721
4833.63039522891	3722
4872.76021146646	3723
4869.57122499336	3724
4822.26287981405	3725
4857.63337128956	3726
4846.20064412852	3727
4864.69978419209	3728
4869.66673587826	3729
4908.56896928286	3730
4855.46331552167	3731
4880.75226932598	3732
4864.51106469429	3733
4881.74382073558	3734
4819.40204832124	3735
4863.00945813615	3736
4861.28987755919	3737
4870.55403703789	3738
4863.49272826576	3739
4878.17791169688	3740
4871.44668343768	3741
4870.48327133171	3742
4825.18776734777	3743
4825.17227211019	3744
4900.42831209813	3745
4884.46751001273	3746
4854.32665597752	3747
4851.47485870948	3748
4836.49983924495	3749
4877.03762259342	3750
4886.42582432349	3751
4894.17269994703	3752
4835.16715015521	3753
4882.95506166965	3754
4877.56275216731	3755
4852.8583262616	3756
4872.70467624924	3757
4875.78032922787	3758
4877.95697643653	3759
4849.05730073374	3760
4853.23148359848	3761
4886.14383905739	3762
4883.17594918168	3763
4887.31455727277	3764
4869.83486235155	3765
4836.47117525191	3766
4876.12513347604	3767
4838.10322714577	3768
4896.60581735877	3769
4859.7205094811	3770
4886.11366686848	3771
4854.06957310192	3772
4882.82748609222	3773
4865.79072112821	3774
4865.62974258245	3775
4872.58561236735	3776
4852.92868714366	3777
4911.2347997577	3778
4838.48178314782	3779
4844.3654864685	3780
4879.83848023411	3781
4843.63496354501	3782
4860.29792684855	3783
4870.94285907242	3784
4910.80808017034	3785
4875.88424892703	3786
4850.59108346849	3787
4874.28202133565	3788
4886.61661695384	3789
4879.97563383782	3790
4875.60969333362	3791
4854.55904828073	3792
4872.40132160542	3793
4876.35747300983	3794
4865.64048509429	3795
4834.78029144008	3796
4899.92033077806	3797
4863.39381321071	3798
4866.56930970324	3799
4837.79137198338	3800
4851.49148451001	3801
4855.38692266945	3802
4836.25401567082	3803
4874.07132562252	3804
4847.52476214701	3805
4873.71757225593	3806
4849.3011807133	3807
4868.59079667299	3808
4860.44627842685	3809
4864.08226719888	3810
4851.49999639179	3811
4829.3872109555	3812
4871.56002169813	3813
4857.64685391216	3814
4875.6925932709	3815
4864.23855370018	3816
4824.14710062816	3817
4895.4713950137	3818
4861.81855596464	3819
4840.61164529202	3820
4826.08844475068	3821
4848.7950148491	3822
4862.74171595885	3823
4859.32566533774	3824
4858.15443534649	3825
4873.33506237069	3826
4890.6899719843	3827
4859.36148311614	3828
4875.11333410857	3829
4863.01236097619	3830
4867.19883560835	3831
4855.47535141921	3832
4844.88917152552	3833
4912.20379298377	3834
4877.6918812445	3835
4850.00323910361	3836
4864.00958946658	3837
4856.39164273901	3838
4815.29450794567	3839
4842.94699042966	3840
4850.48071419573	3841
4858.37209216705	3842
4840.93561873342	3843
4864.07541159907	3844
4886.57018701472	3845
4837.81999869202	3846
4882.00960231975	3847
4844.41797318389	3848
4834.76287660554	3849
4895.80767053516	3850
4841.02164158921	3851
4831.3875245751	3852
4903.58360401974	3853
4860.64216304935	3854
4861.52528715085	3855
4883.03881785075	3856
4885.51822862416	3857
4863.50050881377	3858
4819.48816806474	3859
4866.59129219022	3860
4867.58917239656	3861
4838.68786829778	3862
4863.36151031877	3863
4897.16964519665	3864
4836.87680431577	3865
4884.76309661632	3866
4812.30352353628	3867
4855.54592276318	3868
4843.17209872958	3869
4847.5960515678	3870
4835.37821516832	3871
4861.42822406594	3872
4860.04992132211	3873
4894.66982885414	3874
4855.21066593558	3875
4865.92141171626	3876
4853.02919914034	3877
4867.90948031984	3878
4844.03033655408	3879
4864.16724716278	3880
4863.90638485016	3881
4881.39460481283	3882
4864.20301285388	3883
4884.85121669826	3884
4882.92730396611	3885
4871.38639329637	3886
4849.24922606342	3887
4861.22969854123	3888
4869.85333259004	3889
4912.02062813055	3890
4892.02855460837	3891
4853.41203008597	3892
4869.55215518188	3893
4846.95084214503	3894
4861.53781358118	3895
4878.21423553555	3896
4842.62662959255	3897
4876.79396137401	3898
4869.47865042426	3899
4866.90225350047	3900
4845.53426268816	3901
4849.93169572929	3902
4857.38879687509	3903
4869.26233415493	3904
4856.42910348816	3905
4856.16858741533	3906
4857.27837415533	3907
4862.18985736705	3908
4860.39275036714	3909
4856.43957493394	3910
4850.51380310326	3911
4850.16321622666	3912
4828.65458078935	3913
4877.52216997132	3914
4838.85771639223	3915
4881.52712428972	3916
4869.76198238811	3917
4851.72646009145	3918
4843.96609390097	3919
4892.15457873395	3920
4847.87801783563	3921
4887.2508875689	3922
4841.65800288354	3923
4886.5305980632	3924
4823.13189368882	3925
4866.1254837101	3926
4863.87366784235	3927
4862.02136697229	3928
4835.89963497762	3929
4882.60273820302	3930
4841.25354646452	3931
4862.05347294504	3932
4900.90777811384	3933
4868.48203828171	3934
4880.19687503244	3935
4868.94249135569	3936
4877.96510796722	3937
4826.08001688573	3938
4855.61557154427	3939
4857.23565385335	3940
4862.70446719694	3941
4854.81391560651	3942
4871.76371043305	3943
4880.42106028197	3944
4841.55249115439	3945
4850.6048507471	3946
4856.47811780378	3947
4844.76733354719	3948
4922.30469833853	3949
4868.69739520842	3950
4857.1750620921	3951
4871.15286400683	3952
4867.25396267236	3953
4865.55715601917	3954
4867.99953257663	3955
4844.73155984707	3956
4910.5295607829	3957
4891.56495597306	3958
4880.05172941743	3959
4838.2082129152	3960
4874.18116597735	3961
4859.43248880763	3962
4858.03200043859	3963
4851.27287016852	3964
4871.34006842541	3965
4857.61056886983	3966
4876.3274814542	3967
4861.74949391139	3968
4849.44733915818	3969
4888.14241535784	3970
4873.25923678731	3971
4887.28314020661	3972
4873.61861605595	3973
4835.96868978982	3974
4871.54197095168	3975
4847.5275654304	3976
4860.58630554815	3977
4873.62145195197	3978
4843.09321138127	3979
4844.35985317764	3980
4868.93821078074	3981
4843.92004837471	3982
4839.63205079857	3983
4836.50777951693	3984
4886.58511537368	3985
4847.13767506191	3986
4862.47465686808	3987
4817.47826992428	3988
4840.94996955295	3989
4837.84465286958	3990
4840.86879702097	3991
4833.3291333355	3992
4844.86671430703	3993
4888.39660813485	3994
4896.44942190902	3995
4882.41665967712	3996
4872.42086753689	3997
4870.7978755264	3998
4842.59941621008	3999
4856.63126732971	4000
