"Iteration"	"tau_Intercept"
1	1161.87784351432
2	1161.69998199736
3	1125.1586809175
4	1103.27987144133
5	1193.32702333382
6	1072.2161466231
7	1067.43989620966
8	1091.58784222051
9	1083.74471149427
10	1189.81178122429
11	1152.28974198622
12	1113.71178048507
13	1113.95511207493
14	1152.40794030379
15	1174.25309169851
16	1123.76154174747
17	1151.66850909883
18	1156.44780382258
19	1151.39672294659
20	1144.94157391521
21	1031.2301517173
22	1132.00734447246
23	1171.56387781061
24	1107.70521095987
25	1148.1663203682
26	1069.45296174694
27	1136.64297795006
28	1078.66701604505
29	1137.22327546603
30	1092.56653571585
31	1117.96754745595
32	1168.52804886306
33	1126.50044680222
34	1151.61790202445
35	1111.57914965867
36	1105.91907211823
37	1096.34301562746
38	1088.35126598415
39	1111.32706656269
40	1134.91307944638
41	1112.35695922654
42	1148.4132375471
43	1110.33002543268
44	1218.00358427252
45	1107.64479662491
46	1137.96088022846
47	1161.94974498763
48	1116.15205672269
49	1138.92486635398
50	1109.92372096321
51	1173.13912625634
52	1141.95479821324
53	1176.04638071396
54	1097.97222904109
55	1166.81456592679
56	1170.89295788058
57	1146.35812143775
58	1092.57166552338
59	1139.13462217825
60	1033.09109850087
61	1128.10648461235
62	1104.35353254899
63	1080.2690076868
64	1060.83770073318
65	1081.61954498999
66	1125.24560320525
67	1100.04184817748
68	1143.98554911643
69	1229.68425051395
70	1069.5119189666
71	1149.58858870838
72	1178.32557365966
73	1081.30642054009
74	1172.01270232792
75	1140.90311298972
76	1123.07812529729
77	1031.42756589235
78	1162.26045403916
79	1112.57648179451
80	1217.13103118363
81	1168.44191173389
82	1148.34802400206
83	1136.89700000361
84	1127.46592744422
85	1108.57998452272
86	1056.04985017766
87	1159.19594150682
88	1236.8815651743
89	1141.80217632733
90	1158.76066338649
91	1075.97715172872
92	1100.13027689833
93	1121.72352238482
94	1083.22737285395
95	1097.71922926306
96	1106.64908974221
97	1097.69284852839
98	1146.70656858439
99	1146.02207291751
100	1195.67652548184
101	1169.56262429512
102	1117.91460068918
103	1107.0331092966
104	1161.38958213589
105	1117.19745505174
106	1168.46804369387
107	1136.20011732579
108	1114.48672506325
109	1114.39089141464
110	1127.70812908735
111	1088.27242170587
112	1169.23666234956
113	1106.87692924439
114	1067.3145714721
115	1091.020636789
116	1150.42620476236
117	1156.77517225963
118	1207.65866056873
119	1109.94354586466
120	1112.59278824435
121	1124.63818302472
122	1165.4907785307
123	1187.23179016824
124	1134.04116424612
125	1170.4244116002
126	1114.55089934749
127	1134.12581863281
128	1132.19385471738
129	1087.83602652378
130	1116.89696081961
131	1186.73071431658
132	1104.20508652968
133	1094.75739667581
134	1093.39585597579
135	1148.9223012544
136	1126.475491392
137	1100.50853841163
138	1132.95078242563
139	1175.58721189073
140	1138.38078588315
141	1097.39353620828
142	1150.48160510945
143	1087.28855068179
144	1087.63821077108
145	1083.61014726037
146	1068.56013539252
147	1180.2462265813
148	1103.30930248349
149	1217.59364204885
150	1136.92972344559
151	1124.77455883067
152	1126.0688826269
153	1145.35492101268
154	1080.73446170646
155	1164.22925725728
156	1106.94257933421
157	1084.12712581972
158	1140.59121507632
159	1201.29350488457
160	1106.25748883672
161	1102.59786584058
162	1183.62905863721
163	1165.97391588408
164	1170.08552683897
165	1108.98153021914
166	1185.8633363146
167	1093.94459022082
168	1134.9389935339
169	1136.01423530916
170	1188.82130411931
171	1156.50718821031
172	1125.99368342402
173	1153.69360892134
174	1132.1280569131
175	1167.15915071171
176	1085.04032087567
177	1186.28069550725
178	1174.83605178923
179	1089.70828493311
180	1150.93774274081
181	1051.87589692981
182	1203.20182833183
183	1057.15159287107
184	1134.17301110202
185	1140.23090815334
186	1124.67596814732
187	1106.59411183701
188	1152.92896681848
189	1105.45312170821
190	1116.12908476565
191	1073.36264754924
192	1157.50760312832
193	1186.16596267238
194	1199.79061481759
195	1143.68182114375
196	1151.85547265276
197	1116.63849462043
198	1193.31966386261
199	1100.45424866427
200	1143.65031793387
201	1072.82747760941
202	1148.69698711918
203	1109.10070232148
204	1103.66407498181
205	1164.62953505369
206	1076.57233032322
207	1168.10428091039
208	1084.37410230134
209	1158.12825634286
210	1135.72044087749
211	1116.11310717926
212	1106.60849262289
213	1127.30461945198
214	1177.85322745361
215	1057.41957777065
216	1160.0814481231
217	1187.76371528559
218	1229.47352357831
219	1101.28331849385
220	1154.43882790451
221	1190.07818008373
222	1180.01528331578
223	1129.42841293594
224	1127.59068591117
225	1057.22931558053
226	1199.51735629669
227	1109.42809003451
228	1166.41059997295
229	1134.56364011466
230	1109.3446056848
231	1137.14227887876
232	1126.08921073777
233	1154.83401948615
234	1140.74898055528
235	1162.07105766356
236	1077.25290878529
237	1108.26251226706
238	1180.78817159339
239	1111.05532505762
240	1191.8374736487
241	1114.43830056229
242	1103.93388783626
243	1160.80019006745
244	1182.70220922297
245	1117.09706585587
246	1111.73460597426
247	1113.98363236437
248	1186.88124633193
249	1204.55161406834
250	1137.22255722655
251	1107.89420731942
252	1108.76437520343
253	1103.46891115146
254	1175.78654777023
255	1149.39230813009
256	1125.12979673602
257	1115.25785721513
258	1157.44156360884
259	1097.3776119854
260	1172.40441054655
261	1089.26057147774
262	1138.17084973808
263	1164.36716523113
264	1131.90606620395
265	1069.41867538603
266	1124.07505521627
267	1147.87217509292
268	1118.75158039469
269	1201.97654586654
270	1115.29375488804
271	1181.92573823764
272	1069.65250413138
273	1215.59519026442
274	1183.42868063383
275	1142.60299647132
276	1139.74806518578
277	1158.96301334034
278	1167.59857482782
279	1159.94348140859
280	1105.87907555996
281	1055.26503902377
282	1174.94739960601
283	1110.34394547903
284	1104.92193249832
285	1107.32221509759
286	1156.50770177218
287	1175.95063243117
288	1161.68501989778
289	1170.14192805109
290	1178.90808872856
291	1083.03966379233
292	1117.21651187214
293	1145.82160582388
294	1118.83217001468
295	1086.68139715373
296	1101.48039950926
297	1117.16164029285
298	1127.88734024087
299	1182.73800175217
300	1116.26893864312
301	1125.56617360371
302	1197.29140205469
303	1144.43942156526
304	1089.03284460674
305	1092.95376083276
306	1180.71746298978
307	1160.63920120278
308	1112.28404523231
309	1103.13055536067
310	1140.07042971411
311	1177.01349994833
312	1129.57477527304
313	1149.21857482896
314	1155.85721453373
315	1110.60441632354
316	1113.12419643576
317	1121.29934643349
318	1143.40124508842
319	1113.25812098517
320	1225.2423302843
321	1129.2123609454
322	1183.67691647343
323	1111.60939609177
324	1124.18168991122
325	1209.29148507701
326	1141.34861942179
327	1075.99891706592
328	1155.12867127943
329	1137.3216172319
330	1138.11702687803
331	1116.94172783515
332	1103.77139861835
333	1155.30899328862
334	1057.78713183896
335	1107.74954553694
336	1136.35707962788
337	1168.16969103887
338	1142.44216304685
339	1082.68485594142
340	1175.54040331894
341	1101.91052062392
342	1091.20426661651
343	1168.7164483315
344	1087.11325986821
345	1144.09022649397
346	1163.26191998674
347	1151.51656159015
348	1117.67219070716
349	1154.17211747168
350	1135.75631289462
351	1126.20414821977
352	1150.01846284606
353	1202.64460122053
354	1096.97962105458
355	1195.44666621531
356	1192.79405542196
357	1230.63451188512
358	1184.64267213538
359	1094.03326771271
360	1126.49368675559
361	1198.63358188722
362	1124.46272176786
363	1058.89586435681
364	1131.79015428995
365	1189.72918702594
366	1141.71277604232
367	1170.86610119715
368	1121.79907295613
369	1089.72795958446
370	1098.19783819879
371	1230.09196801664
372	1142.96656700042
373	1086.23084067249
374	1133.54649377545
375	1101.9885743054
376	1165.58164689946
377	1127.05912571563
378	1129.17377269902
379	1144.86921487119
380	1114.25868777067
381	1120.64282488619
382	1184.34448360041
383	1083.27685896794
384	1129.61009753921
385	1120.19544215821
386	1081.06985693445
387	1147.5410294985
388	1132.98069238076
389	1170.51589143779
390	1102.45368509067
391	1157.00074019806
392	1184.99315867623
393	1173.69564132943
394	1164.83454273704
395	1062.64595025454
396	1179.55528258062
397	1110.52720618103
398	1103.37497902655
399	1116.56121511041
400	1137.9116807278
401	1136.5960815681
402	1079.5266971356
403	1161.36539285195
404	1123.34493496574
405	1165.47762574946
406	1125.02548759378
407	1161.07242151794
408	1126.60630889251
409	1064.65644755053
410	1143.02745997986
411	1159.5322795968
412	1124.24091798547
413	1191.62092397831
414	1175.08310380992
415	1117.48318749129
416	1173.395357531
417	1074.57494175868
418	1162.43057032357
419	1155.63973812649
420	1173.72708758464
421	1160.47983191372
422	1085.75189252254
423	1109.95625810357
424	1170.24760815757
425	1170.30902705428
426	1147.52904205814
427	1165.93352098338
428	1251.45993838537
429	1139.17264516061
430	1092.59706488932
431	1132.95766711724
432	1142.72514807361
433	1069.74849909663
434	1065.37125036398
435	1144.45589194689
436	1184.24637432111
437	1125.18464871916
438	1094.87932739435
439	1134.2722819792
440	1126.87860642892
441	1155.52589762523
442	1168.65785667236
443	1109.76584967017
444	1166.66484078916
445	1162.38626207937
446	1192.55340928076
447	1180.56226029241
448	1125.11015465412
449	1191.43942009533
450	1149.89458457698
451	1088.58609463672
452	1126.40608726032
453	1182.80540134464
454	1125.59943445625
455	1142.78315211676
456	1103.38070394454
457	1155.00674912011
458	1167.80746034453
459	1152.43737702941
460	1214.40266384268
461	1112.93281736857
462	1139.33429561089
463	1088.19676121511
464	1151.40277985059
465	1120.25125522479
466	1121.37145630008
467	1142.11664708691
468	1053.3208304873
469	1128.16599786398
470	1218.01955306187
471	1137.95419541276
472	1187.64889329799
473	1109.43052825666
474	1130.56304436898
475	1107.34378676029
476	1182.17985457137
477	1115.23587072306
478	1040.31672060273
479	1109.62111612481
480	1225.51103527498
481	1143.00835089165
482	1118.57341580541
483	1105.10335311791
484	1127.3505699757
485	1117.20140157822
486	1214.02352330174
487	1183.96331273007
488	1154.42491257985
489	1121.22851639193
490	1151.61855476799
491	1202.1059218923
492	1177.50970069298
493	1135.50224826472
494	1110.59751111181
495	1187.57484228627
496	1069.41130480082
497	1164.47234778737
498	1205.03019278309
499	1128.69540764281
500	1145.74949615298
501	1115.03848127167
502	1130.04532631937
503	1176.12878620985
504	1128.13364203701
505	1150.61836876831
506	1133.50862338865
507	1165.77566872154
508	1113.03269876424
509	1127.98739102153
510	1117.92448932737
511	1149.65340244444
512	1095.91056423379
513	1095.50719378827
514	1106.68325506361
515	1122.6556872012
516	1139.41789691094
517	1166.63327700157
518	1134.75610936992
519	1208.78206116735
520	1197.03882122596
521	1120.34588251042
522	1113.13746336132
523	1096.30322396576
524	1174.15412447542
525	1155.40366339881
526	1093.29000502173
527	1141.31255595458
528	1041.79422219399
529	1111.53579429565
530	1107.82448170176
531	1119.72587401381
532	1132.94571737596
533	1084.25586368177
534	1111.77022893982
535	1143.59212941195
536	1116.69848394862
537	1099.78876281565
538	1147.12823765894
539	1072.71907276144
540	1128.08038199126
541	1074.06566602026
542	1202.55382290512
543	1088.7505096823
544	1149.13694249491
545	1170.02338197807
546	1113.51745705543
547	1128.82144251331
548	1098.65057019879
549	1132.31963371481
550	1135.85162273101
551	1138.09519227272
552	1113.76559592239
553	1089.8570685293
554	1065.90169079206
555	1020.64292016321
556	1120.78576492117
557	1143.02519641016
558	1138.24851925585
559	1150.12081397262
560	1113.89642341603
561	1179.85824877531
562	1166.82217153957
563	1188.33370886769
564	1166.05678590644
565	1143.08355681458
566	1108.13553415531
567	1155.25117396969
568	1075.01074563238
569	1179.97646420407
570	1118.86584785446
571	1182.72217367345
572	1178.12377625744
573	1066.17216507931
574	1141.24670216464
575	1144.10599279914
576	1124.79256585177
577	1102.33639666079
578	1193.73292594676
579	1156.13994800128
580	1073.20713945833
581	1125.80365844933
582	1257.44003945957
583	1180.71332907533
584	1138.40807092456
585	1093.02004052387
586	1079.64069213159
587	1144.29826648113
588	1129.56883696588
589	1112.21361481958
590	1142.40960844052
591	1122.34650034456
592	1169.01177136716
593	1135.61372573017
594	1101.72928528725
595	1162.51077939256
596	1126.58741775776
597	1198.83147449704
598	1080.07765291568
599	1131.41882387274
600	1123.55340289866
601	1128.36313369771
602	1147.3864906082
603	1162.07268361494
604	1168.61842222825
605	1122.11266542557
606	1117.4596032047
607	1134.30877612123
608	1099.22460700645
609	1131.76847074269
610	1112.39924519489
611	1085.14417689822
612	1166.38352373892
613	1098.97196109509
614	1044.49717105115
615	1162.09069897406
616	1174.00626983756
617	1022.47721231938
618	1112.03586159102
619	1139.07581266448
620	1089.702924969
621	1174.59634489001
622	1077.62567082688
623	1205.81855231153
624	1150.06688176747
625	1074.83121804056
626	1126.23001503187
627	1157.62385785002
628	1118.36501340694
629	1062.26937322935
630	1107.07745459435
631	1158.8088635745
632	1144.74591711734
633	1087.99059392286
634	1137.96146841743
635	1142.50867551978
636	1151.95154787452
637	1138.3473845224
638	1139.09996077244
639	1166.99102368547
640	1165.91619593969
641	1099.47529271852
642	1032.15853643313
643	1138.10341046812
644	1087.53289867624
645	1117.64750263469
646	1095.53767664502
647	1129.79022052984
648	1139.74808775486
649	1158.50687845764
650	1140.67208825102
651	1113.47604100872
652	1142.23194566868
653	1115.06618501807
654	1090.43290910796
655	1135.84583669819
656	1154.97426128153
657	1146.46959571647
658	1182.39607960625
659	1161.34332656243
660	1129.60765688656
661	1095.598129767
662	1091.13240930791
663	1160.03623165407
664	1164.09192341597
665	1108.26194524397
666	1125.03009008815
667	1183.1467761849
668	1168.83394653806
669	1178.4183767046
670	1160.03564510852
671	1186.50571829849
672	1093.81710615697
673	1103.61908859414
674	1151.55883913512
675	1059.64548532041
676	1113.23751104837
677	1138.20823069859
678	1155.09567784108
679	1058.16002795412
680	1116.8779720759
681	1158.75446113032
682	1051.95433021791
683	1146.7354713674
684	1162.48070557455
685	1111.71378039699
686	1174.88372475336
687	1133.74552086947
688	1079.75173631641
689	1135.70468143312
690	1116.04386400579
691	1069.55566260625
692	1218.97773535531
693	1130.65054088183
694	1109.86998302562
695	1122.07459684224
696	1158.95426498837
697	1155.58150878863
698	1164.72023913618
699	1090.48967042348
700	1016.45154325039
701	1156.1817265798
702	1108.4122731965
703	1143.9209184073
704	1121.24885519914
705	1121.15338463735
706	1139.60011178277
707	1188.74554088024
708	1104.56075737299
709	1199.52747666728
710	1063.63152723222
711	1086.22745265332
712	1092.46003759155
713	1113.28593561263
714	1145.40418166088
715	1058.97305888162
716	1177.48036776752
717	1100.96606352002
718	1167.32739326726
719	1129.47478979194
720	1096.61787519436
721	1148.09722838146
722	1126.94730452547
723	1110.17968829795
724	1151.14871273003
725	1144.46319102401
726	1129.8378638675
727	1142.27610814565
728	1178.59147749058
729	1110.29303629017
730	1192.97439185491
731	1155.27566212419
732	1155.04927530692
733	1124.71793252052
734	1110.14876665746
735	1092.17203165853
736	1076.82290333848
737	1111.04314354491
738	1111.47657350337
739	1104.91294707171
740	1104.43133990944
741	1149.09985457453
742	1138.2443745023
743	1034.14098916378
744	1114.30107180576
745	1095.89138773305
746	1038.0708531545
747	1070.64297421926
748	1242.68414408502
749	1139.12821206525
750	1149.72676902124
751	1137.46582650557
752	1120.82924621273
753	1089.00614753105
754	1139.48406759843
755	1183.29557727681
756	1102.37791372056
757	1134.15683660658
758	1081.64570831446
759	1238.55317823309
760	1120.59749905382
761	1114.06282767105
762	1148.36539228236
763	1133.70834246092
764	1150.05765325152
765	1173.32937512074
766	1140.35923191588
767	1128.62189484167
768	1152.56322878169
769	1109.37655591693
770	1121.41890949382
771	1097.56481407513
772	1149.77884196504
773	1117.19008352774
774	1204.89485186744
775	1142.06170260769
776	1084.80159960486
777	1173.78877170025
778	1155.31689645409
779	1109.16941591516
780	1142.97613611503
781	1166.59441791269
782	1046.6868924942
783	1137.5636167475
784	1147.17680167142
785	1099.01276483729
786	1123.0214237787
787	1083.49229079547
788	1157.97192332005
789	1186.57315939725
790	1137.45463416004
791	1178.08996265186
792	1105.54481933758
793	1117.22742068681
794	1118.63540577706
795	1164.44568929069
796	1159.81840154652
797	1128.31156781101
798	1199.09354250429
799	1135.66329615396
800	1134.56898369061
801	1207.73919420346
802	1154.51821131563
803	1120.21695417584
804	1202.63074728658
805	1132.02090837965
806	1165.39344858956
807	1175.9600191753
808	1106.99467569564
809	1124.27581555655
810	1108.962359925
811	1103.44286630792
812	1183.65485472632
813	1070.83623340707
814	1103.5217642063
815	1134.5848449456
816	1179.71921706001
817	1079.11732329863
818	1135.86037540597
819	1122.63594369638
820	1067.42849792692
821	1055.88414248781
822	1206.68284063024
823	1125.29379388304
824	1174.6348950883
825	1136.607443726
826	1100.47690664362
827	1145.52025581469
828	1130.69828893934
829	1192.07887419812
830	1097.04327550773
831	1110.34806182152
832	1115.19802639432
833	1084.43864739161
834	1111.0933073574
835	1218.39010493548
836	1194.59758270345
837	1114.62920202374
838	1073.77817967595
839	1197.81902749696
840	1161.44937234045
841	1191.54721220087
842	1090.9438665265
843	1111.57694717602
844	1076.82028691054
845	1125.25220309613
846	1176.8957767734
847	1147.68179864757
848	1137.08573988484
849	1143.86601714
850	1089.31088497506
851	1171.10244787619
852	1071.95633981044
853	1140.00693471619
854	1045.47501070933
855	1152.80678765654
856	1124.14784734509
857	1188.01370748948
858	1146.79786991097
859	1146.95661126453
860	1174.09707187321
861	1166.71372920846
862	1143.32529349256
863	1163.5043011326
864	1124.21099323177
865	1153.09031316752
866	1123.57635337142
867	1158.41289777442
868	1204.0437953996
869	1135.1690143054
870	1092.6841026805
871	1065.77417758325
872	1157.54661069164
873	1128.16664568791
874	1141.3098863941
875	1171.27212532268
876	1099.76793034672
877	1107.08461061937
878	1177.10390824496
879	1106.51882026873
880	1150.07428953925
881	1111.16048593619
882	1167.3925226764
883	1155.99992892745
884	1111.06204483244
885	1164.02174096938
886	1134.2394938971
887	1134.12010360395
888	1148.4340399845
889	1121.11581635517
890	1154.32080608404
891	1186.93126957194
892	1135.41790948338
893	1102.65952468352
894	1152.04008760305
895	1102.02948131205
896	1107.71768398475
897	1138.3089431579
898	1174.65376239744
899	1153.6343191876
900	1151.06695840883
901	1146.47357160664
902	1130.66303882649
903	1090.95488168867
904	1137.68672186599
905	1179.25038593799
906	1146.2141061191
907	1155.79862649536
908	1074.77818500972
909	1137.81600646131
910	1175.77878849561
911	1134.51905608507
912	1170.11319373739
913	1103.08446580854
914	1088.06790738994
915	1110.10964005308
916	1144.99688765091
917	1155.79646516497
918	1168.61836567521
919	1147.88515433713
920	1086.42992823858
921	1108.60609849603
922	1170.99113785947
923	1191.85525562988
924	1176.95875022118
925	1118.07433490501
926	1156.47827751729
927	1146.34814764047
928	1165.64696116694
929	1167.02435700396
930	1104.38879414532
931	1132.90171642038
932	1035.74257892476
933	1170.04959696577
934	1181.74239567862
935	1053.34211184336
936	1151.61218454845
937	1173.90028142664
938	1105.01783558328
939	1053.88295112587
940	1133.09265662553
941	1232.73098821386
942	1127.42064273137
943	1223.60660081907
944	1210.45914524104
945	1200.48575282346
946	1140.91786521074
947	1174.87652197716
948	1056.50531891521
949	1100.07399603483
950	1128.66127538796
951	1143.71518850707
952	1112.11692766895
953	1141.64667957865
954	1040.87551778913
955	1148.17463093364
956	1203.08517842924
957	1153.73108745143
958	1139.04398744369
959	1144.05586256148
960	1138.89397315403
961	1163.57608739009
962	1112.93943704626
963	1127.90143267263
964	1124.79226325182
965	1275.16101787685
966	1197.23462965005
967	1083.32879813104
968	1173.97395794196
969	1120.68910048826
970	1193.20448375485
971	1100.07129997843
972	1164.83962598141
973	1204.10165718012
974	1089.74706867859
975	1082.02229541983
976	1138.13507097408
977	1103.5118915068
978	1043.85522542453
979	1104.18841868177
980	1158.94990117111
981	1080.41793625155
982	1149.43116682463
983	1125.95353260829
984	1138.97435895814
985	1110.28051852427
986	1135.54093630784
987	1093.42524441065
988	1169.98590427884
989	1165.27510726027
990	1133.93870078805
991	1062.10765367053
992	1088.78055391638
993	1091.37405534562
994	1118.52218889293
995	1107.83878363422
996	1222.76584133751
997	1077.99457280402
998	1123.53514431232
999	1158.23934656007
1000	1179.9600455193
1001	1198.96639515325
1002	1111.22592076365
1003	1012.83978681018
1004	1124.00523765383
1005	1094.63983247711
1006	1174.11595343005
1007	1093.86735275948
1008	1116.34467537002
1009	1151.66240214736
1010	1140.34366261286
1011	1079.02439938744
1012	1139.47033157029
1013	1126.75789332529
1014	1102.1936249353
1015	1159.87533277926
1016	1173.74636760025
1017	1161.01650568381
1018	1142.44930769798
1019	1076.28196774721
1020	1117.56615027301
1021	1067.11667263884
1022	1041.48383262266
1023	1136.69906553302
1024	1169.5296523271
1025	1140.57321972309
1026	1074.45748586727
1027	1115.87868925129
1028	1048.09237881656
1029	1132.46398069306
1030	1156.38345381342
1031	1153.33528003231
1032	1134.58991796996
1033	1123.42185086258
1034	1123.52527684124
1035	1173.21986140222
1036	1162.45478131671
1037	1173.45590793659
1038	1114.36928669563
1039	1108.05320451835
1040	1152.57829800282
1041	1148.6355986326
1042	1124.95892676348
1043	1162.49306261306
1044	1163.14006189491
1045	1212.87666546366
1046	1221.64578265402
1047	1116.90095950378
1048	1088.9527751297
1049	1137.61806327591
1050	1145.03698891061
1051	1166.76351212304
1052	1081.72225369055
1053	1168.67477851124
1054	1122.31979633004
1055	1175.73703677794
1056	1195.10187962841
1057	1124.0108395038
1058	1113.77679881391
1059	1183.83983777204
1060	1182.50433632258
1061	1134.14908281564
1062	1148.62310512325
1063	1125.37320576678
1064	1120.25399088269
1065	1167.67218315499
1066	1142.65330712179
1067	1122.66633251351
1068	1112.36589196783
1069	1185.24927875557
1070	1113.76007394674
1071	1168.12973540473
1072	1167.07676012934
1073	1097.63827719791
1074	1150.00675939754
1075	1139.41722466855
1076	1085.69892676269
1077	1123.2918644149
1078	1151.61203540354
1079	1141.33258271213
1080	1061.99443533027
1081	1165.89099356408
1082	1112.24521923825
1083	1138.59357492948
1084	1129.67147967043
1085	1142.84342205127
1086	1110.82515608303
1087	1109.48907092733
1088	1156.55446225079
1089	1150.70031858126
1090	1136.81974133049
1091	1142.39775395988
1092	1162.34755803465
1093	1087.7459982038
1094	1102.77576501382
1095	1080.89657121143
1096	1087.74899197473
1097	1143.11905884504
1098	1074.65786556812
1099	1145.33878427795
1100	1175.8879570277
1101	1107.86609328565
1102	1157.15125330814
1103	1035.22340341884
1104	1072.91568066326
1105	1136.23635433105
1106	1222.4662067098
1107	1132.44936385364
1108	1092.10962821096
1109	1109.69747463378
1110	1142.50222828476
1111	1155.15306409176
1112	1106.32365388169
1113	1141.04482044409
1114	1124.32729082309
1115	1126.48025549147
1116	1088.41787057028
1117	1160.56927642384
1118	1104.1886265881
1119	1183.57038622605
1120	1186.93748739879
1121	1149.42695063557
1122	1161.52371328787
1123	1108.81477667226
1124	1083.43117631034
1125	1157.9256187682
1126	1150.78287567368
1127	1112.89380391894
1128	1094.60824830583
1129	1073.30097532224
1130	1131.38799951886
1131	1080.19252402413
1132	1121.29157801835
1133	1200.28418207471
1134	1162.84558770915
1135	1072.73909173055
1136	1133.43180775532
1137	1153.64287919126
1138	1143.10313300042
1139	1155.13405617596
1140	1136.99597594414
1141	1093.44151772994
1142	1096.24959619928
1143	1152.16812353521
1144	1050.8657920166
1145	1154.34323950724
1146	1103.50558589741
1147	1054.97269272576
1148	1101.09131856432
1149	1099.93253015338
1150	1177.22635541283
1151	1173.08115107922
1152	1065.63634115781
1153	1094.16475276155
1154	1133.28499295884
1155	1087.59255722125
1156	1117.4483850617
1157	1134.59410444627
1158	1122.76115774045
1159	1095.18131105537
1160	1089.07750831966
1161	1148.82141644498
1162	1099.70248727676
1163	1137.32930646123
1164	1208.72251390188
1165	1140.35717452329
1166	1105.06808854096
1167	1127.00576161921
1168	1138.16108936351
1169	1140.00126039037
1170	1092.75928663279
1171	1171.73573953756
1172	1129.50552605738
1173	1163.6565680769
1174	1182.71129529386
1175	1209.47756278453
1176	1084.93898859023
1177	1203.2345756566
1178	1113.58136824873
1179	1135.17830873904
1180	1062.02899425701
1181	1105.97400651789
1182	1135.46034881037
1183	1163.69125629295
1184	1139.64885014154
1185	1115.35838624982
1186	1112.39490326105
1187	1135.47922515057
1188	1119.25828987535
1189	1151.07714904438
1190	1194.72078924208
1191	1113.00342605692
1192	1191.61382387681
1193	1109.16132843836
1194	1180.08384220753
1195	1117.16974720868
1196	1097.39334985498
1197	1146.77290498217
1198	1075.22174538278
1199	1038.9508511976
1200	1092.21347686116
1201	1131.71076910484
1202	1150.78257161644
1203	1103.50204327079
1204	1168.13685182361
1205	1146.42307056419
1206	1086.87645978165
1207	1067.67128138004
1208	1170.29509304788
1209	1151.70055215534
1210	1145.8004195866
1211	1142.18304710524
1212	1064.03795404142
1213	1191.29852993321
1214	1070.17989575494
1215	1116.88436102897
1216	1145.74699797371
1217	1097.73579227731
1218	1105.88902833855
1219	1167.4857486793
1220	1133.87013591166
1221	1033.82139865015
1222	1119.1070103465
1223	1149.24604728917
1224	1147.79450735665
1225	1196.66652546198
1226	1174.18189586846
1227	1138.43043761942
1228	1057.20811972771
1229	1186.74229674639
1230	1144.31360640153
1231	1117.97710480043
1232	1094.14257474741
1233	1189.61158207404
1234	1070.63672892396
1235	1192.2395641828
1236	1160.45597300975
1237	1102.08018921997
1238	1125.31418975674
1239	1138.28709005906
1240	1159.32272221824
1241	1087.25152708887
1242	1118.20363650808
1243	1171.05856601482
1244	1146.99865428314
1245	1157.08119416556
1246	1081.66058507253
1247	1071.60646723027
1248	1144.04663634658
1249	1056.12705598542
1250	1123.8258031315
1251	1153.10671580602
1252	1131.00887324923
1253	1160.51339708988
1254	1122.2762889161
1255	1116.19531833183
1256	1187.18891862179
1257	1080.97732164199
1258	1109.81347337042
1259	1173.53870383836
1260	1115.06056713948
1261	1124.66008478311
1262	1174.89335918283
1263	1104.36084775094
1264	1137.2687431798
1265	1125.81509371728
1266	1146.33309077133
1267	1139.54808437453
1268	1069.33156805237
1269	1190.68138353336
1270	1214.88684146833
1271	1127.19855730703
1272	1116.4578823277
1273	1084.07571975932
1274	1208.39064885071
1275	1111.14142122581
1276	1130.93120369551
1277	1083.75585374781
1278	1075.9872448619
1279	1137.0579594124
1280	1139.99941118577
1281	1164.40716330405
1282	1130.95773791372
1283	1110.57226952813
1284	1176.10027323238
1285	1134.12766942488
1286	1113.27591560916
1287	1200.82669636522
1288	1116.00835731751
1289	1154.28965720964
1290	1078.02022785164
1291	1111.80295282834
1292	1039.85112245547
1293	1136.69464269736
1294	1138.20363751369
1295	1117.47042824941
1296	1163.30091061619
1297	1126.40649972497
1298	1094.06452027596
1299	1150.49877923518
1300	1096.45968608271
1301	1037.44267685074
1302	1102.31482255002
1303	1110.67667770516
1304	1178.02668209433
1305	1125.16835994184
1306	1144.48627379147
1307	1101.61425064669
1308	1142.31998441881
1309	1152.93279144516
1310	1127.00338341597
1311	1135.29954621096
1312	1178.28560087564
1313	1092.8820207882
1314	1182.86002020323
1315	1167.91652204401
1316	1125.54390769841
1317	1122.83667262376
1318	1110.45199468046
1319	1191.47106643294
1320	1147.27705608733
1321	1079.62543215015
1322	1114.62233835357
1323	1131.56376796524
1324	1121.5269911374
1325	1157.75853797883
1326	1060.6717229545
1327	1096.3994396301
1328	1107.20616811628
1329	1146.31845524295
1330	1186.57595935889
1331	1128.89861784539
1332	1104.75245237393
1333	1181.10778958539
1334	1146.1734558741
1335	1143.10488339744
1336	1135.13349015474
1337	1148.88727207088
1338	1066.9180048141
1339	1111.6430142798
1340	1075.38205985327
1341	1090.6693928533
1342	1145.95577056695
1343	1153.98774296765
1344	1114.44112324839
1345	1180.32716660627
1346	1051.34370097724
1347	1192.14312451034
1348	1143.77398579593
1349	1118.38403118559
1350	1099.77856954368
1351	1222.57959032238
1352	1127.98928403913
1353	1146.89362243256
1354	1130.15716024171
1355	1138.51487415122
1356	1120.55847819783
1357	1086.06762620833
1358	1160.16166039744
1359	1196.31512226044
1360	1103.48373937245
1361	1060.71429274558
1362	1102.12659651748
1363	1161.75585809365
1364	1162.56130343023
1365	1189.9533688885
1366	1169.27339797687
1367	1131.33091030198
1368	1113.61073287197
1369	1035.06717190898
1370	1119.60603475062
1371	1119.39692525733
1372	1189.07962542664
1373	1055.04277219831
1374	1166.40166147892
1375	1164.63866754414
1376	1131.29928446385
1377	1115.67318115846
1378	1099.07158395028
1379	1108.24828093644
1380	1160.61836250731
1381	1101.90555251947
1382	1115.94111368577
1383	1115.64653389617
1384	1119.13720823881
1385	1090.81961345612
1386	1131.35911763827
1387	1146.12947116956
1388	1130.16381345171
1389	1091.95942996707
1390	1123.80001327277
1391	1158.88279016725
1392	1141.82154089746
1393	1084.1292567141
1394	1120.05025742469
1395	1117.37134522296
1396	1071.49961262127
1397	1163.20221935866
1398	1139.4551030027
1399	1165.07728328122
1400	1100.05362360924
1401	1171.5884649895
1402	1167.26240747528
1403	1117.5840450875
1404	1117.94330632455
1405	1138.82579380125
1406	1037.15284749673
1407	1100.62072157253
1408	1097.24600298022
1409	1112.29379966717
1410	1151.60278912307
1411	1228.35527364544
1412	1182.00206631158
1413	1082.58703522062
1414	1163.74991357452
1415	1116.2299149479
1416	1112.91899555184
1417	1110.29313458411
1418	1227.24709062863
1419	1121.69464195126
1420	1138.36637051483
1421	1164.16383132469
1422	1156.99173242964
1423	1145.84220800217
1424	1211.36720383436
1425	1123.68690087101
1426	1136.06386114524
1427	1157.11114715893
1428	1041.97322385996
1429	1141.03932904433
1430	1183.29121205476
1431	1073.05590646817
1432	1124.45074274889
1433	1112.25252367088
1434	1113.22746226811
1435	1194.97916946518
1436	1123.6906807877
1437	1129.78467087485
1438	1090.12337057818
1439	1094.29929554099
1440	1141.75669076332
1441	1119.91616156634
1442	1082.04646318562
1443	1128.81049262356
1444	1084.24362859081
1445	1083.50236514478
1446	1087.87142290974
1447	1158.19062476537
1448	1122.5057558161
1449	1139.22202642055
1450	1088.94834206516
1451	1124.50745500362
1452	1112.7900880153
1453	1162.67311227184
1454	1137.01371482012
1455	1144.4914750958
1456	1153.25311596922
1457	1072.52122431101
1458	1104.24613261406
1459	1118.0262608352
1460	1156.38312444337
1461	1102.06280166392
1462	1128.4258441519
1463	1074.48276005886
1464	1198.91798024312
1465	1170.25362029771
1466	1145.65416885928
1467	1136.26146670402
1468	1068.88693556528
1469	1153.43927408851
1470	1078.00574825472
1471	1137.7874446451
1472	1167.53772014056
1473	1056.20159289593
1474	1139.49927738327
1475	1099.71753052928
1476	1066.13031114654
1477	1168.25041439908
1478	1128.12271186435
1479	1096.68028605282
1480	1139.31837767284
1481	1099.70246773175
1482	1134.63850249269
1483	1084.63666403536
1484	1173.16038671003
1485	1031.53048231386
1486	1147.13899049275
1487	1124.14827680681
1488	1100.35562361555
1489	1183.94895119078
1490	1179.62512503284
1491	1114.16376723603
1492	1081.21661212884
1493	1079.45105209803
1494	1121.90080206465
1495	1128.45701211289
1496	1101.45382012999
1497	1206.79725308074
1498	1142.01063336343
1499	1108.594305143
1500	1173.1750707928
1501	1124.47207404045
1502	1105.97184182526
1503	1089.70757296179
1504	1086.99936817463
1505	1105.29472376015
1506	1076.77499454514
1507	1092.08395783396
1508	1074.09811022102
1509	1182.49398282043
1510	1110.76518856176
1511	1160.04839823647
1512	1098.86029505159
1513	1084.88020848686
1514	1114.14608081131
1515	1056.93879378437
1516	1131.56923439395
1517	1081.64378332689
1518	1132.25438937551
1519	1145.81854087052
1520	1124.8695084853
1521	1184.58011354713
1522	1070.22750656417
1523	1135.71055148097
1524	1259.35296349916
1525	1173.96319793655
1526	1075.13769006757
1527	1077.08341980097
1528	1133.08930386608
1529	1154.09464251563
1530	1121.20151504398
1531	1041.84365644578
1532	1148.00269801493
1533	1077.39057285024
1534	1082.76540471706
1535	1120.79425123466
1536	1161.58750966767
1537	1093.49600325915
1538	1154.58210024329
1539	1138.74191667908
1540	1172.37548877206
1541	1087.11203604802
1542	1085.18345350009
1543	1159.34399280743
1544	1120.59220678618
1545	1202.83406226452
1546	1098.26402167212
1547	1162.54341770474
1548	1087.552761259
1549	1175.32958344986
1550	1126.60107192387
1551	1149.04269502542
1552	1147.98226664734
1553	1193.35466170889
1554	1096.91083906879
1555	1188.8110217388
1556	1171.47656356339
1557	1114.21282123063
1558	1174.35571262619
1559	1182.29157458933
1560	1071.85975171915
1561	1051.50096304969
1562	1154.27848207107
1563	1086.86774510677
1564	1167.56100012741
1565	1134.16824686309
1566	1128.70701836352
1567	1149.52938406278
1568	1154.94118935188
1569	1165.99507824824
1570	1090.76104218373
1571	1150.31625449723
1572	1188.18674307292
1573	1062.96972811314
1574	1125.74821671476
1575	1140.40820860729
1576	1137.68653564083
1577	1175.53517469524
1578	1143.54994520964
1579	1202.67455296764
1580	1177.67181845965
1581	1071.93528110504
1582	1065.9268373474
1583	1128.18387576855
1584	1145.07455970603
1585	1183.06670773607
1586	1125.41321116859
1587	1121.83312093463
1588	1142.94843834514
1589	1148.32984120044
1590	1151.72334542346
1591	1089.09794098399
1592	1088.27663805914
1593	1152.51125958234
1594	1107.88965584971
1595	1100.51529161092
1596	1080.09700694527
1597	1144.94599774236
1598	1062.92977087427
1599	1173.31696578072
1600	1122.13139946941
1601	1121.70536199002
1602	1106.41237340748
1603	1105.47521463225
1604	1115.32179621258
1605	1101.31167947482
1606	1137.74360271097
1607	1120.56185961451
1608	1078.62819546422
1609	1151.51492240181
1610	1110.80058006597
1611	1207.8830352089
1612	1170.93832313644
1613	1133.27869122144
1614	1105.21475227274
1615	1088.24123125179
1616	1183.97344987683
1617	1145.85911769436
1618	1187.27963119278
1619	1135.38187516949
1620	1146.02754761068
1621	1126.46909395403
1622	1073.95370229785
1623	1212.05869046982
1624	1114.76541869826
1625	1140.89195258167
1626	1094.04882802755
1627	1124.23880350225
1628	1159.62864716646
1629	1113.65896893908
1630	1098.68489133131
1631	1024.69221651548
1632	1137.30410937014
1633	1169.70933574772
1634	1167.2819695004
1635	1176.76205501267
1636	1097.12112507195
1637	1204.77917715571
1638	1109.70926109383
1639	1151.06230294409
1640	1113.48861504495
1641	1144.65982533607
1642	1072.28864142772
1643	1108.7644977481
1644	1131.06079209723
1645	1088.12332927488
1646	1101.56212065603
1647	1134.9102329142
1648	1231.57746257608
1649	1159.39863870771
1650	1159.28424963224
1651	1138.54298491346
1652	1078.35040017579
1653	1116.74285435736
1654	1082.33155607771
1655	1083.7485605786
1656	1108.85626114744
1657	1079.76217704748
1658	1240.53281463596
1659	1157.70216520544
1660	1131.77884554993
1661	1059.73029156927
1662	1074.20490265256
1663	1115.18856448113
1664	1092.0375336232
1665	1167.32895458254
1666	1144.34589280071
1667	1186.77878057704
1668	1147.67312935033
1669	1069.17772313653
1670	1177.80795278583
1671	1102.30071368841
1672	1108.22969467259
1673	1120.91490227032
1674	1197.77661487189
1675	1119.1013415048
1676	1195.51030417495
1677	1172.05956878545
1678	1059.41255016242
1679	1127.04237331567
1680	1034.24235975535
1681	1170.14850116627
1682	1129.32100352305
1683	1095.64439690763
1684	1156.29233223886
1685	1121.63479899405
1686	1147.04004508499
1687	1159.06333558773
1688	1120.17595549079
1689	1134.83732133047
1690	1123.28039231454
1691	1183.31427907071
1692	1122.91464294977
1693	1132.66662246234
1694	1090.00898115501
1695	1154.66247860967
1696	1126.5300588804
1697	1190.91743074416
1698	1122.56184493075
1699	1091.50437627444
1700	1083.45967725264
1701	1109.57753075256
1702	1125.81571148995
1703	1147.90095585652
1704	1126.49286393233
1705	1127.16993901729
1706	1155.57079036729
1707	1145.1554893008
1708	1044.76949177796
1709	1111.03647420195
1710	1130.30303639325
1711	1148.89138505599
1712	1149.54832890223
1713	1123.66257775105
1714	1156.59016489052
1715	1136.74393670873
1716	1137.97561074264
1717	1037.09769573486
1718	1157.20058861058
1719	1149.97060532056
1720	1188.41727758647
1721	1116.15383445348
1722	1107.80644972514
1723	1035.11722179926
1724	1203.19167460894
1725	1127.20614470428
1726	1108.46041433182
1727	1161.8186365372
1728	1134.05073386308
1729	1119.54209771108
1730	1056.56453218287
1731	1183.00198659951
1732	1170.39725492518
1733	1182.84962844501
1734	1207.74466063945
1735	1085.6116768451
1736	1022.49728301691
1737	1104.07012416154
1738	1179.89080954209
1739	1140.91865841565
1740	1108.93698752667
1741	1122.85655376976
1742	1121.36662348115
1743	1079.75922183417
1744	1152.60078351712
1745	1090.23485761568
1746	1161.6146278485
1747	1163.39391957041
1748	1190.55944926941
1749	1060.45716904468
1750	1077.72160141838
1751	1206.82991464424
1752	1042.93931373108
1753	1106.97527981613
1754	1124.57456837245
1755	1138.39314465235
1756	1131.30693567964
1757	1103.43340247078
1758	1130.90548492192
1759	1137.37400678983
1760	1138.29318630937
1761	1170.22337171695
1762	1146.76260217307
1763	1162.67573081192
1764	1157.60870749266
1765	1122.57070452076
1766	1135.37862275793
1767	1093.22452794355
1768	1085.38626666847
1769	1127.27112560623
1770	1158.81493656001
1771	1148.92273353708
1772	1120.43944728466
1773	1123.58271906732
1774	1131.48611120804
1775	1113.94128000136
1776	1109.34723278907
1777	1103.85146843304
1778	1105.7220319921
1779	1183.02990395044
1780	1133.17348922599
1781	1111.39634732575
1782	1144.35036808333
1783	1151.00645677699
1784	1135.5518753798
1785	1133.3464288919
1786	1117.30681414979
1787	1135.83971172456
1788	1141.41585299151
1789	1183.84016601005
1790	1131.05617645566
1791	1117.05534379399
1792	1104.77661957601
1793	1189.10086523348
1794	1158.87977592075
1795	1142.26304230703
1796	1079.51840686751
1797	1141.92289511585
1798	1182.58410962057
1799	1150.58954402496
1800	1138.67163149517
1801	1189.02418610838
1802	1110.47921667391
1803	1076.86022845549
1804	1156.34185573321
1805	1168.39231037884
1806	1150.00491902309
1807	1104.0748403001
1808	1118.37169055596
1809	1128.50573197656
1810	1120.09110164145
1811	1164.9936883161
1812	1091.56096657492
1813	1136.91501948648
1814	1136.48419761715
1815	1146.40180561774
1816	1127.2312138315
1817	1194.197286064
1818	1082.65468673861
1819	1148.99061848535
1820	1123.06980569681
1821	1178.4493294457
1822	1230.06007938226
1823	1094.76291298729
1824	1198.33714377406
1825	1168.99050089475
1826	1136.66168058911
1827	1081.65143498904
1828	1180.10417477445
1829	1070.22422834878
1830	1141.96649448816
1831	1097.04727598642
1832	1163.7420974961
1833	1141.22731576558
1834	1094.47855392256
1835	1233.67280230697
1836	1173.76046635651
1837	1097.16404483192
1838	1135.20596227953
1839	1129.96873114946
1840	1140.93158813806
1841	1087.19615624951
1842	1128.65687875172
1843	1206.96257562603
1844	1227.23649286346
1845	1155.60664371439
1846	1124.22920958842
1847	1104.35771752116
1848	1201.35370937779
1849	1170.94850433707
1850	1126.3648308857
1851	1132.25010662877
1852	1077.25141860278
1853	1100.91202070313
1854	1179.76871910027
1855	1150.85959313123
1856	1160.15562907277
1857	1155.37087499444
1858	1088.8950968964
1859	1173.00489499672
1860	1172.83031759535
1861	1140.88003723764
1862	1154.13769979728
1863	1093.65571107458
1864	1186.0561152648
1865	1153.37835959044
1866	1198.17844437303
1867	1154.5519288441
1868	1125.40751599657
1869	1132.81165268444
1870	1108.68062180404
1871	1145.78982508595
1872	1163.86190603638
1873	1112.87679029351
1874	1179.30807510805
1875	1134.89800025783
1876	1104.16282784323
1877	1136.52667535619
1878	1113.27105873786
1879	1130.81967370544
1880	1117.49963297506
1881	1172.4014241214
1882	1101.01377478526
1883	1181.80851324731
1884	1065.63632248455
1885	1182.56252284041
1886	1131.68087930538
1887	1157.42889611654
1888	1158.48081686301
1889	1231.99449303385
1890	1083.93388546626
1891	1105.18960610696
1892	1114.73270970909
1893	1086.6741440172
1894	1110.68768374114
1895	1102.17718492203
1896	1108.51939232512
1897	1137.6893557863
1898	1118.04561017672
1899	1119.24088633583
1900	1106.52326650656
1901	1133.76549353979
1902	1100.62620131744
1903	1084.96187389122
1904	1073.48635748572
1905	1130.4464284044
1906	1166.27912146254
1907	1094.35336937837
1908	1075.15596210461
1909	1129.60912210786
1910	1157.37407176179
1911	1174.93041874902
1912	1188.54006022437
1913	1175.42919515327
1914	1145.60069826478
1915	1172.88561068602
1916	1142.49309227384
1917	1087.13789553032
1918	1117.88876943831
1919	1135.77588693261
1920	1188.58399522823
1921	1208.92531213685
1922	1167.34357906671
1923	1169.33830039223
1924	1078.35463911186
1925	1173.43411022011
1926	1118.26625447997
1927	1116.97714767936
1928	1151.4481404673
1929	1170.69188694063
1930	1162.0123055507
1931	1126.63181395592
1932	1113.6444867769
1933	1148.84642243899
1934	1174.45622244189
1935	1176.97723140211
1936	1091.34425179757
1937	1114.06827441916
1938	1091.46607072748
1939	1212.27664709906
1940	1116.47487523601
1941	1107.12777783823
1942	1155.41594331964
1943	1091.97855793313
1944	1100.65891596224
1945	1151.70481107059
1946	1154.53217250592
1947	1116.83880365413
1948	1074.89253857709
1949	1106.03430843181
1950	1160.70788375696
1951	1128.69992966058
1952	1077.09929915899
1953	1065.86672123465
1954	1105.16878972889
1955	1101.26028143047
1956	1185.77566866998
1957	1159.86308000934
1958	1107.68593948008
1959	1083.80276884641
1960	1157.94265217828
1961	1182.63681805887
1962	1158.80445029372
1963	1123.74550326229
1964	1187.09083638064
1965	1090.99135527407
1966	1120.88113037278
1967	1094.33679253717
1968	1166.86734739759
1969	1125.80984348804
1970	1175.85164459776
1971	1159.55487851369
1972	1119.26193228495
1973	1208.26928326226
1974	1154.64428853962
1975	1247.40284898126
1976	1205.59469753917
1977	1122.32211588455
1978	1169.19232243397
1979	1131.92992387568
1980	1112.43938211725
1981	1121.34642514844
1982	1142.0791739874
1983	1079.79158939851
1984	1224.02131488909
1985	1093.29152117955
1986	1107.03323691727
1987	1123.01828250727
1988	1138.03738517898
1989	1100.09220349673
1990	1112.19641493022
1991	1114.23208181563
1992	1127.20760777986
1993	1108.59121246454
1994	1127.25963231648
1995	1147.79759207108
1996	1138.84376853175
1997	1148.53478845311
1998	1188.92028308343
1999	1132.77797428618
2000	1071.74308234775
2001	1156.71497731511
2002	1140.48512383507
2003	1156.66035167765
2004	1045.68883067469
2005	1153.59609672356
2006	1115.76450767685
2007	1100.08654388837
2008	1141.92562068472
2009	1134.92715850683
2010	1158.5240492279
2011	1159.47476585146
2012	1143.4550794665
2013	1128.20212336362
2014	1143.22904345267
2015	1127.48115110729
2016	1068.42710617688
2017	1159.36039634625
2018	1160.12255546387
2019	1135.86131200626
2020	1203.16218879622
2021	1141.6524650051
2022	1106.17761715335
2023	1184.09776130111
2024	1122.65744396659
2025	1114.54627398506
2026	1090.40149073079
2027	1063.64357340184
2028	1107.99320987466
2029	1103.32387268896
2030	1092.12971796504
2031	1146.13029243986
2032	1095.51247385962
2033	1138.89478560913
2034	1177.27978790818
2035	1110.54684098731
2036	1107.81331471654
2037	1128.55794602624
2038	1072.92085071188
2039	1109.45517446977
2040	1091.02353745914
2041	1064.36968894168
2042	1189.52268295019
2043	1112.95567006811
2044	1202.83641508831
2045	1122.57646576649
2046	1165.18697500674
2047	1089.41699452993
2048	1120.56597330236
2049	1116.63573399564
2050	1118.89744957919
2051	1107.33156256162
2052	1078.3816715994
2053	1154.08564674766
2054	1185.67019138167
2055	1130.78436706165
2056	1143.8702473553
2057	1073.32937331927
2058	1097.9825666173
2059	1137.99795926914
2060	1038.36243627804
2061	1105.19560398042
2062	1132.58361873128
2063	1130.43975247365
2064	1105.67466531448
2065	1120.8356243969
2066	1126.5596117019
2067	1143.83448833328
2068	1168.76728376295
2069	1082.75946113273
2070	1087.08911672609
2071	1094.69041663
2072	1223.38085514734
2073	1150.3168073874
2074	1139.59409266278
2075	1104.23135563827
2076	1159.60316460449
2077	1066.43719624512
2078	1128.81914222228
2079	1145.21253322659
2080	1116.18494826744
2081	1154.64151340792
2082	1086.16741292293
2083	1117.00742529727
2084	1144.10633613792
2085	1124.69582126041
2086	1147.69732610772
2087	1087.50528921121
2088	1178.23978297746
2089	1143.81936637231
2090	1066.12912048786
2091	1176.19618963697
2092	1118.14919429522
2093	1134.15517414457
2094	1124.50924443809
2095	1145.23037382251
2096	1118.65694549716
2097	1190.68889118376
2098	1189.870131333
2099	1117.11229436842
2100	1135.76112189729
2101	1128.30425384049
2102	1139.67789524911
2103	1177.21382971836
2104	1119.72209575491
2105	1058.75817020081
2106	1086.26865668298
2107	1181.68311870148
2108	1154.21373625248
2109	1163.49016504262
2110	1196.94375198289
2111	1085.73728864673
2112	1078.21048922272
2113	1112.44217592773
2114	1141.28152167942
2115	1206.74171080057
2116	1141.21771635267
2117	1079.36716626689
2118	1025.22224764877
2119	1086.84137347256
2120	1119.36778920961
2121	1088.47601215757
2122	1114.21174164488
2123	1189.62591234902
2124	1068.99766373248
2125	1143.20667744097
2126	1119.35876223867
2127	1138.94788459131
2128	1039.25695619362
2129	1203.49471501209
2130	1139.95290799547
2131	1164.74629825172
2132	1123.59690128399
2133	1153.78676193945
2134	1157.72550094985
2135	1182.09906700451
2136	1140.31940030798
2137	1130.62873917575
2138	1144.51466258662
2139	1105.95375620775
2140	1091.72713116803
2141	1198.77790611965
2142	1125.13978757179
2143	1146.87111318691
2144	1180.37616618062
2145	1170.0722887937
2146	1184.2317372924
2147	1189.3198599574
2148	1119.18798519381
2149	1057.45817259052
2150	1105.17978823181
2151	1161.38428294667
2152	1195.75456116745
2153	1103.42410850279
2154	1106.28149744794
2155	1114.8492172735
2156	1113.76631949261
2157	1100.15514920058
2158	1144.12594604532
2159	1144.58119659459
2160	1177.88403056655
2161	1164.24594419698
2162	1131.47547734983
2163	1184.75680121663
2164	1170.58108365819
2165	1135.71718072021
2166	1140.82786315166
2167	1186.05095413171
2168	1089.37796510544
2169	1114.30326534252
2170	1093.96811902042
2171	1169.2201983443
2172	1201.6023713423
2173	1146.61159754809
2174	1161.78969147362
2175	1084.04316851685
2176	1126.55996345214
2177	1151.26265948835
2178	1084.24898182473
2179	1139.21160918966
2180	1150.61016281566
2181	1058.00491506169
2182	1226.15356117787
2183	1181.10332362815
2184	1145.40907535222
2185	1097.74048634889
2186	1108.39445511265
2187	1127.41677771293
2188	1156.11520833348
2189	1121.04442490846
2190	1180.98866228531
2191	1162.19125363176
2192	1142.54916005789
2193	1158.27891262364
2194	1114.35550335455
2195	1069.63222368012
2196	1138.56534872797
2197	1150.14387572919
2198	1160.54720277941
2199	1109.27857966392
2200	1193.86593691581
2201	1152.28816106042
2202	1114.18925889595
2203	1100.28240555755
2204	1112.6300114305
2205	1110.95435928916
2206	1111.92452112852
2207	1149.30030239087
2208	1085.09222905455
2209	1117.06135953165
2210	1071.29941703731
2211	1071.04243058031
2212	1150.08294548948
2213	1187.7259491932
2214	1093.7600790019
2215	1164.66695177594
2216	1175.85703468728
2217	1132.81076354939
2218	1132.94264077827
2219	1127.63660524277
2220	1109.72143914669
2221	1084.15653267407
2222	1176.40724432658
2223	1123.12217390854
2224	1118.09412749833
2225	1120.08884740722
2226	1220.97613607653
2227	1108.80379940394
2228	1120.4854031795
2229	1156.95379686008
2230	1133.8152912884
2231	1216.84516725488
2232	1205.99389471996
2233	1150.71177799032
2234	1123.12131763524
2235	1209.98854969551
2236	1134.6575086804
2237	1145.1505569704
2238	1152.6017426589
2239	1083.47855437539
2240	1114.8057883121
2241	1115.75270616385
2242	1153.08070998616
2243	1157.00511722479
2244	1103.64843591842
2245	1048.59447796912
2246	1123.39778420713
2247	1156.8408511882
2248	1160.66071127118
2249	1171.02270692831
2250	1175.25086355934
2251	1124.01393688064
2252	1196.2861380441
2253	1088.74213249368
2254	1160.31320468711
2255	1150.09852465335
2256	1199.81836833101
2257	1104.3073067876
2258	1091.54792493762
2259	1075.56635207918
2260	1142.69921238203
2261	1132.27451323275
2262	1160.12114884194
2263	1121.61096666544
2264	1169.61925872933
2265	1109.89863935692
2266	1129.37043412531
2267	1115.84889538779
2268	1070.49620035726
2269	1110.48699912815
2270	1118.59855601521
2271	1108.44155472567
2272	1148.94105773981
2273	1205.45026820016
2274	1124.21179762759
2275	1163.45405767514
2276	1215.95481269625
2277	1133.65447220493
2278	1150.83620944018
2279	1167.27439604536
2280	1119.5840114342
2281	1188.11366266925
2282	1135.38719444421
2283	1124.47068009585
2284	1123.91721965776
2285	1127.90237731269
2286	1105.0966689555
2287	1162.64244663454
2288	1073.62979986234
2289	1148.78886785029
2290	1110.01787418994
2291	1073.35774624529
2292	1208.86171041205
2293	1133.28267891269
2294	1136.87309236721
2295	1127.36176762658
2296	1127.63287694008
2297	1148.30180514658
2298	1081.91828564069
2299	1172.00052339386
2300	1166.03442713401
2301	1160.46791933648
2302	1141.09321899566
2303	1074.40695256013
2304	1160.2022294036
2305	1200.32617134706
2306	1196.62700234644
2307	1058.92360131846
2308	1203.67225917128
2309	1119.48254181342
2310	1134.95957054089
2311	1167.0378713417
2312	1138.22454103796
2313	1075.74777868889
2314	1124.29861444575
2315	1124.12497128165
2316	1148.59492803951
2317	1095.48869030069
2318	1135.42965634784
2319	1036.16479388253
2320	1135.24578896337
2321	1170.36729335848
2322	1233.89078804421
2323	1146.21209730584
2324	1109.61380961614
2325	1169.47879800183
2326	1093.60446569915
2327	1255.26850681925
2328	1114.79521665848
2329	1151.15646081892
2330	1208.04079301597
2331	1116.01055257552
2332	1105.77935245693
2333	1136.05403520153
2334	1096.14799335677
2335	1140.32080688459
2336	1117.02700956314
2337	1173.86272156749
2338	1163.0612578198
2339	1161.2551221794
2340	1157.56451009817
2341	1136.48426733093
2342	1139.71646050347
2343	1051.11513424762
2344	1145.39829660877
2345	1124.37080839538
2346	1097.77033119183
2347	1129.7795869253
2348	1161.52562620856
2349	1182.11734763456
2350	1129.01132551485
2351	1140.22228770361
2352	1084.93395203154
2353	1136.3116084385
2354	1161.28131762484
2355	1112.00832820238
2356	1137.52209262808
2357	1155.93365572323
2358	1171.49503728463
2359	1139.40660512812
2360	1146.78361696708
2361	1100.39275589093
2362	1143.44485966403
2363	1112.21829411589
2364	1182.58780265701
2365	1227.59452394309
2366	1117.7193791521
2367	1167.54283443505
2368	1162.2284842129
2369	1155.78142364334
2370	1117.93692078709
2371	1135.57394930035
2372	1130.94274591781
2373	1173.80490607406
2374	1120.2456555932
2375	1165.32533266653
2376	1129.77634282893
2377	1155.47925670578
2378	1107.51586526261
2379	1207.39829203014
2380	1136.31854754345
2381	1098.11092611814
2382	1176.82081567727
2383	1112.90785268706
2384	1076.67909556443
2385	1066.67880227674
2386	1084.8699784123
2387	1085.78619561431
2388	1114.61399807919
2389	1150.6783624423
2390	1104.2534498905
2391	1184.64141855969
2392	1147.98355839692
2393	1126.6268568809
2394	1089.91512205045
2395	1196.77784662562
2396	1169.24866964885
2397	1184.72723085786
2398	1201.18277068575
2399	1173.7338956673
2400	1133.29353151545
2401	1157.48591753578
2402	1149.98929593165
2403	1093.00476148548
2404	1090.00384757847
2405	1102.53071670301
2406	1145.99361542016
2407	1129.64850776739
2408	1150.49255085345
2409	1165.93248265543
2410	1112.56760810855
2411	1179.27408235839
2412	1138.61317630506
2413	1104.24078166698
2414	1123.12892821541
2415	1178.89432059186
2416	1094.74758615486
2417	1152.31020992609
2418	1123.22175756147
2419	1133.40338818972
2420	1136.66659476045
2421	1143.30161420729
2422	1157.65249995429
2423	1152.78997339466
2424	1128.71885471963
2425	1105.44435259619
2426	1111.85699381909
2427	1176.41345546492
2428	1111.75490641504
2429	1141.82050222003
2430	1132.77927579501
2431	1214.39106448939
2432	1206.99409689415
2433	1137.32469041607
2434	1100.68388005222
2435	1121.39808481282
2436	1153.08481858543
2437	1117.58917619175
2438	1112.29011730453
2439	1138.37723477626
2440	1165.85414324501
2441	1175.26472687355
2442	1081.18234723996
2443	1066.75536259351
2444	1094.03528274294
2445	1086.29340219524
2446	1134.70208600288
2447	1176.01374081581
2448	1224.53919729637
2449	1130.56850421536
2450	1134.12448148764
2451	1127.93725784229
2452	1136.6517030993
2453	1108.77998750118
2454	1081.74720480798
2455	1186.89304897432
2456	1086.90190969142
2457	1167.29077770756
2458	1186.32790713329
2459	1108.64803444603
2460	1175.31113647803
2461	1094.31227852056
2462	1146.41616613696
2463	1208.37057345132
2464	1135.92023426771
2465	1107.917562597
2466	1073.78914512327
2467	1176.43790275945
2468	1135.30093576846
2469	1148.87008688834
2470	1143.33107639546
2471	1143.85453466465
2472	1145.04863316275
2473	1111.83887085932
2474	1150.49056699403
2475	1124.88768485014
2476	1168.13905778524
2477	1156.77699437609
2478	1184.84180046192
2479	1054.42249604904
2480	1185.39641574647
2481	1056.61593227906
2482	1084.17351487138
2483	1097.82146341973
2484	1092.36552461777
2485	1159.95620143941
2486	1185.69619229069
2487	1133.33183455632
2488	1044.97243892273
2489	1050.93406551392
2490	1144.02668779846
2491	1130.88216191628
2492	1106.6577303619
2493	1202.58443146058
2494	1120.03092995236
2495	1109.53694683298
2496	1136.14678309749
2497	1055.40795345289
2498	1144.47653011278
2499	1151.84253241708
2500	1111.05584242124
2501	1157.77005055289
2502	1093.46840326714
2503	1091.71541916595
2504	1090.86791368642
2505	1166.34439708638
2506	1099.61216562178
2507	1147.25976695244
2508	1117.45036395505
2509	1102.37638929912
2510	1136.84610162556
2511	1073.09082959475
2512	1141.88058792294
2513	1153.48862571963
2514	1160.56433320516
2515	1140.53531211832
2516	1160.92661637922
2517	1152.02108999854
2518	1153.42089831029
2519	1106.0167101154
2520	1151.83284779065
2521	1051.87998675046
2522	1140.39912877758
2523	1195.21721867743
2524	1162.02352354772
2525	1214.55356675496
2526	1071.59080791996
2527	1172.05133641949
2528	1178.63360407164
2529	1172.41932856882
2530	1131.99739957279
2531	1184.23566046723
2532	1204.51850328091
2533	1108.76784776724
2534	1121.7950246174
2535	1095.72832266489
2536	1063.93320665971
2537	1071.35204317895
2538	1099.07542702327
2539	1138.4043551291
2540	1139.06304287206
2541	1180.2534176878
2542	1153.3494740278
2543	1097.99159352292
2544	1080.28380019528
2545	1107.43749245777
2546	1186.61880096637
2547	1148.74417356599
2548	1204.88842700544
2549	1149.58314704573
2550	1109.31358662881
2551	1138.03383561809
2552	1105.70942750309
2553	1117.52188778084
2554	1042.09504350337
2555	1116.08471656643
2556	1132.55713545825
2557	1116.08503133195
2558	1167.62843728596
2559	1104.37475104865
2560	1183.45685937176
2561	1086.44735700078
2562	1152.49700226652
2563	1147.73813438543
2564	1075.00962565756
2565	1099.78195738981
2566	1181.22631534014
2567	1135.74512243261
2568	1144.55809455868
2569	1238.58388445583
2570	1134.75091499166
2571	1137.61938383914
2572	1200.69625121172
2573	1119.56537056488
2574	1175.4318361984
2575	1124.49894745281
2576	1140.35728364167
2577	1096.38657571104
2578	1193.452279042
2579	1193.8920278466
2580	1144.0751488034
2581	1097.61307792411
2582	1040.01941904795
2583	1188.86766483159
2584	1116.757670445
2585	1111.79869772835
2586	1129.46320855352
2587	1086.27701853941
2588	1183.77674976397
2589	1138.06508510323
2590	1212.90841062384
2591	1095.05376373563
2592	1084.07182038295
2593	1166.55800028612
2594	1066.45577913817
2595	1113.55057798064
2596	1084.56176712917
2597	1177.60850520847
2598	1107.83664119536
2599	1107.67381870427
2600	1143.45648896103
2601	1145.69319885053
2602	1100.51821023878
2603	1033.67610908501
2604	1119.24597273593
2605	1165.94983796373
2606	1163.98689870507
2607	1095.08950286034
2608	1117.78404229319
2609	1122.67166455075
2610	1160.36162195177
2611	1152.65834219127
2612	1105.26561336098
2613	1174.84967211264
2614	1153.21410406297
2615	1114.07827266788
2616	1159.74250338404
2617	1124.87438495669
2618	1089.53609787566
2619	1155.56973203642
2620	1041.22717206709
2621	1149.99540601325
2622	1164.9102180471
2623	1037.63536121099
2624	1111.78620785883
2625	1130.04615196182
2626	1120.03996216544
2627	1075.72448758716
2628	1151.40360822661
2629	1142.99876112478
2630	1176.36646182536
2631	1080.09360767658
2632	1134.06700243092
2633	1148.20467062182
2634	1162.56175386546
2635	1092.34421253213
2636	1093.16756460495
2637	1235.54690886098
2638	1106.59322246575
2639	1176.00042328431
2640	1132.46845540082
2641	1167.29918861278
2642	1096.41724246939
2643	1075.36723785892
2644	1181.40340814345
2645	1152.9700293227
2646	1214.84978501072
2647	1162.15392288108
2648	1063.69969832368
2649	1172.46684551119
2650	1161.49362491489
2651	1176.30133924639
2652	1127.90039888311
2653	1118.16742655302
2654	1103.68571808305
2655	1132.92488772106
2656	1111.61266470557
2657	1245.48070119881
2658	1219.48570617843
2659	1143.54915366077
2660	1154.75089724426
2661	1099.52261887149
2662	1194.00525481672
2663	1155.73430828375
2664	1146.56738270871
2665	1065.2084018677
2666	1117.86851531384
2667	1177.90048816986
2668	1121.04220877807
2669	1081.55914574764
2670	1092.13135323972
2671	1124.88921105727
2672	1156.44266750918
2673	1130.88615754125
2674	1109.17284024814
2675	1152.57569884623
2676	1089.33930310971
2677	1123.47229567428
2678	1135.67774944071
2679	1129.7624746581
2680	1196.00983097499
2681	1087.60210568727
2682	1104.49241692695
2683	1150.0835108845
2684	1176.08136611501
2685	1152.03125378344
2686	1121.06393431284
2687	1127.74288049461
2688	1086.73289705727
2689	1138.28507186228
2690	1143.95204242563
2691	1096.8401381378
2692	1056.33775695179
2693	1219.04015058536
2694	1192.26835890558
2695	1132.19378769885
2696	1139.288846865
2697	1117.01827037953
2698	1121.46428172183
2699	1142.17965273992
2700	1136.32037894175
2701	1110.65328698812
2702	1195.46560448635
2703	1079.30672823103
2704	1124.62166635828
2705	1095.55497426763
2706	1234.31563139761
2707	1177.00726488866
2708	1154.80398931643
2709	1137.59129297463
2710	1151.95609592951
2711	1112.52781301722
2712	1165.81458004881
2713	1177.52715768097
2714	1146.80309584042
2715	1130.61158979367
2716	1096.34155794682
2717	1154.37101718278
2718	1086.07166043286
2719	1213.95547304116
2720	1065.98810538569
2721	1145.0317478035
2722	1102.33753886175
2723	1164.31070470362
2724	1131.35125180511
2725	1115.03674697959
2726	1113.75852813446
2727	1119.41891984804
2728	1113.36797633674
2729	1143.84342414362
2730	1145.46339105243
2731	1215.7379139065
2732	1088.86399720306
2733	1134.0644698817
2734	1120.10296822419
2735	1236.41204519906
2736	1118.28254256204
2737	1114.39618103672
2738	1182.77591213653
2739	1133.63391673831
2740	1142.44644544329
2741	1153.44529908441
2742	1045.07456378472
2743	1191.09529662872
2744	1139.8486533159
2745	1157.79717081599
2746	1077.19704131858
2747	1132.1599433906
2748	1145.92105755649
2749	1118.32742702487
2750	1154.63961315664
2751	1150.32439815666
2752	1206.28976644643
2753	1153.81359280129
2754	1142.94796520306
2755	1097.12980771952
2756	1098.89715345023
2757	1162.29597633914
2758	1124.06227077157
2759	1061.91457061766
2760	1191.35907926847
2761	1179.90015287077
2762	1130.10591211027
2763	1155.0948003278
2764	1116.77042220868
2765	1074.82528700893
2766	1106.38255061879
2767	1142.00764530947
2768	1174.31414833133
2769	1091.77515537537
2770	1183.9228857716
2771	1194.70373340145
2772	1109.11113124489
2773	1112.8805663843
2774	1134.27815645059
2775	1146.66698893233
2776	1153.90388402216
2777	1124.90589064527
2778	1073.35915245907
2779	1084.10801258865
2780	1107.25771910479
2781	1054.6964370529
2782	1149.43827013342
2783	1156.71720884202
2784	1120.21461658542
2785	1161.55638270072
2786	1133.2858296712
2787	1195.57523721681
2788	1121.46743367795
2789	1060.19999096114
2790	1150.41517643896
2791	1131.30095638749
2792	1076.20061472131
2793	1076.91324341745
2794	1121.27606681212
2795	1111.78392520395
2796	1167.92155732208
2797	1152.4654415974
2798	1080.74253562938
2799	1124.55869240494
2800	1202.00451589309
2801	1146.56562564168
2802	1139.61058204731
2803	1112.26459628915
2804	1246.75172219658
2805	1193.96723454118
2806	1113.72016586132
2807	1041.95906467954
2808	1135.4329480665
2809	1134.58106810946
2810	1145.90316624444
2811	1185.04309147114
2812	1065.82141880068
2813	1169.75839618595
2814	1171.43709279329
2815	1111.76640223106
2816	1161.02318758858
2817	1163.78424152536
2818	1103.1826844793
2819	1130.78133733338
2820	1068.38149236548
2821	1125.59354692056
2822	1130.83339136873
2823	1076.8092025702
2824	1163.32838113484
2825	1111.22717024957
2826	1074.53125464411
2827	1142.05594107547
2828	1093.05148032077
2829	1212.58123066884
2830	1130.13348432837
2831	1206.53208515906
2832	1133.10789958909
2833	1107.13205121196
2834	1153.22818890956
2835	1114.81175136271
2836	1164.96082972599
2837	1140.65658376613
2838	1144.30294874457
2839	1167.764854221
2840	1190.19908933594
2841	1078.10403182416
2842	1095.18248794452
2843	1126.16884589969
2844	1159.44475193672
2845	1165.53140741315
2846	1145.20578116233
2847	1128.4151847074
2848	1143.30632624649
2849	1088.01495264311
2850	1089.22507619478
2851	1041.21904046372
2852	1132.37504284752
2853	1092.57631698641
2854	1153.18197440685
2855	1211.66906542916
2856	1166.72535172914
2857	1160.61535995455
2858	1204.20162021422
2859	1154.4304464501
2860	1162.2231062494
2861	1097.31784849797
2862	1154.39192834246
2863	1207.8686642277
2864	1071.70985013948
2865	1158.37185668417
2866	1157.98493718184
2867	1072.42615530508
2868	1125.95816869273
2869	1186.32565802029
2870	1115.72398893064
2871	1154.9725380253
2872	1180.91085350523
2873	1115.46773048645
2874	1105.74567092949
2875	1117.6199109214
2876	1146.29770560877
2877	1176.21143054191
2878	1097.3525843216
2879	1127.32874192107
2880	1210.66338363454
2881	1101.18974836045
2882	1103.86748803365
2883	1106.91587011838
2884	1088.46761639586
2885	1152.54915824608
2886	1155.67630594468
2887	1096.15701294309
2888	1112.36394690289
2889	1091.99585053475
2890	1160.6942330735
2891	1086.70212159105
2892	1158.94890580546
2893	1135.69186081085
2894	1084.75395111193
2895	1147.21913158367
2896	1106.74148994201
2897	1124.38407336498
2898	1133.41115357964
2899	1188.92906230841
2900	1134.82754161243
2901	1214.92523383512
2902	1099.21863309596
2903	1086.81359017301
2904	1161.31137684712
2905	1062.79278893525
2906	1185.76586410236
2907	1110.16847477669
2908	1157.01989981524
2909	1110.72726010587
2910	1056.57276150696
2911	1141.27538124075
2912	1074.62529930575
2913	1093.31095016237
2914	1198.52130932677
2915	1151.89320453544
2916	1106.07393099584
2917	1122.59246190522
2918	1117.26567743299
2919	1072.72406767012
2920	1074.45188362371
2921	1135.62217992949
2922	1073.30265207803
2923	1121.26604898561
2924	1166.44368303383
2925	1113.1360882651
2926	1095.91516308351
2927	1056.82292634636
2928	1140.5659961419
2929	1086.59963124075
2930	1102.21010913281
2931	1127.39708805393
2932	1153.8221572115
2933	1110.59714830044
2934	1085.4855799432
2935	1128.55554081718
2936	1146.48385338365
2937	1080.31940255628
2938	1096.60407768012
2939	1089.15060746047
2940	1149.97242107676
2941	1120.23406495132
2942	1080.74316352596
2943	1109.02053082721
2944	1087.00423185189
2945	1060.80695081543
2946	1121.71576169222
2947	1110.49463270305
2948	1139.36012085557
2949	1165.77168761859
2950	1128.70704615003
2951	1048.6384147204
2952	1070.20169782693
2953	1106.86009459651
2954	1118.97780584306
2955	1046.69753856433
2956	1090.11441878744
2957	1078.48555459921
2958	1140.54260916219
2959	1069.22079760978
2960	1155.16690776151
2961	1125.0692662156
2962	1182.51827623619
2963	1101.5524646926
2964	1161.35847733985
2965	1103.73612076173
2966	1158.06218441477
2967	1094.19665424561
2968	1136.95530620894
2969	1121.30567163158
2970	1171.83533982037
2971	1122.05279294194
2972	1110.0058979508
2973	1217.97917482909
2974	1111.31495012075
2975	1128.33167049418
2976	1143.96950340064
2977	1151.62731577611
2978	1136.0430303107
2979	1208.68914868452
2980	1205.32721648569
2981	1175.06130928721
2982	1083.03665189171
2983	1148.40796951835
2984	1188.57042858475
2985	1119.88228585428
2986	1202.30807667042
2987	1161.51606195211
2988	1153.48676956265
2989	1096.23989430823
2990	1134.15688843415
2991	1156.8896748232
2992	1134.37503075705
2993	1133.73842512326
2994	1136.91433559841
2995	1074.90440637531
2996	1238.58498789299
2997	1119.33577047195
2998	1124.54136611476
2999	1159.82246080957
3000	1081.43160298483
3001	1157.12487845835
3002	1153.78620267306
3003	1221.46036130718
3004	1125.47286750581
3005	1117.89413623959
3006	1166.85589757032
3007	1211.06547490771
3008	1149.2666538274
3009	1146.21225138525
3010	1089.92109198961
3011	1151.13970712342
3012	1122.75107156102
3013	1198.15480146931
3014	1102.75469763162
3015	1150.97764676222
3016	1220.15704949125
3017	1132.71691467736
3018	1122.23688623523
3019	1061.07977100173
3020	1146.2365221852
3021	1135.1521678912
3022	1171.35917014046
3023	1147.61897424704
3024	1084.90046773113
3025	1125.825845456
3026	1080.08774472669
3027	1121.76660955278
3028	1115.65542283734
3029	1195.34594331795
3030	1139.59650944748
3031	1144.07544621236
3032	1158.76318974887
3033	1120.55719434191
3034	1152.44584562268
3035	1162.78365693165
3036	1152.89036373226
3037	1164.09123475119
3038	1085.74569075444
3039	1073.85078705426
3040	1219.55814258557
3041	1135.20526801851
3042	1160.79985036565
3043	1119.19103654966
3044	1123.64406838414
3045	1094.92363622467
3046	1218.64370898955
3047	1120.78621610663
3048	1150.12735078782
3049	1031.6972348734
3050	1134.8235501607
3051	1126.95186653
3052	1110.88705523402
3053	1193.26751155012
3054	1124.91659832162
3055	1130.49401318396
3056	1107.30833409708
3057	1146.29287036594
3058	1160.799407161
3059	1153.67463241628
3060	1092.91036164672
3061	1134.52851329785
3062	1143.56158958096
3063	1125.31750224878
3064	1112.88102807574
3065	1178.12755453371
3066	1094.9489290647
3067	1092.31367262536
3068	1130.08668719723
3069	1119.11291925735
3070	1161.7893459477
3071	1224.92343241563
3072	1138.80039364184
3073	1124.0213455792
3074	1142.96139655913
3075	1077.31728484011
3076	1111.40569870654
3077	1095.92454254327
3078	1140.30749552481
3079	1105.26301505047
3080	1119.28173768347
3081	1162.81817596923
3082	1142.84592533228
3083	1115.62203171168
3084	1066.12089518428
3085	1126.55874732512
3086	1108.83723524161
3087	1086.23990663932
3088	1178.48038213815
3089	1137.01552760012
3090	1175.14858032648
3091	1108.91830771356
3092	1099.60196533579
3093	1092.49593446728
3094	1110.93097997996
3095	1123.54664581784
3096	1142.40403161712
3097	1117.45351312488
3098	1101.56084486234
3099	1238.0865694992
3100	1158.38820129147
3101	1176.37345053106
3102	1129.09388781816
3103	1078.10806809407
3104	1107.3768612751
3105	1095.77301292193
3106	1088.75017891389
3107	1129.60284861883
3108	1107.58925289584
3109	1090.51855561431
3110	1163.31384089702
3111	1130.57617547372
3112	1129.67440404044
3113	1118.64022897765
3114	1082.19506374261
3115	1186.15607070489
3116	1139.10634950381
3117	1097.45968666982
3118	1125.5705964757
3119	1111.12218219633
3120	1079.30799445487
3121	1105.99766256677
3122	1145.47687160113
3123	1165.64019892825
3124	1146.71645624315
3125	1059.03554461722
3126	1117.12322167592
3127	1125.0677727729
3128	1132.46521161425
3129	1178.07825326789
3130	1150.67730928944
3131	1020.57070610111
3132	1174.64340032881
3133	1032.60057393046
3134	1071.59379856907
3135	1115.49527768285
3136	1134.34262964452
3137	1129.12947614234
3138	1110.43608623689
3139	1086.63121938505
3140	1117.54011749228
3141	1122.48331919679
3142	1076.29331803267
3143	1088.60783406272
3144	1118.15493112158
3145	1171.20310604564
3146	1090.32885095526
3147	1168.44164032857
3148	1165.85632194203
3149	1122.31098780524
3150	1132.603683525
3151	1077.55868548088
3152	1130.21346406397
3153	1144.05145367429
3154	1122.28705813262
3155	1079.8414514637
3156	1145.56830652554
3157	1142.88469378064
3158	1173.98233380235
3159	1153.90109189073
3160	1153.67298438682
3161	1062.92322058743
3162	1088.48827406382
3163	1138.48376183936
3164	1117.3994570495
3165	1053.61397249898
3166	1101.17017917266
3167	1115.0243115528
3168	1183.13588163315
3169	1073.51609705206
3170	1117.35238572854
3171	1133.37382255561
3172	1105.65575587276
3173	1062.3238775187
3174	1094.20000920707
3175	1106.79912588544
3176	1112.50329758141
3177	1119.02282491263
3178	1170.9784234936
3179	1148.61643067509
3180	1071.43574871
3181	1046.02413026845
3182	1129.19648953752
3183	1126.17797586318
3184	1146.97575573068
3185	1163.33167866724
3186	1182.42660118411
3187	1134.06614714258
3188	1086.31325984675
3189	1150.90042383496
3190	1176.39986872382
3191	1198.7346331217
3192	1119.78493496643
3193	1180.55238117972
3194	1106.72685892788
3195	1089.97576120281
3196	1064.75562214171
3197	1149.83755871846
3198	1097.74370149561
3199	1095.42817294682
3200	1166.99441998869
3201	1128.64424932635
3202	1156.78667657993
3203	1096.61574851436
3204	1086.47294382292
3205	1108.37869682915
3206	1192.42009285659
3207	1165.64559153886
3208	1009.36701882876
3209	1129.77447255863
3210	1106.02532658514
3211	1107.86259202555
3212	1168.49490493693
3213	1077.68957902548
3214	1090.17858623096
3215	1193.17104797843
3216	1095.29467633478
3217	1119.63913090209
3218	1101.80030136497
3219	1106.51058107619
3220	1103.01025970449
3221	1161.76403828093
3222	1095.15092464135
3223	1047.36258879405
3224	1132.9427636449
3225	1162.13934630347
3226	1133.63098043557
3227	1066.19884396778
3228	1183.58308864802
3229	1109.1996024638
3230	1059.87760357252
3231	1139.19457319796
3232	1116.91124214526
3233	1158.84534502555
3234	1155.27501120705
3235	1224.11209100742
3236	1087.42087756472
3237	1121.84468477425
3238	1218.35348896936
3239	1163.45857776169
3240	1100.07607073624
3241	1099.4289486633
3242	1187.47204747803
3243	1142.1935002412
3244	1185.25223062864
3245	1110.03939080117
3246	1148.84140298837
3247	1091.97027532727
3248	1172.19669262143
3249	1146.20428884277
3250	1173.16475341186
3251	1207.75923619979
3252	1134.15594892712
3253	1132.95925681384
3254	1060.78765433924
3255	1081.05727959821
3256	1123.26229330661
3257	1181.18712650535
3258	1166.95317536735
3259	1095.77961053121
3260	1069.05143180707
3261	1114.38054621672
3262	1135.03959728754
3263	1052.25753601985
3264	1115.61560505807
3265	1189.33434219034
3266	1111.78665776701
3267	1145.69402584986
3268	1106.04307426471
3269	1230.17367383819
3270	1163.22812026396
3271	1146.43318053356
3272	1172.39315507386
3273	1158.07020103146
3274	1064.5670414636
3275	1085.36419260813
3276	1117.95874931008
3277	1111.06430537642
3278	1145.18530625462
3279	1154.95478478553
3280	1122.78047551288
3281	1177.99701947823
3282	1087.02021867497
3283	1127.74723985268
3284	1164.137137647
3285	1183.13015266229
3286	1162.08147944514
3287	1159.46875739097
3288	1195.14118552621
3289	1110.56039531153
3290	1132.71678239063
3291	1094.59686043709
3292	1109.75897666417
3293	1096.86206639756
3294	1058.04334832756
3295	1113.24279947124
3296	1139.9059702636
3297	1130.92012191419
3298	1150.8788958501
3299	1105.57250251895
3300	1144.44210227388
3301	1175.81458037559
3302	1109.49511761157
3303	1096.24483271022
3304	1119.29502527336
3305	1185.93088401547
3306	1110.05970408321
3307	1072.27940628879
3308	1144.89865493019
3309	1166.77063024158
3310	1137.63050028432
3311	1149.09998182331
3312	1061.16339415521
3313	1148.16355158793
3314	1125.5745450924
3315	1115.94981227443
3316	1079.74834788253
3317	1149.87472572035
3318	1123.31628674901
3319	1114.10346980418
3320	1176.34210028036
3321	1116.46687336493
3322	1111.46166086541
3323	1070.63378314796
3324	1130.3793593864
3325	1201.04950994164
3326	1069.81480205359
3327	1126.10853365385
3328	1175.49839982641
3329	1155.98173115554
3330	1097.1988725054
3331	1035.29277593079
3332	1120.06828664013
3333	1139.01994177277
3334	1081.60668277793
3335	1106.38125830809
3336	1119.55536197962
3337	1125.5017756317
3338	1093.35937202443
3339	1096.66123338199
3340	1092.6517142688
3341	1115.15535199383
3342	1138.49285013845
3343	1121.402045193
3344	1156.59618925509
3345	1064.90324019359
3346	1041.79182349949
3347	1158.7961336907
3348	1107.45067956942
3349	1184.19738887884
3350	1224.18544817301
3351	1156.28818678576
3352	1118.82224075563
3353	1091.07373526682
3354	1099.78240775792
3355	1171.36286170294
3356	1083.81122054831
3357	1162.68669200398
3358	1118.56370649047
3359	1154.98606062371
3360	1087.9976581546
3361	1106.76234039249
3362	1189.11737216143
3363	1161.35480466476
3364	1119.34869710772
3365	1080.28165727844
3366	1189.14532527646
3367	1055.7491694709
3368	1101.74228362083
3369	1131.58990709072
3370	1131.05328126897
3371	1075.07761268128
3372	1192.2161037373
3373	1153.5560304637
3374	1159.24163035208
3375	1161.80060728369
3376	1125.5308383519
3377	1134.73639780534
3378	1088.45191353553
3379	1127.51256782099
3380	1157.31151941682
3381	1136.97179870466
3382	1114.59394761354
3383	1106.38790265051
3384	1189.89553804699
3385	1097.45145648914
3386	1037.4887969612
3387	1130.79312285751
3388	1101.34981341939
3389	1159.30314183711
3390	1131.85289705653
3391	1088.29570571152
3392	1126.54126848668
3393	1132.59337983272
3394	1145.19254222373
3395	1077.92991307746
3396	1142.76021296155
3397	1155.43879413718
3398	1071.75406780302
3399	1179.1057447625
3400	1146.02589695856
3401	1169.99065139625
3402	1102.85903596223
3403	1152.94322648552
3404	1125.41317257019
3405	1191.50372334036
3406	1174.85373414836
3407	1232.56694990034
3408	1117.33481859979
3409	1165.35045295057
3410	1138.1823709805
3411	1094.37717385603
3412	1154.94262617677
3413	1092.92481802588
3414	1052.57791218414
3415	1144.79516224395
3416	1112.01526948565
3417	1157.85983992525
3418	1208.4345188226
3419	1080.64568512671
3420	1087.39265243204
3421	1134.2504598607
3422	1120.90870887975
3423	1076.86618160464
3424	1056.96271504343
3425	1190.30700105307
3426	1110.75923258586
3427	1108.41489627788
3428	1156.4976810205
3429	1159.61259937462
3430	1109.77456952294
3431	1048.40350401668
3432	1164.84178147729
3433	1169.78573339554
3434	1154.18327010188
3435	1158.87669008835
3436	1130.3822938992
3437	1177.67186044217
3438	1134.88375798129
3439	1142.21576020997
3440	1071.96734305874
3441	1147.84810734658
3442	1141.60103250515
3443	1102.47377161322
3444	1157.15736292817
3445	1121.05610375376
3446	1141.58970898136
3447	1135.74586274985
3448	1169.07295839016
3449	1111.89163098205
3450	1117.65793094346
3451	1199.69885649019
3452	1120.25662817586
3453	1159.20791623191
3454	1109.86196145783
3455	1127.04694528213
3456	1120.15348466351
3457	1141.53967951882
3458	1110.44183873313
3459	1182.37483698056
3460	1170.02188259748
3461	1107.64650762096
3462	1088.54154453942
3463	1162.52481970816
3464	1081.635958185
3465	1119.47654272523
3466	1179.5378095058
3467	1034.6388538174
3468	1129.05828111213
3469	1082.01302338694
3470	1137.80469656664
3471	1119.01852045638
3472	1052.04050208359
3473	1132.90445297146
3474	1197.82574931317
3475	1074.42073790358
3476	1137.67978686654
3477	1160.25737425971
3478	1104.98187082053
3479	1130.58119367073
3480	1124.9040509473
3481	1074.08729031604
3482	1153.64338421939
3483	1097.71664480569
3484	1077.71414973986
3485	1091.69034625266
3486	1117.05312692203
3487	1118.50787895526
3488	1106.42901987855
3489	1104.79524431502
3490	1083.8793048776
3491	1122.02006975859
3492	1149.37004296512
3493	1167.74914023273
3494	1123.95242889769
3495	1191.01106708593
3496	1109.33679627116
3497	1083.24290829812
3498	1117.81615370357
3499	1168.87585481218
3500	1189.79325770958
3501	1100.0584898169
3502	1104.07281920606
3503	1176.18924043816
3504	1098.98467538104
3505	1281.00579200165
3506	1189.33072126513
3507	1150.46353520203
3508	1104.75101438598
3509	1159.7435349191
3510	1177.55551936492
3511	1165.2578268774
3512	1124.33442284524
3513	1162.3086250875
3514	1142.13170321759
3515	1174.59280933957
3516	1181.57603129055
3517	1073.9463358593
3518	1146.90835472359
3519	1161.52986928328
3520	1164.43835036042
3521	1155.93426062155
3522	1141.59173467836
3523	1139.71415645374
3524	1132.29417175961
3525	1127.31550926319
3526	1119.07563133845
3527	1110.44496632961
3528	1217.24564720883
3529	1119.36627405363
3530	1203.86943319557
3531	1160.36393574077
3532	1149.41480783167
3533	1130.16197920422
3534	1132.93112222222
3535	1166.47155397714
3536	1134.0088655516
3537	1171.19235877811
3538	1122.57843576447
3539	1178.37792373482
3540	1152.49732652257
3541	1029.51607375686
3542	1145.07857502812
3543	1153.78431775651
3544	1177.9481122512
3545	1160.23593858087
3546	1130.80001862414
3547	1093.9992642724
3548	1137.89076200049
3549	1079.63850549839
3550	1137.58303224766
3551	1125.59084474134
3552	1136.96636185558
3553	1138.28122124603
3554	1128.64548174015
3555	1181.36912089015
3556	1146.31999602367
3557	1168.49683845235
3558	1162.19645505878
3559	1147.41582374949
3560	1084.84813331679
3561	1157.24356892768
3562	1085.33801959186
3563	1059.26270908528
3564	1132.76796204942
3565	1145.61966467266
3566	1096.83510201624
3567	1215.47213490755
3568	1096.34884415423
3569	1064.44871837022
3570	1084.14240254654
3571	1106.39627914348
3572	1161.03726173195
3573	1135.05159800176
3574	1117.98156692599
3575	1141.5434570153
3576	1119.35754498889
3577	1104.02752470502
3578	1168.26554055808
3579	1111.87146697018
3580	1123.99631585573
3581	1085.60240222425
3582	1042.08556545384
3583	1120.71756785812
3584	1103.70531707371
3585	1146.80400112361
3586	1094.68873040398
3587	1089.11657752965
3588	1106.20351957114
3589	1067.32137132571
3590	1131.5856154831
3591	1087.53186839468
3592	1084.67436477068
3593	1136.22953638678
3594	1119.5420177061
3595	1134.60427828999
3596	1152.15930904342
3597	1133.44715487391
3598	1149.24019112488
3599	1123.35640976677
3600	1115.31678039816
3601	1197.73771642562
3602	1108.49366955926
3603	1140.8774552749
3604	1094.81563294341
3605	1107.18890580373
3606	1094.11273420037
3607	1145.29053908037
3608	1130.94383439372
3609	1119.51965391976
3610	1094.44363512849
3611	1128.63367228564
3612	1140.16953479925
3613	1138.78950494721
3614	1069.19800717984
3615	1179.20727725155
3616	1109.12153906403
3617	1162.07957008022
3618	1160.30742434741
3619	1077.26291708943
3620	1103.27550526052
3621	1170.85761187024
3622	1099.66661594176
3623	1139.11357433939
3624	1167.16775150561
3625	1046.50111788851
3626	1123.34060308963
3627	1135.99339020867
3628	1124.30566409036
3629	1075.8193829032
3630	1169.26450490684
3631	1167.630925117
3632	1106.0189651197
3633	1151.56009236045
3634	1170.25979005977
3635	1186.44832879728
3636	1131.28184456059
3637	1090.72673005435
3638	1170.27722132531
3639	1163.43260952737
3640	1174.2019437078
3641	1211.70851637574
3642	1150.43004508967
3643	1135.96378053822
3644	1132.24683518491
3645	1162.63245018912
3646	1146.45849475397
3647	1106.3585364663
3648	1176.88005196143
3649	1145.61924762794
3650	1158.67789223245
3651	1144.03486375116
3652	1103.00406172875
3653	1063.39727975597
3654	1138.36623717203
3655	1123.94254752595
3656	1057.17283519956
3657	1070.1965394476
3658	1128.2560932312
3659	1145.59764850214
3660	1169.2945202405
3661	1102.96049825807
3662	1108.45321020159
3663	1193.33533065667
3664	1146.25296909362
3665	1165.44163587727
3666	1103.27740343359
3667	1129.15947557459
3668	1090.884493196
3669	1071.27014823993
3670	1152.42964168463
3671	1163.95136581722
3672	1148.52273104042
3673	1091.77988729611
3674	1207.09316545369
3675	1139.49073338525
3676	1136.63704993524
3677	1130.31153583264
3678	1196.56327008125
3679	1148.36035564941
3680	1079.1225843519
3681	1171.90278735125
3682	1094.86092562437
3683	1123.55069003633
3684	1161.99221552279
3685	1071.79414208617
3686	1140.3243166813
3687	1135.30950850009
3688	1150.6184066617
3689	1132.63331738388
3690	1113.7325887479
3691	1162.77954392285
3692	1173.55428128151
3693	1109.1498819468
3694	1137.89511577469
3695	1071.22446785331
3696	1162.02770303671
3697	1160.1030188982
3698	1172.65337916223
3699	1120.30582886163
3700	1097.10466571839
3701	1129.20356155141
3702	1160.04537128479
3703	1233.76454576506
3704	1144.24172287758
3705	1054.6089464557
3706	1119.9146678081
3707	1099.52376487433
3708	1164.06689302097
3709	1110.36857617706
3710	1228.11878426016
3711	1169.06465598388
3712	1136.21967718497
3713	1166.78041573215
3714	1167.4693126782
3715	1077.38230351344
3716	1201.25613353698
3717	1188.74517739368
3718	1108.07869320267
3719	1091.32543963089
3720	1127.7509284033
3721	1084.76811315357
3722	1054.21770712007
3723	1136.59288872597
3724	1095.90600770828
3725	1105.38454742599
3726	1081.41055481145
3727	1142.27185863037
3728	1138.14650791085
3729	1189.10755525562
3730	1155.90400819095
3731	1125.99181938434
3732	1161.9539261981
3733	1126.68186022839
3734	1175.45584786593
3735	1079.18462971601
3736	1158.43284898751
3737	1109.11909997701
3738	1167.59724743907
3739	1129.46363001682
3740	1140.64150043767
3741	1067.70222407346
3742	1160.24175991464
3743	1122.45627260516
3744	1053.63870349456
3745	1156.53555288091
3746	1145.98410538691
3747	1158.51563465174
3748	1107.37497160218
3749	1104.42317533531
3750	1161.40999547596
3751	1121.8548520607
3752	1164.04049388336
3753	1069.23158660195
3754	1147.07253550342
3755	1201.81729197006
3756	1167.42244421366
3757	1090.91284483909
3758	1159.1566951898
3759	1141.25032728517
3760	1153.23841926958
3761	1139.48648630974
3762	1166.43606150313
3763	1152.10869570105
3764	1159.48812655103
3765	1178.13015419528
3766	1121.45010395311
3767	1210.27998855775
3768	1143.57644978076
3769	1142.15123084036
3770	1131.10896850499
3771	1153.1777491163
3772	1175.90240430204
3773	1110.51431816566
3774	1167.73703315428
3775	1140.22946268753
3776	1188.69676653836
3777	1105.94885034123
3778	1211.94892314126
3779	1105.28949054644
3780	1178.93957584079
3781	1151.73954531891
3782	1128.98999656958
3783	1156.11583637033
3784	1119.52143830318
3785	1210.22482920201
3786	1162.36608685886
3787	1005.48580816711
3788	1180.89534607687
3789	1151.38066555224
3790	1185.74972881871
3791	1147.84831347585
3792	1103.04967318841
3793	1190.26204437144
3794	1110.14111152675
3795	1134.92085767975
3796	1101.62667673079
3797	1190.35797966045
3798	1082.26166605206
3799	1126.47401771386
3800	1120.29536811724
3801	1175.92609261415
3802	1168.11188439088
3803	1092.94525973091
3804	1203.85395853835
3805	1157.63457371245
3806	1189.93247543104
3807	1068.98618648132
3808	1109.7433702451
3809	1141.512900173
3810	1156.61779860432
3811	1071.56390709427
3812	1142.88476504956
3813	1188.43645259143
3814	1118.67420723814
3815	1144.18916824767
3816	1064.86890882361
3817	1117.54351732283
3818	1200.30460853583
3819	1154.23252018714
3820	1142.06834432935
3821	1078.96204371387
3822	1125.19616367155
3823	1151.06361360343
3824	1146.2107496897
3825	1087.6357310723
3826	1110.69265724362
3827	1132.5938564722
3828	1121.34690976386
3829	1121.20143266795
3830	1102.76073032341
3831	1127.02329076939
3832	1137.06135339957
3833	1101.87610796474
3834	1175.38863538486
3835	1137.48824504436
3836	1128.67097158672
3837	1115.21247892994
3838	1145.40702188021
3839	1131.54324287255
3840	1122.4182778215
3841	1128.14667121656
3842	1106.09055673921
3843	1089.49594958211
3844	1108.98642768671
3845	1127.18568997107
3846	1037.36175861019
3847	1118.01495100893
3848	1135.46661321381
3849	1132.36716196588
3850	1179.74977436607
3851	1124.47439822176
3852	1090.79211019892
3853	1171.99463701313
3854	1123.64742699301
3855	1138.54780059732
3856	1128.22734759621
3857	1134.31493145758
3858	1151.73615287846
3859	1076.572500142
3860	1155.85147136495
3861	1090.1156603162
3862	1134.12669313336
3863	1117.98975301134
3864	1128.18758614892
3865	1152.1169149232
3866	1154.54706517252
3867	1082.24032904658
3868	1154.49029082264
3869	1216.17858386936
3870	1138.28652664754
3871	1064.37220855956
3872	1077.39215617401
3873	1110.1802323626
3874	1152.31334729342
3875	1069.55416662976
3876	1146.53634730771
3877	1184.14897552365
3878	1140.59759850798
3879	1081.51202115928
3880	1191.14617213035
3881	1171.44249587569
3882	1156.14747295719
3883	1142.4596517893
3884	1151.17128710623
3885	1129.92892243184
3886	1070.63839414358
3887	1189.17186790791
3888	1130.25439472792
3889	1118.29008429442
3890	1156.52276451581
3891	1205.81461572084
3892	1134.97623040517
3893	1114.80415865469
3894	1199.43436777449
3895	1144.67822159269
3896	1150.90617384829
3897	1128.85872605656
3898	1155.3554097854
3899	1175.89729313396
3900	1184.74018396771
3901	1125.19751749318
3902	1139.48134722105
3903	1117.28289385667
3904	1128.26603649939
3905	1086.00084907155
3906	1126.44071261824
3907	1154.68864351168
3908	1123.52044366904
3909	1165.99361528916
3910	1136.05681246544
3911	1062.25509769581
3912	1136.35427356995
3913	1085.89551282962
3914	1163.35488129341
3915	1115.84858006433
3916	1184.93462797763
3917	1146.01457387739
3918	1133.97222616855
3919	1147.39362424636
3920	1151.66422459833
3921	1078.40649714826
3922	1110.48803601133
3923	1056.32948376931
3924	1150.42448500549
3925	1118.97940604407
3926	1146.93336195079
3927	1127.88762414295
3928	1065.30341180455
3929	1111.1019697616
3930	1133.54503093889
3931	1129.68865607603
3932	1090.14396215955
3933	1161.13882814768
3934	1091.47464529818
3935	1192.77264595142
3936	1187.10875444288
3937	1130.70882703766
3938	1124.2248822075
3939	1135.19468171594
3940	1093.81916896521
3941	1146.98946615552
3942	1085.71496230597
3943	1155.44877870995
3944	1145.49510833488
3945	1112.81159318101
3946	1158.52504420533
3947	1098.42693963061
3948	1107.5272399647
3949	1216.47331262731
3950	1191.25890052637
3951	1110.91523511933
3952	1156.32344885716
3953	1186.79056006001
3954	1143.56641433855
3955	1133.7435590472
3956	1120.21510114051
3957	1280.94572077605
3958	1211.05853424127
3959	1156.58514727072
3960	1114.89296249871
3961	1123.93053833427
3962	1145.42117878325
3963	1128.59547580148
3964	1216.4440367778
3965	1101.78625035566
3966	1113.04771611507
3967	1130.66360736669
3968	1175.10424025774
3969	1146.07968206486
3970	1152.26573962674
3971	1175.83364422934
3972	1121.36078774478
3973	1153.26271555706
3974	1131.89792480785
3975	1162.23997621962
3976	1082.82726622359
3977	1162.05692733586
3978	1196.64577432894
3979	1142.12545549447
3980	1175.11772448918
3981	1153.53741962261
3982	1095.47366441605
3983	1086.72804417997
3984	1141.64923935584
3985	1163.75128659151
3986	1060.55345771582
3987	1130.524453947
3988	1067.92124236109
3989	1117.32397675876
3990	1100.46647221623
3991	1026.03223540029
3992	1096.90872085252
3993	1072.63068314968
3994	1153.24587148022
3995	1115.84361885413
3996	1149.60258020031
3997	1098.98367954874
3998	1089.00050734325
3999	1135.83139199535
4000	1137.25609651008
