"Iteration"	"tau_Intercept"
1	2.36042067963043
2	2.21022217581416
3	2.03594328423773
4	2.27112168703866
5	2.71639239836819
6	2.17117791185451
7	2.41072154505817
8	2.06840914306945
9	2.11969107517111
10	1.92266405529583
11	2.31562735606945
12	1.8991496073466
13	1.6220169615608
14	1.89442887862403
15	1.74439250057269
16	1.66703444782974
17	1.92289276856688
18	1.66934175556179
19	1.83007682688298
20	2.30999393923018
21	1.75357815799679
22	2.25431092177259
23	1.60216804559668
24	2.32975303160047
25	1.81979389167663
26	2.72958292874178
27	2.07273861481712
28	2.27699980535519
29	2.49566682838963
30	2.26198255502795
31	2.21237464173423
32	2.2158892140572
33	2.07880035995769
34	2.25519155490428
35	2.20914876644533
36	2.25474269176528
37	2.30024044231355
38	2.29371458343321
39	2.46359765382378
40	2.11532684633
41	2.241821699123
42	2.12203621147529
43	1.82967704812163
44	1.65219204614672
45	2.51986592664216
46	3.23709510514102
47	2.33195341590077
48	2.19049383216747
49	1.90471464635225
50	1.66521617624921
51	2.28622952732071
52	1.93718404327058
53	1.90619963148892
54	1.91801870988924
55	2.33231269855314
56	1.8160039110046
57	1.69054028134454
58	1.61693174827189
59	1.64860035702935
60	1.83430955821297
61	1.94931059887777
62	2.80734515308404
63	1.92819080155845
64	1.97843663260886
65	2.0158393163591
66	2.29613057001544
67	2.30506751357366
68	2.74673892159871
69	1.98885043817846
70	1.9734547568158
71	1.69125354689226
72	1.78835961628081
73	2.01810199620084
74	2.19162037090246
75	2.29028184899356
76	2.15855987569727
77	1.9535018499848
78	1.91687446352878
79	1.65999737583988
80	2.06458240024785
81	1.78515554465203
82	1.77741101239157
83	2.17297519586484
84	1.82033100282678
85	1.75432945035389
86	2.08162803347632
87	1.92272252548021
88	1.78972361411615
89	1.90079034148272
90	2.14548246337581
91	1.80450095867458
92	2.15440669040686
93	1.82261764634592
94	1.74020860988133
95	1.5393054397688
96	1.66990619746096
97	2.08630335406988
98	1.66996666872455
99	1.95393587841651
100	1.6515731754109
101	2.29299751446574
102	2.73578293957006
103	2.11674060296585
104	1.83160661310285
105	1.61716404819511
106	1.62458484409553
107	2.03943120719206
108	2.04742454277123
109	1.72500260243604
110	2.23699391961275
111	2.09158656603417
112	2.33531099471266
113	1.62369771641029
114	1.68588062535975
115	1.28371968553976
116	1.576042124617
117	1.70137697417625
118	2.1910015312569
119	2.30798037788234
120	2.33433488164288
121	2.27818195217844
122	2.00658308808735
123	1.81075396161904
124	2.04561405854112
125	2.0930287792037
126	1.9699776344541
127	1.81874258611763
128	1.92724340827816
129	1.72178733456752
130	2.22358520014641
131	2.35666703427125
132	1.81359937369591
133	2.32950934446507
134	1.97222552686739
135	1.78490219471604
136	1.96292280743106
137	1.99827532329428
138	2.67294845646466
139	2.72401515454011
140	2.29182847910864
141	1.94747310940843
142	1.63496180216794
143	2.00990033852864
144	1.97710529675936
145	1.82246660707985
146	2.36500103618515
147	2.08470813785143
148	1.69717313870923
149	1.57600153062481
150	1.74738975879167
151	1.55776634352286
152	1.92007103195102
153	1.99846347756002
154	2.04923743028813
155	1.84862120355224
156	1.73198091343604
157	2.08060946699567
158	1.64849749036512
159	1.51955759200586
160	1.92165290893353
161	2.00254104483532
162	1.97283966897616
163	1.71672639069333
164	1.99522645073218
165	1.74109700393064
166	2.33923936220576
167	2.0770580760412
168	2.07625965778544
169	1.88766093286408
170	1.83273532139533
171	1.95916881759518
172	1.9441961778948
173	2.15958423120432
174	2.23650547109701
175	2.10445330609823
176	1.98673824454548
177	1.88257642303191
178	2.01880541772096
179	2.25567876355885
180	2.35171293969132
181	2.16082326644166
182	2.0963446587687
183	1.76397452421459
184	1.93287509466497
185	1.87783938787552
186	1.68226244516402
187	2.23118372707683
188	2.30242242981858
189	2.39604972778586
190	2.36590010832881
191	2.01624296326228
192	2.41857133902732
193	2.32918875802248
194	2.20060888766219
195	2.62352818680602
196	1.93652864084513
197	1.66105271013613
198	1.9934444813297
199	1.97287112685583
200	2.34235192313323
201	2.0023566622486
202	1.74231261820524
203	1.71391759447086
204	2.08931251418944
205	2.05545660677353
206	1.81745357351864
207	2.03835390776702
208	2.10633354857788
209	1.88553790426158
210	2.41008268258755
211	3.00383165199677
212	2.63212510621351
213	1.90650769465934
214	1.66280746557924
215	1.84888574254347
216	1.91900140230474
217	2.13665048986487
218	2.39498325221059
219	2.67631866217759
220	2.20923077390118
221	1.67222851836333
222	1.80065520339769
223	1.85611812750937
224	1.90177884372639
225	1.88719754277942
226	1.77070026251933
227	2.30874931586396
228	2.47770162679943
229	2.37610211569756
230	2.38702438907004
231	1.94659489905998
232	1.77273979167123
233	1.66765035374412
234	2.16486972146403
235	1.96819555641059
236	2.29459966290988
237	2.55333986519651
238	2.59548536997692
239	2.02981259488335
240	1.68291433044811
241	1.5857671687606
242	1.86268751635545
243	1.79678158955768
244	2.4115535380399
245	2.23141604553586
246	2.05103261014994
247	2.03194476820313
248	2.8733532510105
249	1.84644086589799
250	2.08608475093612
251	2.15965770745289
252	2.18652098942879
253	1.94069864355491
254	2.16708121310104
255	2.11374886319968
256	1.97371718084141
257	2.27145328631922
258	2.11725769333275
259	2.36263465250372
260	2.26478418905801
261	2.857160529106
262	2.30606141426164
263	2.48741480744968
264	2.19090790360743
265	1.99706851219779
266	2.14008549047781
267	2.5416764554499
268	1.92884684751552
269	1.65025464719247
270	1.77849876576134
271	1.58451145026461
272	1.71027415470086
273	1.58148507099829
274	2.32700202509716
275	2.22181015245693
276	2.07287764162727
277	2.15350400612227
278	2.04996721648152
279	1.810775899024
280	1.60933202453639
281	1.9015569686341
282	1.60199699564648
283	2.08485458302677
284	1.85458326532723
285	2.07983458932074
286	2.34876812910491
287	2.15065648864151
288	2.08222701374306
289	2.51306135489599
290	2.14452711202669
291	2.05104787145315
292	1.84242633936837
293	1.81831017096253
294	1.95271056312577
295	2.17851793120797
296	2.5838985485674
297	2.13632735989362
298	1.77952609948869
299	1.93297996746694
300	2.01373688061427
301	1.68428214913018
302	1.90846336503548
303	2.14259589439787
304	1.49171411358393
305	1.52487031921336
306	1.58636545160446
307	1.99127666941219
308	1.93621746961798
309	1.94355007867969
310	1.53852890456782
311	1.54897355852654
312	1.58102340477142
313	1.92085463128916
314	1.86308202679787
315	1.55428081955358
316	1.92900536020741
317	2.00053796539562
318	1.43280600736201
319	2.00800836298277
320	2.58064593162572
321	2.03343154956812
322	2.7770702816427
323	1.99379676645562
324	1.95126874707108
325	1.61990463927108
326	1.61530076864876
327	2.02869231109923
328	1.96214514218781
329	1.72703740032932
330	2.15698436269336
331	1.64314793040211
332	1.5843727440861
333	1.68178608970911
334	1.88102819923323
335	1.8760978966582
336	2.20401781927361
337	2.2542804811191
338	2.05128107199721
339	2.13109332174265
340	2.09020913932719
341	2.05408822307624
342	1.70383824410038
343	1.78972173079729
344	1.95815759287133
345	2.22440767618377
346	2.16115939261779
347	2.05229680343255
348	2.19744348472538
349	2.09483100336452
350	1.87425511931117
351	1.6416202510791
352	1.76325376298919
353	1.8425612458054
354	2.04306932664213
355	1.9868569882903
356	1.80596957599738
357	1.99009046668017
358	1.94819037816844
359	2.00302306107869
360	2.55314522866087
361	1.95152353571169
362	1.55978033624191
363	1.7720687329639
364	1.98183911511868
365	2.67907680964266
366	2.76559649322998
367	1.9882355700641
368	1.89981307587177
369	1.84616956583375
370	2.02075586677479
371	2.20555332386252
372	2.29989575865267
373	2.05197828721758
374	1.82684206624608
375	1.94108004015495
376	1.87353105378398
377	1.89475810122909
378	1.8216933073852
379	2.28696740071671
380	2.12953041716559
381	1.63188319085486
382	2.30672277960106
383	2.15359280256704
384	2.32640839561984
385	2.51995322503796
386	2.18359182141589
387	1.94861017373363
388	2.0406479364977
389	2.3952199754101
390	2.95691436538097
391	1.94642907848773
392	1.76824378645234
393	1.81105860996561
394	2.25351407002246
395	2.23407357214656
396	1.76095960420963
397	1.91869736193791
398	2.35999043599355
399	2.02199053043058
400	1.66893133061336
401	2.20912134257603
402	2.46633357376634
403	1.7266194517072
404	1.96098911524215
405	1.44645417903209
406	1.96117474382579
407	1.90798217509019
408	1.87988242028504
409	1.72335324227532
410	2.07375285029718
411	2.09217240709542
412	2.21688848525307
413	1.91282921459429
414	2.01223657784902
415	1.90578291830523
416	2.1550237268959
417	1.69485494543777
418	1.94874540186127
419	2.10800851723365
420	2.39353046349542
421	2.30420351868547
422	1.9971957778689
423	2.07602648668907
424	2.27546680790914
425	1.98422962657438
426	1.5401783080058
427	1.71138936492321
428	1.62819788763948
429	1.61592535404664
430	1.82053785543934
431	2.3123683926584
432	2.40895618544539
433	2.45113437094654
434	1.92770232479511
435	2.10498980546823
436	1.98136189712452
437	1.97634052584903
438	1.55279553631348
439	1.58457162477574
440	1.61432598076424
441	1.50363956160084
442	1.9229111115088
443	1.57236145090016
444	1.75767796246872
445	1.87661549398295
446	1.47272171075171
447	1.61147118645804
448	2.10047172374259
449	2.05062382919531
450	2.05146538210159
451	2.11240025774255
452	2.71108015370404
453	2.25957226442149
454	2.1690514759426
455	1.60563576647185
456	1.74066675021812
457	1.51117813480708
458	1.66915678407648
459	1.61931028419285
460	1.6493908015632
461	1.90679838914977
462	2.05134153406841
463	2.35238860447827
464	1.88471362694965
465	2.38009595410445
466	1.90516818141338
467	2.20196819705217
468	2.04188979733655
469	2.42727054136893
470	1.84425635516853
471	1.81007876430841
472	1.82140611704953
473	2.11813307996785
474	2.17641078791885
475	1.86622425187222
476	2.16956605630227
477	1.70706814879113
478	2.16709039984817
479	2.64533057183851
480	2.07708034832181
481	1.76946847969783
482	1.94935445359662
483	2.11866345285838
484	1.97207247168953
485	1.91222573999905
486	1.66903530088123
487	1.79780833841465
488	1.72946547491048
489	1.64546083717035
490	2.37676545523316
491	2.49620664806149
492	2.77921858975268
493	1.87644989400674
494	2.32574521751661
495	1.68657955117558
496	1.78547470679761
497	1.69142600993574
498	1.91981587992559
499	1.9878776985197
500	2.26533482918243
501	1.80472621859919
502	1.8680288336472
503	2.04697856347223
504	1.91460512220412
505	1.96461065447913
506	2.40102745050936
507	2.37727011605026
508	2.0656016975772
509	2.67910884473859
510	2.05614818858202
511	2.69651660732879
512	2.65870127143607
513	2.86247153515657
514	1.91930077726289
515	1.91390705691031
516	2.17702902124931
517	2.05224512613879
518	2.23736286606606
519	2.09909767710651
520	2.09630551105136
521	2.29548045745697
522	1.99613436166951
523	2.36488590223992
524	2.26008332759332
525	2.39520860194602
526	2.28304077538443
527	1.58209035514236
528	1.84142691038611
529	1.9125951025039
530	1.99147240152115
531	1.93627215385285
532	2.53463060051468
533	1.67765470541847
534	2.39568889577008
535	2.10632863129735
536	2.4977626880196
537	2.21723128090429
538	1.93611860790185
539	1.82550571612171
540	1.9402976047842
541	2.39837316627596
542	2.27211585159052
543	2.23737195220444
544	2.35196271796171
545	1.86692647586767
546	2.16538578572873
547	2.04204967424544
548	1.90231039273924
549	1.93559635274382
550	2.03946244615311
551	1.78814326621522
552	1.77054995459138
553	1.76419759871639
554	1.98840508538193
555	2.4894009424271
556	2.00783679717369
557	2.44176985548866
558	2.19540024921625
559	2.11866723232308
560	2.49051184598148
561	2.24346882786742
562	1.83635536056172
563	1.78640818192965
564	1.96267844062044
565	2.38786949490537
566	2.05839850087603
567	1.77668040387805
568	2.18805333946116
569	1.94036460660272
570	1.88935265035173
571	2.08776610165299
572	1.56507636539743
573	1.56163629047561
574	1.59352043103999
575	1.53418974246734
576	2.0651460303255
577	1.89979101874115
578	2.16525660123632
579	1.74919709065552
580	2.48406727670056
581	2.48396774543437
582	1.98473934816183
583	1.83347995105066
584	2.36040127376027
585	2.40419799523479
586	1.96395438433462
587	1.90852446494892
588	1.81801602063159
589	1.64127760530763
590	1.84984521749632
591	2.1278448598409
592	2.11673287166682
593	1.69025815961898
594	1.61625158552835
595	1.8153112339427
596	1.82249231409792
597	1.65815620138897
598	1.9639429234146
599	1.82490696920547
600	1.81099209280359
601	1.65618061934573
602	1.8609399878853
603	1.60731947474813
604	2.05521032438011
605	2.60581389499089
606	2.4103463300086
607	2.09516456884423
608	2.0564119441053
609	1.9064221154517
610	2.17122305015142
611	1.91117187014771
612	2.76847130656131
613	2.26947399719616
614	2.07033335639161
615	1.71851485003812
616	1.96074051611621
617	1.61122654659914
618	2.15720766357593
619	2.18008271183791
620	2.36392607127101
621	2.21138648252558
622	2.32585273689467
623	1.94892186695168
624	2.01668126196699
625	2.29219292981085
626	2.03798698535942
627	2.12707108518779
628	1.93090147085185
629	2.02726668945028
630	2.36854034754124
631	2.4257165456589
632	2.74015960802954
633	2.82432646948443
634	2.13282847667615
635	2.03488966126197
636	1.89779106641187
637	2.10112311389437
638	2.21138312600192
639	2.38778813006026
640	2.5708691461851
641	1.70130283024524
642	1.90244595790654
643	1.71044643415876
644	1.91339446879745
645	1.76568202162534
646	2.16747190170406
647	2.28333751445283
648	2.1969941399659
649	1.83567361728862
650	1.73625373450066
651	1.49306407023729
652	1.5685892346055
653	1.74494582869015
654	2.69381120667919
655	2.06797091359685
656	1.9197679841662
657	2.20685932526624
658	2.05418970399313
659	1.89241226489268
660	2.04207453431599
661	2.14349497695367
662	2.23760344788154
663	2.2377803416025
664	2.0814124648359
665	1.96495321924702
666	1.65215483250058
667	1.88185634437171
668	1.54275117909973
669	2.12129544846398
670	1.94020530036145
671	2.2300652489986
672	2.0002408342356
673	1.7452726704142
674	1.63455993504491
675	1.82046859652095
676	1.63681957375635
677	1.85289806747125
678	1.72390950959179
679	1.85912393404283
680	1.89040853343509
681	2.61751765962897
682	2.10391136017904
683	2.42983790993316
684	2.26493189753601
685	2.32409984604377
686	2.4975976490265
687	2.17486002823474
688	2.02302029531375
689	2.3109740871606
690	2.04099339601939
691	2.13469754758738
692	2.54028423422112
693	2.06635685102293
694	2.31791982383422
695	2.02629010075065
696	2.3335216555471
697	2.3371887974737
698	3.22533331240171
699	3.06739682089335
700	2.40698034773116
701	2.01490996028354
702	2.52749879461891
703	2.51077935355139
704	2.12336028948644
705	1.84967958486589
706	1.84731994633063
707	2.86179526566972
708	2.29762462613938
709	1.89098322066839
710	1.89108040416352
711	2.13424514699733
712	2.09850918240502
713	1.88543830097603
714	2.22470876041893
715	2.46212996675371
716	2.2638506328821
717	2.32876101269607
718	2.34417801000907
719	2.0338557260168
720	2.31393577110712
721	2.04822142463913
722	2.10665315593242
723	2.27994773938609
724	2.59778727479311
725	2.01177851371871
726	1.87714980409371
727	1.55541429595712
728	2.15485518633979
729	1.87910610793946
730	2.14132655253498
731	1.97025751073103
732	1.94683043487455
733	1.97838074218517
734	1.93096744613423
735	1.91351086242169
736	2.14878049797207
737	1.66674513192654
738	2.02673326759504
739	1.8211567969503
740	2.11098987130907
741	2.01077686380501
742	2.43516203912194
743	1.86243579919244
744	1.86281427341058
745	2.06498963176228
746	1.78166129928231
747	2.16247140421797
748	2.3717457851365
749	2.00201907819385
750	2.03033324745621
751	2.26667301606715
752	2.28974072692578
753	2.22664126901804
754	2.15842202580163
755	2.08657251119464
756	2.13512011521783
757	1.93170953954078
758	2.20702301695294
759	1.69691774936459
760	2.03499229021202
761	1.86649616722915
762	1.71698646075615
763	1.75330285888551
764	1.98140269012382
765	2.12662982388186
766	1.73183744137496
767	1.80611122840743
768	2.08234808664204
769	2.00434715517622
770	2.58676526103415
771	2.6394778438596
772	2.78491767577305
773	2.41214731873067
774	2.47966796197314
775	2.11873409731103
776	2.26668989758077
777	2.62227321909486
778	2.16110955117143
779	2.32226161402271
780	2.27751818220323
781	1.9553944067998
782	2.27722286471844
783	2.35784669811779
784	2.35143832879548
785	2.01220656211122
786	1.72873627662512
787	1.64028032019215
788	2.07494322418593
789	1.73327452558421
790	2.33661924391685
791	2.00099490104878
792	2.06407405974625
793	2.40437339019457
794	1.94658393385908
795	1.83759701056861
796	1.97031911452389
797	2.04872019141629
798	1.49349049390732
799	1.95802585196045
800	1.92436270013611
801	1.80236828671565
802	2.11324979599195
803	2.01294036737808
804	2.58303367772671
805	2.19123393330472
806	2.3202211432562
807	1.91883319563431
808	1.95495587224755
809	2.30235147394324
810	2.19830279568298
811	1.55357058754558
812	1.75223335258039
813	1.76617889978786
814	1.75677919708682
815	1.82942394060136
816	2.21891289547101
817	2.44618888998627
818	2.33700872747642
819	1.76965030016026
820	1.93969221505179
821	2.06873967478491
822	1.90401780953898
823	2.05479157233071
824	1.80644310420345
825	2.05795074261937
826	1.99553432407474
827	1.80528256355351
828	1.60936777029399
829	1.79788136938503
830	1.9316391430075
831	2.02016005513387
832	1.97875457071882
833	2.06662469653471
834	1.93766992806133
835	1.73219384151142
836	2.20042168448647
837	2.31099756679625
838	2.01669920713946
839	2.00472345982797
840	1.66577716322821
841	2.38797457146083
842	2.84915849679021
843	2.74406757309992
844	3.19542813924089
845	3.04242964064281
846	2.98537895253394
847	2.74227139365799
848	2.09210772255344
849	2.17030062525257
850	1.88126678132135
851	1.72851531624793
852	1.81111791067243
853	1.58065273028408
854	2.39845171615272
855	2.59697282051632
856	2.21332123946343
857	1.7721315152156
858	1.87274898475015
859	1.86189185280772
860	1.71291638054693
861	2.0571950226807
862	1.82918217326572
863	1.9277962372794
864	1.71055575529663
865	2.29640861291662
866	1.81855552722939
867	1.90585450885104
868	1.42873081936564
869	1.93627758737925
870	2.14822267052151
871	1.78440151543832
872	2.0681142163598
873	1.70065910403255
874	2.02520128639521
875	1.84625635340828
876	1.86557160977584
877	1.9111729793522
878	1.84482936472561
879	1.95023779665356
880	1.63417753699423
881	1.68077772141419
882	1.81618597657427
883	1.7879342194223
884	1.91496407721015
885	1.83303311888904
886	1.85835524282363
887	2.16640206450583
888	2.37790899576011
889	2.12347973398625
890	1.97070555301177
891	2.25247090150178
892	2.50620318536729
893	2.22229885032085
894	2.25065183545276
895	2.04973355763377
896	2.28071760678462
897	2.27722787249657
898	2.149557102825
899	2.15498885296269
900	1.78021873172216
901	2.17170476696809
902	2.08704627355329
903	1.94123336606849
904	1.82152046784585
905	2.33972905161681
906	1.97065946504926
907	1.46998466637936
908	1.79207046849301
909	1.66413296921174
910	2.05613787037289
911	2.29936130317347
912	1.90118520076217
913	2.08773982655264
914	1.33830125646682
915	1.93246465818846
916	2.04794828276564
917	2.0618857618387
918	2.27684738779887
919	2.77269156144741
920	2.56116379626694
921	2.15690321251512
922	2.05315417011391
923	2.13483543110384
924	1.800187465384
925	1.92066847295044
926	1.80863321060733
927	2.07188556405039
928	1.9451587034719
929	1.91241676976936
930	1.6265393726303
931	1.67061519538485
932	1.84414174897829
933	2.33572130907423
934	2.31173180625786
935	1.97046305106965
936	1.91947078094317
937	1.7680399645062
938	1.90306782645618
939	2.01558562285541
940	2.01181586458789
941	1.61597122701121
942	2.51373959855814
943	2.214647930536
944	1.66685221340123
945	1.46015511652405
946	1.72292034902895
947	1.93227544154111
948	2.23516611355761
949	1.99326281108933
950	1.53405757171475
951	1.91664770277951
952	1.71021294358868
953	1.8087220997523
954	1.73984958875417
955	1.96014657379175
956	2.50741619746257
957	2.43666483257753
958	1.97412374494511
959	2.32382692025545
960	2.39947978164867
961	2.10276742292791
962	2.20707201263851
963	2.06816891749307
964	1.93636127295208
965	1.84869924526983
966	1.96080904056968
967	2.49540210310241
968	1.89500591054423
969	1.97794051127768
970	2.13280700713108
971	2.04515817020186
972	1.75610367664766
973	1.80592609958371
974	1.73722479275449
975	2.1229995452192
976	1.76700802422832
977	1.72089409841534
978	2.39059941041071
979	1.96101998362571
980	2.19964049622707
981	1.88483611103579
982	2.31580116458171
983	2.09603619802858
984	1.99472038636531
985	2.23593107893805
986	2.11424451173785
987	1.83561289711824
988	2.27946697352165
989	2.1800560779364
990	2.69881260931146
991	2.32606426471232
992	2.40885226060377
993	2.28043842574154
994	2.00529530901953
995	1.98229585287294
996	2.29748897527482
997	1.74050362937967
998	1.7866678180215
999	1.68416496762609
1000	2.02574941550365
1001	1.69706340690803
1002	2.16429598720791
1003	1.81607699844236
1004	2.4208046864619
1005	1.94162205750801
1006	2.06258120221271
1007	1.94320095202337
1008	1.82684215546781
1009	1.45168846371691
1010	1.76856141257285
1011	2.19865962766279
1012	1.995303699903
1013	2.1273529191576
1014	2.16288222112016
1015	1.83534965180624
1016	1.92023766319774
1017	1.78140781334865
1018	2.60148809008625
1019	1.9971923029063
1020	1.88700299581706
1021	2.61568087028651
1022	1.8879968351201
1023	1.78834382738535
1024	1.89139757628888
1025	1.89246632462923
1026	1.80403395682063
1027	2.30839493847162
1028	2.03129513363651
1029	2.07593416816979
1030	2.10006965729728
1031	2.02584513227713
1032	1.83595001364623
1033	1.66572455270091
1034	2.5000472105372
1035	2.00780746635072
1036	1.86866460915058
1037	2.32383566050871
1038	2.39166899064034
1039	1.95650906904646
1040	2.02237711742782
1041	1.82235336622723
1042	1.69573858518028
1043	1.65876435199629
1044	1.67131958113418
1045	2.03602859002492
1046	1.88983618216289
1047	1.89934122319518
1048	1.6249910959253
1049	1.86283893312225
1050	1.89620062763157
1051	1.63521448430589
1052	1.60843323891554
1053	1.50634595850605
1054	1.4861305087859
1055	1.73658401154331
1056	1.93833243109759
1057	1.86586818377478
1058	2.25499717519677
1059	2.34589820049413
1060	2.07483939482692
1061	1.96253865423586
1062	2.02921627484799
1063	1.9630341656704
1064	1.72894029285371
1065	1.85744530106932
1066	2.05046024450545
1067	2.10058236803394
1068	1.70404560930407
1069	2.07669376905725
1070	2.13455512187412
1071	2.48848747986218
1072	2.30829957598415
1073	2.18599728477234
1074	2.24537776944241
1075	1.89846764324978
1076	2.14332798727261
1077	1.8726443842797
1078	1.88136761546231
1079	1.77366737635551
1080	2.02737338014055
1081	2.08854859613168
1082	2.55999289565482
1083	2.64897287159203
1084	2.11622142383537
1085	1.8756811233638
1086	1.95132754144048
1087	1.68120368777562
1088	1.65200130641932
1089	1.91882766537843
1090	2.12472577210151
1091	1.49558268124036
1092	1.74933297219289
1093	1.85694235991011
1094	1.60965168064828
1095	2.51554664971766
1096	1.82098636039754
1097	1.80535557787432
1098	1.87782971624693
1099	2.11145157110404
1100	2.53662602408329
1101	2.29592000943817
1102	1.84670787359291
1103	2.00484045734183
1104	2.17666784950432
1105	2.05170390337439
1106	1.84624795452155
1107	1.75341190154011
1108	1.54412036060467
1109	2.09665931561681
1110	1.85794272498854
1111	2.29404253676991
1112	2.42953616190882
1113	1.69260350510749
1114	1.62792119123307
1115	1.97866414602458
1116	1.95844749933606
1117	2.21925118514082
1118	1.62189932984489
1119	1.51031991878887
1120	2.01924772050676
1121	2.24152474076717
1122	2.28045307090587
1123	1.60301566816977
1124	1.67184377833774
1125	1.71557587960414
1126	1.88000392526896
1127	1.65261066906166
1128	1.83037220724762
1129	2.17717970419284
1130	2.77913862342143
1131	2.41944595186752
1132	2.27574989219387
1133	2.00336323647422
1134	1.97649999098928
1135	2.05250097818981
1136	1.86294896873684
1137	1.72028094547367
1138	1.81689166719726
1139	1.74437085365526
1140	2.22247390945875
1141	1.78502852083363
1142	1.92265545338717
1143	2.00182383194138
1144	1.66753051720306
1145	1.65575082643798
1146	1.84941683218324
1147	1.90342899114198
1148	1.757738802834
1149	2.39101897234001
1150	1.86082552386709
1151	1.92840352193753
1152	2.08261355074612
1153	2.08809348711532
1154	2.26547335669725
1155	2.20188810923011
1156	2.23681295854965
1157	1.84403547183445
1158	2.06350801347737
1159	1.93763467961093
1160	2.14722121469421
1161	1.92519362285323
1162	2.13806110054827
1163	1.73569643159453
1164	1.88107910589103
1165	1.96431716914859
1166	1.86792432043413
1167	2.69398121509223
1168	2.57942403447168
1169	2.09818542838393
1170	2.19577350796805
1171	2.259464238335
1172	2.12639341817735
1173	1.79391632832003
1174	2.37607271275623
1175	2.39748139660321
1176	2.02906040843295
1177	1.70798712240432
1178	2.08029563668681
1179	1.69532633025697
1180	2.29747868998987
1181	2.04092516229983
1182	2.20310631857043
1183	2.14003552281457
1184	2.5671843346017
1185	2.16571627404524
1186	1.85588500969431
1187	1.81997793095819
1188	2.16170513075827
1189	2.2507910764678
1190	1.93256452790522
1191	1.71028854131392
1192	2.1581313000083
1193	1.88856958693014
1194	2.11142242946346
1195	2.0208484407152
1196	2.07798055190508
1197	1.66929667745372
1198	1.92451363707504
1199	2.17774550761835
1200	2.04033361305618
1201	2.44308854874419
1202	2.11049176602144
1203	2.2585424953096
1204	2.32884969296262
1205	2.23647959581398
1206	2.49096903142028
1207	2.51143096009468
1208	1.85762933708478
1209	2.3083784173759
1210	1.84838800738229
1211	1.93200067446936
1212	1.99187353388455
1213	1.71512657892382
1214	2.05610105108639
1215	1.9131250328129
1216	2.11502050575317
1217	2.3843607468567
1218	2.02336341397117
1219	2.11349452895346
1220	2.40035675499886
1221	2.44255835428339
1222	1.82967462201183
1223	1.4343848311702
1224	1.85825207298815
1225	2.15990088503059
1226	1.79928749418988
1227	1.73629454666038
1228	2.43547425260118
1229	2.29516861465857
1230	1.8589337072813
1231	2.12713538224254
1232	1.58968566179448
1233	1.97074498766887
1234	1.77688923499852
1235	2.0512559480423
1236	1.89419928293181
1237	1.74598232825805
1238	1.40524869255244
1239	1.72397866253586
1240	2.29421832804891
1241	1.98648560727745
1242	1.85018302366194
1243	1.82890648007436
1244	1.89625750708984
1245	1.52233117516863
1246	1.85971675128749
1247	2.11538527846022
1248	1.87319953851906
1249	1.91719018438367
1250	1.83053182061364
1251	1.90882825200633
1252	1.78713171047778
1253	1.87011626165657
1254	1.77220873412463
1255	1.50756755049994
1256	1.78882016409928
1257	2.28513268684594
1258	2.09948174491041
1259	2.24810973494618
1260	2.35802329766793
1261	2.00645884365689
1262	1.6217118521416
1263	1.61001605499469
1264	1.71159188230997
1265	1.60526971027406
1266	2.27718865366608
1267	2.33232685196749
1268	2.05610864221427
1269	2.11790641135729
1270	2.67521314813664
1271	2.51273447567059
1272	2.14122600098383
1273	2.2317388122522
1274	1.97344345237245
1275	2.44993591112298
1276	1.87118926357511
1277	1.57548347208455
1278	2.19533579645864
1279	1.85233303862547
1280	1.79941568699607
1281	2.10891515571085
1282	1.92316785165702
1283	1.56573948092721
1284	1.81285385747964
1285	1.9735525766002
1286	1.97419946192138
1287	1.93272912042834
1288	1.90875622972438
1289	2.34481041132247
1290	2.06119137698533
1291	1.64259630952265
1292	1.90605093396424
1293	1.81816092658182
1294	1.77226316157628
1295	1.57866617210114
1296	1.78467451512863
1297	1.89421388594659
1298	1.72480084084762
1299	2.27244562126086
1300	2.0220830718179
1301	2.0617497828173
1302	1.722075264048
1303	1.76606215003072
1304	1.97848511539436
1305	1.6840130914965
1306	2.09234583482664
1307	2.23348126361796
1308	1.81934585710648
1309	2.28051355210106
1310	2.09844698199196
1311	1.97267474719247
1312	1.70943317914542
1313	1.74896201565996
1314	1.91237455735528
1315	1.82340201262989
1316	1.57670543038102
1317	1.73683591069559
1318	1.89983770774933
1319	2.63826606737234
1320	2.57156489558487
1321	1.79399982297745
1322	1.75108872008033
1323	2.02879779288838
1324	1.99627665084373
1325	1.72508648891781
1326	1.82159210488137
1327	2.14727255026525
1328	1.98484975684703
1329	1.90860930059681
1330	2.62586798647167
1331	2.36420138688758
1332	1.74964201088119
1333	1.95568223961473
1334	2.09828672416027
1335	2.34168762992047
1336	2.2533964931416
1337	2.02429032418097
1338	2.82844827842212
1339	2.02370918101415
1340	1.8322681897002
1341	1.79743619738405
1342	2.04315652478454
1343	1.76436483143771
1344	1.96601861719385
1345	2.04358863558949
1346	2.35521663991631
1347	2.29940583736879
1348	2.33720216800537
1349	1.88271073382819
1350	1.63817783881135
1351	1.94632598878306
1352	1.78239100168521
1353	1.81038612424608
1354	1.54611053446774
1355	1.69607257663943
1356	2.08991106583046
1357	1.88957197281547
1358	2.46208023511354
1359	2.33511369920536
1360	2.12407914638187
1361	1.73987924679296
1362	2.37105948735015
1363	1.88543682555332
1364	2.1233425702267
1365	1.97763958353499
1366	1.83171926759674
1367	1.90135294877771
1368	2.07687036858122
1369	2.31500723876914
1370	1.85901116566836
1371	2.00039938645444
1372	1.93855547707385
1373	2.06247612943696
1374	1.987529990433
1375	1.84295111771477
1376	2.1639352438062
1377	2.054085383532
1378	2.52788443166864
1379	2.15743835371144
1380	2.03063001602238
1381	1.63019043296148
1382	2.06876039184667
1383	2.02260629534886
1384	1.97670364349548
1385	1.70261362720329
1386	1.93526004344728
1387	2.09796003970926
1388	2.16621263210987
1389	2.05275316472713
1390	2.25261436079296
1391	1.72822574550345
1392	1.86892561436923
1393	2.11039815588935
1394	1.82894365064347
1395	1.79017104443745
1396	1.74902583076216
1397	1.70312093148222
1398	1.51484904319275
1399	1.747748888851
1400	1.717836349919
1401	1.95783129322451
1402	2.08669729636257
1403	1.76023060998339
1404	2.10662508401101
1405	1.90543366388179
1406	1.90230868993514
1407	1.96483183341209
1408	1.87032693874496
1409	1.71402787967082
1410	1.96152507730478
1411	2.34868745646417
1412	2.09479550405309
1413	1.77550981317132
1414	1.76448073101103
1415	2.22708068574249
1416	2.12706193805697
1417	2.44085722326855
1418	2.2794453378506
1419	2.3998311930474
1420	1.78219359342445
1421	2.07826326360848
1422	2.13136083060432
1423	2.4040309638502
1424	2.12862236713587
1425	2.26476556147209
1426	2.3424135438468
1427	1.74102995563368
1428	1.98375263650494
1429	2.07555949271551
1430	2.10259991918345
1431	1.81516750739449
1432	1.85568756997735
1433	1.98238421921281
1434	1.84293005337527
1435	1.75444771590496
1436	1.93730241877924
1437	2.17071408572608
1438	1.85186726548309
1439	1.85174775370398
1440	1.86837434752963
1441	2.05396368781037
1442	2.49090222987496
1443	2.26290145453725
1444	2.47543752806561
1445	2.10703136107683
1446	2.83838674727309
1447	2.54357271450009
1448	2.0445243851473
1449	1.63834243809972
1450	1.61522438875999
1451	1.76064267926666
1452	1.48404198911749
1453	1.94840317554391
1454	1.52178642148441
1455	1.56207449372269
1456	1.96328663530408
1457	2.1684353276152
1458	2.03414351029908
1459	1.77067055413748
1460	2.32247140237199
1461	1.6810095471124
1462	1.80898723580721
1463	1.83111029766133
1464	2.45179908967436
1465	2.34659958571044
1466	2.02382833368303
1467	2.06332738419724
1468	1.92248394926969
1469	1.69254142114954
1470	2.04754971755907
1471	1.9002983366624
1472	1.87279693280541
1473	1.48480117245572
1474	1.77877627281191
1475	1.94416812968094
1476	2.06178105949713
1477	1.69650391190842
1478	1.64038540651853
1479	1.63720006039242
1480	1.71742726534941
1481	1.90369521188553
1482	1.57120632008784
1483	1.92071635593895
1484	2.20526873247786
1485	1.77094874827015
1486	1.87721824224977
1487	1.95669179602181
1488	2.09010363840033
1489	1.80355853426773
1490	1.88185429206268
1491	2.15284301305307
1492	1.79889878804007
1493	1.80517342210037
1494	2.17411490277481
1495	1.97660370918308
1496	2.14121428244976
1497	1.85873414551888
1498	1.96933687554153
1499	1.90596178076465
1500	1.70460951537884
1501	1.55099512095989
1502	2.05936400846924
1503	1.68054477821009
1504	1.66549163773192
1505	2.08054823019002
1506	2.54053368273987
1507	2.48414282709628
1508	1.88540079425404
1509	1.88166190845822
1510	2.23955837121547
1511	1.53569700249653
1512	1.8386153802018
1513	1.96806099473744
1514	1.83699215141486
1515	1.9896120610398
1516	2.13119580456164
1517	2.27776308400537
1518	2.37171844465087
1519	1.82911872533292
1520	1.66586556844696
1521	2.14628508172826
1522	1.95892872359582
1523	1.94990898400194
1524	1.76969614502558
1525	1.57886073698433
1526	1.7206552379036
1527	1.84665715269403
1528	1.60564620886306
1529	1.85943969255715
1530	2.24931830290787
1531	2.50352441806939
1532	2.11483912016025
1533	2.13416085455728
1534	1.89210834081294
1535	1.96853379592895
1536	2.35041182010871
1537	1.74775005449275
1538	2.05130785055075
1539	2.16260265317514
1540	1.81841169058167
1541	2.0624745734602
1542	1.66401309340678
1543	1.85327384246418
1544	2.03187773596379
1545	1.72053593064444
1546	1.68256576173416
1547	2.1605136851619
1548	2.07646389759977
1549	2.07983686295104
1550	1.75531354349298
1551	2.26258169955289
1552	2.07497360213737
1553	2.38074301593611
1554	2.07323021553981
1555	2.24317175437114
1556	1.78896653447775
1557	2.02463066371939
1558	2.6987597822906
1559	2.06092631076895
1560	2.33997289695438
1561	2.20638749471384
1562	2.75301063019965
1563	2.43572534828967
1564	2.47793878410014
1565	2.41903880946556
1566	2.70360874895159
1567	2.41305717417036
1568	1.69694697510557
1569	1.54038961548316
1570	1.86244033297165
1571	1.93386537200668
1572	1.61309606775676
1573	1.41679376875725
1574	2.33010154945457
1575	2.01221778130806
1576	1.66446380501858
1577	1.89747385402076
1578	2.0421944588342
1579	1.70049020240724
1580	1.64352562684221
1581	2.33435517711681
1582	2.48519325282475
1583	2.32135282727989
1584	1.83044681201344
1585	1.7124999604428
1586	2.1133099753743
1587	1.74321714457674
1588	2.02705948796593
1589	2.05645124217512
1590	1.70930401578616
1591	1.8444133689047
1592	1.93011766736421
1593	2.18388032863282
1594	2.17724988089513
1595	1.64378698724936
1596	2.01063320180513
1597	1.80203818953842
1598	1.95270416550479
1599	1.85017195475624
1600	2.386985641815
1601	2.46286661605103
1602	1.88075223328102
1603	1.87596646726766
1604	2.50441003947027
1605	1.98635498253144
1606	1.82316732960819
1607	2.37224901666988
1608	2.13980014930797
1609	1.7316012135218
1610	1.50467873491176
1611	1.74982345808178
1612	1.66555948036406
1613	1.69483246028504
1614	1.43733660094551
1615	1.49281080607687
1616	1.62522561948585
1617	1.54098225303863
1618	1.54237342544655
1619	1.78034994773185
1620	1.83406075073951
1621	1.91687378137745
1622	2.14932803282195
1623	1.73076643476973
1624	2.13983554806356
1625	1.8849660382048
1626	2.15102062321608
1627	2.34589624290274
1628	1.88770244429221
1629	1.70538365380517
1630	1.59235651013036
1631	1.79473755880543
1632	2.54089741391646
1633	2.34270795798685
1634	2.12848332101371
1635	2.25626845601699
1636	1.96513388782339
1637	1.71221030867168
1638	2.24878948615953
1639	2.14175974289549
1640	1.78126614796555
1641	1.94712672849874
1642	2.14960691033796
1643	1.92636559151519
1644	2.17703878131241
1645	1.90078427625706
1646	2.13641333630355
1647	2.08981705843534
1648	1.96572058884491
1649	2.06049893242159
1650	1.76085376247321
1651	1.67406747192231
1652	1.96176589749541
1653	2.04452148487924
1654	1.9373562006039
1655	1.7763422346116
1656	2.12683887882339
1657	2.04856527497948
1658	2.18846637625169
1659	2.09887023377809
1660	1.73343246101932
1661	1.94375862413135
1662	1.67716961746243
1663	2.01066505457189
1664	1.89438063031962
1665	1.98174123228682
1666	1.96238042532669
1667	1.73485576662337
1668	1.46725340907051
1669	1.8250000271808
1670	2.21621513290041
1671	2.1526424761056
1672	1.88358216254961
1673	2.08159030122539
1674	2.10870186035181
1675	1.60653872070936
1676	1.82722476612997
1677	1.67134621551504
1678	1.85142444042101
1679	2.25145803460406
1680	1.98650404757267
1681	1.65914188598111
1682	2.09174034241873
1683	2.35038675077574
1684	1.81843701896572
1685	2.27223187123
1686	2.23582228970369
1687	1.77721823052165
1688	1.55999241146768
1689	2.24398610761252
1690	1.9890125987197
1691	1.85118781931473
1692	1.53978660452469
1693	1.75408401048239
1694	1.803239742534
1695	2.05235718894489
1696	1.8197190395838
1697	2.07147850727127
1698	1.93283620644432
1699	1.92390317387159
1700	2.01013144734438
1701	1.76865626948121
1702	1.57567933887122
1703	1.97731275081467
1704	1.57171140857077
1705	1.79601479576455
1706	2.64937497068378
1707	2.08699038112111
1708	2.02782115649269
1709	1.75240549048738
1710	1.9533160268793
1711	2.01667949912424
1712	2.03221726161842
1713	2.43968867984815
1714	2.110660812222
1715	2.16398837003464
1716	2.16291968297682
1717	2.14328465807347
1718	2.22444753916232
1719	2.05836286699396
1720	1.73377944040391
1721	1.70571819517713
1722	2.22852971756386
1723	3.21009113368832
1724	2.31957545076256
1725	2.30642456724742
1726	2.32322953403448
1727	2.296588154418
1728	1.78081481577814
1729	2.1627761106897
1730	2.26325975240079
1731	1.91323374464573
1732	2.47199856756309
1733	2.35249209106809
1734	1.99632942471421
1735	1.58656271039448
1736	1.60153555211966
1737	2.12215632701264
1738	1.94754728242676
1739	2.66620125886722
1740	1.99956886061878
1741	1.72256830521628
1742	1.81736296095325
1743	1.74645590088885
1744	1.9593784628128
1745	1.83980320289871
1746	2.21563109063922
1747	1.9820843452149
1748	2.3876300569835
1749	1.6334027468185
1750	1.9135544129651
1751	2.09594941401225
1752	1.96640727622025
1753	2.1172170928424
1754	1.74787241514852
1755	1.87191353842727
1756	1.72354100581183
1757	2.18844985142633
1758	1.87958299548717
1759	1.75847169898452
1760	1.56434044918206
1761	1.9600848591841
1762	1.91476323342439
1763	1.9918539937582
1764	1.9808936454415
1765	2.91213234554062
1766	2.3552976685344
1767	1.96216541888509
1768	2.03703028462726
1769	2.58584257640677
1770	2.20700229636813
1771	1.96863732722562
1772	2.10378660828327
1773	2.32137395936023
1774	1.96905658233346
1775	1.7122535206866
1776	1.73708944056797
1777	1.788159797613
1778	1.89883940656649
1779	1.73774349719581
1780	1.73036317101206
1781	1.87212365801535
1782	2.00427192640884
1783	1.90335158046775
1784	2.06014069574898
1785	2.28126540191903
1786	2.35790505457098
1787	2.28244853662954
1788	2.06077846040525
1789	2.27972256172278
1790	2.34826619456561
1791	2.24635875593136
1792	2.50741331932539
1793	1.78929151403529
1794	1.93383365252697
1795	1.99621717744615
1796	2.30711604530662
1797	2.37294430636211
1798	2.10187123385881
1799	2.40451758405177
1800	2.28530622987802
1801	2.2090738876437
1802	1.92232542923307
1803	1.71727628967695
1804	1.79744329684727
1805	1.55442124352548
1806	2.30718709904793
1807	2.02772055551406
1808	1.85812239614569
1809	2.16531223397352
1810	1.9937621067481
1811	2.02359341719915
1812	2.03782279989392
1813	1.42325318669816
1814	2.07413667123929
1815	2.04086234740696
1816	2.31788997821939
1817	1.90134922188294
1818	1.66092833044715
1819	1.79335505662404
1820	1.7132517877252
1821	1.66034526259025
1822	2.09710061655305
1823	1.96641882278746
1824	1.89953206573172
1825	2.08368068195188
1826	1.64413136789223
1827	1.83041919315122
1828	2.1695882468622
1829	1.68405284740051
1830	2.04187126026272
1831	1.97730345289116
1832	2.03383977455245
1833	2.09083861434734
1834	2.02544566698952
1835	1.91152653260464
1836	1.94817386262017
1837	1.63912449417535
1838	1.8770152411477
1839	2.06329645597083
1840	1.97807192834877
1841	1.77450129783
1842	2.11701594923027
1843	2.30326079413398
1844	2.06006603208253
1845	1.88073581373859
1846	1.92275551562188
1847	2.32623992799604
1848	1.95823969731206
1849	2.17667766717893
1850	2.07562758279062
1851	2.14592012351238
1852	1.68802679234402
1853	2.23759772219597
1854	2.21631044874194
1855	2.17130378347733
1856	2.31585979014632
1857	1.87229108706081
1858	1.81802091709731
1859	1.90422276742726
1860	2.24614663626917
1861	1.74918467794769
1862	2.26527048516818
1863	2.53236262589425
1864	2.18954559456296
1865	1.972847094
1866	2.18348909446551
1867	2.49848060037026
1868	2.67115767280452
1869	2.09323007395398
1870	1.96857556347405
1871	2.32354461689483
1872	2.06630923729678
1873	1.67923083468087
1874	1.8345522742309
1875	2.0088030336024
1876	2.46435029709605
1877	2.10683635111573
1878	1.79530521918284
1879	2.03293883586431
1880	2.12911980180871
1881	1.91294218107354
1882	2.10260530156332
1883	2.52300075048163
1884	1.72850156485301
1885	2.1779444747338
1886	2.45104360615364
1887	2.22905197529529
1888	2.33107728821491
1889	2.05448676116087
1890	2.1679206882113
1891	2.45477562755487
1892	1.83562522210152
1893	1.71468758523959
1894	2.13713789616128
1895	1.5923647149378
1896	1.70899227195573
1897	2.39079447519344
1898	2.48521408908654
1899	2.09377418445805
1900	1.8463575277026
1901	2.25152542556231
1902	2.15585421461043
1903	2.21000434868673
1904	1.9667761811199
1905	2.04477582891199
1906	2.25763364953127
1907	2.1800017559536
1908	2.00048275473008
1909	2.64051429394519
1910	2.21404672028513
1911	1.92165623724924
1912	2.16228511764885
1913	1.91976410318241
1914	1.72783962816931
1915	1.68847241066134
1916	1.92403727070327
1917	1.58471417369539
1918	1.6327132360694
1919	2.16092345831539
1920	2.08070181459849
1921	2.18090705458694
1922	2.4167841714309
1923	1.92733739137185
1924	1.99816317593684
1925	1.76450169516432
1926	2.17819170088495
1927	2.15754127449711
1928	2.66777012650046
1929	2.19789639927586
1930	1.8265164824859
1931	2.04875826029633
1932	2.18246928569056
1933	1.80939297940686
1934	1.72840138708383
1935	2.14128487655651
1936	2.59412482292856
1937	2.52976388521501
1938	1.70815786517219
1939	1.8072337326553
1940	2.38167056625055
1941	2.91162371998277
1942	2.51429730595237
1943	2.48334989521291
1944	2.31815893381746
1945	2.06928234304158
1946	2.04292187543394
1947	2.05878323554673
1948	2.18262009471641
1949	1.93260551382183
1950	2.04715925078061
1951	1.99980437756408
1952	2.15028624562697
1953	2.13487497232118
1954	1.74951253152694
1955	1.90485596048037
1956	1.76819121780532
1957	1.81333383103674
1958	1.6674176141911
1959	1.81010073690182
1960	2.1163381087431
1961	1.84211842159249
1962	1.92220051741733
1963	2.28856043179621
1964	2.10059600234078
1965	2.44980249269584
1966	1.86026686042742
1967	1.64824703801855
1968	1.82714791320519
1969	1.90216599152625
1970	1.96678268523996
1971	2.3840154887749
1972	2.69851647608211
1973	2.2401874299313
1974	2.24256076913286
1975	1.72037118138007
1976	1.65552520995677
1977	1.98977715962655
1978	1.9043105486668
1979	1.9707741693366
1980	1.81901509222929
1981	1.95798616671964
1982	2.08712552153583
1983	1.74495890401276
1984	1.93427202247604
1985	2.51243714622579
1986	1.95058538648059
1987	1.93962698169303
1988	1.68063930100817
1989	1.41855546357142
1990	2.12486557911507
1991	1.6862314290656
1992	1.55107801674661
1993	2.1913061679055
1994	1.67778865910466
1995	2.31501911915585
1996	2.34724940550191
1997	2.49556792116951
1998	2.18331035584013
1999	1.94046403643828
2000	1.95437401919727
2001	1.79505113366484
2002	1.76277803271801
2003	1.84183488357598
2004	1.8615488820563
2005	3.06000076088948
2006	2.37000609844374
2007	2.50622624961518
2008	2.95894761698273
2009	1.83119747845274
2010	2.56463665745713
2011	2.00401017526417
2012	2.15565106462441
2013	1.92178020774415
2014	1.7191843233303
2015	2.41429097521574
2016	2.19201329413639
2017	1.88337534500726
2018	2.07289077613519
2019	1.98247942112307
2020	1.71690373476172
2021	1.65482222069554
2022	1.97572500189962
2023	1.68355693841026
2024	1.70213415949417
2025	1.75331255797076
2026	2.31942475319035
2027	2.39771898394632
2028	1.69766784419554
2029	1.79287617981545
2030	1.99013630136626
2031	2.45952232909031
2032	2.08490734672034
2033	2.02533331517474
2034	1.63811731450468
2035	1.76067025457456
2036	1.93182317972577
2037	1.87057740993135
2038	1.7252799990212
2039	1.77479802669375
2040	1.64638973090257
2041	1.90584194441788
2042	1.79898010898973
2043	1.69859211307176
2044	2.28488400503107
2045	2.01518340194638
2046	2.1142081876368
2047	2.95595389518061
2048	2.11526970731612
2049	2.00304729720127
2050	1.94595325723214
2051	2.09157089088238
2052	1.96176161363067
2053	2.08859261118415
2054	2.084036579024
2055	1.91590334221819
2056	1.95209757699705
2057	1.92772353348221
2058	2.61456938519533
2059	2.15029988557413
2060	2.2018942838865
2061	2.24542258216355
2062	1.79120288390514
2063	2.13910603414278
2064	2.50150301419225
2065	2.57267719213873
2066	2.17966878511329
2067	2.11697410085591
2068	2.14503024216299
2069	1.80743120416517
2070	2.16466039543803
2071	2.08445898587258
2072	1.79850410173522
2073	2.20572119664035
2074	2.12093631756052
2075	2.07972262263234
2076	2.01285271770239
2077	1.91322748459116
2078	1.62594112896865
2079	1.53463969364285
2080	1.54361254538719
2081	1.61515783520148
2082	1.99223711959167
2083	2.43326800739325
2084	1.91342748628325
2085	2.04724922515896
2086	2.52626486243329
2087	1.87146357852774
2088	1.8636077036176
2089	1.65722441084711
2090	1.6647682226727
2091	1.85318599027073
2092	1.74962526281913
2093	1.63284323473356
2094	1.90748467773866
2095	2.22021353378533
2096	1.93955320406138
2097	2.3389317647174
2098	2.26427836359734
2099	2.37767066311435
2100	2.34966335983834
2101	1.80601887075643
2102	2.17760239494564
2103	2.09441896710959
2104	2.03736764772917
2105	2.35277111965351
2106	1.90631277853529
2107	2.10494327690317
2108	1.67334829845722
2109	1.81461954990097
2110	2.24187252738256
2111	2.34864751736584
2112	1.62262292306141
2113	1.7486579611184
2114	2.20397869047418
2115	2.24307174880353
2116	1.58098550427819
2117	2.23673104429134
2118	2.00297563572915
2119	2.23271906351282
2120	2.22644657370084
2121	2.51247716399092
2122	2.27715617439443
2123	2.12457157318237
2124	1.95820880592572
2125	1.881684837965
2126	1.72688205842153
2127	1.88642478628069
2128	2.38395415176374
2129	1.92409913479869
2130	1.82127822306905
2131	2.16838649030549
2132	1.69878084640855
2133	2.0260825294069
2134	2.03278941915774
2135	2.39932603851957
2136	2.28879275663015
2137	2.00014912413826
2138	1.73699073443784
2139	1.97107046221787
2140	2.12685456710398
2141	2.36161338166999
2142	2.21231555853578
2143	1.9907457935647
2144	2.19513390422647
2145	2.28516055911604
2146	2.03901597911558
2147	1.76238213458085
2148	1.94828824857074
2149	1.51047693064167
2150	1.90526057172183
2151	2.0316522172869
2152	1.75397940295158
2153	1.89292004479034
2154	2.20546902395528
2155	1.93171813632438
2156	1.98500313413042
2157	1.61415535291991
2158	1.74846709630791
2159	1.68576365216096
2160	1.80284119197773
2161	1.79314234228857
2162	1.90973153960249
2163	1.95947756838608
2164	1.91859116319148
2165	1.7058134416097
2166	1.73076693363827
2167	2.13913726332896
2168	2.04865574626711
2169	2.27454571745138
2170	2.08034749918023
2171	2.13634512374605
2172	1.9037991633359
2173	1.7503379393252
2174	1.67940552890872
2175	2.37875721062106
2176	1.96146867364753
2177	2.10740143538976
2178	1.99797748144378
2179	1.8075201798207
2180	2.1567277532664
2181	2.59820456081697
2182	2.16762587060977
2183	2.13029915488188
2184	1.78914501273911
2185	1.71790965946984
2186	2.64231124390568
2187	1.98437860046067
2188	2.40539587101663
2189	2.62451917935565
2190	2.34596290192486
2191	2.36006361052738
2192	2.05677543503041
2193	1.85717612347783
2194	1.84641493278564
2195	1.78846203158543
2196	2.26707657713441
2197	2.37417182005408
2198	2.18422969058415
2199	1.93546068998863
2200	1.94770680677316
2201	1.81502683169723
2202	1.9459152157346
2203	2.10326071498905
2204	1.85370635669216
2205	1.5941718959668
2206	1.7975993103849
2207	2.20797376075644
2208	2.09022139261447
2209	2.05806896015851
2210	1.63576901557472
2211	1.93947485583224
2212	1.92581740019394
2213	1.894210053564
2214	2.14441317409792
2215	1.85167831870598
2216	2.03744470705489
2217	1.83926981392954
2218	1.86913337140136
2219	1.91122803384919
2220	1.77535920392792
2221	2.18316945872032
2222	1.83186672760572
2223	2.21635424990248
2224	2.05443097848848
2225	1.70797789599739
2226	2.25321117851179
2227	2.37616950266056
2228	1.91231856120934
2229	2.20240880573648
2230	1.89986069192405
2231	1.92481224579982
2232	2.30785021449113
2233	2.03109668111132
2234	2.14351179647765
2235	2.09583331434558
2236	1.68404373479427
2237	1.65534302290853
2238	1.80641032826228
2239	1.63306115416895
2240	2.11749877823368
2241	2.14724675110117
2242	2.12781910693469
2243	2.10977698474333
2244	2.33466164173766
2245	2.41945772262972
2246	2.63006557841653
2247	2.50511261774423
2248	1.96178919393849
2249	2.32150362634044
2250	1.85552293276024
2251	1.92902118171606
2252	2.18578538276741
2253	1.8848193501273
2254	1.65510854204993
2255	2.17656987107171
2256	2.26725708966197
2257	2.18886279847125
2258	2.05341791407994
2259	1.88478127690608
2260	2.49289109045886
2261	2.12093655397654
2262	2.04675504893585
2263	1.94363964402047
2264	1.88846943075992
2265	2.29271473578094
2266	2.05149599082803
2267	2.27110145791485
2268	2.04857387765625
2269	1.74988441366414
2270	1.84580657582143
2271	2.03973058951041
2272	1.91057614979301
2273	2.1491481950491
2274	1.92083463832305
2275	1.86972340326215
2276	1.8777690514869
2277	2.04227692012626
2278	2.12364550208652
2279	1.99924052652478
2280	2.05720297285371
2281	2.23982374029984
2282	2.04786181528428
2283	2.11045774187957
2284	1.80686781693708
2285	2.00370222643361
2286	1.96610951245452
2287	2.43848702980512
2288	1.81976555155538
2289	2.10320763908297
2290	2.04042116016753
2291	2.00241153646334
2292	2.04229168951462
2293	1.99371819059191
2294	2.14069545376607
2295	2.04198875352524
2296	1.84250477683231
2297	2.15330488427159
2298	2.10717626812272
2299	2.28261236246871
2300	1.95009904409665
2301	1.76541654745326
2302	2.05485376275499
2303	1.93262474047528
2304	1.88946826873634
2305	1.78055281672787
2306	2.10329010150103
2307	1.83137561528009
2308	2.00658218857917
2309	1.88958472660426
2310	2.38630374120361
2311	2.67566694798856
2312	2.18508019094587
2313	2.17330564404689
2314	2.0107553188001
2315	2.13913814189563
2316	2.05421549090606
2317	2.31483897028974
2318	2.39399232106854
2319	1.96746695712254
2320	2.26783953523237
2321	2.22196356596414
2322	2.35532504680293
2323	1.75392653630815
2324	1.92838079484235
2325	1.74487480147228
2326	2.60829115380269
2327	2.88478811894129
2328	2.81414062261433
2329	1.93431673414835
2330	1.86617280556808
2331	1.79460970674511
2332	2.38757156038728
2333	1.86379781050124
2334	1.97789118342357
2335	2.3643833671246
2336	1.89116243050322
2337	1.70486222069085
2338	2.13698346846911
2339	1.9982556776427
2340	2.27748123374895
2341	2.38557339945167
2342	1.83296554224551
2343	1.64332401811225
2344	2.15615446979919
2345	2.05550768004885
2346	2.39883062732151
2347	1.97896088855905
2348	2.08903385942272
2349	2.27459405502851
2350	1.96767324864987
2351	1.86760756540279
2352	1.7845957085702
2353	1.53660121762757
2354	1.74400624181988
2355	1.95087694853931
2356	1.57345754198515
2357	2.08488888506167
2358	1.97341716105577
2359	1.70980267047631
2360	1.76491308824007
2361	2.18174536570998
2362	1.72373295652473
2363	1.72593886320476
2364	1.78769189672285
2365	2.1444591735867
2366	2.26055705113227
2367	2.26203123864655
2368	2.3985291053208
2369	1.98012100483452
2370	1.86689806471303
2371	2.31618205377658
2372	2.19361352707102
2373	2.32106967223792
2374	1.94499509629823
2375	2.14348138553541
2376	2.4481510671463
2377	2.40924650332608
2378	2.42359295991483
2379	1.92772141598502
2380	2.3496014427689
2381	2.16150932088677
2382	2.05342502395414
2383	2.00963035403351
2384	2.19283449783606
2385	2.36102637969126
2386	2.70878328020393
2387	2.182845088694
2388	2.18000731826344
2389	2.47639708162211
2390	2.23501115744789
2391	1.68226753067387
2392	1.96139666067284
2393	2.47983497443165
2394	2.28713256995336
2395	1.93455835760479
2396	1.90660879902003
2397	1.71443957174086
2398	2.29719636282265
2399	2.3297198695295
2400	2.09225876502997
2401	2.11486354496055
2402	1.69110804881631
2403	1.88665256840814
2404	1.79580920961418
2405	1.86069735738876
2406	2.1367189202837
2407	1.87997662005275
2408	2.27162940254742
2409	2.10326927486858
2410	1.90448207675413
2411	1.77185790667151
2412	2.25351960323642
2413	1.97942303377198
2414	2.14016345088956
2415	2.23545124522659
2416	2.13464543694151
2417	1.87468575315018
2418	1.98604862337549
2419	2.15664292031134
2420	2.44379789362686
2421	2.07247845619524
2422	2.67960884356028
2423	2.5067551080394
2424	1.82848243186279
2425	2.19527334418048
2426	2.53705462286152
2427	2.07411907707564
2428	2.27284033899846
2429	2.02687663869203
2430	1.91221010485921
2431	1.9041789898143
2432	2.33918703832448
2433	2.69266402390618
2434	2.05711040851379
2435	1.92917052198382
2436	2.35181860030527
2437	2.29127666808798
2438	2.40396811540168
2439	1.81800523127843
2440	1.86043354704625
2441	2.17968198058981
2442	2.3856346731845
2443	2.21467759305194
2444	2.27134838038432
2445	1.79265869420744
2446	2.16904692566081
2447	1.81527127253628
2448	2.12707556674535
2449	2.01931845567063
2450	1.83187398670007
2451	1.53927926573874
2452	1.85796293666129
2453	2.30837852550322
2454	2.75771684861814
2455	2.02418171910345
2456	2.0012332145511
2457	1.84121721319247
2458	1.77609319151721
2459	1.47201993016881
2460	1.59347239448385
2461	2.09905792367286
2462	2.54049967133537
2463	1.99386965100316
2464	2.17510530295028
2465	1.91149714517237
2466	2.32479601060204
2467	2.43523044500434
2468	2.83378157433149
2469	2.22492731208779
2470	2.30979254928375
2471	1.88814456602694
2472	1.75071975118075
2473	2.25632353350315
2474	1.94975603214534
2475	2.04506364632591
2476	1.64744578877035
2477	1.73335238103731
2478	2.04899917211609
2479	1.91102633550617
2480	1.81254457795138
2481	1.48441972058715
2482	1.77258583068684
2483	1.83927265012039
2484	1.81132792094175
2485	1.38788756147213
2486	1.66301280080422
2487	2.11131250844606
2488	3.07036526481118
2489	2.83038870997454
2490	2.31582314924361
2491	1.91706108015122
2492	1.82218721377316
2493	2.20926708898625
2494	2.10618185603437
2495	1.54931650828375
2496	2.29033304286667
2497	2.31068810077262
2498	1.99291213169946
2499	1.63981536178971
2500	2.74428781624841
2501	2.40819548413172
2502	2.26091927840017
2503	1.97296193248967
2504	2.041100479085
2505	1.85736329259889
2506	1.97636062712761
2507	2.20778598796624
2508	1.8709402704198
2509	2.05688743514497
2510	1.95352082069818
2511	1.70525406116142
2512	1.67099660769306
2513	2.22135274717084
2514	2.00825722728212
2515	1.64061689266196
2516	1.54303404470506
2517	2.08531310186996
2518	2.05624840794498
2519	2.06916389848533
2520	2.11892040109421
2521	1.67954595747652
2522	2.03928193539991
2523	1.73677425924131
2524	2.11150435862139
2525	2.18148314530485
2526	2.51459549317247
2527	2.2611472542079
2528	2.06828204876326
2529	1.8682180788814
2530	1.68500964165229
2531	1.90521916517675
2532	1.99673231195088
2533	2.082685556241
2534	1.88286685454098
2535	2.2184322899517
2536	2.26120761134568
2537	2.7255530287237
2538	1.97657369688596
2539	1.91478447654252
2540	2.23014480349014
2541	2.34734938855039
2542	2.05761939080084
2543	2.16324864104777
2544	2.22881666125542
2545	1.74126732322693
2546	2.02120574869622
2547	1.87436118627671
2548	1.78766635892492
2549	2.30526833230894
2550	2.01792832334857
2551	2.58763694297675
2552	1.97140189651204
2553	2.75209123932115
2554	2.1066470894976
2555	1.52353729841857
2556	1.81621217977371
2557	2.43270816172298
2558	2.2497931661676
2559	2.14219839880752
2560	2.4930439251008
2561	1.92453127644233
2562	2.18824646924853
2563	2.15682083197402
2564	1.75706220920022
2565	2.12146250659965
2566	1.86155977115365
2567	1.99056372981227
2568	1.8127546197893
2569	1.56769991779443
2570	2.13675006556256
2571	2.48923869930567
2572	2.29538467433964
2573	2.31994364725962
2574	2.08480216436138
2575	1.90160817088824
2576	2.01573546113328
2577	2.22990850087298
2578	2.14112185555872
2579	1.90937942625632
2580	2.29119856380874
2581	2.20132511429586
2582	2.19752431466485
2583	2.59860882510456
2584	3.22222351401246
2585	3.15868631471215
2586	2.88926011865555
2587	1.95909700501987
2588	2.27119116918642
2589	2.71522205687599
2590	2.36151165058515
2591	1.90147346220001
2592	2.16592354341739
2593	1.70625792643308
2594	1.87495746070825
2595	1.867664054728
2596	1.78150176111639
2597	1.71929404336754
2598	2.05780495046981
2599	2.01799345513269
2600	2.03275860323454
2601	1.87496304185543
2602	2.04174884339151
2603	1.93640340703919
2604	1.62457428521491
2605	1.91666857013183
2606	1.60861319772349
2607	2.12538181082773
2608	1.99591210137452
2609	2.12150440422955
2610	2.034244034977
2611	2.11262363086154
2612	2.05552926846611
2613	1.870664051322
2614	1.98878171315157
2615	1.92285501293953
2616	2.04815013488866
2617	2.18926162574164
2618	2.2670175940576
2619	2.01676427691448
2620	2.01888777424238
2621	2.34286152822916
2622	2.36460107404006
2623	2.37874486166543
2624	2.2576473405836
2625	2.20137379206236
2626	1.87353192812976
2627	1.9540970199365
2628	2.14660828354162
2629	1.9854250808989
2630	2.04251705451766
2631	2.30795189657899
2632	1.96077530016749
2633	1.89075366037242
2634	2.01186071112994
2635	1.93862176270607
2636	1.98818818136602
2637	2.26222857244408
2638	2.1662699955072
2639	2.10755963466672
2640	2.28856885936598
2641	1.85378230402973
2642	2.05152509976826
2643	1.8230726220138
2644	2.12811194177349
2645	2.32781385636613
2646	1.82380269819374
2647	1.6923788755686
2648	1.66969835487549
2649	1.76395098390925
2650	1.73812144701418
2651	1.77570301137456
2652	1.88484132033191
2653	2.09616464390025
2654	1.78583092159136
2655	2.22886101030441
2656	1.89947650185836
2657	1.76532951719059
2658	1.77915893016705
2659	1.97894459792166
2660	2.14669508827729
2661	2.18367991127211
2662	1.95510505771784
2663	2.59359078202775
2664	2.35617013060448
2665	2.43848361603543
2666	1.98372920263551
2667	1.58774904183159
2668	1.64300841314157
2669	1.91581152865187
2670	2.16122090028977
2671	2.0227561098782
2672	1.97659328226654
2673	2.72375992967315
2674	1.96990827899979
2675	2.08720797494101
2676	2.24430536179955
2677	2.11993433654292
2678	1.9912948296973
2679	2.20861216135281
2680	2.5912554661817
2681	2.07197525066424
2682	2.27748525335408
2683	1.74663546432019
2684	1.51324125749873
2685	1.68443825375523
2686	2.33227752730819
2687	2.25882427451236
2688	2.27659192353927
2689	2.12535496243204
2690	2.0879252455924
2691	2.2717450038602
2692	1.95482969162085
2693	1.64292555543773
2694	1.41668264950808
2695	1.4678672457378
2696	2.05613902432366
2697	2.00419967369929
2698	1.76288263322726
2699	1.63984228560869
2700	2.08237243511143
2701	1.42396369727102
2702	1.76397045252202
2703	1.79219038241582
2704	2.27581591900539
2705	1.97089983770565
2706	1.72919606156383
2707	1.73955069723883
2708	2.09405473230124
2709	2.45051781620559
2710	1.99014150551125
2711	1.9268994914083
2712	1.71829645648419
2713	2.08196434730043
2714	2.06152302881204
2715	1.8109392624646
2716	1.91403009510962
2717	2.46652714321904
2718	2.0682919202499
2719	1.78455381078909
2720	1.83953589756071
2721	1.63585435791837
2722	2.1956527076088
2723	2.13655415439454
2724	2.01164269997323
2725	1.72956334604244
2726	2.11502853695472
2727	2.39859993366855
2728	2.13115397966376
2729	2.53343080833534
2730	2.65713303881221
2731	2.30620238581158
2732	2.36717379728815
2733	1.82349370207939
2734	1.99450841732521
2735	1.7806470935112
2736	2.44416829651283
2737	2.32884297515431
2738	2.10720317229433
2739	1.99879928361725
2740	2.16150223963123
2741	2.74326278290228
2742	2.15977717337318
2743	2.20785095163605
2744	1.88376828232362
2745	2.16849075454935
2746	2.20606394140171
2747	2.02033920464211
2748	1.74014096602898
2749	1.96838124250581
2750	1.78432038323372
2751	2.09499053034355
2752	1.89347180950453
2753	2.35123226505741
2754	2.05174535168401
2755	1.72489508887964
2756	1.61145441765164
2757	2.29079354426238
2758	2.0184547843411
2759	2.19745605332425
2760	2.31945678467008
2761	1.79234139683325
2762	1.75982672518311
2763	1.6922117303546
2764	1.89480098007175
2765	1.80629681993105
2766	2.13867562730221
2767	1.87203895110153
2768	1.83873470949536
2769	2.34074439899774
2770	2.27490109282837
2771	2.95617367440943
2772	3.18346180267232
2773	2.17345321034522
2774	2.25904801548763
2775	2.3200284218235
2776	2.5970137568675
2777	2.58714714148776
2778	1.89110470282267
2779	2.27099632861877
2780	1.91835907925906
2781	1.99683535326663
2782	1.86491179412707
2783	1.82563425786751
2784	1.71872108824801
2785	2.09161130911127
2786	1.64146974711131
2787	2.20326502636105
2788	2.20101239519795
2789	2.43573890293296
2790	2.52834609299692
2791	1.88372341575151
2792	1.77062145429302
2793	1.7411534470502
2794	2.0897379111922
2795	2.20915844999507
2796	2.70393519737288
2797	2.39395535381446
2798	1.95415339985365
2799	2.3922517019992
2800	2.21672329468591
2801	2.17877478357996
2802	1.9734878011305
2803	2.34422595405835
2804	2.16968823125871
2805	2.14054917702955
2806	1.66430445542238
2807	1.77298165871917
2808	1.60788742550877
2809	1.86595235045558
2810	1.93996012468821
2811	1.88099121821624
2812	1.49202774370757
2813	1.46882770155731
2814	2.18972625290624
2815	2.12548321141867
2816	1.87508984186895
2817	2.03768754462593
2818	1.87174310119415
2819	2.19493062828293
2820	1.95891912677519
2821	1.96104534506609
2822	2.17936013812155
2823	1.73312207406251
2824	2.13675661296356
2825	2.25143162697644
2826	2.0506635322706
2827	1.86424547325446
2828	1.70786875570296
2829	1.97295177614357
2830	1.76752957141975
2831	1.73224812116435
2832	2.33788750127688
2833	2.38520139920703
2834	2.23718339199548
2835	1.81978023203561
2836	2.23043749678021
2837	1.89288900058736
2838	1.81642614144426
2839	1.83856170974084
2840	2.03928657424943
2841	1.97736031708187
2842	1.97768647978458
2843	2.03704914311979
2844	2.27919848650324
2845	2.63573500016127
2846	2.3755452584372
2847	2.24128396242385
2848	2.01475255656491
2849	1.86504867177351
2850	2.0154017810182
2851	2.33023376090556
2852	1.66040541834758
2853	2.08351702027386
2854	2.19367284724866
2855	2.31730265898815
2856	1.88456587794525
2857	2.05471633111287
2858	2.36100853584872
2859	2.57964012738606
2860	2.42593575642852
2861	2.31008823667225
2862	2.67248696030814
2863	1.98279092855614
2864	2.0764204853995
2865	1.8157277788715
2866	1.80092493266901
2867	2.76714711655549
2868	2.00574188485421
2869	2.07274830394405
2870	1.62623911455612
2871	1.643228786965
2872	1.60188832993683
2873	2.09366610994214
2874	1.82843209728008
2875	1.84665646694809
2876	1.89186813605734
2877	2.45080913701172
2878	2.24372195789537
2879	1.93024126764708
2880	1.29765341044474
2881	1.76378865077177
2882	1.73630597176503
2883	1.70412887795194
2884	1.42435612287536
2885	1.71270925873521
2886	1.98901774139694
2887	1.99258849735541
2888	1.92219144862687
2889	2.20210404947871
2890	1.65608517878026
2891	2.34715581828257
2892	2.21411108113864
2893	1.94029051795159
2894	1.87168919874553
2895	1.82918240594004
2896	2.39862964539669
2897	2.42568368412986
2898	2.43613269692856
2899	1.96074913506378
2900	1.81540691238293
2901	1.98097785493901
2902	1.58960219019347
2903	1.67670354883826
2904	2.18117564549489
2905	1.87616196355217
2906	2.210423128231
2907	2.20667647716786
2908	1.95778445758527
2909	1.67486359937573
2910	1.95205765699653
2911	1.82573959840264
2912	1.8107555428966
2913	1.78441863360255
2914	1.96210484015579
2915	1.76684412803656
2916	2.07462020866746
2917	1.98568864244285
2918	2.00400670609219
2919	2.17139585121921
2920	1.79365069047213
2921	2.12809451584191
2922	2.44713889378788
2923	2.49428153165947
2924	1.93185445902117
2925	2.021919443355
2926	2.48003747508159
2927	2.26665131422302
2928	1.89057546093141
2929	2.2238808832301
2930	2.08552164941611
2931	2.54760425504263
2932	1.88006846639857
2933	2.07832419827912
2934	1.71181982916636
2935	1.92834081146806
2936	2.04575743977056
2937	1.99590741658542
2938	2.13258277493774
2939	1.90182922095405
2940	1.77412188018212
2941	1.70522159284608
2942	1.83183784026387
2943	2.12692405296785
2944	2.05996231368945
2945	2.02394074446331
2946	2.0170937811696
2947	2.30560489980932
2948	1.7155423674523
2949	1.94781041638673
2950	1.71459107262881
2951	1.77014711861235
2952	1.89189298370014
2953	2.06729963178355
2954	1.8887971892273
2955	1.66208992068825
2956	2.05441971974254
2957	2.63445113192652
2958	2.31945969494754
2959	1.8661704435495
2960	1.95316077891222
2961	2.08380294750173
2962	2.0750231983982
2963	1.80309260479246
2964	1.78918639608659
2965	2.86258261985067
2966	1.95220707832976
2967	2.17551750183661
2968	2.31982380558244
2969	1.86519548743048
2970	1.92764738563317
2971	1.70685738246285
2972	2.04556674026106
2973	2.22749857636874
2974	2.15660280048391
2975	2.30851789459738
2976	2.20851818641284
2977	1.94445473592327
2978	1.5336332446163
2979	1.60473509402209
2980	2.07086800269829
2981	2.25452775967528
2982	1.92331458787365
2983	1.75388473981699
2984	1.8416790506105
2985	1.93633342314403
2986	1.56500267856529
2987	1.65145777994673
2988	1.54420946350893
2989	2.15418871472422
2990	2.58102310608523
2991	1.8593762873153
2992	2.06202966069222
2993	1.94541852172573
2994	1.98273179959257
2995	2.2216555908119
2996	1.92207885003956
2997	1.73180652366775
2998	1.59769964841663
2999	1.86056146232503
3000	1.96057494396164
3001	1.88166137253823
3002	1.89220141132082
3003	2.2266471638885
3004	1.80158638894238
3005	1.9298900969955
3006	1.88694807378889
3007	1.944450778228
3008	1.69607250093275
3009	1.98006387723875
3010	1.83082764807142
3011	1.79221280205828
3012	1.72058591163756
3013	1.66770178930253
3014	1.79585322094256
3015	1.51122580929655
3016	1.96046115752193
3017	2.22944148953154
3018	2.18472970276805
3019	2.08201011015467
3020	2.01401174539685
3021	1.95686307703127
3022	2.28858678418033
3023	2.06775032219888
3024	2.47762767946888
3025	1.87848974535009
3026	2.12116427696937
3027	2.33384615900311
3028	2.17916520410544
3029	2.52592139141782
3030	2.22708640387441
3031	2.39832787446234
3032	2.14561505808465
3033	2.51947791650001
3034	2.76393977627464
3035	2.33649375966542
3036	2.43423281369879
3037	2.20511293544221
3038	2.13473982127189
3039	1.96238803774674
3040	1.70114212115253
3041	1.96440950070861
3042	1.68332026840579
3043	2.18491568539586
3044	2.07725822038306
3045	2.20606719036689
3046	2.2521949083245
3047	2.27728481089249
3048	2.64745072932265
3049	2.54473455170901
3050	2.44886604465801
3051	2.16089146021328
3052	1.7866015475342
3053	1.75352252142099
3054	2.06418413609133
3055	2.07818038109312
3056	2.53673579732425
3057	1.8970792211491
3058	1.99112630578746
3059	2.73462069325577
3060	2.23049177309752
3061	2.47405158433042
3062	2.58188424647511
3063	2.49659645295784
3064	2.0556106408244
3065	1.96135448517616
3066	2.17825294205912
3067	1.62598117647251
3068	2.13132567064418
3069	2.39823462770745
3070	2.22908788130072
3071	2.27424487817731
3072	1.71784239322002
3073	1.87113314785263
3074	2.18074712877964
3075	2.27859581501809
3076	2.15345156467666
3077	2.40932345588292
3078	2.24294060856728
3079	1.80275615305672
3080	2.41118983383985
3081	2.03878294237602
3082	2.57484054378417
3083	2.71162720872827
3084	1.97743505860052
3085	2.06373159334071
3086	2.14702473168677
3087	1.83274580012518
3088	1.67590678033785
3089	1.74905126576316
3090	2.05825701898665
3091	1.92411628450511
3092	2.25468631500924
3093	1.75808966699719
3094	1.51785118093707
3095	1.87774655529312
3096	2.10543952674043
3097	1.898747520828
3098	2.26611117401557
3099	2.38526604267491
3100	2.05518318035865
3101	2.3839026468918
3102	2.63004563438657
3103	2.26852668187816
3104	1.94789259543303
3105	1.8514833144432
3106	2.17404630506175
3107	1.8799933321778
3108	2.09645211613098
3109	1.85292393987163
3110	1.81003640921937
3111	2.30574935005718
3112	1.98496561925361
3113	1.57935022799816
3114	1.91903009586142
3115	2.5924463707334
3116	2.34862286523697
3117	2.0443089605715
3118	2.0103945223123
3119	2.17639066014607
3120	2.48658817931709
3121	1.75676671921498
3122	1.856029787243
3123	1.72206020573242
3124	2.16072767115443
3125	1.89805378517037
3126	1.66732079468863
3127	1.78139727302385
3128	2.0821481807553
3129	1.72864448290103
3130	1.94642882630639
3131	1.87292373924226
3132	1.89739607871687
3133	2.2997095063821
3134	2.12093039882715
3135	2.0450001518623
3136	1.8970801559353
3137	1.55638060079122
3138	1.87234537444866
3139	2.20478347729576
3140	1.82635333187116
3141	1.7901779953572
3142	1.91013256885328
3143	2.29721744457786
3144	2.24176875319415
3145	1.88171074224482
3146	2.07562662459065
3147	2.16019581964765
3148	2.03302181678147
3149	2.06753627412208
3150	1.74240858913141
3151	1.88348204907352
3152	1.94830512472281
3153	1.86687766632214
3154	2.16422947543032
3155	2.27747944028575
3156	1.99031116226222
3157	2.04113458070997
3158	1.95280251898564
3159	2.12052179660647
3160	2.13305037862214
3161	2.55485034485707
3162	2.15509289924705
3163	1.99766111011926
3164	2.05279495616211
3165	2.1825422566003
3166	2.23512628964002
3167	2.04191241954728
3168	1.90626243001506
3169	2.2559858955068
3170	2.18702722178776
3171	2.09190819010215
3172	1.72312933803521
3173	1.95446212659719
3174	1.53630317762054
3175	2.40990771522447
3176	2.2721594216877
3177	2.37262109712886
3178	2.32599271555086
3179	2.18816493463182
3180	2.45908746020735
3181	1.79396499771077
3182	1.93030853641616
3183	1.96645296903869
3184	2.29586077774369
3185	1.66310103719065
3186	2.28344609844893
3187	1.66296807721691
3188	1.99257628271711
3189	1.6794207605282
3190	1.57055593117747
3191	1.7527643527517
3192	1.99836865898215
3193	2.16818150397425
3194	1.68521726059324
3195	1.70967567668939
3196	1.71304285550472
3197	1.62820571939568
3198	1.82393887658288
3199	2.6018853505367
3200	1.98171306905267
3201	2.1003372955252
3202	2.38410953694804
3203	1.96818548210448
3204	1.95826382285493
3205	2.02471562805357
3206	2.25565401663872
3207	2.34076223067673
3208	2.35431268341509
3209	2.00624427373951
3210	1.66071242459093
3211	2.03039546111211
3212	1.8842057358106
3213	1.42750906632806
3214	2.17394451035836
3215	1.67429660531386
3216	1.56900464007234
3217	1.608690669391
3218	1.43106599793448
3219	1.63279781580313
3220	1.92928514462273
3221	1.8167263557733
3222	1.87792803832251
3223	1.8771381434239
3224	1.94304530211989
3225	2.02372837323283
3226	1.87064455093294
3227	1.36467738355259
3228	2.1256856889322
3229	1.99686491090188
3230	2.06661402012637
3231	1.60519490109688
3232	2.04321637748242
3233	1.73461456644229
3234	1.66748749908217
3235	1.96635304254681
3236	1.85415299566203
3237	1.87527986587349
3238	1.93335329660284
3239	2.7522666563459
3240	2.32398347414183
3241	2.05690192312935
3242	2.28429760694455
3243	2.09614848104052
3244	1.70176469058438
3245	1.89384305430366
3246	2.0705331232463
3247	2.91404435307788
3248	2.26679062093535
3249	2.8306254383199
3250	2.35234540588529
3251	1.94113382910973
3252	1.83705342022756
3253	2.3546924456913
3254	2.3716412288835
3255	1.8776778319721
3256	1.86527917348332
3257	1.67935884436869
3258	1.93039899112343
3259	2.42304191577833
3260	2.15374870894181
3261	1.92424733660968
3262	2.29653118832796
3263	2.07936291614281
3264	1.54495165884595
3265	1.66925679326798
3266	1.94001693932044
3267	1.76667166399904
3268	2.28289674962633
3269	2.11566272906835
3270	1.98936944410121
3271	2.55816391672481
3272	2.21256285212908
3273	2.21372757557648
3274	1.92836221926897
3275	1.83188040162273
3276	1.88412204826446
3277	1.96460247629545
3278	2.24259373861361
3279	2.43163971022478
3280	2.40296694098178
3281	2.07145978570619
3282	2.11539164558596
3283	2.43455413179857
3284	1.69988084640907
3285	1.73539373105469
3286	2.08835131483297
3287	2.31752932201624
3288	1.97330542927247
3289	1.98570482944044
3290	2.49945466457251
3291	2.10149851127032
3292	1.94946471957666
3293	2.11193304221837
3294	1.83932354946325
3295	1.8559666305293
3296	1.69592874541596
3297	2.32615371084393
3298	1.92548750273846
3299	2.1747332096509
3300	2.26092712828041
3301	1.85412182640532
3302	1.70094671328453
3303	1.81125901510766
3304	2.3860449442616
3305	2.0802118067306
3306	2.03425845133847
3307	2.03686280253745
3308	1.76615348990555
3309	2.01610738902447
3310	2.7115176481692
3311	2.61115302997887
3312	2.06855614740534
3313	2.43204257101201
3314	2.16843083899877
3315	1.84445206562857
3316	2.32152697739767
3317	2.20849959840721
3318	2.1100948459058
3319	2.62094113109978
3320	2.19817116753532
3321	1.72147433557971
3322	1.95615709611301
3323	2.21176329806883
3324	1.69222678066915
3325	1.72120919826086
3326	2.12142654195809
3327	2.00615677788602
3328	2.25924800916982
3329	2.04167620122802
3330	2.02464047457315
3331	2.1903931651529
3332	2.00660588876176
3333	1.91536356287542
3334	2.40893303005119
3335	2.07022542089777
3336	2.08629615662598
3337	2.54965213451488
3338	2.10316509627368
3339	2.20036218783637
3340	2.0312431523797
3341	1.96060987817028
3342	2.19806224094406
3343	2.61528402428063
3344	2.24035369902193
3345	2.7199736206119
3346	2.36946990400999
3347	2.35947734530418
3348	1.95358495247908
3349	1.9104964679851
3350	2.38830384600307
3351	2.05508436111713
3352	1.66492568635526
3353	1.99891232818182
3354	1.86214799105454
3355	1.55077164715182
3356	1.49842751400494
3357	1.53353093877706
3358	1.76305295786472
3359	1.95085972207359
3360	1.9987023037244
3361	2.04608731282626
3362	1.95826815198236
3363	1.96855313699317
3364	2.19221705876211
3365	2.16718549954698
3366	1.75168847408873
3367	1.93765238774383
3368	2.18163484099732
3369	2.09910167842172
3370	1.94000626714842
3371	2.03719561411723
3372	2.12348242903738
3373	1.97002175924315
3374	1.97095588720616
3375	1.69467561330592
3376	1.80968392589505
3377	1.91174276351116
3378	2.39183763485252
3379	3.05232173285389
3380	2.49644535337664
3381	2.29190993934302
3382	1.47080388565864
3383	1.52291685530725
3384	1.97488503606284
3385	1.97975578310245
3386	2.10435711729269
3387	2.14024380958626
3388	1.89892588082519
3389	1.80467252286854
3390	2.18348044496667
3391	1.70670850598104
3392	1.56842006551109
3393	1.75879692512434
3394	1.76071472265442
3395	1.40190312798648
3396	1.59581528303704
3397	1.64013239477695
3398	1.97197135317659
3399	1.9592976289671
3400	2.17346813816169
3401	1.77249974812771
3402	1.65423125386901
3403	1.72102943286868
3404	1.75844573892566
3405	1.50519378993327
3406	1.85843481646223
3407	1.74712553051714
3408	1.61151432661595
3409	1.88645337421409
3410	2.15816404558471
3411	2.36331282883934
3412	1.92447725048942
3413	1.60669461499467
3414	2.13210915190329
3415	2.01418139587604
3416	1.79436513159224
3417	1.77675080572962
3418	1.9738486982043
3419	1.86484896117155
3420	2.17905417666404
3421	2.09529637970719
3422	1.93462002634765
3423	2.17941136225764
3424	2.41564091782471
3425	2.13036559073937
3426	2.08403712694649
3427	1.72174604670723
3428	1.91425532777825
3429	2.2894145985588
3430	2.20000402292333
3431	1.80852267775303
3432	1.84271491321999
3433	2.01272441805011
3434	1.69270472497759
3435	2.16943064273666
3436	1.78274840095779
3437	1.90920279601247
3438	1.86137261515449
3439	1.78963328962265
3440	1.75210914201442
3441	1.67679513158337
3442	1.77534454550899
3443	2.19557488755837
3444	2.33962539681005
3445	2.14335088155962
3446	2.10135886226204
3447	2.2168648041816
3448	2.78542322986907
3449	2.15295588007729
3450	1.57269182877657
3451	2.14379202583903
3452	1.93159670140956
3453	1.88089341099263
3454	1.96252431819443
3455	2.22793492663122
3456	2.28773170544599
3457	2.16097810907058
3458	2.04983734720704
3459	2.02191353557685
3460	2.01535538442736
3461	2.44051254296274
3462	1.9856673858046
3463	2.06453253053896
3464	2.30290046941466
3465	2.24455786144494
3466	2.10022752916899
3467	2.21603240967821
3468	1.69533473373112
3469	1.60470872513984
3470	2.18533119700391
3471	2.04964118392378
3472	2.10687617413238
3473	1.8638750298578
3474	1.54000508628688
3475	1.87599862740867
3476	1.9292840376759
3477	1.65085905277564
3478	1.56854172927894
3479	1.80565404166042
3480	1.69015297781449
3481	1.61734692392937
3482	1.82780620243759
3483	1.74702664376859
3484	1.63181712663461
3485	1.72188083171103
3486	2.2465571421028
3487	2.44556444317373
3488	2.31633683605992
3489	3.06724128624173
3490	2.22837829701463
3491	2.35047491762815
3492	1.77164776389916
3493	1.79301701759051
3494	2.47880541412976
3495	2.15926807112039
3496	2.12241537050258
3497	1.61961710781793
3498	1.85788474370953
3499	2.37499391884741
3500	2.58848769072631
3501	1.90719701747784
3502	1.57636529580327
3503	1.73902447611197
3504	1.70392861255351
3505	1.89346215573452
3506	1.97491194754655
3507	2.3991714319449
3508	2.11707955316095
3509	2.28872702815533
3510	1.63493259522819
3511	2.44737709738377
3512	2.4977093831578
3513	1.76352573481057
3514	2.13963636710455
3515	1.92717411062953
3516	1.76973118297476
3517	1.55377253040691
3518	1.50985420629795
3519	1.82558731254121
3520	1.90157584107988
3521	1.5292537985242
3522	2.03967614122319
3523	1.66281128076996
3524	2.33934545626442
3525	1.78546947686652
3526	1.84141048240922
3527	2.09737711167788
3528	2.67172636149196
3529	1.97826459212937
3530	2.30832427971762
3531	2.03382354779871
3532	2.06410103211064
3533	1.88284034788873
3534	2.04773070369809
3535	1.86128830653807
3536	2.18298097413854
3537	2.34891343416189
3538	1.67396066655906
3539	1.64653433137064
3540	1.84313947640184
3541	1.67886510439403
3542	1.90087421753674
3543	1.82051535689729
3544	2.25491170071822
3545	1.93162175492947
3546	1.69584141482725
3547	1.9426631921154
3548	1.6454015256205
3549	1.80334660424735
3550	1.72069794123278
3551	1.92455463363745
3552	1.59410016325305
3553	1.85144287659466
3554	1.91924884102478
3555	1.37814408609523
3556	1.48341674830947
3557	1.8430683214856
3558	1.93966371870725
3559	2.02608686223179
3560	2.57843685475636
3561	2.3651247978998
3562	2.79350044110553
3563	2.38136145161324
3564	2.04289074020915
3565	1.93334092400304
3566	2.33644565179654
3567	1.8188420092048
3568	1.72781083035165
3569	1.93124157670314
3570	1.72191197555001
3571	1.63106692402242
3572	1.97473696512905
3573	1.86793337735839
3574	1.96301397601781
3575	1.96936847361792
3576	2.23447613048168
3577	2.24464820557781
3578	2.30302056121176
3579	2.17717894296478
3580	2.34415679331762
3581	2.35569330059584
3582	2.31348461042075
3583	1.92172646691377
3584	2.37178399167336
3585	2.45627352333607
3586	1.78981401926302
3587	1.64098038681452
3588	1.64044253210447
3589	2.23634510548673
3590	2.43494764793319
3591	2.26149139640119
3592	2.16015026554617
3593	2.21888049198913
3594	1.93272311829767
3595	2.21382731997943
3596	1.90202783249999
3597	2.24380634395036
3598	1.78817056533472
3599	2.08684234595594
3600	1.7025908114622
3601	2.25514160489074
3602	2.06807910023181
3603	1.94740501580776
3604	2.55383303139579
3605	1.84903409424798
3606	1.80968963578861
3607	1.69707695405368
3608	1.87246422677635
3609	2.04577487809191
3610	2.28005818722261
3611	2.03635053508767
3612	1.93304784101023
3613	2.00330605262476
3614	2.14285015722482
3615	1.49204536759855
3616	1.38823823390733
3617	1.62042855708491
3618	2.4763606278255
3619	2.25731545611538
3620	1.77305649707249
3621	2.1202485668193
3622	2.45618252800564
3623	1.91774332686285
3624	1.95031164055059
3625	1.99086869724875
3626	1.62368250064111
3627	1.86224618332935
3628	1.9315825971995
3629	2.28264367674367
3630	1.75348075931047
3631	1.88363385371342
3632	1.80466380684037
3633	1.71722090863417
3634	2.07001245601664
3635	1.90453808647015
3636	1.79557327073153
3637	2.14441475943706
3638	1.86138457701472
3639	1.81018127770528
3640	2.07996371547642
3641	1.44402891046496
3642	1.63622402227849
3643	2.08509705182467
3644	1.60074967814683
3645	1.82369150091188
3646	1.7270921588435
3647	1.82773112175591
3648	2.02212873204494
3649	1.93143590331036
3650	1.85636952928077
3651	1.72512368285795
3652	1.60583091120098
3653	1.95795776296647
3654	1.97468927165414
3655	1.93359725863568
3656	2.02834329064039
3657	1.92620805186258
3658	1.85116894763213
3659	1.93376646817708
3660	1.82740786469556
3661	2.18075043724955
3662	1.67628197496443
3663	2.06654554049044
3664	2.12343099948692
3665	1.93629422089153
3666	2.54497704106468
3667	1.95214864987325
3668	2.16312597192982
3669	2.42519526283898
3670	2.00228115223233
3671	2.04885543515723
3672	2.27073200840187
3673	2.74101406217189
3674	1.75579974606518
3675	1.73133241568916
3676	2.46449606128376
3677	2.21330708100187
3678	1.92046055060622
3679	1.8640246157712
3680	1.86901487442038
3681	1.98145077149335
3682	1.41662384876093
3683	1.75113343204031
3684	1.77217033017666
3685	1.59824620806025
3686	1.75440991939768
3687	2.31887264803836
3688	2.32255102192481
3689	2.39694745966484
3690	2.08729606462361
3691	2.01517927880834
3692	2.01551270849945
3693	2.06549391731404
3694	2.01190224834218
3695	2.1393501975055
3696	2.12507053779171
3697	1.87344827311996
3698	1.87159595179776
3699	1.8518077224912
3700	1.69434650219953
3701	1.78387648697762
3702	2.39167818308823
3703	2.49280713625341
3704	2.38629370360781
3705	1.92959705996832
3706	1.77913097792431
3707	2.05537099029067
3708	1.70094010183325
3709	1.87822136491987
3710	1.68152110716822
3711	1.84636330146764
3712	2.18547636233599
3713	1.73026887759687
3714	2.08111501303221
3715	2.25731286731003
3716	1.83209300886215
3717	1.80470973985514
3718	1.97884247416529
3719	2.096822889078
3720	1.69787458263496
3721	1.94093560174458
3722	1.97626672463185
3723	2.23398428689328
3724	2.11439150688772
3725	1.84915689760011
3726	1.89449225862137
3727	1.85398149822499
3728	1.81496666492521
3729	1.82187890317779
3730	1.72950013302242
3731	1.69466289974606
3732	1.59806793013077
3733	1.37549629342899
3734	1.52446244174399
3735	1.96020548322839
3736	1.73342244917276
3737	1.79449885889993
3738	2.0741653582236
3739	2.05175828788197
3740	1.82911734389428
3741	1.81235954027219
3742	2.25621266671703
3743	2.24778658405321
3744	1.91824926998936
3745	2.35360330835819
3746	2.45528169349583
3747	2.16833581904454
3748	2.52267628067685
3749	1.89737695878601
3750	2.81035822257264
3751	2.33148630148879
3752	2.24725465348728
3753	2.22035135774305
3754	1.98587713064893
3755	1.60586516977512
3756	2.27362141660695
3757	1.80100834908821
3758	1.75724891757088
3759	1.5950061240693
3760	1.91877646661287
3761	2.1556233050246
3762	2.08500869865805
3763	2.55163344279778
3764	2.05423079678144
3765	1.95961573324937
3766	1.99688384657787
3767	2.27196994789366
3768	2.61128741814249
3769	2.16634914757542
3770	2.0898473994788
3771	2.00597064285003
3772	1.84142826116292
3773	1.95878376350755
3774	1.82313213232466
3775	2.64750661830737
3776	1.89548086702324
3777	2.13584094559793
3778	1.77957416241908
3779	2.23069096639013
3780	2.61977278245908
3781	2.26045901420217
3782	2.15550614693891
3783	1.77690871091042
3784	1.60711112991969
3785	1.69381303287058
3786	1.69232167251351
3787	1.60946660797597
3788	1.69381962946467
3789	2.13218116395387
3790	1.74361874251628
3791	2.10382498579353
3792	1.99329297143076
3793	2.08196376248687
3794	2.04684747253538
3795	2.00138342987107
3796	2.65808178118279
3797	1.92858996649789
3798	2.08579976738795
3799	1.73511460790708
3800	2.29052688006718
3801	1.81518670950821
3802	1.98605387882764
3803	1.98120709726763
3804	1.95321600313199
3805	2.52885620017672
3806	1.76601176473119
3807	1.66379021660135
3808	2.07933861724437
3809	1.99379387492554
3810	1.9945155669898
3811	2.34028142707969
3812	1.60959192461102
3813	2.26582660949139
3814	1.78827225291543
3815	2.08808158013165
3816	2.13019534488079
3817	1.97747045200253
3818	2.31624054811027
3819	2.30987861310206
3820	1.99918729265986
3821	1.96503541198468
3822	1.78726618794112
3823	1.82060775660094
3824	1.91740353846383
3825	1.67630929863479
3826	1.65547262102341
3827	1.7322169807055
3828	2.27568232063095
3829	1.96443294821967
3830	2.14289887974883
3831	2.32396513374747
3832	2.49025457396345
3833	2.29905091755514
3834	2.26378507670231
3835	1.88997378179428
3836	1.91287916162397
3837	1.99065951064357
3838	2.11463450888732
3839	2.6892208011635
3840	2.27672165765424
3841	1.84866371413489
3842	1.64507786346024
3843	1.77057210068205
3844	2.09059339350528
3845	2.03923780439403
3846	1.96525584067789
3847	2.3999478927571
3848	1.95552175851861
3849	1.99140028526057
3850	2.38840583414114
3851	2.03909988474099
3852	2.17496216538528
3853	1.7358249397116
3854	2.03291011370998
3855	2.22820287223854
3856	2.2890455790898
3857	1.79956354221043
3858	1.81714828380792
3859	2.23284806562777
3860	2.16871132032459
3861	2.15533898657259
3862	1.93300281150002
3863	1.69463651330872
3864	1.75222631143945
3865	1.60045564617245
3866	2.02780469667877
3867	1.63023761514854
3868	1.95590975384472
3869	1.78626957193048
3870	1.65475667866011
3871	1.72953522666393
3872	1.77783710438818
3873	2.02289693389992
3874	2.15640722392393
3875	1.56565012086479
3876	1.87643373726175
3877	2.12080002834906
3878	2.33771602922615
3879	2.10792893099633
3880	2.04483631601504
3881	2.04893841000689
3882	2.31560111113123
3883	2.0858790963184
3884	2.00027031939882
3885	2.08288370293078
3886	1.84843153729879
3887	2.11769201776038
3888	2.07557384699166
3889	2.04803494931162
3890	1.86200531048573
3891	1.81693034262507
3892	1.91386345432482
3893	2.05966785265013
3894	2.15146025073703
3895	2.00965921742479
3896	1.9614491814448
3897	2.70035290558655
3898	2.31393477237076
3899	2.27299367278247
3900	2.43943264552035
3901	2.06295588239012
3902	2.37550051385917
3903	2.04141744276422
3904	2.35515207097442
3905	2.41981519365411
3906	2.44295761818033
3907	1.76826353261182
3908	1.76737015242173
3909	1.89338068647715
3910	1.6818570777852
3911	1.63186905011111
3912	2.13760158702939
3913	2.24534274020262
3914	2.12900613172244
3915	1.8809560659472
3916	2.3938730540607
3917	1.89907982705137
3918	1.79887839544212
3919	2.0820565692803
3920	2.11831110434895
3921	2.31754121405174
3922	2.15485902648125
3923	1.99458808564573
3924	2.27164723139725
3925	2.00106091532221
3926	2.03135299159861
3927	1.91689112308253
3928	2.33984723077135
3929	1.83406836420769
3930	2.10227920941467
3931	2.1105014738758
3932	2.07738491229398
3933	1.89771897754885
3934	1.73676736382056
3935	2.70631217300566
3936	2.37205472822143
3937	2.07232816369622
3938	1.73144396810886
3939	1.84649008707798
3940	1.77926527357691
3941	1.7538996894299
3942	2.38524494796808
3943	1.9128468612926
3944	1.79145106785577
3945	1.98127133744264
3946	2.03079751259941
3947	1.99936330055722
3948	1.84044823917569
3949	1.94650414035716
3950	2.09237752295256
3951	2.37257715837253
3952	1.58513250027345
3953	1.59257521168243
3954	1.88888543790282
3955	2.18407765494034
3956	2.25552034328489
3957	2.35044288995989
3958	1.78112083578094
3959	1.87777948342879
3960	2.15960639233487
3961	2.44880833681799
3962	2.11302371844052
3963	1.39496035827475
3964	1.69731056145523
3965	1.78218825645303
3966	2.58867339153132
3967	2.60696847182995
3968	2.08182442362563
3969	2.15301449872054
3970	2.00819588056825
3971	2.64279230450023
3972	2.35240203725546
3973	2.21973912453747
3974	2.12357951400062
3975	1.60300582130264
3976	1.95173284554816
3977	2.17800183349618
3978	1.74459847470909
3979	1.75384499249596
3980	1.99413643702746
3981	1.9540534546519
3982	2.20060381105446
3983	2.09755967766573
3984	1.99020336538649
3985	1.96058622131003
3986	2.04089520695797
3987	1.82983069960408
3988	2.38453476663391
3989	2.30029297023881
3990	2.60137648655191
3991	2.24320346388644
3992	2.77995332177884
3993	2.07224292528942
3994	1.47241163368434
3995	2.32443798474912
3996	2.20938830558791
3997	2.15471102217238
3998	1.69534223779891
3999	1.89979013209065
4000	1.97126642540437
