"Iteration"	"tau_Intercept"
1	271.863145269208
2	267.752032123498
3	276.160073833471
4	257.096454194698
5	252.37867280651
6	273.586752172923
7	264.552889447332
8	282.352424938713
9	275.166926984943
10	262.136647919929
11	260.37287628493
12	274.021885911507
13	257.896973525505
14	263.087937904764
15	257.940566605291
16	292.254279172864
17	274.714279891618
18	270.517167077513
19	272.814838065218
20	278.323286264357
21	269.869174897125
22	274.282142378598
23	259.42786505677
24	278.668154748957
25	273.787886279555
26	270.818339600367
27	295.142790357945
28	277.337136692595
29	266.9510537622
30	289.896065762503
31	284.667485145035
32	275.229118006464
33	277.533975131893
34	277.074749977567
35	275.129112678258
36	259.519496403685
37	276.858009578933
38	285.51350339381
39	276.411566600721
40	262.922271153491
41	276.877183586706
42	273.047989532614
43	274.650048486392
44	278.543866356936
45	275.448132580915
46	254.247303411135
47	265.835026676099
48	269.461756472082
49	276.532754047822
50	268.475766653292
51	268.423645321585
52	270.464893126014
53	271.350887662426
54	276.113936765492
55	272.215587865515
56	293.113448225201
57	257.953078091834
58	265.271243359109
59	260.626395289491
60	270.284988801069
61	281.822937775833
62	278.609773330777
63	269.461624259953
64	263.266728862272
65	280.188606485306
66	284.231432370876
67	260.33773220567
68	283.398286898389
69	259.739811606991
70	257.921755144243
71	258.391898741527
72	286.696153446876
73	279.258480298263
74	279.751061099867
75	276.781713001257
76	276.290931183817
77	277.593967268695
78	274.060958783145
79	266.712496109653
80	278.758343770641
81	273.687037631535
82	272.262684770429
83	275.467730350212
84	274.760005394394
85	270.864162008734
86	261.250596120349
87	271.412937932128
88	272.876197113867
89	262.400110445477
90	279.336562115642
91	272.339256151323
92	265.925766598828
93	271.163157393888
94	267.472355927778
95	260.790365997039
96	266.871856751243
97	267.252358250656
98	268.783003486608
99	264.60856315329
100	268.181361058188
101	279.449691688588
102	275.039049058422
103	268.857892582442
104	255.398688366465
105	270.576428320952
106	275.414201199054
107	271.896586775589
108	278.612762788662
109	279.920489013456
110	282.658113250717
111	280.306496654957
112	283.033132307065
113	260.146772264392
114	273.641258404609
115	269.964299947973
116	273.080623691107
117	281.978654201369
118	270.828491726514
119	259.080356938876
120	274.818810679123
121	272.299304389357
122	264.746823148412
123	269.021915768947
124	281.799276338698
125	278.747444684832
126	274.326603521566
127	286.296324585545
128	276.471978005025
129	266.462023014385
130	268.213537491449
131	273.198441667053
132	263.382974795349
133	277.145966590607
134	276.453087604606
135	278.467507925589
136	279.854172445012
137	292.69421631695
138	270.331228682556
139	282.606166722513
140	267.804237088625
141	269.193745181929
142	286.038854335023
143	275.326342495289
144	273.601671849446
145	282.390821505181
146	274.715382848503
147	273.878026037809
148	278.779861364762
149	279.450738916912
150	275.562795745531
151	267.68115287545
152	277.05103471968
153	288.219966394432
154	284.801710333677
155	268.302883296062
156	276.306357207433
157	271.098002298575
158	271.846605089648
159	286.259601759654
160	271.988946898692
161	262.227341924164
162	280.748272517091
163	273.365486209323
164	275.327644295703
165	265.554066340326
166	256.042118830294
167	283.380131254324
168	287.917728763487
169	277.016590869055
170	266.836061296562
171	267.198578411025
172	273.355480147925
173	261.194929998096
174	278.94297160362
175	279.621383035774
176	271.072449692338
177	283.8200455929
178	271.8160733382
179	261.494408854786
180	261.85496002289
181	272.120536148395
182	277.585926582684
183	264.531873865148
184	272.368331795613
185	276.39270247604
186	268.346984732192
187	281.414874025693
188	288.331668184489
189	283.198152726648
190	270.668943374299
191	267.203270832366
192	296.001078424297
193	276.56047459526
194	274.882400465856
195	271.702470672983
196	272.049557775906
197	266.418463217723
198	271.993359202575
199	281.698631890926
200	257.329063896839
201	265.225192853045
202	269.520850223161
203	279.310924463967
204	276.986381651742
205	260.583312318977
206	281.608268109048
207	273.820976145931
208	264.930194338206
209	279.923775424498
210	266.996396225779
211	257.91572865308
212	277.298792928691
213	272.282766179286
214	267.751964453665
215	269.23273254929
216	279.062441173085
217	270.131545212821
218	256.013477415221
219	266.52666792209
220	273.33331331719
221	277.8124705049
222	268.921916342265
223	283.18429939167
224	270.425979974924
225	272.844268979103
226	286.489082500436
227	257.510311871131
228	283.229064171054
229	272.657590454938
230	261.514930996491
231	273.981939866771
232	269.351721848431
233	277.245771096743
234	267.981327687124
235	274.458620284815
236	277.671592067562
237	275.67729323301
238	261.710924019881
239	288.456147611797
240	269.936375784038
241	275.007356168393
242	269.944963736405
243	280.358575346632
244	276.197154599823
245	272.43196813644
246	268.736218650924
247	285.346986524428
248	281.409436401112
249	273.535157980152
250	283.499056353012
251	267.939514704457
252	265.322993380468
253	281.286777669231
254	294.796741173752
255	267.078904448369
256	269.515166524017
257	269.260421475071
258	267.289890383607
259	268.989944907184
260	264.257417779286
261	266.918272331366
262	262.467223433232
263	270.833827085964
264	255.080848002787
265	270.820655999715
266	264.44570116542
267	270.358776592571
268	269.603598445263
269	278.606150629037
270	270.348808713434
271	281.94535192783
272	265.622979340263
273	292.928891105281
274	280.129363397034
275	278.865170763878
276	261.38889828833
277	263.058690774274
278	261.217635644499
279	269.35646709136
280	276.792017543906
281	272.066591668558
282	269.31316880268
283	287.089504591225
284	266.789466532234
285	274.382931669955
286	275.318421504139
287	281.351215871282
288	278.993353769801
289	259.198450204459
290	269.863764844427
291	274.434539025001
292	285.287045576218
293	270.646430156633
294	267.710781747792
295	282.673444287816
296	267.710703076473
297	281.240723488615
298	273.939783287095
299	265.957477464974
300	274.524588345827
301	279.311372815513
302	269.087142671127
303	268.596888803748
304	267.25890871137
305	272.690955518444
306	273.220990571593
307	262.3732658188
308	264.107086703522
309	263.055685562579
310	273.541851647305
311	276.830864819752
312	281.01790260932
313	280.053203046616
314	277.36034892138
315	287.173876571516
316	270.20701335378
317	273.469955231682
318	271.95698834083
319	266.973432430049
320	266.991638284455
321	252.587893078936
322	273.982018651941
323	275.574776181915
324	274.565546114875
325	291.917388202096
326	273.999470583505
327	275.927759230799
328	281.868209437743
329	276.495981828814
330	271.254655395131
331	278.009836948389
332	278.450488955779
333	267.277659063053
334	274.949631024116
335	265.883727114997
336	260.618123560937
337	269.470174189809
338	270.511224748307
339	278.487746747111
340	281.568188669778
341	280.415392678857
342	265.10052443982
343	286.12694750741
344	267.753501812072
345	280.625879052075
346	267.783150773666
347	263.904912195491
348	265.787124759386
349	275.650457436702
350	271.352924208846
351	280.351832846552
352	280.117147136767
353	276.823700070281
354	283.741252056488
355	266.198330539925
356	267.091940725839
357	266.956721728104
358	272.165944079057
359	265.801862280422
360	277.109193538068
361	270.659031616658
362	264.842389436165
363	285.551657460389
364	261.703688359261
365	272.18529337619
366	259.899843466053
367	283.775522747827
368	260.93456996424
369	276.573981533035
370	266.262152364721
371	278.335867956272
372	274.304634418615
373	267.405969240052
374	276.408105184523
375	269.538637155854
376	278.451295355538
377	271.373038660379
378	276.908477313054
379	258.637827328975
380	267.290258507561
381	268.144077995093
382	265.447991517218
383	267.075651617657
384	283.074001369176
385	275.744358731844
386	264.229324751159
387	276.883043187388
388	264.731650108846
389	283.188915834956
390	279.123774781182
391	280.579532055996
392	276.502498307093
393	278.745053947187
394	270.432974250455
395	278.514641163628
396	292.926715887467
397	281.410874392315
398	279.979486446535
399	271.509890462408
400	276.049309147379
401	266.688091338684
402	267.174293970117
403	289.744840777788
404	272.033317424977
405	280.558619783095
406	260.737100242124
407	263.377577603535
408	285.808273090556
409	276.315953642108
410	266.949576557491
411	272.664493687965
412	278.069226570322
413	280.727100951566
414	258.371488744633
415	268.012342528948
416	275.042334219164
417	272.946011773948
418	277.874903678032
419	271.531298977795
420	248.331864717443
421	268.035032915105
422	275.460513754236
423	261.68520279592
424	264.186583624954
425	296.69783097615
426	264.549859459848
427	275.570178331455
428	266.039628599234
429	274.688112848841
430	272.928200028128
431	273.563553804781
432	271.859972585698
433	274.940918324193
434	272.216547209027
435	273.47034063421
436	284.603072193764
437	267.233988863863
438	279.928029181633
439	271.633781982056
440	277.65930653105
441	276.605394228512
442	259.507775946371
443	284.824870750424
444	266.104427686247
445	260.273468200039
446	273.656063073122
447	266.971490329932
448	277.702320942087
449	268.965619624386
450	280.727209763654
451	286.703680828105
452	276.596419161517
453	277.219521362787
454	273.471932071459
455	284.97516690102
456	267.002108919675
457	279.132433108708
458	267.001714301634
459	282.023923507659
460	271.33585233732
461	279.551252633456
462	267.938689949536
463	273.39265773952
464	265.388741742278
465	277.3654878254
466	265.422314601969
467	265.695027244773
468	265.524856416805
469	269.764259400985
470	273.863362021464
471	268.129476573228
472	267.61325452032
473	280.860727935478
474	264.22864530639
475	263.703188053308
476	279.466435011865
477	258.603502760473
478	262.217688562145
479	271.518903619229
480	266.740596386593
481	259.022983401677
482	269.430756264836
483	269.622209738799
484	274.069104393219
485	279.012600122684
486	273.820414164478
487	277.999337199283
488	274.815991346274
489	273.013994900127
490	260.084213186625
491	273.408121680029
492	277.612844028817
493	262.387773031086
494	268.52788898406
495	276.338027677904
496	275.597774257604
497	277.260019290826
498	279.424347979429
499	286.593178118936
500	279.743491163237
501	285.1112023729
502	272.949118313005
503	276.881405715217
504	278.820421157227
505	266.056107834983
506	281.611262551097
507	270.460233746416
508	272.291902093463
509	281.717843528219
510	275.167515079624
511	276.440285593819
512	270.446523656235
513	281.51081819147
514	271.09809636871
515	271.619163916453
516	261.383756988479
517	279.392697403719
518	267.602155166016
519	265.799076893919
520	269.5708640141
521	283.413235764138
522	269.688599448281
523	270.468164071667
524	290.728783334698
525	291.015599996625
526	288.915241859112
527	264.699296917373
528	278.643501633305
529	287.107619826082
530	266.534808360844
531	283.958573479521
532	266.249337110677
533	281.769772376385
534	265.69812807682
535	257.107924594751
536	269.567363056498
537	277.627224656499
538	273.571697661166
539	278.857192798706
540	271.923767546391
541	268.393855636743
542	285.739496327003
543	257.779791140554
544	285.874901843053
545	285.022436819747
546	258.789123667241
547	269.409705584982
548	266.716948075477
549	268.554174928117
550	249.335981009664
551	274.682562551433
552	267.552279963688
553	276.226202870797
554	276.677916520611
555	276.150196368296
556	274.681548156739
557	271.669653335171
558	253.177727562189
559	270.05662757186
560	283.882269431245
561	275.514955526319
562	282.968078904779
563	263.730555128305
564	279.29636624625
565	275.543589912554
566	277.866310480234
567	272.521707969027
568	282.654285873894
569	277.565945417496
570	274.037525285026
571	273.35617109441
572	276.945003164061
573	281.85609857053
574	272.951576893009
575	259.826718749115
576	273.432746377206
577	260.963325170332
578	273.657861965618
579	264.213862149828
580	273.639847605693
581	281.817104612843
582	261.700301832074
583	269.293503632219
584	265.383942021004
585	269.739622177972
586	259.259751768199
587	276.479497326923
588	276.68220319167
589	272.549120179326
590	264.167641428358
591	282.40790596368
592	273.304506709145
593	258.741221393003
594	271.14279848133
595	283.426499003695
596	279.382991085887
597	274.941219092013
598	277.592551030711
599	284.381743180916
600	277.645936152885
601	288.286015104228
602	271.393585020782
603	273.89902332953
604	276.822966528007
605	264.950781178855
606	268.077109820167
607	281.715182027523
608	274.873809225827
609	277.717237958786
610	288.3294545897
611	267.967071728723
612	264.785873644194
613	284.10464983371
614	274.477148305702
615	283.352858663115
616	273.531046905116
617	281.569462109856
618	287.946620412018
619	275.448515804849
620	263.537573529096
621	277.821537740388
622	292.299922932157
623	272.598792556668
624	271.671483896377
625	273.488010910957
626	266.773618705187
627	262.594554512952
628	257.1771750414
629	263.860295572673
630	278.953359409853
631	277.550289987597
632	269.218026712755
633	269.745823194909
634	286.057054535317
635	273.347130280562
636	281.322941287711
637	280.476688973452
638	264.590967430741
639	275.930822902751
640	289.364744033129
641	285.858466141789
642	280.383872483144
643	265.877063266049
644	285.489335385763
645	277.800187225031
646	266.242145959507
647	274.360803071261
648	278.833152360503
649	275.653393923068
650	290.66278737671
651	276.833099477145
652	281.236070221424
653	274.992608538458
654	279.972608741861
655	287.758298586965
656	284.138036715525
657	277.093307021928
658	272.84805044093
659	275.605189641979
660	271.791131214124
661	275.81145899088
662	278.596234666226
663	264.285589966809
664	266.813967336218
665	269.598338543213
666	285.705952275928
667	268.122100988716
668	287.392373213691
669	270.235690244811
670	272.619363439183
671	265.69417176135
672	286.046685852109
673	267.562172846129
674	274.782880772182
675	281.23670529398
676	283.348836866441
677	285.165217494253
678	269.308297253427
679	272.557889496294
680	262.373580673827
681	264.56987049442
682	290.811665399643
683	263.772200481634
684	266.725528003456
685	266.6278451908
686	271.729064947555
687	260.628880237853
688	275.295767618813
689	269.415336232005
690	288.060261572365
691	262.880361176461
692	274.795243832745
693	272.469510645986
694	267.240628640899
695	284.271578740391
696	279.992034474485
697	276.869455860875
698	275.333744418735
699	266.965065820045
700	267.320186255025
701	273.467583378206
702	275.313787872252
703	273.816129463854
704	273.670261028926
705	273.748339976548
706	263.179724353548
707	278.314327249682
708	294.040429193275
709	289.495420612431
710	273.310360866687
711	276.905061803599
712	267.724271226773
713	257.869014846704
714	272.298128392201
715	270.365133776984
716	262.745427668861
717	293.868645541674
718	276.354086376889
719	266.802078207053
720	267.531542482692
721	265.613965556022
722	287.612254948411
723	275.169359995337
724	297.666980779635
725	266.303746312636
726	263.081636183069
727	261.126403315606
728	267.126017258944
729	263.763399559129
730	281.101912030456
731	272.214530749529
732	279.312381987509
733	274.557923458129
734	265.51091583605
735	265.386411878846
736	289.069846358338
737	268.227784829053
738	277.912846562714
739	273.124272520804
740	268.69891688433
741	271.361153793139
742	272.310774317917
743	280.310129284193
744	269.305139988352
745	268.042335100377
746	273.593155670117
747	268.613671773368
748	268.511347859062
749	267.089407681361
750	275.759467498941
751	274.028413441325
752	278.323053415374
753	278.691227336902
754	278.152277296705
755	278.821056646516
756	268.405234423459
757	282.230907136209
758	273.870801432627
759	264.936536448462
760	271.138866629229
761	273.283602080874
762	275.037998851287
763	280.548299009958
764	261.861101466916
765	270.01701588636
766	270.739370077535
767	280.348116555207
768	268.780746680079
769	276.961592183023
770	288.466105844547
771	288.355013122424
772	279.489642662389
773	283.35553210767
774	279.901660953939
775	277.802935675758
776	274.768203757761
777	266.366888653297
778	273.304127297253
779	269.478816178303
780	259.832021604561
781	262.134581051275
782	286.660179975796
783	267.475643277287
784	268.342372382968
785	264.214167003588
786	290.273814080085
787	277.594713943998
788	287.812018496564
789	281.41153706457
790	281.550230573053
791	270.564499375631
792	282.347693108119
793	277.321279388479
794	270.650566967812
795	279.238246918456
796	258.692364395631
797	282.849400410737
798	268.625406058766
799	267.324960300175
800	271.071519079763
801	292.773058181526
802	273.980535723626
803	269.47341938701
804	268.646845480119
805	281.373312576624
806	270.057383010264
807	276.764689023666
808	271.153536778974
809	278.415374201074
810	271.775037398112
811	273.610026099378
812	275.76826332434
813	272.385510602998
814	292.407618766946
815	270.719844803451
816	274.070525766529
817	275.204979432446
818	283.961959932461
819	264.235183556481
820	264.218734206361
821	273.000383995536
822	294.17961751149
823	276.76064492642
824	257.861087506702
825	274.566906370887
826	276.890520450381
827	257.758776276986
828	278.702145217112
829	276.135304973701
830	261.67267132616
831	265.82210273461
832	270.131649355385
833	282.146621414313
834	272.030261355796
835	285.756057930411
836	264.633504959164
837	276.373082292089
838	266.32354173752
839	271.703383833369
840	276.820895637428
841	274.202292019471
842	284.895595514531
843	266.943615204638
844	284.083840051275
845	283.551666337611
846	266.817166841704
847	266.519367224355
848	288.236105403528
849	272.983724980967
850	268.115052857543
851	267.697357580904
852	270.597451231161
853	281.549167330698
854	270.202419155381
855	270.046791486622
856	269.496437967869
857	273.753597352281
858	263.537482549929
859	278.573977990659
860	276.27573245773
861	283.201703363032
862	271.45120288767
863	282.377523697201
864	274.171946055253
865	267.490497657292
866	255.841018585161
867	281.903922413308
868	274.839156694819
869	261.722169610849
870	273.098810958863
871	275.554375702024
872	269.273294363003
873	274.694421791694
874	271.878477255633
875	270.286038986479
876	269.082305070664
877	276.996990909383
878	275.629592827878
879	265.83580057777
880	269.564825606667
881	281.59855058036
882	274.819607151418
883	275.750408226113
884	265.674685682136
885	274.758037379875
886	281.518627696857
887	264.212365580877
888	271.797738787023
889	264.672605761105
890	264.880364007856
891	280.855343819693
892	275.828744119387
893	275.194966956066
894	252.519938195631
895	267.409113022497
896	254.839324800753
897	269.23809445311
898	275.875241639398
899	278.892353611895
900	274.425562007248
901	263.341418054676
902	268.171860321122
903	283.496818895209
904	272.311848832625
905	269.317031985189
906	279.115020565474
907	270.125376525125
908	262.707816897082
909	279.007685638309
910	276.243453994073
911	277.39759589997
912	268.521111465001
913	272.00687053057
914	281.38267225561
915	276.668369599385
916	268.908712622512
917	267.920072208706
918	291.260151130135
919	265.471840024897
920	282.537589436392
921	271.025934815285
922	263.764915545381
923	290.856358656749
924	282.890854405039
925	275.549369414202
926	280.676073595472
927	263.261233266417
928	267.91279482753
929	278.454432022239
930	280.514272006061
931	266.645182950052
932	267.18012960357
933	275.900312829953
934	275.554580961077
935	270.437299495002
936	292.291008009216
937	280.407044829841
938	277.464177143141
939	276.726444236047
940	276.953851968351
941	278.646316789089
942	272.719507319056
943	265.957639778087
944	265.135778421757
945	274.613074479248
946	267.191461222803
947	266.372109299079
948	258.513102283395
949	272.832791357033
950	259.710029148006
951	268.711732117466
952	256.45150651182
953	269.518921778341
954	276.872997816894
955	282.123308538059
956	258.204677143037
957	272.880194695593
958	255.845055865238
959	284.4710543143
960	266.88938860365
961	284.963476566621
962	265.225518219508
963	260.548358448225
964	261.096883613465
965	291.359370651865
966	269.26290385102
967	277.721154307558
968	271.709818843438
969	269.290616097404
970	260.959779744525
971	280.599178915796
972	276.163866004527
973	277.13212401209
974	252.749640081296
975	280.218715522493
976	268.034663027749
977	271.369636040401
978	265.279456083195
979	262.295485432052
980	275.576783860478
981	284.293497186469
982	280.295808524495
983	290.203581593191
984	269.719895364848
985	273.370330077784
986	278.550547123123
987	273.646257165396
988	291.120224957424
989	276.50733915025
990	254.44732957633
991	276.789726675753
992	270.954069548579
993	269.560223230685
994	271.479750951718
995	265.828284186945
996	277.276393108073
997	260.681244280601
998	256.163220417926
999	286.130050922233
1000	265.773690332678
1001	281.845233450736
1002	255.439006005515
1003	281.380207006117
1004	261.290091915691
1005	261.47026622199
1006	276.182637772272
1007	259.079465749902
1008	287.641362620254
1009	277.933944853445
1010	285.433837579112
1011	252.498198714809
1012	272.993699053559
1013	265.140408677533
1014	263.428422654917
1015	255.629535738661
1016	261.919019687797
1017	266.644529806266
1018	282.830222642139
1019	278.552505142976
1020	267.630248946883
1021	291.675357307894
1022	275.766468430149
1023	277.767794271874
1024	274.054242601619
1025	266.984068370707
1026	266.285908233988
1027	274.843629848527
1028	288.360050193272
1029	271.991673307562
1030	273.740522482551
1031	289.854533769306
1032	292.856528517894
1033	269.458090963712
1034	266.793599994777
1035	275.696381395449
1036	265.722086587326
1037	279.360351148423
1038	282.051361983022
1039	268.986731284541
1040	286.92213667944
1041	270.336886514187
1042	263.192729289717
1043	266.396785360857
1044	263.119550936811
1045	262.686537713994
1046	273.986989141478
1047	269.289235141977
1048	284.632182701993
1049	269.494547709353
1050	271.624123802991
1051	271.757608000805
1052	279.228194010095
1053	281.997374114355
1054	272.340578309963
1055	287.081753288793
1056	275.270783910212
1057	270.969965046385
1058	279.767661474436
1059	272.993536429053
1060	283.772546033578
1061	281.476662807744
1062	279.188168608983
1063	283.029596683347
1064	258.619375516888
1065	264.891324390608
1066	282.425964470168
1067	272.981861050377
1068	297.811133285753
1069	260.551157303526
1070	287.725062148946
1071	261.060095061217
1072	274.617686881625
1073	276.911280728992
1074	269.912228637304
1075	288.975497636597
1076	266.29932639617
1077	285.231929933748
1078	278.927741897451
1079	267.169402796389
1080	266.214416560633
1081	270.243193869532
1082	265.26750091476
1083	260.187701046501
1084	268.974220785038
1085	274.16394490313
1086	275.813740192589
1087	269.59445560639
1088	257.287439202428
1089	281.620300369102
1090	269.330013462147
1091	277.74079937469
1092	274.395055938699
1093	259.652255201863
1094	279.877796163292
1095	267.703630214435
1096	267.005651643472
1097	284.156291851625
1098	277.127502835494
1099	270.247856623207
1100	264.680657393374
1101	280.080144330839
1102	279.279405242144
1103	291.426176783361
1104	276.383692317319
1105	273.81010279047
1106	268.861929547095
1107	279.977496298243
1108	264.551970316388
1109	276.41250047428
1110	280.044523235247
1111	277.048526008455
1112	281.11768248224
1113	270.803138384579
1114	280.788898093084
1115	286.511144489594
1116	278.003855112396
1117	276.303376342813
1118	276.309652634864
1119	282.817659795316
1120	277.107869306581
1121	263.494901135746
1122	260.587356963175
1123	266.723580326637
1124	268.70742348387
1125	293.4234277947
1126	285.899890031259
1127	269.553094745505
1128	267.644680798769
1129	274.017692076671
1130	270.268107329251
1131	280.719621535607
1132	278.406219572308
1133	272.302965999522
1134	265.43653528874
1135	258.406202355996
1136	275.350019406646
1137	270.213004697822
1138	272.813314616243
1139	279.472348010945
1140	273.106062064758
1141	266.587809509433
1142	274.966210512661
1143	279.388181112248
1144	267.079820684358
1145	263.293246261729
1146	283.867507434145
1147	289.248953964013
1148	291.300964955544
1149	276.295991636273
1150	263.33952505199
1151	274.30292289258
1152	282.322713406594
1153	278.715643752003
1154	273.750111958113
1155	297.008848361173
1156	273.650287454882
1157	270.009491945791
1158	280.795608882303
1159	273.885798082951
1160	246.716128455965
1161	280.836834384604
1162	259.854336039624
1163	266.634730751093
1164	274.980391936708
1165	272.623525371164
1166	279.845726989296
1167	281.054608067794
1168	265.429180242607
1169	285.304936430545
1170	266.035095177457
1171	295.566245505866
1172	260.614230878821
1173	261.85360973376
1174	277.11553544368
1175	286.172315656384
1176	260.349661303255
1177	264.834783354411
1178	266.64817714774
1179	251.083490124325
1180	250.716830943904
1181	264.030350791235
1182	263.961619866267
1183	272.304401064514
1184	253.239238143502
1185	279.929246687455
1186	264.449042112838
1187	264.453428891555
1188	281.856138525293
1189	277.126131628649
1190	267.879132046956
1191	270.919924914188
1192	278.577184890889
1193	272.689414079238
1194	270.489162598353
1195	288.888191825329
1196	291.817590726154
1197	266.662115547064
1198	267.731227339057
1199	275.083624325429
1200	280.978872548542
1201	269.299819888955
1202	285.320153857238
1203	281.796605066621
1204	275.669518424039
1205	258.628899751819
1206	268.658409611924
1207	280.549761971582
1208	275.518372411288
1209	273.194384341644
1210	262.851350498018
1211	277.131737573091
1212	269.891921590659
1213	282.821442166738
1214	266.333235517005
1215	292.27940853342
1216	255.403228218637
1217	287.912541662308
1218	265.05571797782
1219	284.422475819486
1220	270.869909268031
1221	274.151124015392
1222	269.4641295073
1223	265.318882843589
1224	269.854843317409
1225	265.383813120365
1226	277.631050473861
1227	277.698199687722
1228	271.810887935404
1229	267.870203255771
1230	279.152862409642
1231	283.829490088973
1232	269.532041466887
1233	269.711966391204
1234	283.45373157076
1235	281.167435809173
1236	271.501281489449
1237	279.970437740006
1238	282.423749933015
1239	277.177251095436
1240	272.547569232564
1241	255.791934819158
1242	263.675368513262
1243	294.54839230477
1244	285.172325298554
1245	263.909783630287
1246	282.405510179891
1247	280.850144903738
1248	267.749940924273
1249	277.745284517986
1250	272.14089287638
1251	261.523809478927
1252	291.141803124007
1253	261.127328511677
1254	277.312045834541
1255	274.922087671474
1256	271.519790040263
1257	267.840336470288
1258	289.019285220582
1259	266.071079874843
1260	263.225814982094
1261	272.070982393218
1262	276.379093993358
1263	265.348091458302
1264	268.761337822162
1265	277.881761194782
1266	268.741965586997
1267	276.011331879388
1268	268.416839596459
1269	278.047112762012
1270	269.985318601344
1271	270.937334232688
1272	281.116287919213
1273	269.838650288039
1274	279.030798168735
1275	278.914036063268
1276	269.031694548471
1277	286.498413702185
1278	261.933238419983
1279	290.263144241046
1280	268.205113422896
1281	280.314677123596
1282	288.053614509899
1283	273.332060335998
1284	258.410254411801
1285	281.287577725165
1286	299.030919905398
1287	270.743359696209
1288	288.684501508086
1289	262.010459358657
1290	274.304756074822
1291	272.454230504342
1292	267.357727951626
1293	284.548095195925
1294	258.328426790324
1295	279.150340644556
1296	260.773325525887
1297	265.022978591304
1298	274.992592132765
1299	280.735866576655
1300	270.180823088681
1301	275.657713118141
1302	281.83594439383
1303	272.548447890665
1304	251.536953082652
1305	266.969769223579
1306	271.511574699583
1307	273.555813211996
1308	274.385574056545
1309	249.64665388773
1310	271.116364522072
1311	263.84137995604
1312	270.624748302186
1313	272.223155702496
1314	277.887177126975
1315	265.772444595944
1316	280.343365942159
1317	255.747763088645
1318	272.61070799551
1319	271.159935113564
1320	271.247389468863
1321	260.847325015957
1322	264.807494271282
1323	275.588610021547
1324	275.868058444611
1325	273.762787159099
1326	273.76441444598
1327	274.989172243176
1328	282.569011550074
1329	274.419759333886
1330	279.187098914743
1331	264.509418173038
1332	273.523026518367
1333	271.823933018253
1334	262.322469641094
1335	289.488612727916
1336	264.322602209042
1337	270.046464319958
1338	270.498187800706
1339	279.98140748698
1340	281.249232271966
1341	283.638365149868
1342	258.984695390775
1343	273.495994457733
1344	271.558748251195
1345	264.387876937672
1346	271.038735471829
1347	279.479705211673
1348	274.568163136015
1349	268.676558357089
1350	269.353477133496
1351	274.648132627224
1352	265.297799398729
1353	282.484675226963
1354	278.753074023732
1355	260.097114323396
1356	271.776855490198
1357	271.712950348216
1358	264.541553644022
1359	269.69801221139
1360	277.906982103051
1361	274.572047176937
1362	272.847828494016
1363	255.751760629756
1364	257.170820736499
1365	275.824315036793
1366	270.945277743287
1367	263.526613929288
1368	285.446027616815
1369	272.48521609397
1370	265.612315437325
1371	278.675511953904
1372	280.425819151614
1373	267.608368128185
1374	272.414688013841
1375	287.486374960488
1376	264.158255378528
1377	264.467844258544
1378	277.908124877011
1379	276.45874393569
1380	283.394020719434
1381	282.496981355702
1382	281.186037997669
1383	273.8011175922
1384	276.306925715529
1385	268.686009996378
1386	264.451099717939
1387	288.079478706785
1388	270.497976810271
1389	260.121155106829
1390	278.069253330552
1391	267.063224861157
1392	269.297098009074
1393	275.15900130508
1394	267.117445079151
1395	266.085876220341
1396	264.629503118916
1397	272.600158641918
1398	275.304660645657
1399	267.788327271133
1400	277.302057350602
1401	265.9487805656
1402	265.733426078896
1403	280.138860467803
1404	272.763470750397
1405	273.623361442442
1406	276.986496838057
1407	267.635058108672
1408	276.161990663106
1409	275.354132203522
1410	284.941358542336
1411	271.337306493478
1412	265.128182652269
1413	270.611361133074
1414	280.894652065713
1415	267.106421733807
1416	277.477621165819
1417	258.348294948129
1418	267.519672114824
1419	275.723165186949
1420	270.748981370867
1421	268.299321751957
1422	288.134200572387
1423	281.742660838186
1424	283.475332523994
1425	264.915852142128
1426	277.796525278904
1427	270.506108190869
1428	267.60861507032
1429	267.367991023265
1430	263.98471683226
1431	283.125025159979
1432	286.026761765731
1433	259.441285636237
1434	266.675389740813
1435	275.809607864043
1436	273.186977686063
1437	268.042038379968
1438	277.92444556061
1439	265.550819188181
1440	288.671732274819
1441	279.974451096464
1442	268.934079309041
1443	272.006528981703
1444	271.876996494229
1445	271.774690897576
1446	263.2938857004
1447	268.020517063368
1448	283.576417391109
1449	278.077899405005
1450	267.079313971694
1451	264.254430748991
1452	277.843393732464
1453	276.696311314465
1454	277.451822418881
1455	264.161686982653
1456	282.750216638735
1457	264.851349939732
1458	287.698310731667
1459	280.525862865153
1460	273.759246754402
1461	285.389008928794
1462	268.231856674443
1463	269.923185763305
1464	262.213700164576
1465	262.76426637494
1466	278.075067344889
1467	270.991491907064
1468	265.607554791885
1469	274.268469236907
1470	266.236856199772
1471	276.318804194517
1472	271.430465007692
1473	262.710909692919
1474	278.808988955569
1475	263.029782739498
1476	274.51694149118
1477	279.307456065807
1478	281.946657969887
1479	287.848074302199
1480	274.346288252914
1481	273.207642943555
1482	259.522646851015
1483	274.439166705209
1484	290.756646831369
1485	260.196463914643
1486	289.515158287643
1487	279.978742945348
1488	266.212592040751
1489	275.531439417805
1490	276.556922195833
1491	274.955837857382
1492	270.578840252343
1493	264.46120314727
1494	271.753000488269
1495	274.401757637548
1496	270.848331758225
1497	290.704745296998
1498	280.109808393003
1499	276.863138703549
1500	267.593067012737
1501	276.355739069941
1502	266.408893642977
1503	275.201277677694
1504	262.576489283778
1505	277.10136993916
1506	277.972586918865
1507	276.213196745526
1508	279.1065510093
1509	268.360576122872
1510	278.013907134088
1511	278.167325927432
1512	273.77541051734
1513	272.805463811783
1514	283.537244440968
1515	263.53722322312
1516	255.330750951381
1517	277.878101398201
1518	274.7593633823
1519	278.589480068298
1520	280.486801538167
1521	261.524225978323
1522	269.102328238765
1523	264.526642749917
1524	279.15725969465
1525	266.270040034706
1526	280.015404717094
1527	278.613107047966
1528	277.347243113073
1529	275.505497029971
1530	262.882352862583
1531	284.274107735985
1532	267.81417921245
1533	263.527298458955
1534	277.310255475903
1535	272.311623000308
1536	274.84661008278
1537	269.119071877695
1538	286.392047516656
1539	274.724260241848
1540	268.917845047459
1541	259.601995549915
1542	282.371668116635
1543	278.760145811379
1544	281.901521972871
1545	269.887961169489
1546	268.499621461228
1547	288.094036343121
1548	263.785799129165
1549	275.671409930844
1550	268.01025872731
1551	286.705093444871
1552	255.308834351327
1553	260.131014509487
1554	266.098551221828
1555	280.635062580397
1556	263.630759255064
1557	266.522714889651
1558	284.021141457425
1559	263.993513411631
1560	267.396915804593
1561	275.606059377291
1562	282.144136751751
1563	268.802365301653
1564	278.054639638558
1565	280.400835424412
1566	266.891700186202
1567	269.771854212168
1568	266.369364628515
1569	257.471518727055
1570	266.40434820786
1571	263.281739187527
1572	277.760755998259
1573	271.268374216571
1574	276.850491123446
1575	273.011124356426
1576	276.423814143176
1577	270.760496818074
1578	285.841837410088
1579	270.321376040458
1580	253.733798891309
1581	273.554025421632
1582	265.978143974394
1583	287.466005778801
1584	278.262978087327
1585	265.531292445899
1586	262.894811888507
1587	282.174051676693
1588	266.919207309152
1589	265.362882362313
1590	264.427538526895
1591	277.29847719268
1592	274.361237994374
1593	269.365570054493
1594	285.219331208527
1595	284.614859988285
1596	258.503750343187
1597	278.224685678776
1598	276.427308492728
1599	274.588538393246
1600	278.53781077348
1601	274.24107554148
1602	264.038150978568
1603	259.142308790019
1604	277.803583648692
1605	285.235026061899
1606	290.042118278084
1607	266.89446297011
1608	268.96875500297
1609	271.156406144899
1610	277.868636651158
1611	267.511652241537
1612	277.614424973579
1613	277.863017787435
1614	268.157182147349
1615	281.089582244693
1616	277.61735307624
1617	271.040273204468
1618	284.521419508604
1619	272.27513729789
1620	286.854403812408
1621	271.715600542229
1622	268.279063835908
1623	260.209252579947
1624	254.652444639277
1625	278.404927941796
1626	279.973278275902
1627	273.85989064004
1628	282.512855788603
1629	285.533886767889
1630	273.127027650897
1631	267.335414100116
1632	280.447936444481
1633	267.88452519328
1634	282.850379081472
1635	270.403218533889
1636	282.321583740786
1637	271.710733725191
1638	262.229374569338
1639	279.803171408217
1640	272.657959747676
1641	289.344517684282
1642	267.52283956012
1643	280.775079378213
1644	277.467631450624
1645	275.762144139764
1646	274.119618606438
1647	282.076355554501
1648	286.141494406827
1649	272.746456190344
1650	258.957710064937
1651	292.755002595422
1652	267.966204228292
1653	275.253306280108
1654	267.415765470313
1655	263.833019612818
1656	261.766297439338
1657	255.979866242635
1658	269.309924632405
1659	268.44122339183
1660	269.532582611012
1661	271.481355751884
1662	285.428264886636
1663	276.690786261613
1664	271.027014608114
1665	284.410438429255
1666	264.894757719992
1667	283.526635391185
1668	278.839572671578
1669	266.50376508638
1670	262.536485035287
1671	269.246318141764
1672	290.494293587852
1673	280.364772921496
1674	275.871872679117
1675	264.452538691164
1676	266.524129657164
1677	277.593063586219
1678	265.489263599811
1679	279.062123966503
1680	270.35564983765
1681	260.1031939578
1682	276.780717733612
1683	280.453249004757
1684	274.955456749214
1685	276.018764554066
1686	281.891812106055
1687	254.61436474799
1688	272.822942688802
1689	283.708483073122
1690	256.589691315172
1691	274.097609096952
1692	279.966542623959
1693	273.118331913618
1694	273.330077546377
1695	288.83944022267
1696	273.676921444833
1697	265.597248735819
1698	271.301701739178
1699	260.779143089523
1700	278.544458475845
1701	272.825150211958
1702	267.662611489618
1703	280.133556221262
1704	271.313196444505
1705	266.928957789379
1706	284.480806483532
1707	271.278613982056
1708	279.319298266945
1709	270.070814991178
1710	281.155959603051
1711	279.216025122968
1712	282.789472334364
1713	272.936610921118
1714	274.742176931245
1715	280.268299003021
1716	287.602128773338
1717	271.592362192493
1718	267.556584774128
1719	271.055644230552
1720	282.060247766154
1721	268.731824713659
1722	287.068651720234
1723	279.885323431923
1724	263.181293023316
1725	256.769210981595
1726	268.909941551467
1727	265.20855930847
1728	261.562594694826
1729	287.501040901354
1730	283.359833564207
1731	272.355552739876
1732	268.099240432406
1733	272.030964837349
1734	270.632030756778
1735	275.199419302869
1736	283.340799686001
1737	263.244527876207
1738	290.130175743665
1739	273.327491754145
1740	257.410801687421
1741	280.507406976505
1742	274.677598815789
1743	272.338949153083
1744	273.290653650257
1745	268.792037261774
1746	282.12809923645
1747	275.792442039708
1748	283.452940817717
1749	274.98388742827
1750	279.053916624461
1751	280.3304954402
1752	261.667245466085
1753	273.036821943076
1754	271.906469411573
1755	273.901606577106
1756	278.383414586426
1757	270.887367675764
1758	282.859291289304
1759	275.406587437126
1760	276.370040947881
1761	269.43468732084
1762	283.436802920249
1763	269.907732255641
1764	266.770704871122
1765	273.016581372106
1766	259.187261227153
1767	265.707777779203
1768	276.688452591472
1769	273.377584394627
1770	274.097433338345
1771	296.13389744658
1772	273.841033506141
1773	271.543760352529
1774	266.053780051146
1775	282.378138019092
1776	268.825894051643
1777	279.045919733551
1778	258.279051593173
1779	264.589660923938
1780	277.377351456895
1781	277.1545695104
1782	278.481169393405
1783	275.186514807643
1784	265.312699965289
1785	283.932912411346
1786	285.467092014532
1787	253.844278381677
1788	267.782430165994
1789	272.684537050814
1790	269.219850482708
1791	280.53230602039
1792	280.526552545326
1793	271.403975365344
1794	285.153140698139
1795	268.322400674127
1796	281.960648818242
1797	282.021400652744
1798	271.208521753586
1799	279.345638086512
1800	269.566657086421
1801	263.082540600529
1802	263.571635281974
1803	278.613903420565
1804	273.084239434764
1805	265.105630184229
1806	268.335441698963
1807	295.616347627519
1808	273.016922074765
1809	266.257391551758
1810	270.013046965829
1811	269.155369582514
1812	288.462201054234
1813	280.839653210477
1814	275.294361646884
1815	278.235203280536
1816	264.127405952396
1817	280.925201639642
1818	283.707550842057
1819	270.276606498557
1820	270.728330538464
1821	266.181185451883
1822	260.458801666342
1823	285.940817915999
1824	277.208514044253
1825	283.307716230497
1826	271.570234800509
1827	286.828970923433
1828	279.419153232041
1829	263.27983792717
1830	270.016848349077
1831	264.103376105864
1832	261.676119251577
1833	287.261400097846
1834	276.657435488193
1835	278.89951776202
1836	267.218321483921
1837	271.007364695472
1838	289.387302974452
1839	262.066798166715
1840	280.815724353513
1841	261.015757798831
1842	254.11373583132
1843	259.838232772186
1844	282.03608241336
1845	272.150491437039
1846	279.007748393883
1847	279.257719853907
1848	277.679279383354
1849	274.715782420133
1850	293.734105399876
1851	269.931573410955
1852	270.015187128618
1853	257.022795148662
1854	279.133041431873
1855	288.852823825434
1856	282.108704648603
1857	263.808255194257
1858	287.345531479242
1859	280.349694963253
1860	274.636531362196
1861	283.084974209864
1862	278.63318631617
1863	258.737634785426
1864	264.212219022023
1865	271.99980427723
1866	272.24158885452
1867	275.352678250242
1868	261.879728205105
1869	274.807798141784
1870	292.944428492376
1871	265.655360124696
1872	274.305675440003
1873	279.131321683648
1874	272.718583874791
1875	270.539609282547
1876	281.23985700238
1877	272.360899451557
1878	277.395016472824
1879	283.104063672761
1880	276.965359768885
1881	273.678185986821
1882	279.244302210435
1883	269.683522733687
1884	271.531993269717
1885	265.786493019108
1886	273.871466438608
1887	274.310298631113
1888	282.629395880441
1889	269.647432604827
1890	276.108054074998
1891	272.316248584997
1892	279.408927853367
1893	273.779957044298
1894	280.525932168445
1895	277.196451330084
1896	290.252198155256
1897	273.456821427755
1898	267.198042933925
1899	269.891335631966
1900	273.955547059239
1901	276.665411431605
1902	272.401692417237
1903	273.099802877315
1904	268.196705718775
1905	269.227410599886
1906	270.709797611171
1907	271.295946928835
1908	281.621528837897
1909	280.279068819658
1910	277.066436064436
1911	280.327844770893
1912	261.775253582884
1913	289.542771687635
1914	266.658163727651
1915	266.446093581588
1916	263.537131946239
1917	256.944404726838
1918	269.548556004101
1919	268.808327279447
1920	268.818004192681
1921	273.449115342898
1922	278.767849856229
1923	285.85544310886
1924	278.502544571133
1925	278.301415899989
1926	295.829962972574
1927	281.224473367635
1928	282.139844150377
1929	284.234208744265
1930	276.537485055392
1931	265.520983515729
1932	274.392103960333
1933	279.611081694705
1934	268.246072371927
1935	279.183313056327
1936	284.29322444574
1937	279.707675676138
1938	276.726938360315
1939	288.066273510341
1940	269.475990226133
1941	271.031857102635
1942	271.38940066856
1943	262.032237427974
1944	273.186926441425
1945	272.657170672512
1946	266.107630101305
1947	270.638918017295
1948	282.544650030163
1949	285.725325144488
1950	268.328759328697
1951	273.328643763743
1952	273.199539794649
1953	277.109237275401
1954	272.274501905931
1955	270.754174682799
1956	270.122718604751
1957	268.765056406056
1958	288.159605531464
1959	286.326777447346
1960	257.358392117608
1961	268.457472977865
1962	268.837780125212
1963	284.877444685832
1964	261.578936224052
1965	272.073999483301
1966	280.142253563962
1967	270.408647768405
1968	265.880345776404
1969	266.912754957267
1970	268.715798734713
1971	267.600217988213
1972	267.154719527764
1973	279.133909951048
1974	270.376930613958
1975	273.910795526381
1976	272.234201503249
1977	279.481460435301
1978	280.680685399404
1979	273.913867702596
1980	269.230175018682
1981	273.186103750306
1982	270.862565117871
1983	259.859277222628
1984	271.681162071028
1985	273.606067894206
1986	263.806114456951
1987	260.576927288865
1988	272.722644656164
1989	267.254082586863
1990	279.606257586295
1991	290.038601837304
1992	282.176866127635
1993	274.073471664066
1994	282.75373334419
1995	285.612699141337
1996	273.550283930357
1997	278.067869193989
1998	272.126975651767
1999	280.160092815916
2000	287.493656694081
2001	259.132482846259
2002	272.132601551266
2003	273.118964291607
2004	268.403124309758
2005	273.909028931673
2006	280.662350995909
2007	288.253858476749
2008	260.971903311649
2009	269.595634062156
2010	264.240896965906
2011	275.390852568997
2012	280.391237207419
2013	262.079371516681
2014	269.575528572448
2015	277.546387625073
2016	276.288052060596
2017	271.465929890322
2018	268.391594541228
2019	277.815900960529
2020	272.453022977206
2021	255.297246252542
2022	271.79419062987
2023	288.879548539171
2024	262.652455970874
2025	273.289661534644
2026	260.880376479971
2027	267.723816900801
2028	263.593973160482
2029	271.924371641314
2030	282.123119136356
2031	293.692279675894
2032	285.974559784416
2033	268.750818319757
2034	276.509490589782
2035	285.20010129242
2036	272.28929626218
2037	269.413700290659
2038	280.245473622011
2039	253.431393707211
2040	282.192679857629
2041	259.88684414969
2042	264.334603252638
2043	274.058070393563
2044	282.362989689015
2045	274.043141301497
2046	262.897499998546
2047	268.977606838799
2048	267.764150036293
2049	276.11110922047
2050	285.096052430912
2051	270.337901974406
2052	275.59503084797
2053	268.512841825056
2054	269.481782458573
2055	275.098393962257
2056	288.108450785697
2057	277.627177141204
2058	269.661866625613
2059	269.645300630436
2060	273.977367824929
2061	283.1471157758
2062	263.13523362219
2063	259.105724305152
2064	279.693913698267
2065	288.625537274508
2066	258.245901935802
2067	267.162858298121
2068	277.851978932828
2069	270.315912364675
2070	281.791999731359
2071	274.793324781664
2072	283.831265190714
2073	271.977247592182
2074	284.402615324925
2075	276.701809289993
2076	266.655525354358
2077	287.815587470807
2078	266.817532823361
2079	286.408105190544
2080	256.671520314297
2081	262.913776550156
2082	279.13300556934
2083	273.748094287897
2084	275.575098710127
2085	272.040375105591
2086	275.132773865822
2087	275.752168108686
2088	275.808182130638
2089	281.419952035876
2090	272.440233977809
2091	261.098259492702
2092	283.374410105726
2093	280.889785939507
2094	269.929627834517
2095	264.180721146218
2096	284.488729882345
2097	282.267131277441
2098	283.192269099114
2099	274.68431305069
2100	275.198307391057
2101	282.992328122747
2102	269.753748984726
2103	275.410430169341
2104	268.054674496403
2105	282.638058538208
2106	272.335873648905
2107	277.583848786105
2108	283.292526708679
2109	281.243470337062
2110	261.574023740019
2111	283.968440685032
2112	274.933155476497
2113	281.934600419617
2114	266.754611258813
2115	273.432391723207
2116	271.4832436826
2117	279.580164171895
2118	276.467654045661
2119	271.390453456235
2120	264.389130890119
2121	294.164514265269
2122	276.168862394597
2123	276.182125218587
2124	275.442709973242
2125	282.618782472528
2126	265.484817522988
2127	276.180927031685
2128	285.03519064003
2129	265.226951951629
2130	260.34292251394
2131	272.41282613533
2132	263.844660173117
2133	270.622942832116
2134	259.731352430523
2135	266.682899664848
2136	284.730178497194
2137	274.154315326804
2138	273.375866370144
2139	281.372020647592
2140	264.573864476973
2141	279.381856873398
2142	258.58806955332
2143	275.537483019866
2144	276.559500059158
2145	278.145061394229
2146	269.096062790012
2147	273.210288139811
2148	268.741292161101
2149	282.662210777382
2150	265.269483924613
2151	264.97349217844
2152	275.638544472512
2153	278.344713829183
2154	278.135660850226
2155	278.973365071593
2156	262.978061238409
2157	271.104515692554
2158	264.169210989052
2159	275.487164452112
2160	273.766318994226
2161	261.842239045761
2162	272.063469916628
2163	290.109436218934
2164	283.003288208168
2165	270.500241793792
2166	265.079910363267
2167	276.977538182146
2168	264.099587589974
2169	273.162469383819
2170	274.205151760965
2171	278.33307661145
2172	265.310845442178
2173	263.235666155782
2174	279.45827652109
2175	276.222529122081
2176	286.738568831831
2177	269.188294766614
2178	273.625369181125
2179	257.317230593522
2180	273.779535534565
2181	271.126229032588
2182	279.066087592814
2183	278.206878836727
2184	261.066119833885
2185	284.986411673046
2186	272.52766668553
2187	260.031980321228
2188	264.874965085057
2189	269.09800732599
2190	282.597924976963
2191	265.176551445207
2192	284.862046244774
2193	274.561086423361
2194	274.341774715763
2195	263.145939932704
2196	261.981709537907
2197	295.086932374758
2198	279.927344515792
2199	255.316831946861
2200	273.826006035445
2201	276.540643634317
2202	274.58225316317
2203	266.76320874462
2204	285.997446397769
2205	274.919864262047
2206	268.315867107265
2207	275.362659229964
2208	270.508038956004
2209	262.378725297647
2210	268.197851393348
2211	281.702363545091
2212	273.628374432683
2213	268.546129546578
2214	268.292285886255
2215	264.512497604742
2216	274.837836242448
2217	275.576803717985
2218	275.417063875133
2219	288.291258133093
2220	283.988651935699
2221	265.194026739414
2222	260.612185793652
2223	266.335762732037
2224	253.275757345057
2225	274.413795759136
2226	278.49393800422
2227	276.820521841652
2228	268.568706292635
2229	265.727116739309
2230	273.816882745777
2231	284.81536565297
2232	269.740129819117
2233	270.663701078101
2234	258.483417655684
2235	260.002513302628
2236	268.309115687181
2237	289.5310847878
2238	261.692916165547
2239	276.011201396697
2240	260.506322512723
2241	270.476345070731
2242	278.723722144417
2243	272.332832286022
2244	272.855832749635
2245	271.321796213318
2246	265.549477378873
2247	272.802215055184
2248	268.448093079366
2249	264.773801223943
2250	265.968023916523
2251	260.213826376528
2252	273.489969131816
2253	268.670064532669
2254	281.068936482291
2255	273.442742645071
2256	270.57946120614
2257	264.920497421849
2258	267.927251979735
2259	260.363510599934
2260	269.104418049042
2261	280.44621399286
2262	276.333572400663
2263	280.160420530795
2264	262.083515667665
2265	270.354910805388
2266	283.939804703294
2267	264.821462115695
2268	258.264235039224
2269	283.691551881893
2270	269.135099399997
2271	279.193669390306
2272	257.76556789062
2273	274.423378139695
2274	277.856941361551
2275	273.810784257367
2276	283.108663099321
2277	266.971080273303
2278	280.930787331033
2279	276.726905482003
2280	271.738619028867
2281	285.416680644982
2282	289.250928640919
2283	286.471160661927
2284	273.292262859035
2285	256.026268818928
2286	276.222687511279
2287	270.342478547375
2288	273.609293145016
2289	274.597413419517
2290	278.455447054913
2291	276.650378606393
2292	286.352446193201
2293	259.546694774835
2294	263.263907857188
2295	272.402529722166
2296	275.125983736295
2297	270.172892443114
2298	288.371594816788
2299	271.317633688151
2300	275.765188060683
2301	270.269149785858
2302	274.748228245439
2303	266.070540178044
2304	260.863026638458
2305	281.653368696262
2306	266.757012324234
2307	282.996900285337
2308	266.166372693159
2309	275.329383400447
2310	257.59731690101
2311	288.816111128092
2312	281.113254817786
2313	271.328312335857
2314	280.267556915423
2315	275.120118187509
2316	263.445442275106
2317	273.661402544718
2318	257.537670298635
2319	275.276548346355
2320	268.374656193294
2321	265.159939050995
2322	292.650082829484
2323	266.170516455855
2324	271.54511340378
2325	276.384073527187
2326	263.77493160664
2327	281.974484154999
2328	263.242407424371
2329	274.558503283415
2330	281.560896777965
2331	263.385311893911
2332	273.799090341426
2333	268.882423548232
2334	272.42845639281
2335	289.208112744279
2336	281.868193058195
2337	267.627193307044
2338	277.941118062416
2339	269.192854502883
2340	291.945385375594
2341	264.389981417963
2342	268.78230810938
2343	273.638448549019
2344	270.064402181182
2345	285.795419547159
2346	288.310993467406
2347	266.34837693176
2348	274.01832347305
2349	268.791967017662
2350	263.599359468798
2351	284.915815426149
2352	269.085002531762
2353	268.600648796941
2354	271.185162611463
2355	280.488075370429
2356	266.078003927378
2357	264.407800965452
2358	267.30376794329
2359	278.547872588306
2360	279.353731137026
2361	276.348869974511
2362	276.153407410934
2363	269.701753613462
2364	266.242586519807
2365	273.927995481984
2366	280.377717421882
2367	280.670821787584
2368	269.566536662537
2369	259.969606493938
2370	286.213876810435
2371	290.182711948739
2372	267.926694703184
2373	274.382143765822
2374	259.139023801878
2375	271.656972971333
2376	276.402674642026
2377	281.249440460352
2378	264.205220266668
2379	277.227053049021
2380	273.268962558339
2381	274.283561585838
2382	267.148850052688
2383	283.675882796427
2384	279.164927876095
2385	279.663466896075
2386	268.357437465141
2387	275.52627405689
2388	274.103292827286
2389	266.989602310405
2390	255.914528251354
2391	262.556445935123
2392	285.247036650276
2393	272.322392972077
2394	272.143393328585
2395	278.126161187158
2396	267.244160843374
2397	277.803164978505
2398	275.241519103878
2399	286.735009161233
2400	276.776725465459
2401	270.781074121947
2402	261.599896497628
2403	264.216623256399
2404	264.193779502769
2405	271.080694270443
2406	280.475112219324
2407	277.582490309198
2408	285.027290924937
2409	285.93299606452
2410	270.803200021242
2411	263.129050349139
2412	286.741431753177
2413	289.273374661933
2414	278.339765652426
2415	289.315338965839
2416	259.787722263268
2417	273.404403456081
2418	289.528015478314
2419	282.223482058031
2420	277.822877886897
2421	268.952452342809
2422	264.040027376478
2423	281.798096184321
2424	271.128605064348
2425	272.85516425554
2426	257.824352188265
2427	290.123531893844
2428	280.466348704218
2429	278.206159224202
2430	269.517774614072
2431	261.397517380476
2432	268.375754317594
2433	284.028732760737
2434	277.697510273821
2435	279.184031244533
2436	281.988197814301
2437	271.42996824793
2438	274.55946471008
2439	273.83347560377
2440	280.59757457002
2441	271.621834906885
2442	277.12045359851
2443	268.363723628783
2444	278.689170206583
2445	279.120000661402
2446	280.699535521179
2447	268.101076691983
2448	268.142667754196
2449	255.773456639143
2450	295.262553591867
2451	265.966682492235
2452	265.668714544536
2453	281.214676506098
2454	276.955564653248
2455	273.875402558837
2456	284.730427650675
2457	268.776393275732
2458	268.057946080075
2459	262.217188877421
2460	279.918109292516
2461	252.637104309398
2462	268.574750101028
2463	270.533758696445
2464	280.272187500144
2465	269.261132046676
2466	292.852026876677
2467	267.69482703175
2468	266.216094558451
2469	277.444337773873
2470	291.561498100167
2471	273.52922692286
2472	259.231235684824
2473	274.178201367386
2474	267.203652313713
2475	265.675863859095
2476	263.828699955867
2477	283.179908113778
2478	274.214545686692
2479	275.563963140545
2480	277.686900860382
2481	281.323909218075
2482	262.10683862958
2483	272.65574448369
2484	271.831591701171
2485	261.318541701626
2486	267.757009729653
2487	276.287274210402
2488	290.939815794506
2489	278.692924127706
2490	269.550789254386
2491	250.189976204207
2492	279.579271728857
2493	272.837973832274
2494	277.268643053955
2495	265.100986677875
2496	277.226203140421
2497	276.719704900176
2498	274.68394150352
2499	265.974472146577
2500	277.902892058158
2501	263.962787518577
2502	287.475389951082
2503	271.96190246327
2504	272.103148434853
2505	284.55417509061
2506	266.444061762845
2507	282.382699179573
2508	279.155273907099
2509	262.885491515376
2510	285.019185532323
2511	262.043732397512
2512	255.642784915122
2513	265.684048469557
2514	277.481686614912
2515	275.828218853823
2516	277.552165694878
2517	278.338771510423
2518	272.636416155898
2519	261.029953577081
2520	253.899964683898
2521	264.386565510851
2522	280.198287886075
2523	267.736684182156
2524	275.518028205376
2525	266.547574035726
2526	284.25152434249
2527	282.2820687379
2528	278.426400787918
2529	278.903622176283
2530	270.774204609343
2531	280.15261574642
2532	268.519323189345
2533	269.375193099207
2534	254.345924177288
2535	271.169748864015
2536	269.328249629117
2537	268.76448886261
2538	270.08617736998
2539	263.7332899553
2540	265.874057722928
2541	277.077211911588
2542	268.880150862175
2543	260.737343796929
2544	272.4449832741
2545	268.681048665383
2546	274.12266081938
2547	266.557737859474
2548	276.043391849863
2549	264.893283544095
2550	268.175573375185
2551	273.23002969354
2552	269.379324433942
2553	273.879987183526
2554	262.715252843673
2555	294.709857025778
2556	272.756751762396
2557	274.484898901455
2558	290.653790325626
2559	280.265379496181
2560	272.47985343433
2561	280.804193391736
2562	259.195843600716
2563	259.200519354629
2564	272.221952542378
2565	271.081932688123
2566	276.124804857463
2567	273.482813953575
2568	260.525869225389
2569	275.125525945863
2570	279.912941994612
2571	267.060805359337
2572	272.125866879383
2573	265.894742471201
2574	278.140319124152
2575	274.30121753299
2576	280.987512070909
2577	271.994102438637
2578	263.708927846492
2579	291.716508141289
2580	267.761790201871
2581	258.121563632559
2582	271.566644822294
2583	278.201913338887
2584	277.323510882529
2585	273.081724271393
2586	263.442954287517
2587	254.335586850655
2588	267.015226043177
2589	270.316127685355
2590	271.392093555695
2591	277.558613139434
2592	278.999899757029
2593	264.309251866681
2594	276.022449140737
2595	282.28254663431
2596	266.449849446588
2597	263.07522382983
2598	268.321454203354
2599	271.154065246977
2600	256.0108268547
2601	277.138074700272
2602	270.746813818545
2603	279.918689731398
2604	250.884244830531
2605	288.208970969598
2606	269.34571891635
2607	281.767982994974
2608	262.616611219399
2609	271.102112871123
2610	278.185553388514
2611	272.468095854134
2612	270.221185489859
2613	267.984001740791
2614	256.716942311424
2615	284.467541891987
2616	271.761953934071
2617	271.745031985211
2618	276.291851434518
2619	266.603179663094
2620	273.66274351219
2621	272.927568349311
2622	281.968856938427
2623	269.591765751534
2624	268.294774254658
2625	268.27000448159
2626	278.21666636009
2627	267.959793207556
2628	280.90964992291
2629	273.032123513804
2630	260.789148489349
2631	286.84008818584
2632	264.341875540385
2633	266.287950328601
2634	284.655125976407
2635	276.910561014789
2636	267.332025650932
2637	270.801294736886
2638	282.07201433201
2639	277.861004117857
2640	283.796029350419
2641	263.811487502634
2642	284.190289709955
2643	279.683163509738
2644	272.007319625264
2645	272.25535273577
2646	268.693069818674
2647	266.522140409679
2648	274.313611433075
2649	277.00171328409
2650	283.784740681981
2651	263.404141094743
2652	265.181298219924
2653	274.797513510484
2654	269.069048826994
2655	281.644506685606
2656	284.748261566112
2657	275.502859480226
2658	279.542767140121
2659	286.706533324854
2660	272.649214405391
2661	277.007915043857
2662	274.082059517704
2663	270.483269898311
2664	271.145957349921
2665	285.793279759438
2666	275.474659603132
2667	274.703670078153
2668	270.041754677767
2669	267.459432847317
2670	284.566751389509
2671	276.148488677159
2672	270.102805402739
2673	274.016553731292
2674	257.427951031681
2675	270.119382723612
2676	269.975830741802
2677	287.130157951393
2678	262.282273849679
2679	286.356933094851
2680	272.439173078065
2681	270.480426510996
2682	276.318404050429
2683	277.44789650216
2684	283.757652815299
2685	282.509024490283
2686	274.706732323448
2687	273.803024647752
2688	278.997984120669
2689	271.901923579117
2690	264.387009631226
2691	276.3667579307
2692	269.477199278893
2693	267.693428108223
2694	267.296635169835
2695	264.682568105958
2696	256.581527590439
2697	259.353533550187
2698	281.797616147327
2699	276.333087550038
2700	280.022008491278
2701	273.631556970936
2702	285.08620068514
2703	278.87192999727
2704	284.423700764211
2705	261.191165639432
2706	275.375161230428
2707	273.918925467358
2708	282.904690227958
2709	276.85147077895
2710	279.113252148495
2711	288.178296782425
2712	264.550176262472
2713	266.94799988982
2714	274.648897291679
2715	269.885609940098
2716	264.779965530814
2717	274.300414448207
2718	270.147938748556
2719	281.000138263276
2720	263.036442584435
2721	267.332663221897
2722	264.98318208952
2723	250.096389221595
2724	270.575711427115
2725	275.099096997953
2726	274.109390913727
2727	266.012201914097
2728	266.920995272365
2729	278.598542625292
2730	255.378114995746
2731	277.216682240432
2732	281.048333496293
2733	276.708506353283
2734	286.076440404994
2735	274.152260615005
2736	282.743316577124
2737	287.815153382258
2738	260.478505330472
2739	267.94954032397
2740	272.216072883342
2741	292.417364831753
2742	283.3174192989
2743	261.452233294835
2744	252.513611706435
2745	278.80592275387
2746	277.927560478536
2747	259.534751822187
2748	291.021951338206
2749	283.173633878856
2750	265.995024140172
2751	273.915680761979
2752	285.016007455089
2753	276.141160171541
2754	274.275561273794
2755	265.415808420561
2756	269.85399355681
2757	268.216315020078
2758	270.015707027019
2759	267.307374548746
2760	265.366486891759
2761	278.548789277143
2762	276.718197682729
2763	266.149013625479
2764	289.045204997485
2765	269.246383073942
2766	269.122477137802
2767	273.851826674645
2768	282.574273473107
2769	260.506404626775
2770	273.749324801665
2771	276.721039444529
2772	268.027899375419
2773	267.807912321164
2774	287.748907054045
2775	281.994582434055
2776	275.451510318443
2777	258.163797665233
2778	280.23207304159
2779	266.539616639182
2780	279.274504893696
2781	283.928889222484
2782	273.433875899763
2783	264.759845330348
2784	265.383240074858
2785	286.718280451686
2786	270.296688274119
2787	268.009674376537
2788	266.8286968644
2789	270.131519193026
2790	281.571935992623
2791	284.295394821513
2792	268.290541534383
2793	273.407317240178
2794	278.003830323502
2795	276.328220229182
2796	270.237898065771
2797	275.42173344339
2798	260.312458593456
2799	270.453956835721
2800	269.571424297652
2801	277.690442103681
2802	260.745156567794
2803	280.741522472011
2804	267.571281454453
2805	279.445465687495
2806	276.063792090231
2807	272.313592397785
2808	264.16474585741
2809	271.284619688458
2810	272.622426730607
2811	276.470374136386
2812	263.437357379058
2813	281.466139503901
2814	270.278928888219
2815	259.036231822118
2816	263.980669356862
2817	285.531564745804
2818	270.209627890314
2819	286.721998656938
2820	276.310533404977
2821	252.097785461138
2822	269.885905650227
2823	264.214754511428
2824	272.686607030086
2825	264.560189956142
2826	278.90532812006
2827	263.245841051967
2828	270.014819870618
2829	268.546486446138
2830	269.189020585137
2831	264.599066746738
2832	267.657551846127
2833	269.263866726403
2834	278.256999790336
2835	263.560637598639
2836	281.092618597881
2837	268.804773556743
2838	260.718345545093
2839	272.644792559407
2840	273.881496851865
2841	260.584087294121
2842	268.170083325108
2843	273.262166455196
2844	268.354338215969
2845	271.651841455845
2846	276.205923480396
2847	268.79034704478
2848	277.706141030428
2849	279.555530363098
2850	277.658284828393
2851	274.489220188145
2852	275.157095805047
2853	275.969619626297
2854	275.411285771476
2855	270.822494224158
2856	291.607132318369
2857	275.653954711426
2858	280.338046361602
2859	274.389428554535
2860	276.377397118782
2861	276.499915271071
2862	278.489233658838
2863	273.587300698148
2864	267.591699130259
2865	263.718432792457
2866	265.777831520876
2867	273.266945943384
2868	280.10525836306
2869	270.234980690676
2870	287.180386455822
2871	273.858858802663
2872	276.003831588432
2873	267.252507108795
2874	268.510718438048
2875	267.688942164923
2876	278.693679281745
2877	266.26515991525
2878	273.708270036892
2879	281.95756487938
2880	266.328803710285
2881	281.315516758167
2882	279.25420332923
2883	267.487737943352
2884	263.650022127108
2885	276.86924257587
2886	267.292505717049
2887	273.873085464343
2888	269.922574683776
2889	267.59584077159
2890	284.370787175495
2891	272.358726561104
2892	276.099351336999
2893	262.87497007988
2894	263.439286850688
2895	273.25589159569
2896	266.943541907837
2897	257.07269906955
2898	276.39612706561
2899	268.589363849518
2900	287.763085274117
2901	276.81995836356
2902	264.101705853059
2903	265.680358166624
2904	282.04813933329
2905	271.604594753184
2906	262.060723659495
2907	268.347600428178
2908	276.297218003299
2909	263.83744290195
2910	278.517472130777
2911	265.052594395746
2912	275.010871542238
2913	287.967170393294
2914	277.342117429156
2915	273.841086941267
2916	267.099481767495
2917	276.115564572902
2918	312.036403125695
2919	262.104198310295
2920	264.468832800118
2921	287.492065206952
2922	281.756395409207
2923	272.380910965523
2924	260.149256678793
2925	278.079175438958
2926	270.073779342156
2927	278.823221258365
2928	258.177390832469
2929	282.616098383331
2930	274.825100772177
2931	275.878246937873
2932	268.448375121822
2933	281.180330071835
2934	264.607206339327
2935	278.793746772027
2936	274.035500288601
2937	277.503038843353
2938	276.440905094851
2939	273.849306931942
2940	270.955891900063
2941	269.124255791738
2942	275.484101446383
2943	280.735401828968
2944	262.223863828685
2945	268.281630292371
2946	260.083498493982
2947	288.33729056597
2948	262.607991475839
2949	262.822239597697
2950	276.442232109111
2951	276.822965484813
2952	275.142202643089
2953	260.17990199295
2954	283.454169403278
2955	257.038381412515
2956	278.38371335693
2957	280.408253424131
2958	277.236811894265
2959	269.969171585646
2960	268.565010111014
2961	277.386825988597
2962	274.786635583591
2963	285.444292429887
2964	278.923162274376
2965	272.87567823267
2966	274.093597416356
2967	284.597178345032
2968	274.344732571476
2969	271.349686785553
2970	273.360404229194
2971	277.376952891647
2972	270.291815463251
2973	279.735395626701
2974	284.764317601993
2975	285.464119386953
2976	269.493643556398
2977	282.304188380501
2978	269.255599665477
2979	285.603324680654
2980	279.000905976025
2981	272.676464959407
2982	277.139923301307
2983	269.691029135968
2984	260.727589293118
2985	270.246538129367
2986	257.528055513913
2987	273.967844490426
2988	259.890400875775
2989	272.836985733065
2990	269.311664051649
2991	286.069298099007
2992	273.616526924232
2993	274.388321021559
2994	277.445422728127
2995	268.328016024962
2996	275.29925481951
2997	280.768648783749
2998	278.739246601858
2999	265.834880260457
3000	273.081344642349
3001	271.203143313555
3002	270.66806968654
3003	263.906130371557
3004	256.681418089876
3005	275.011419961592
3006	271.566010457316
3007	269.110514203434
3008	286.256133119017
3009	281.600447415617
3010	282.602488278705
3011	262.489908779368
3012	264.284081877574
3013	275.847895878981
3014	263.942481793905
3015	285.130951269646
3016	263.260794499234
3017	280.727984981071
3018	277.542531793003
3019	280.105913720912
3020	273.12078022309
3021	269.208057149872
3022	277.121276345121
3023	269.048865780715
3024	274.793425705219
3025	276.398585174059
3026	278.983204671284
3027	278.69323885413
3028	272.605673666393
3029	284.995619705541
3030	265.180187680662
3031	259.48022253138
3032	277.084788146064
3033	277.258928173184
3034	274.819819777105
3035	271.309201237343
3036	271.872018256997
3037	271.829894395852
3038	266.75399934302
3039	277.379210945763
3040	281.053614800185
3041	271.550573639408
3042	265.657246613959
3043	279.177550879377
3044	263.051839193494
3045	265.649128343313
3046	279.488897991005
3047	283.148239842143
3048	270.673614923449
3049	264.880183184667
3050	288.837245537931
3051	275.636969926746
3052	280.293011867071
3053	267.840276583932
3054	270.393533473754
3055	270.076289922526
3056	268.639828499419
3057	287.858333260786
3058	271.997593794427
3059	277.810178789536
3060	261.976201676009
3061	268.266096000555
3062	265.009586322821
3063	278.732773928254
3064	275.735256398219
3065	273.58232645323
3066	277.302101476379
3067	286.894036541689
3068	273.724633826417
3069	266.061606255974
3070	270.927648665697
3071	280.849811824385
3072	268.282019740634
3073	277.946599459869
3074	266.424100612612
3075	279.120104386999
3076	270.415500809975
3077	280.630756166218
3078	273.125379419358
3079	259.228383921275
3080	283.970927628945
3081	277.346698699835
3082	268.421598841715
3083	277.493276037814
3084	267.807484572274
3085	275.389497124702
3086	268.531799749718
3087	283.529429273698
3088	280.562846367082
3089	262.943999685581
3090	284.599424690848
3091	280.424945238855
3092	266.953962707903
3093	291.47788105444
3094	264.664790209969
3095	254.19142055801
3096	264.96443721345
3097	281.730353642873
3098	257.374803679686
3099	284.086808152043
3100	272.835764459845
3101	263.845750040248
3102	274.302280092761
3103	269.85758715563
3104	260.620905338657
3105	270.938445047101
3106	257.485355985038
3107	270.528166918175
3108	282.983792680315
3109	275.789143826568
3110	281.413023541832
3111	275.474169779699
3112	283.950846896911
3113	268.239975907031
3114	269.932408089725
3115	286.873540909779
3116	267.267598457765
3117	268.051948060437
3118	271.870033020649
3119	285.538488995872
3120	276.305269992792
3121	259.296039586801
3122	254.192245219973
3123	273.032014856216
3124	259.692532244245
3125	266.070112797771
3126	277.791288129289
3127	276.438956677551
3128	266.481566410259
3129	277.404995060413
3130	269.912890386669
3131	270.295288374748
3132	278.020901908986
3133	262.208961981616
3134	259.944103027689
3135	272.418888534213
3136	261.989749971251
3137	268.254804060098
3138	265.933658270342
3139	281.211056595158
3140	276.263248185372
3141	259.887097847621
3142	276.98633288907
3143	284.126701010859
3144	276.570181046312
3145	279.524535542034
3146	290.367982442779
3147	291.24048221234
3148	278.685758369766
3149	267.41011820515
3150	271.652269160288
3151	258.490556992824
3152	269.634494376297
3153	284.27587347315
3154	263.194033280469
3155	276.561091384541
3156	276.244576608154
3157	270.163237351714
3158	269.374055146559
3159	267.077227190448
3160	276.996713545809
3161	297.326497923857
3162	279.559588487966
3163	258.947139690445
3164	281.625486401628
3165	283.46181473955
3166	278.733651588372
3167	281.441497334346
3168	260.107240801661
3169	286.633609058915
3170	277.360698143534
3171	279.352986634489
3172	268.591577503574
3173	265.578721905481
3174	256.919670394437
3175	279.837597772127
3176	270.8017546169
3177	270.363924478809
3178	272.543857741766
3179	278.572769744466
3180	267.938995032999
3181	276.373478299237
3182	269.624776400147
3183	279.309512150145
3184	276.019034185623
3185	271.511955418861
3186	265.858535068337
3187	266.594033890653
3188	284.868881911534
3189	281.626318887866
3190	270.267925414768
3191	268.041802551096
3192	267.713176107521
3193	276.064891714301
3194	284.817552642808
3195	277.251548547315
3196	264.98760373357
3197	269.943346850576
3198	254.954338606053
3199	278.604558009644
3200	290.427080065821
3201	283.680377933099
3202	274.789478082235
3203	275.956661757526
3204	265.921050670251
3205	269.130175782766
3206	288.515026413736
3207	273.956414153791
3208	266.155294694491
3209	268.152609954819
3210	267.426810950284
3211	265.338239294655
3212	273.947817466752
3213	274.868372500452
3214	264.492718715751
3215	272.978613797572
3216	272.606337988469
3217	276.094572554976
3218	280.547451167437
3219	275.227265126654
3220	290.250913693617
3221	277.060045757665
3222	267.176584672971
3223	277.053603204655
3224	270.731931763371
3225	277.07351150848
3226	273.501176225904
3227	271.635897608884
3228	277.765575642123
3229	272.789727230363
3230	267.346783971743
3231	269.807461338908
3232	272.725850361502
3233	278.479648907443
3234	258.578448403734
3235	281.678974504577
3236	274.081709412927
3237	275.167277487868
3238	271.272235166262
3239	277.557047362137
3240	290.324048029651
3241	282.74298765413
3242	276.928535077845
3243	262.756931458459
3244	272.302646959863
3245	275.859026534917
3246	268.780465077848
3247	271.481869327385
3248	273.765301346113
3249	267.251638690806
3250	269.222989417694
3251	279.890002287137
3252	268.562421368563
3253	270.80155587368
3254	272.610145841138
3255	272.370340408695
3256	269.287200349116
3257	269.843427093776
3258	278.568156176373
3259	270.071811435754
3260	267.631414801735
3261	252.112079247599
3262	266.961513968646
3263	280.33072004841
3264	266.429826123859
3265	258.550944736978
3266	261.353182320248
3267	265.718296361982
3268	280.764168962225
3269	276.652797546234
3270	288.811661940216
3271	283.95707110088
3272	271.321610600424
3273	269.167469414284
3274	267.927228348165
3275	265.532317022958
3276	263.556080086202
3277	275.988177434161
3278	273.324674205399
3279	265.392336375321
3280	277.776580932757
3281	269.704152138199
3282	269.434226851094
3283	278.013027404985
3284	279.302732992433
3285	286.552179432862
3286	276.832792895497
3287	267.021789470358
3288	278.670725902904
3289	265.124807464443
3290	285.542261697029
3291	269.910507691193
3292	277.635288626899
3293	272.263371556514
3294	271.044246922608
3295	267.377324632435
3296	261.273360757522
3297	257.740849280416
3298	273.433224959697
3299	278.438396943773
3300	269.843665582388
3301	273.083946917781
3302	274.696588634868
3303	271.407929110375
3304	268.163780178762
3305	278.83601588567
3306	275.375314538089
3307	270.950931338505
3308	269.416821465634
3309	274.996768227265
3310	282.040365846072
3311	277.504418251524
3312	280.654240259505
3313	271.825776453492
3314	268.189854977642
3315	276.461033357969
3316	274.703457641368
3317	272.609977887856
3318	270.732665659186
3319	276.873046066393
3320	273.663979710792
3321	276.749264239099
3322	276.920557597373
3323	274.564269194255
3324	258.516886233187
3325	274.769864917701
3326	268.18039202881
3327	269.360576922474
3328	283.600968678679
3329	271.522639646621
3330	277.652048684923
3331	268.219746916137
3332	269.430999572115
3333	276.620119817124
3334	270.345176870208
3335	277.725425443181
3336	286.634841234653
3337	278.899065021698
3338	278.412540604547
3339	280.566639964168
3340	272.402744225785
3341	277.455230584581
3342	278.128535119665
3343	281.373554422016
3344	269.495926922885
3345	276.177321528376
3346	270.824064673928
3347	279.751801148138
3348	269.321009242536
3349	256.024244420246
3350	280.624223181439
3351	280.625080826698
3352	273.952400209967
3353	277.460654061044
3354	266.044245280903
3355	283.992035853674
3356	273.172385556384
3357	264.136751416791
3358	266.611218623676
3359	279.789516011028
3360	287.792077518591
3361	274.389760570885
3362	260.219510941693
3363	276.612331838057
3364	272.890736406629
3365	277.555727708932
3366	276.854891084775
3367	277.97921207795
3368	276.362402435591
3369	268.889800267692
3370	289.560243299291
3371	262.497362671278
3372	267.294008530482
3373	270.200805387487
3374	282.823308311968
3375	265.475483498267
3376	280.0736178831
3377	285.098863732776
3378	267.532764509018
3379	274.891456055995
3380	269.178257302841
3381	275.909135531977
3382	271.780900559341
3383	273.742142457901
3384	279.894400595956
3385	268.072082035954
3386	269.687937854885
3387	280.396920632683
3388	274.324642641497
3389	284.592516907243
3390	280.194733829823
3391	265.63191274917
3392	287.006572285872
3393	271.226493739583
3394	267.913521232443
3395	273.277720272157
3396	281.961297448209
3397	267.993076304071
3398	278.232684840644
3399	272.579654746889
3400	281.853886216206
3401	278.846475971256
3402	275.532037434183
3403	275.743446832181
3404	271.241621651062
3405	272.228585709909
3406	275.377129766045
3407	288.488030289617
3408	277.120328604931
3409	273.028003160757
3410	269.26518599457
3411	261.639505669278
3412	286.798823595383
3413	278.88936676032
3414	263.451274305324
3415	271.425426249519
3416	294.36446947983
3417	275.193028612393
3418	272.819925609062
3419	270.724224579898
3420	273.830087926414
3421	282.160429537552
3422	269.646809523099
3423	273.569114634414
3424	273.196632915107
3425	273.566953674548
3426	259.860956895861
3427	284.525448326756
3428	276.285030560397
3429	266.798797007998
3430	284.884753126098
3431	280.422794707053
3432	275.077715899934
3433	263.991333259826
3434	262.522105107525
3435	258.759711122986
3436	281.031584103452
3437	286.594491515878
3438	269.981347220255
3439	263.10343091594
3440	263.1468476197
3441	280.863459321191
3442	266.530430334402
3443	278.360619124448
3444	279.356354759623
3445	276.54996952177
3446	283.313933434593
3447	281.208577438144
3448	278.684317345031
3449	272.772143078351
3450	270.269132064317
3451	276.09046431973
3452	263.219118469946
3453	291.216995452392
3454	275.16845290251
3455	272.59439319823
3456	267.710302753099
3457	269.623838078553
3458	278.669246164187
3459	267.388365028209
3460	273.804023152531
3461	261.238651698037
3462	270.48671363287
3463	290.973158789522
3464	262.537901491488
3465	272.457846195531
3466	263.382994123248
3467	277.980177335424
3468	283.788971407272
3469	269.080435685649
3470	267.439246308478
3471	286.271935673052
3472	283.855249208686
3473	281.908200727542
3474	281.553459146976
3475	277.031100924613
3476	280.033337528978
3477	276.91386577563
3478	285.14964749671
3479	285.39797691635
3480	282.138771665897
3481	267.527440050382
3482	285.022612194741
3483	276.851773918944
3484	271.658965489368
3485	261.870294764575
3486	263.986964070636
3487	272.647238323597
3488	280.699143422322
3489	271.802473084739
3490	273.190512406873
3491	284.611820006626
3492	275.587021811416
3493	272.029655478603
3494	270.66576327827
3495	277.095733082464
3496	266.326595443965
3497	288.2692509849
3498	266.613253555944
3499	271.158226721203
3500	286.063679151645
3501	286.448158970022
3502	280.265562877188
3503	271.34570377699
3504	261.318978967286
3505	256.736329241837
3506	274.0224867141
3507	277.80416388627
3508	275.326025168799
3509	257.965497844018
3510	270.173526097806
3511	273.11287531047
3512	277.12045825712
3513	284.581054645948
3514	272.92529521479
3515	277.519334773676
3516	272.007770968924
3517	251.454159308148
3518	269.190481223114
3519	277.388137829052
3520	272.467369111057
3521	260.149217590903
3522	268.540452511178
3523	270.701135594761
3524	282.657804224144
3525	266.292437274988
3526	271.18466457262
3527	277.707247792902
3528	278.165007142142
3529	275.943625923583
3530	291.002311952427
3531	275.969778162754
3532	273.406401691461
3533	265.611464141747
3534	273.141379405347
3535	280.749092478588
3536	280.077420729901
3537	276.399276158549
3538	276.075635582868
3539	273.297718847015
3540	284.912300526806
3541	266.584040114013
3542	276.598916167719
3543	279.658206013756
3544	275.702417816349
3545	267.094603990346
3546	272.018002626975
3547	273.349111030641
3548	276.519240290385
3549	283.756633222461
3550	279.593364196455
3551	271.89060506729
3552	265.84377281461
3553	257.451000326513
3554	269.410546302539
3555	284.136740363722
3556	279.529760294079
3557	284.291363258949
3558	274.766320412405
3559	267.90000118496
3560	284.447637907767
3561	292.062446678756
3562	277.846976060254
3563	272.9544599163
3564	281.948780667201
3565	256.467897983689
3566	279.322853845502
3567	266.149432034654
3568	285.177001993692
3569	270.224381431312
3570	264.35650413813
3571	262.466369836023
3572	291.248829605156
3573	278.943713626301
3574	279.216582416323
3575	292.734752862386
3576	275.311094775843
3577	282.140354704502
3578	272.530198900245
3579	277.983021657379
3580	265.810784949923
3581	268.842517382401
3582	279.717926178188
3583	271.703716954168
3584	294.986813706489
3585	268.610380889514
3586	275.451509991351
3587	281.516525386725
3588	289.290075398182
3589	266.257116208396
3590	277.205067133284
3591	276.793679729986
3592	276.646914361642
3593	284.435636936985
3594	285.638947583296
3595	280.579048114606
3596	271.792841889263
3597	262.78353097701
3598	280.94265954135
3599	273.036505174274
3600	278.430455332519
3601	287.306311690971
3602	281.050241185535
3603	264.240904339564
3604	279.427098120591
3605	270.540382752691
3606	272.908271923219
3607	279.296054716308
3608	264.010597164102
3609	277.249035757083
3610	272.306808812663
3611	263.575606259387
3612	266.768310538628
3613	272.40488472805
3614	275.824774336972
3615	276.205576881398
3616	268.693768615077
3617	263.984574538986
3618	269.319043328055
3619	271.13111332865
3620	266.067198985516
3621	280.13374168045
3622	267.882512836535
3623	275.233941974832
3624	272.126305695901
3625	257.684635575348
3626	275.331554317905
3627	276.40406368097
3628	263.745162733206
3629	280.190589190846
3630	275.058832132769
3631	272.763711081608
3632	269.941955270302
3633	260.089806968362
3634	272.598988017902
3635	266.121953136995
3636	279.530438021019
3637	290.673250805734
3638	266.722800618798
3639	271.179741646903
3640	260.144570868099
3641	269.852255110212
3642	271.395874440708
3643	280.769694775365
3644	279.917419635873
3645	279.563801748414
3646	286.199338090965
3647	255.032288279839
3648	278.444313730669
3649	281.224165684478
3650	274.270080829555
3651	271.303330385373
3652	273.466881496179
3653	279.317374585657
3654	267.400047737639
3655	263.492708856677
3656	278.094382654741
3657	279.630735172823
3658	280.159687004438
3659	279.595807431629
3660	256.873952247209
3661	280.517696140327
3662	271.081259884583
3663	269.307583736267
3664	269.390627379519
3665	251.287594409413
3666	265.940418617503
3667	278.673686878789
3668	280.669058950877
3669	273.740834505254
3670	274.212295753489
3671	276.606494076484
3672	273.577100810766
3673	281.004841950875
3674	273.980582997404
3675	262.728791596653
3676	271.342732071507
3677	274.689265713891
3678	274.415674145311
3679	264.253219981276
3680	271.504577053427
3681	258.214648692022
3682	255.864193997883
3683	257.187504365553
3684	280.277830464549
3685	274.103378695673
3686	271.041223992713
3687	271.027977327997
3688	268.185012745801
3689	260.4791242847
3690	280.139571412503
3691	273.600963151369
3692	269.278453267039
3693	255.600860668925
3694	274.174119800547
3695	274.383266920469
3696	277.854035615207
3697	277.845691778935
3698	277.796054113052
3699	277.559611966165
3700	273.282256368242
3701	276.147446546888
3702	265.859547469077
3703	275.78586734571
3704	284.944208680379
3705	291.231886287139
3706	279.66488628052
3707	272.643987957718
3708	269.975649822118
3709	277.988113590803
3710	272.868502233292
3711	282.577580814673
3712	267.642633225273
3713	283.645887937311
3714	269.09320755209
3715	273.117310963136
3716	276.246536062818
3717	274.802506130876
3718	265.102367261122
3719	281.673510608691
3720	282.854080771801
3721	272.39996181948
3722	280.782821637309
3723	265.260363609107
3724	272.283723448788
3725	274.598087442271
3726	277.991530368385
3727	275.561826125165
3728	292.182142413113
3729	277.672576488424
3730	273.331345516814
3731	278.494610869447
3732	269.050332705337
3733	266.460791756154
3734	284.94880019096
3735	277.967638849982
3736	273.51083600124
3737	266.865711050561
3738	273.788508977154
3739	272.717151948901
3740	286.187884356511
3741	273.227337275987
3742	272.152522965963
3743	265.552850839532
3744	274.428437076485
3745	270.580489404549
3746	289.748833434821
3747	275.413607949201
3748	277.437173830616
3749	289.281415417001
3750	267.494867842458
3751	289.324379904393
3752	264.290497371766
3753	272.940566453269
3754	274.777089267163
3755	285.625203585608
3756	278.234941104947
3757	270.952221765025
3758	283.917402136414
3759	268.253063580627
3760	260.643831245854
3761	270.907212284557
3762	268.853982779186
3763	261.929728207271
3764	266.393554695359
3765	280.717447584764
3766	269.832091091174
3767	280.831241863297
3768	252.91508335077
3769	275.047925168991
3770	266.377137388576
3771	280.37082406491
3772	265.631332092348
3773	270.936464703067
3774	278.192816270471
3775	262.919708563061
3776	282.37701830612
3777	270.918396168642
3778	279.254442262002
3779	283.416400764317
3780	286.509877037613
3781	274.94685102683
3782	263.635009965343
3783	260.513542292178
3784	279.054102374527
3785	271.702854165823
3786	266.746581226854
3787	266.891634831035
3788	265.410983121625
3789	275.626516430114
3790	268.665125338336
3791	292.924686254341
3792	267.216708046671
3793	278.974415910007
3794	273.436116404707
3795	268.155444666163
3796	277.868610400337
3797	255.990166580583
3798	268.650303350371
3799	276.117934112405
3800	271.121691174498
3801	274.619118374414
3802	278.110098656506
3803	265.718809155742
3804	254.403442048021
3805	267.173593588402
3806	273.689650927022
3807	282.825152171577
3808	268.720035629319
3809	273.083095784752
3810	281.025867037377
3811	268.014746192148
3812	271.167251701642
3813	262.051181953889
3814	280.576875666748
3815	283.138096410062
3816	292.514715788271
3817	265.52002698243
3818	265.822119092442
3819	257.302468338462
3820	277.021703440947
3821	278.508069081328
3822	280.498655083031
3823	281.015268359536
3824	267.358138914468
3825	270.053579128498
3826	265.008978729748
3827	264.232754724789
3828	286.604513281552
3829	267.269535201267
3830	272.255449482308
3831	274.755385882444
3832	269.524069976568
3833	281.522914495642
3834	272.864303635374
3835	274.667081342191
3836	277.295127541458
3837	269.817998836431
3838	264.399005792002
3839	261.315702545047
3840	284.51475094522
3841	272.901124830533
3842	283.030887540178
3843	268.60967075934
3844	276.849550747554
3845	266.732201555755
3846	269.276771441937
3847	266.478080762554
3848	268.4159349561
3849	269.457958675109
3850	273.116069668103
3851	282.643351587368
3852	265.445728042188
3853	275.60408931956
3854	261.150100142909
3855	265.865191705921
3856	271.346031753006
3857	280.292307942822
3858	273.749220319617
3859	274.328509342765
3860	258.503334923702
3861	264.145942542475
3862	273.731055130618
3863	271.944542558387
3864	274.67781186215
3865	272.54836838406
3866	272.816595831883
3867	277.837015763461
3868	271.721524429408
3869	279.57194734128
3870	276.746805303105
3871	264.26136290705
3872	272.353482966433
3873	271.730963588039
3874	273.065089696458
3875	262.08230516723
3876	272.345471027667
3877	269.487984458836
3878	266.090443072393
3879	264.656976028464
3880	263.620515471598
3881	282.723542904881
3882	254.7381107528
3883	265.911307600414
3884	279.996841250411
3885	265.731822846615
3886	267.629410045302
3887	258.962288124582
3888	277.209470017836
3889	262.519741271686
3890	260.992432214521
3891	264.831110445706
3892	268.185362198888
3893	270.656193091539
3894	265.783146020308
3895	267.56565180142
3896	284.324608067065
3897	274.983050513977
3898	281.179416147637
3899	274.694238137463
3900	272.567218595125
3901	266.822852816629
3902	268.132103695425
3903	275.933346504888
3904	264.389549788139
3905	254.77316062187
3906	269.348913210228
3907	266.86528715731
3908	265.001927806158
3909	256.241702470673
3910	277.773070313949
3911	278.030781988708
3912	276.883549000548
3913	280.816963553288
3914	301.94258576067
3915	274.39172102739
3916	268.024036796425
3917	285.031199394911
3918	289.048168666912
3919	267.271701593264
3920	276.53847174465
3921	275.11411166729
3922	287.909130255411
3923	275.680565670043
3924	270.214654941329
3925	271.47351451665
3926	258.992550948244
3927	277.864194946917
3928	261.251393774559
3929	268.848467511405
3930	283.838711927012
3931	270.882924855566
3932	275.52495222736
3933	267.930345988308
3934	266.29560323659
3935	267.42817345528
3936	269.986596808905
3937	282.394890247677
3938	254.988451334611
3939	267.870494107958
3940	294.161944181086
3941	261.80503316604
3942	279.347656004512
3943	268.905667827991
3944	266.010149384979
3945	279.204766389953
3946	260.636423037945
3947	268.150243752107
3948	268.297677236251
3949	267.872752446862
3950	264.348720191161
3951	277.89855537914
3952	273.045410110614
3953	272.369845203896
3954	271.7452735791
3955	279.451883291363
3956	287.962592333007
3957	276.637920301326
3958	270.522613475058
3959	282.632244767722
3960	270.610968548485
3961	275.480469429758
3962	273.817682226228
3963	267.078360632723
3964	270.761828279052
3965	275.618867119306
3966	284.296480565102
3967	279.255402058651
3968	275.511679941952
3969	265.639243542646
3970	295.905243239624
3971	268.021987251255
3972	268.718686776701
3973	271.738751510265
3974	264.189194043948
3975	266.166872321006
3976	262.993877670652
3977	286.883123911872
3978	271.435238892837
3979	276.912722714344
3980	280.891886426651
3981	279.246963715292
3982	275.722315828308
3983	264.674557712
3984	279.078107977093
3985	273.976118849473
3986	272.823606724864
3987	249.010691661217
3988	278.754231963845
3989	266.990988617842
3990	270.934510497523
3991	287.751042451676
3992	261.828410184776
3993	267.746997770587
3994	268.60623585472
3995	278.974657944891
3996	269.673516662627
3997	262.520135530077
3998	281.544190508795
3999	260.989229608719
4000	267.164531538828
