"LogLikelihood"	"Iteration"
3210.05697987623	1
3214.54265465707	2
3205.62858231673	3
3212.77754795162	4
3201.29196439029	5
3213.83751609928	6
3202.33812070084	7
3206.61010010978	8
3229.54368687991	9
3216.42575566283	10
3212.07252127652	11
3200.70138038751	12
3191.32433440318	13
3203.24212510425	14
3197.80211925682	15
3210.32656449442	16
3212.44973760106	17
3206.77330512082	18
3208.3687380767	19
3212.03334312005	20
3211.64059175607	21
3210.0456863404	22
3207.44859964869	23
3215.06191748499	24
3203.74005808951	25
3208.12831262766	26
3219.23030118079	27
3202.56136718299	28
3209.22352199879	29
3214.36426743704	30
3200.40147489607	31
3201.94490490718	32
3203.26697644251	33
3207.89822632361	34
3213.15214397705	35
3201.26022629758	36
3219.3998953608	37
3208.4725903505	38
3208.25837694107	39
3195.4399855218	40
3214.29960589587	41
3207.75474542589	42
3207.57304196036	43
3209.27040083574	44
3213.60949339209	45
3208.35844223111	46
3198.22739709528	47
3220.46500847924	48
3218.5563887039	49
3211.26865146172	50
3198.19635200344	51
3195.99018990376	52
3213.27213323986	53
3222.75865063308	54
3218.74734423054	55
3209.26555786645	56
3200.91189577177	57
3206.37695269161	58
3205.66785278001	59
3200.2580294351	60
3194.157017052	61
3208.84325919516	62
3210.21823371371	63
3190.4836290766	64
3213.49235832949	65
3203.74171127721	66
3214.94559336497	67
3212.3883378861	68
3208.86964587387	69
3205.46875104775	70
3202.17372897058	71
3212.34339635984	72
3220.63607275273	73
3207.28705711769	74
3204.49148553051	75
3209.30616076815	76
3206.10697308809	77
3207.06544895872	78
3194.56480819768	79
3202.44673280211	80
3208.82961275616	81
3213.5266239018	82
3211.62964845291	83
3207.60697788342	84
3213.31358545774	85
3211.14446156789	86
3197.90078027578	87
3205.73132337331	88
3212.36267921143	89
3224.38865178717	90
3208.13766228945	91
3212.20106569642	92
3210.53039321943	93
3203.6205565749	94
3200.77834657264	95
3214.58242990353	96
3211.26243687217	97
3212.58203563223	98
3205.24086794097	99
3208.22079845896	100
3204.4570354402	101
3207.97842803846	102
3210.3183223982	103
3209.03496626625	104
3217.41700698049	105
3217.46888395188	106
3212.01174596671	107
3201.75493314047	108
3219.3099846186	109
3211.55379157559	110
3211.46026836645	111
3202.77088959372	112
3205.86199632898	113
3226.05024621279	114
3210.245950717	115
3212.48284323386	116
3229.17907521982	117
3207.5320077418	118
3201.90993713861	119
3205.10293675541	120
3213.57959687378	121
3215.65639346099	122
3206.12349792338	123
3208.98080028768	124
3224.10545523475	125
3204.32802396887	126
3206.02535938364	127
3210.72226811391	128
3208.37289422773	129
3201.91734639275	130
3211.95694408155	131
3205.41817557393	132
3216.31592531503	133
3206.90073938123	134
3208.39074193537	135
3208.25689865969	136
3200.73362945137	137
3200.71784397259	138
3205.35161919025	139
3191.81348436593	140
3206.7666519867	141
3205.57876479298	142
3219.78984400147	143
3186.58047039448	144
3205.21936360466	145
3207.21009609195	146
3210.78084542806	147
3203.644955184	148
3202.2606266131	149
3213.29733966825	150
3206.0485635237	151
3205.37664636144	152
3213.16757781443	153
3207.60130830922	154
3196.21480186116	155
3201.74267356324	156
3218.40524488552	157
3211.96332247887	158
3210.77496435903	159
3219.40355438955	160
3201.24203495131	161
3209.93736577329	162
3204.03592340734	163
3219.23619421987	164
3210.3795381114	165
3214.52501703474	166
3195.35641684224	167
3218.30097976955	168
3201.99376243419	169
3216.1371014658	170
3213.00839854185	171
3198.57970009551	172
3207.44346990377	173
3211.95864355611	174
3205.65159166964	175
3212.77450520453	176
3218.25431317593	177
3199.23883879582	178
3210.2048226223	179
3210.21769667932	180
3218.38002891497	181
3218.12825014779	182
3213.27906050851	183
3200.60753574651	184
3203.71395807927	185
3212.2865452097	186
3218.84316432112	187
3208.89290402109	188
3211.28483167203	189
3208.02560865656	190
3211.33547235274	191
3211.52349281933	192
3207.11871935827	193
3204.88239271718	194
3206.29465193592	195
3211.90538425531	196
3206.04998210014	197
3211.43672282355	198
3222.28976552309	199
3205.26798496203	200
3219.38733650952	201
3200.24331768067	202
3204.26044089326	203
3195.30184397273	204
3221.6161170611	205
3201.51620749454	206
3207.2725837226	207
3210.16762924488	208
3205.83941844043	209
3210.00062419683	210
3213.3705811156	211
3210.47265575056	212
3222.27455615777	213
3214.26663679473	214
3204.1243153561	215
3214.30819585312	216
3210.72250899648	217
3212.95679211537	218
3215.66217493715	219
3192.87235868697	220
3213.93382781384	221
3204.54773157353	222
3204.52561577026	223
3210.47833744568	224
3211.05961543728	225
3218.96775603274	226
3208.16462552726	227
3206.1360961259	228
3201.95840528408	229
3198.21281719923	230
3203.90817259472	231
3201.7847101166	232
3200.15170259425	233
3207.88133330083	234
3209.2220988564	235
3223.0614165272	236
3199.70796507933	237
3214.54236329404	238
3212.25910049051	239
3207.74335678786	240
3200.69821661182	241
3195.6244922276	242
3220.71175859894	243
3217.38931431541	244
3210.13735131543	245
3198.64861671648	246
3208.47051999118	247
3218.50356696445	248
3215.4875780818	249
3211.82173905052	250
3215.6530063589	251
3204.2478490463	252
3219.26764569578	253
3214.41913892679	254
3213.67408259813	255
3212.47068091986	256
3209.7879647539	257
3206.0017300476	258
3216.11919704983	259
3215.737820576	260
3212.12952901406	261
3205.60363439152	262
3217.72973414403	263
3207.05318687883	264
3210.17092209575	265
3202.03540981798	266
3212.89275322091	267
3215.57147546889	268
3212.70157852411	269
3205.42952377214	270
3199.69168340301	271
3212.29693434367	272
3202.95314458201	273
3224.36430984474	274
3209.93984321129	275
3202.30222600393	276
3201.93379177477	277
3207.27599368993	278
3199.3643358036	279
3210.19897164657	280
3194.66362691795	281
3211.9067428441	282
3203.53135137635	283
3201.69824110066	284
3208.19133810771	285
3220.65465961609	286
3222.34295599264	287
3213.84907452456	288
3204.89716469083	289
3221.77253436018	290
3196.174923793	291
3209.47298195886	292
3219.71555365537	293
3201.70325471465	294
3207.2841414827	295
3205.89584931756	296
3207.30375411096	297
3209.76822697368	298
3208.55292391819	299
3218.87311371713	300
3203.93975978722	301
3217.49138754123	302
3206.23194822467	303
3196.89142865201	304
3217.29813997529	305
3218.64900102535	306
3209.49160121943	307
3201.11660383964	308
3213.17196918273	309
3208.9841258884	310
3213.82628815355	311
3216.67222864348	312
3198.37632686823	313
3207.68955619243	314
3208.79938642424	315
3217.60214015916	316
3213.06986449034	317
3209.58866777658	318
3194.82548686478	319
3199.2296256731	320
3207.15590734377	321
3207.84660315221	322
3209.93079698093	323
3215.50983361737	324
3224.46687899046	325
3220.82774399798	326
3214.68212697498	327
3201.92294145353	328
3211.3637013718	329
3206.75907760405	330
3208.43336244681	331
3202.75078305867	332
3202.11744306672	333
3215.35884322742	334
3216.04335046914	335
3208.49604709845	336
3202.24740359253	337
3219.35017404617	338
3226.56427206223	339
3204.86925146307	340
3210.59252882934	341
3196.58674579161	342
3204.75456336097	343
3212.10721951196	344
3216.88345429562	345
3208.7698567989	346
3216.31749544309	347
3199.56261035156	348
3211.92455709879	349
3214.11570984353	350
3214.60728562666	351
3188.74711750706	352
3213.89155180844	353
3210.06148229879	354
3206.3379678337	355
3201.19312309663	356
3212.72599243485	357
3217.56855815218	358
3209.93686447248	359
3212.81483580411	360
3205.43922295767	361
3197.68281420973	362
3208.45390704863	363
3209.04978608462	364
3214.27438830237	365
3203.94862283832	366
3214.55447951449	367
3206.3037494949	368
3204.29696999994	369
3201.60082280998	370
3209.79146552157	371
3201.25401773601	372
3215.39684685045	373
3197.76248574886	374
3221.70539064961	375
3201.05505903307	376
3212.68347304814	377
3214.36341235428	378
3194.20706651946	379
3212.01989928637	380
3217.69943539353	381
3211.24596792586	382
3203.96911019563	383
3215.09742816919	384
3210.31133544868	385
3197.17435812293	386
3219.6162249531	387
3215.12142651655	388
3203.86925014435	389
3212.72334920366	390
3206.46981378783	391
3203.14563372236	392
3209.01725403904	393
3218.24224202745	394
3211.28615773494	395
3225.64787039525	396
3211.37351560704	397
3204.70162231568	398
3206.05530922573	399
3209.24626700972	400
3202.34712315865	401
3217.67296819562	402
3214.37573251235	403
3203.97444733941	404
3210.44892130864	405
3212.18812816634	406
3208.02752524817	407
3211.93994618219	408
3209.19149623681	409
3223.07177465107	410
3201.72600491994	411
3223.91307888825	412
3222.28860745624	413
3211.85284485806	414
3189.24737614201	415
3200.52814901642	416
3211.53665020789	417
3209.46174822911	418
3209.58702603218	419
3210.00374686331	420
3215.49490538357	421
3222.36988259293	422
3205.52300235357	423
3212.80511859786	424
3204.90373160574	425
3204.74983129475	426
3213.84760650887	427
3209.66684227805	428
3207.18366166072	429
3205.1490932264	430
3217.20111926672	431
3211.74665917078	432
3217.65163636852	433
3207.80963174936	434
3217.50446877357	435
3204.21587590943	436
3207.56623381804	437
3216.79578431872	438
3225.73696626277	439
3208.43467381359	440
3215.87659610225	441
3213.40940207323	442
3208.74182954813	443
3198.98485415705	444
3184.57300672163	445
3208.01247514284	446
3195.00547199483	447
3210.60588282074	448
3206.08531250465	449
3219.3131178024	450
3213.07531864994	451
3211.44848325499	452
3206.94005758168	453
3197.22353487097	454
3212.47071881379	455
3204.82822442866	456
3219.88775105227	457
3206.85107735331	458
3223.47541388755	459
3216.41145152651	460
3207.03126487771	461
3212.19179267728	462
3206.05494050028	463
3202.80197467423	464
3208.81431220752	465
3212.4037631671	466
3212.06652400473	467
3206.46697959484	468
3210.7250844314	469
3213.81087865182	470
3208.72126073588	471
3205.6476447865	472
3208.23446143862	473
3205.59964612496	474
3208.9294187502	475
3210.78464285048	476
3207.39490154302	477
3205.73975374354	478
3205.99196997193	479
3200.78679045656	480
3212.345457537	481
3208.57089798479	482
3195.73299123582	483
3207.04034963375	484
3213.22457678584	485
3224.12421726521	486
3207.2592724621	487
3209.39674827856	488
3212.96421559114	489
3183.57595180925	490
3206.68700744751	491
3215.01083319381	492
3215.84068849255	493
3222.42708445946	494
3219.07772129153	495
3209.37843776246	496
3212.35045092144	497
3206.87073373826	498
3218.61757627707	499
3212.98274341269	500
3212.41926493694	501
3208.54865448112	502
3214.61803704091	503
3224.59394680031	504
3213.75230514177	505
3210.18310748856	506
3205.78528905569	507
3223.77265396628	508
3209.54189483169	509
3216.11087063884	510
3203.50630578398	511
3217.09143717246	512
3211.55413776298	513
3212.58714193261	514
3211.13730691501	515
3202.93063416449	516
3205.21370216708	517
3206.61298835361	518
3210.80110455444	519
3204.61150908685	520
3218.27625079505	521
3216.56902470303	522
3218.16031734174	523
3215.10290280276	524
3212.63278962458	525
3214.35746709265	526
3206.48886025139	527
3207.07787876462	528
3214.27295257527	529
3206.41840205461	530
3199.95971860476	531
3204.96728541861	532
3208.65359203533	533
3209.02925078324	534
3208.12007694513	535
3207.83104193302	536
3208.20548631654	537
3213.59662417286	538
3198.93126835159	539
3211.62325094888	540
3217.31498825491	541
3220.09884988147	542
3219.3722107687	543
3209.1003973897	544
3220.55875061016	545
3221.63884495761	546
3218.16870468058	547
3199.16295632543	548
3221.08198639271	549
3206.97328334045	550
3205.66184933345	551
3222.2946765447	552
3194.54441018749	553
3198.70554274167	554
3210.73644677907	555
3211.7553363294	556
3217.11154852163	557
3205.45370682164	558
3204.50971227226	559
3221.68612260045	560
3222.61557064632	561
3211.30467306188	562
3208.47825377322	563
3208.3983369718	564
3211.77481625426	565
3204.15287922309	566
3204.24155309528	567
3211.71887456052	568
3223.66080565058	569
3216.55166733184	570
3206.20294886918	571
3201.88580588936	572
3213.62845519447	573
3207.17513375482	574
3205.10802559459	575
3209.22792413906	576
3202.62893099978	577
3214.10085472803	578
3200.1724027793	579
3195.50741907827	580
3211.33828096541	581
3194.34140147919	582
3211.48717242444	583
3207.58258644519	584
3209.39128620874	585
3212.34481287369	586
3202.98914108118	587
3207.72072530728	588
3217.37706470751	589
3195.51408225754	590
3205.17782201021	591
3210.27687313107	592
3196.51479683893	593
3213.09704897229	594
3213.75502135592	595
3206.30738489387	596
3212.66422729914	597
3210.17775001249	598
3202.91118868357	599
3199.83240599677	600
3207.89300876431	601
3193.65361663686	602
3223.55655218172	603
3212.27494959054	604
3197.24157287904	605
3203.00933367524	606
3215.93176465801	607
3217.58440791914	608
3214.79142247568	609
3217.67156340706	610
3212.57092429118	611
3202.80961771173	612
3213.18775456434	613
3218.44718003257	614
3210.07636844064	615
3200.80728919928	616
3213.8714104887	617
3207.24721355544	618
3217.35686780857	619
3199.50190303242	620
3203.08800145755	621
3206.89851158585	622
3208.88307217357	623
3219.05496948767	624
3208.53917062954	625
3201.86568916492	626
3200.9334229733	627
3212.19045064086	628
3206.30556566556	629
3212.78244922557	630
3219.26150450197	631
3205.66122627681	632
3197.1168084339	633
3199.87366311014	634
3223.08391095763	635
3209.94702350167	636
3211.67197958842	637
3207.34422562838	638
3225.41711819394	639
3209.38971778718	640
3208.1434419447	641
3198.3622098221	642
3213.85151739727	643
3215.08757114052	644
3213.36168982491	645
3210.93363896064	646
3226.94277370325	647
3211.2045109138	648
3207.86822803952	649
3215.77935136192	650
3214.24583993696	651
3214.12489711094	652
3213.55602570426	653
3207.79599103667	654
3209.84110410579	655
3210.51740156889	656
3207.41446629855	657
3210.3115078068	658
3208.69608526374	659
3199.63260581536	660
3215.01793423213	661
3210.26995594035	662
3219.36468439532	663
3216.29033784508	664
3201.01901038905	665
3211.12065287185	666
3207.14603310896	667
3209.06911678292	668
3213.16527569261	669
3209.73339626607	670
3201.70085060819	671
3216.52326734352	672
3203.33586851016	673
3218.57398317368	674
3220.61863900521	675
3220.11943365333	676
3216.73111542851	677
3210.15649784385	678
3212.86925264078	679
3205.6335788721	680
3195.87862130288	681
3220.29309189855	682
3196.04563081526	683
3200.37642325789	684
3212.18363112429	685
3214.77449064075	686
3206.20618251757	687
3207.73152428601	688
3212.53534272307	689
3205.57608433877	690
3211.16580584045	691
3209.08870979553	692
3208.45690214842	693
3217.30928182173	694
3210.5786521167	695
3210.46190259439	696
3221.04506396953	697
3218.49562580551	698
3207.91903703558	699
3196.14340464025	700
3213.7701415857	701
3219.4053545531	702
3205.56702292983	703
3216.78529694102	704
3214.88090202158	705
3204.72987235229	706
3224.19349839579	707
3213.26797738665	708
3199.18483598858	709
3209.42635956391	710
3208.00896242348	711
3205.51299204304	712
3199.23230992407	713
3211.31475907214	714
3214.26901616033	715
3213.47206836051	716
3210.8994726796	717
3205.54052404049	718
3205.70949247975	719
3215.30279535677	720
3197.28104482858	721
3205.99914664893	722
3209.68613226811	723
3212.3605335781	724
3218.38479720726	725
3206.58889333377	726
3199.82114472247	727
3204.19428627867	728
3203.70527924408	729
3212.82794114072	730
3205.32307661553	731
3199.08768287758	732
3203.59530603173	733
3205.98848005967	734
3209.36902334321	735
3213.50047181948	736
3208.62381179276	737
3210.28295598546	738
3211.49030101847	739
3201.16662309909	740
3212.54697377278	741
3211.24358726106	742
3204.49059953267	743
3215.51319002939	744
3213.23468437957	745
3207.70468168762	746
3215.20285272215	747
3204.53824995674	748
3212.92517455168	749
3209.7402803067	750
3213.6032153919	751
3215.24338593399	752
3223.53809814809	753
3199.1359838918	754
3225.36687504661	755
3216.02715331956	756
3190.65073900659	757
3204.97556294017	758
3212.7228424282	759
3220.40968597814	760
3216.82173443604	761
3220.45665126409	762
3211.12861827818	763
3206.44385544911	764
3205.84724777476	765
3212.85466353454	766
3207.55821194422	767
3211.54785016815	768
3208.23099261937	769
3207.26615060441	770
3208.03359853245	771
3213.77845643475	772
3222.80240598323	773
3210.33322571307	774
3210.26423705781	775
3223.90922679241	776
3196.25977597143	777
3213.74461781905	778
3203.167042231	779
3211.88850562274	780
3199.50478920612	781
3211.57286956144	782
3220.77433213757	783
3208.51579216522	784
3199.35846748961	785
3201.75173850242	786
3226.51518153549	787
3212.4081723875	788
3216.04542933098	789
3210.92779011366	790
3205.8563281357	791
3199.8233870256	792
3229.63803903376	793
3216.87702416676	794
3209.26887798535	795
3220.90990528661	796
3215.28938437658	797
3204.56808970775	798
3206.71928161788	799
3203.20847745035	800
3207.05730597102	801
3187.13333775596	802
3214.85482423375	803
3199.59294742965	804
3213.54312215683	805
3204.64102995398	806
3211.53118912284	807
3204.54617356464	808
3217.76346248927	809
3202.09875060374	810
3207.58785899569	811
3212.45723822751	812
3212.17294579133	813
3215.72009799021	814
3208.41102624742	815
3209.68630261987	816
3209.72373774371	817
3205.41913862927	818
3203.23380531997	819
3206.44640715151	820
3209.09280286502	821
3211.64344463525	822
3213.71485491541	823
3196.62165684987	824
3217.38877074444	825
3218.72405333182	826
3199.02193795796	827
3211.79159099924	828
3200.16394951251	829
3201.59244176842	830
3211.43270243908	831
3212.21933124422	832
3210.04980273654	833
3213.76517065454	834
3210.93478906361	835
3224.24897732084	836
3209.14599836602	837
3209.19634997134	838
3201.54604515093	839
3213.34819320934	840
3211.20142447688	841
3213.3976607382	842
3205.29317761613	843
3209.26392212958	844
3214.15759546404	845
3212.14653542295	846
3215.16336291316	847
3224.4771205759	848
3218.45484037807	849
3198.68239146271	850
3208.71203702839	851
3206.10617409278	852
3208.24668040064	853
3208.3165669699	854
3215.04884353303	855
3206.82694501413	856
3212.42509261452	857
3208.95151922008	858
3202.97945874396	859
3209.52415171305	860
3197.83017415193	861
3204.40276435148	862
3214.082152351	863
3212.85703751877	864
3214.18699560625	865
3202.26260339554	866
3206.64904240527	867
3218.07829793815	868
3212.05492469651	869
3217.19588010039	870
3209.06902385188	871
3211.38112703668	872
3217.09722758534	873
3220.24017709829	874
3203.67393462434	875
3209.8322461864	876
3216.62617150042	877
3210.23950723325	878
3193.92494817126	879
3218.78192669133	880
3208.20623562078	881
3207.43735533538	882
3208.58163403119	883
3196.264162392	884
3209.43765539132	885
3207.27201077937	886
3198.13973828768	887
3207.32247440936	888
3194.98295643611	889
3214.02116918969	890
3210.0921920539	891
3205.83862415257	892
3204.72750841397	893
3206.80646840322	894
3215.16904260257	895
3206.93115023015	896
3209.24193881796	897
3200.08982582387	898
3215.76647729299	899
3209.48855868118	900
3210.66691498155	901
3201.2805425559	902
3207.01741561742	903
3214.97752913631	904
3221.34586613324	905
3207.09524927535	906
3208.18985149908	907
3210.82546838419	908
3189.89767043538	909
3201.73561853797	910
3212.70179561945	911
3206.78940208115	912
3218.31331026004	913
3208.96444740861	914
3198.0232457027	915
3209.54830970631	916
3221.32993407487	917
3213.5127609097	918
3207.63972545328	919
3226.92938168768	920
3197.99764176798	921
3208.51173181088	922
3207.99432152563	923
3213.42244727082	924
3205.38471955555	925
3222.22043038073	926
3189.82121298089	927
3207.10738547374	928
3207.8779531688	929
3205.78839620959	930
3209.02455607399	931
3194.53810778132	932
3204.74333372831	933
3216.34578776056	934
3217.64420351835	935
3216.25917365938	936
3212.71279149527	937
3208.49893783793	938
3218.41837797546	939
3194.90710492076	940
3218.12729764457	941
3208.37566875875	942
3207.10405833075	943
3201.88107337544	944
3211.59318228441	945
3194.12652999649	946
3211.23492492682	947
3209.26514365094	948
3208.40253859667	949
3201.29890926284	950
3206.63315111525	951
3203.90960581898	952
3207.69518917104	953
3200.80919760331	954
3207.0288365929	955
3209.07221991406	956
3207.69817760086	957
3205.17715183165	958
3208.97719000745	959
3208.79911468142	960
3218.49809906159	961
3214.21771017681	962
3212.42115134517	963
3203.01938753164	964
3212.18824992506	965
3210.17102239263	966
3207.41237783569	967
3214.69609602909	968
3209.80387322159	969
3212.10015049885	970
3211.59806756837	971
3209.27520846674	972
3213.94451412919	973
3199.77354249055	974
3224.24169684794	975
3204.63124999471	976
3206.74252408127	977
3211.77652189318	978
3194.73098177348	979
3221.05380366942	980
3219.36740220873	981
3208.97770138253	982
3221.41526959137	983
3212.19038292248	984
3194.83777009996	985
3204.24965531396	986
3217.73512510572	987
3211.8359184842	988
3205.6555549305	989
3210.96001062027	990
3217.225154535	991
3215.32976266324	992
3209.98131580063	993
3202.96725838658	994
3196.6386648962	995
3217.82126962532	996
3197.14195004773	997
3214.03799947469	998
3214.7670939901	999
3218.53286637239	1000
3224.62110850802	1001
3193.7344164982	1002
3210.67952192229	1003
3205.02617153639	1004
3200.58964391352	1005
3221.7783302523	1006
3208.57127989952	1007
3206.19911982004	1008
3208.20773871618	1009
3215.97688080761	1010
3217.01591585791	1011
3206.73428603191	1012
3204.79262168387	1013
3191.4275538242	1014
3205.80078577016	1015
3210.27386376556	1016
3202.5434881966	1017
3203.02116441182	1018
3213.51449527548	1019
3212.67345382974	1020
3203.05206793373	1021
3216.09307246495	1022
3213.26483791515	1023
3210.14946723219	1024
3203.66159244157	1025
3214.28203731993	1026
3200.21631265708	1027
3201.32904292227	1028
3198.76788683808	1029
3210.01984367323	1030
3223.06879310793	1031
3203.18380519919	1032
3198.19006335204	1033
3216.2326761318	1034
3205.55382713974	1035
3208.33557755154	1036
3222.10025540654	1037
3206.64289824252	1038
3211.70281433057	1039
3210.33900516308	1040
3201.18448768908	1041
3199.52377476436	1042
3205.79276316671	1043
3208.54754198341	1044
3204.18617650391	1045
3210.28391004302	1046
3212.12809403378	1047
3212.34879660556	1048
3216.51341694081	1049
3208.99819507658	1050
3185.29260683603	1051
3222.96050902847	1052
3215.17336097779	1053
3212.37622631272	1054
3194.28574786589	1055
3215.70512849561	1056
3205.21365730868	1057
3207.51254706449	1058
3215.54691827811	1059
3208.38661413234	1060
3213.42617248803	1061
3208.93255228935	1062
3211.51790934222	1063
3206.41913443118	1064
3209.72174662403	1065
3206.26920102378	1066
3195.22337182444	1067
3203.99769748301	1068
3202.56078446986	1069
3216.73791435354	1070
3203.8616690679	1071
3212.64399507534	1072
3221.72181381087	1073
3220.89512527642	1074
3218.4733873304	1075
3205.82211000958	1076
3214.32965107423	1077
3207.52935328059	1078
3208.83430819417	1079
3206.11413494635	1080
3213.10775569016	1081
3198.88378606752	1082
3201.40909189439	1083
3210.44917530344	1084
3211.75489097087	1085
3205.6836263273	1086
3207.54569855551	1087
3209.36659529397	1088
3212.72211111645	1089
3216.2871784082	1090
3200.77086574485	1091
3210.60823062769	1092
3202.4301638116	1093
3215.94590434961	1094
3214.01566627815	1095
3205.66589268614	1096
3204.43318243572	1097
3215.66586780955	1098
3220.7841557969	1099
3203.13884976512	1100
3206.26773002359	1101
3209.77598426487	1102
3195.44432140319	1103
3208.25722427184	1104
3219.26029997154	1105
3215.46024251903	1106
3224.05205744753	1107
3206.65695799643	1108
3209.19230957892	1109
3200.15653759625	1110
3215.00730804767	1111
3221.60955890061	1112
3222.2429324902	1113
3210.47720231417	1114
3201.84410038653	1115
3198.2103387623	1116
3220.46840488792	1117
3194.59582053603	1118
3214.26968549743	1119
3221.24091738739	1120
3203.75968083509	1121
3210.37273307434	1122
3212.13900500594	1123
3207.98695863976	1124
3213.78164131176	1125
3211.74549986238	1126
3218.42668176428	1127
3210.59401919027	1128
3220.55152739755	1129
3212.20415231179	1130
3209.46337844575	1131
3201.08631997183	1132
3211.34090809181	1133
3206.17281175469	1134
3206.42077432337	1135
3216.7397413834	1136
3208.92658097449	1137
3220.23541745347	1138
3211.21465125227	1139
3217.84871788281	1140
3201.91845327751	1141
3220.70801908132	1142
3194.71934177688	1143
3214.17278444969	1144
3203.95200578906	1145
3209.09025513478	1146
3200.86983800584	1147
3212.33299327821	1148
3222.23645367327	1149
3205.41694349021	1150
3200.11152873952	1151
3206.45844440658	1152
3207.71486117778	1153
3196.19080005272	1154
3214.36178600911	1155
3216.61145882399	1156
3204.36696132244	1157
3203.21380178694	1158
3206.70207780482	1159
3192.85756633506	1160
3210.23565791636	1161
3215.92478775708	1162
3212.56590051504	1163
3200.91851256415	1164
3214.1045629198	1165
3216.94601212893	1166
3195.00143805015	1167
3206.90756647507	1168
3214.98488527301	1169
3200.39723709163	1170
3217.79493610503	1171
3209.22157451229	1172
3218.3929188754	1173
3206.51182603973	1174
3211.43249941911	1175
3206.17950676518	1176
3203.6137796194	1177
3201.35702307995	1178
3196.11902373913	1179
3211.51999662184	1180
3209.94531657588	1181
3214.31653780626	1182
3214.88470468902	1183
3208.46502345754	1184
3213.65868317376	1185
3207.28157815178	1186
3205.57979855575	1187
3213.00067046361	1188
3223.96538537285	1189
3201.06959145099	1190
3197.79592606917	1191
3203.93980929975	1192
3200.75130808067	1193
3206.54315136104	1194
3204.83130611339	1195
3217.88249813468	1196
3207.6438121321	1197
3213.21392349205	1198
3217.16493411133	1199
3211.55324655491	1200
3209.17179516006	1201
3211.17976819206	1202
3210.66692010099	1203
3206.93133117309	1204
3204.73587517014	1205
3200.60494295432	1206
3209.40820581961	1207
3209.2328450839	1208
3217.87796963307	1209
3208.71920503134	1210
3206.6201642017	1211
3205.60165103873	1212
3208.27601087809	1213
3200.52859794695	1214
3224.72591173899	1215
3196.77803754164	1216
3214.64614961382	1217
3215.21983633301	1218
3212.34839181836	1219
3220.95183403959	1220
3215.66698046381	1221
3204.93330269247	1222
3220.4038386647	1223
3200.15301799813	1224
3209.92707998073	1225
3203.87988602112	1226
3207.14899208677	1227
3219.45702429918	1228
3209.96366032961	1229
3215.50205059049	1230
3218.96562063669	1231
3206.90573637158	1232
3217.35595743103	1233
3214.56278123527	1234
3205.9787982292	1235
3221.39004473779	1236
3201.20752067192	1237
3213.9977978773	1238
3206.70213731898	1239
3207.04255962435	1240
3179.96328513415	1241
3212.55948712677	1242
3202.16864362187	1243
3205.93459982664	1244
3214.45804864659	1245
3210.87258845217	1246
3207.41210850227	1247
3201.55315638225	1248
3210.26059992764	1249
3209.08005884861	1250
3199.34256260891	1251
3207.95046593513	1252
3188.60029235681	1253
3207.51724210147	1254
3204.42372334076	1255
3215.92037733173	1256
3206.07794543636	1257
3205.41283534532	1258
3197.08455465698	1259
3207.19452351095	1260
3206.01669530458	1261
3199.6993821148	1262
3214.81039982687	1263
3212.05264473904	1264
3216.37033955388	1265
3216.15533543596	1266
3217.37380534663	1267
3215.29153809358	1268
3195.52080653795	1269
3207.57622713287	1270
3214.62093585218	1271
3203.76618182306	1272
3211.29319964719	1273
3209.61007552271	1274
3207.9218839157	1275
3208.4509241771	1276
3214.82573231086	1277
3208.52502343822	1278
3215.15915571797	1279
3200.59426708957	1280
3198.59131583631	1281
3222.59206361185	1282
3221.29381858467	1283
3207.71802720981	1284
3211.50091562356	1285
3215.61966758322	1286
3211.75020173194	1287
3206.61064442568	1288
3203.52421044227	1289
3204.2627591352	1290
3195.23070271392	1291
3215.0878319446	1292
3220.27795630619	1293
3213.08238546546	1294
3210.63944991322	1295
3198.79375768026	1296
3205.83271783943	1297
3217.43321692529	1298
3206.6277357146	1299
3214.65124788837	1300
3212.52050718545	1301
3208.62970487327	1302
3210.6481777351	1303
3191.44316608287	1304
3209.83576741976	1305
3206.49482939819	1306
3202.06757604044	1307
3198.0798033273	1308
3185.87684414084	1309
3210.46418800265	1310
3212.4182193365	1311
3212.67889512509	1312
3208.39066176424	1313
3216.07213706938	1314
3213.67766505693	1315
3225.225252269	1316
3216.75187705644	1317
3205.43916811862	1318
3215.85020680973	1319
3213.10983132237	1320
3208.85645532749	1321
3206.58783269752	1322
3205.85977489976	1323
3214.79781497634	1324
3204.26493031373	1325
3204.99982229016	1326
3211.32401906279	1327
3207.55524482852	1328
3208.70562067441	1329
3196.80248045736	1330
3202.02601906124	1331
3219.51248336413	1332
3212.98014843214	1333
3209.84164051578	1334
3215.42893041733	1335
3208.79249402619	1336
3213.38953682002	1337
3197.75921329561	1338
3208.07775072726	1339
3211.96134146635	1340
3208.41693828358	1341
3195.33421348236	1342
3208.96509190994	1343
3215.55898050358	1344
3212.87744735288	1345
3207.6284424023	1346
3217.92370688863	1347
3206.17653217834	1348
3206.94532238132	1349
3203.77111267481	1350
3200.45980320779	1351
3210.95907053488	1352
3221.79073517838	1353
3223.47932591064	1354
3205.52999719792	1355
3218.88980110971	1356
3202.47565079878	1357
3211.60769964571	1358
3208.40098995348	1359
3211.4413602657	1360
3199.89761853137	1361
3214.7758502763	1362
3212.68697406372	1363
3212.15532574821	1364
3214.00124143684	1365
3197.44936739752	1366
3203.60037574133	1367
3207.49062922319	1368
3216.33997051177	1369
3214.04408895389	1370
3216.01117429125	1371
3218.6640297851	1372
3207.11759496812	1373
3212.31566883098	1374
3191.98405806539	1375
3211.94023284536	1376
3205.58542585103	1377
3206.56804671642	1378
3207.71771171725	1379
3213.32889722175	1380
3216.21484937735	1381
3217.46658981016	1382
3195.19070326407	1383
3217.73073477224	1384
3206.34380673736	1385
3200.11614383302	1386
3197.56966357114	1387
3215.6440977027	1388
3208.45714674294	1389
3211.7694481371	1390
3216.84051857739	1391
3208.50673570174	1392
3205.97158776419	1393
3213.2005205991	1394
3204.22929969056	1395
3213.4288054983	1396
3217.05896605743	1397
3207.85428170675	1398
3212.05045381786	1399
3205.3729529257	1400
3213.16585662326	1401
3214.43393381836	1402
3195.33681198223	1403
3220.60392743427	1404
3205.00195031278	1405
3211.64719966962	1406
3205.24896391872	1407
3204.89296389267	1408
3207.58051705488	1409
3209.54529472598	1410
3222.24741326677	1411
3201.44568446413	1412
3206.57331767508	1413
3207.41179045862	1414
3203.31874866961	1415
3219.09741123646	1416
3198.90208652502	1417
3195.3868049228	1418
3209.52093424242	1419
3220.34889082318	1420
3212.59829679634	1421
3205.09913756902	1422
3217.03098526711	1423
3208.7972659038	1424
3190.2714623333	1425
3215.42423903867	1426
3206.4127514703	1427
3209.41929026481	1428
3198.59385943724	1429
3208.86383661987	1430
3203.67072451132	1431
3211.06855576831	1432
3205.98839840184	1433
3214.86530232412	1434
3203.92399123726	1435
3207.2370357079	1436
3202.192187407	1437
3199.45787112676	1438
3198.01787437751	1439
3216.83035327357	1440
3212.17360258154	1441
3217.15143800768	1442
3210.57076342767	1443
3197.48970439817	1444
3204.94546104344	1445
3205.10147114282	1446
3205.37995253422	1447
3218.94561129127	1448
3213.74697665515	1449
3203.60388011795	1450
3199.82699191846	1451
3211.11812963595	1452
3215.27717025273	1453
3208.23243625815	1454
3207.8953254043	1455
3219.40763994514	1456
3210.85552594489	1457
3221.1186036327	1458
3219.85790370854	1459
3212.10917417867	1460
3210.97879626136	1461
3211.44899944849	1462
3201.41284016505	1463
3217.71568205946	1464
3200.9536676479	1465
3207.47922017282	1466
3219.07714889005	1467
3211.66603645047	1468
3218.40862454268	1469
3213.6709856261	1470
3215.22145896909	1471
3216.59181838612	1472
3214.03869162922	1473
3214.50085741645	1474
3217.37558846969	1475
3209.42025243276	1476
3211.89276940366	1477
3208.7406019231	1478
3218.76732525262	1479
3204.33656212435	1480
3198.43423570491	1481
3204.09652687659	1482
3223.65185441187	1483
3217.92120342896	1484
3195.87784025364	1485
3211.8273215734	1486
3211.48027066415	1487
3200.60429008948	1488
3207.26244810887	1489
3207.85220010392	1490
3216.14367074785	1491
3199.35356959833	1492
3208.59656853797	1493
3214.86787424436	1494
3202.80802266481	1495
3219.65287793279	1496
3211.02652539335	1497
3225.08055279407	1498
3209.54413436837	1499
3206.07459702022	1500
3209.13871340463	1501
3190.96736921722	1502
3215.18776465331	1503
3200.90889767173	1504
3209.69584123752	1505
3205.51083375003	1506
3213.09196594895	1507
3199.82309401074	1508
3199.98667317973	1509
3215.59144404896	1510
3215.84936022376	1511
3204.96633129731	1512
3212.90640050708	1513
3210.55246121842	1514
3214.76401755238	1515
3202.59808529745	1516
3209.88601446813	1517
3208.77586572707	1518
3223.64738627519	1519
3195.37397627895	1520
3207.93871620986	1521
3223.33127765578	1522
3205.49073648639	1523
3201.72563093972	1524
3210.7293392135	1525
3220.90735157976	1526
3202.74597442167	1527
3205.30706334105	1528
3215.3961449938	1529
3202.41808956073	1530
3218.92067039646	1531
3219.99113083462	1532
3206.52320605514	1533
3190.4819381202	1534
3221.01875242937	1535
3206.42323054326	1536
3215.21282501445	1537
3221.89934092629	1538
3212.34190559577	1539
3206.2007145585	1540
3203.00336543158	1541
3219.61350798449	1542
3204.62671988566	1543
3210.32211635583	1544
3208.12984055865	1545
3208.4923545516	1546
3219.50186093022	1547
3215.43751484677	1548
3215.12061484604	1549
3210.55610914598	1550
3204.91336131335	1551
3207.18473291627	1552
3202.46215484443	1553
3199.66166680268	1554
3209.17693294823	1555
3212.86445848118	1556
3211.75203875365	1557
3199.51010680396	1558
3208.47384105915	1559
3200.06249437732	1560
3217.61872640961	1561
3198.03812864376	1562
3215.9178865663	1563
3199.36779930206	1564
3214.072312901	1565
3210.4605159834	1566
3208.31428335521	1567
3218.87580566	1568
3202.80468141831	1569
3199.37344830196	1570
3202.78071629532	1571
3202.78356472029	1572
3202.86777584978	1573
3223.10215205458	1574
3204.209826334	1575
3215.70737728962	1576
3207.66524315766	1577
3211.44985810425	1578
3199.58707080056	1579
3203.23290292696	1580
3214.1637211333	1581
3200.76132603075	1582
3218.43346449006	1583
3205.79501511987	1584
3209.10998677104	1585
3199.56730296746	1586
3207.94745638487	1587
3210.5628154995	1588
3195.69418184721	1589
3210.37729807919	1590
3213.45889249711	1591
3209.64264279978	1592
3216.17506288624	1593
3212.41705958818	1594
3216.45424861644	1595
3208.24428054431	1596
3201.20704097257	1597
3201.18912776214	1598
3218.68640030686	1599
3213.85014447204	1600
3215.00279248715	1601
3210.55383190239	1602
3216.82987961758	1603
3213.78710489077	1604
3204.84156578459	1605
3204.721213867	1606
3207.0805665611	1607
3202.84130395297	1608
3215.24148370766	1609
3201.88084072671	1610
3217.53585789422	1611
3213.86551084472	1612
3219.22868631054	1613
3206.41628634467	1614
3207.10658370495	1615
3206.03678257165	1616
3215.11294650094	1617
3217.07017670087	1618
3212.19522307623	1619
3205.92073254055	1620
3210.03741383349	1621
3217.88517977413	1622
3203.93402421247	1623
3204.32188137172	1624
3209.5684765938	1625
3207.95405770483	1626
3207.90688372851	1627
3202.62404949019	1628
3213.67957199668	1629
3211.02557915433	1630
3196.85401895191	1631
3210.48616730489	1632
3192.43485514522	1633
3214.97802176834	1634
3207.51857919937	1635
3211.08186310307	1636
3210.22552623199	1637
3217.31391575609	1638
3210.12644685361	1639
3211.75688526855	1640
3205.36628718652	1641
3197.78581218978	1642
3215.21886999775	1643
3216.28507770065	1644
3225.41786840008	1645
3203.83350868192	1646
3211.80135867335	1647
3218.03938434723	1648
3218.1635070457	1649
3206.97027445678	1650
3211.48373285978	1651
3211.28997058008	1652
3210.99599358265	1653
3201.76174834219	1654
3204.68840970178	1655
3218.45903805601	1656
3206.61031552939	1657
3207.89274773174	1658
3212.02933211787	1659
3215.95680274508	1660
3215.5942751252	1661
3210.37043241713	1662
3210.92030103188	1663
3214.98242648942	1664
3222.04635144453	1665
3204.03162420637	1666
3197.68687006589	1667
3212.00862412034	1668
3212.08645424677	1669
3214.45165671183	1670
3211.44764133587	1671
3203.65217542445	1672
3217.28055965127	1673
3192.08672063354	1674
3216.17904206421	1675
3211.18332025518	1676
3220.10079812919	1677
3215.69760444607	1678
3216.83333050129	1679
3216.66042326409	1680
3201.48739904308	1681
3209.71317774733	1682
3217.47025771961	1683
3211.43868987961	1684
3212.16808243689	1685
3201.25630351354	1686
3206.40962018831	1687
3212.94330103713	1688
3218.10803059358	1689
3204.82847308666	1690
3205.35880417449	1691
3215.14124324519	1692
3212.45036588236	1693
3206.8724569717	1694
3201.38964413037	1695
3204.13881796467	1696
3196.36576647507	1697
3210.72854326801	1698
3212.7178302225	1699
3201.75689237268	1700
3216.66968557437	1701
3207.5800088592	1702
3208.02539289032	1703
3200.63984852238	1704
3209.53709802776	1705
3199.37524164441	1706
3210.39749247409	1707
3206.67799551618	1708
3197.04984102116	1709
3205.05123129334	1710
3217.19874893105	1711
3208.67344590553	1712
3210.33774534898	1713
3211.35643588291	1714
3218.57491329154	1715
3214.30588095997	1716
3208.07942817474	1717
3194.03021712887	1718
3216.85809621379	1719
3214.54546073034	1720
3210.91231781353	1721
3214.22558415562	1722
3204.98231095555	1723
3196.06767327657	1724
3202.94116567161	1725
3216.78811500182	1726
3220.98838165932	1727
3204.53973347639	1728
3214.03681428259	1729
3218.87146317988	1730
3201.47418171209	1731
3216.33565199302	1732
3214.41119768792	1733
3206.02184548717	1734
3205.51226359602	1735
3199.71508598658	1736
3204.03498762466	1737
3204.08593306634	1738
3213.76484811162	1739
3204.19895386328	1740
3194.92383809045	1741
3205.55393113028	1742
3221.80892051161	1743
3200.79394639007	1744
3210.32884505741	1745
3222.06640410943	1746
3212.4360719872	1747
3218.26245747672	1748
3216.32156283238	1749
3200.85684367233	1750
3211.82323709772	1751
3209.21315070809	1752
3199.2114453805	1753
3200.22649968316	1754
3217.4027804673	1755
3208.9282505095	1756
3193.28313626123	1757
3214.50930577282	1758
3217.7207117277	1759
3198.72273490746	1760
3208.35617569303	1761
3220.78245401954	1762
3209.18742177719	1763
3216.48736702439	1764
3214.21664669103	1765
3197.5086705295	1766
3213.98339299072	1767
3206.53962179211	1768
3199.19291777354	1769
3210.94509419131	1770
3207.89098930702	1771
3208.26057084173	1772
3205.98519255306	1773
3208.94173254245	1774
3206.9437187025	1775
3224.92203555019	1776
3219.14111222091	1777
3219.46223318282	1778
3208.94977685799	1779
3217.54388047388	1780
3205.74714261811	1781
3216.07759579234	1782
3215.99287948053	1783
3203.30677165717	1784
3196.08759819096	1785
3216.79329115406	1786
3210.08691220457	1787
3197.78419620106	1788
3213.8064182403	1789
3203.94442735646	1790
3214.42232282556	1791
3222.15524511348	1792
3206.72121871245	1793
3216.46431489748	1794
3215.67642246269	1795
3215.87411299511	1796
3202.93522958665	1797
3209.6082033701	1798
3206.94269101547	1799
3206.71217532707	1800
3212.10269453965	1801
3203.28596679848	1802
3213.7535306192	1803
3206.07223296472	1804
3213.56275166801	1805
3199.80730137843	1806
3221.10919892177	1807
3202.57696267854	1808
3203.38048484039	1809
3204.2652345695	1810
3210.07182642985	1811
3220.97113764381	1812
3208.64362896135	1813
3214.92327662036	1814
3212.01638714898	1815
3208.36561968862	1816
3206.51304738934	1817
3215.44378887593	1818
3212.2810350593	1819
3205.86241413977	1820
3203.14283502593	1821
3204.18744366022	1822
3210.04927730888	1823
3202.04163214696	1824
3205.03818684916	1825
3206.53375029612	1826
3211.28541321649	1827
3214.68074053892	1828
3195.91627893877	1829
3203.19904314507	1830
3203.93967819067	1831
3201.40843700353	1832
3222.86786633408	1833
3211.35936621033	1834
3209.3597252554	1835
3196.91165367591	1836
3184.36320876896	1837
3213.42221844308	1838
3208.00986035669	1839
3208.85282173169	1840
3205.24159597539	1841
3207.30500467348	1842
3208.80292867486	1843
3208.99510297398	1844
3209.89524836342	1845
3211.32617269121	1846
3202.16538694905	1847
3216.41184160186	1848
3211.46778313231	1849
3186.10306628659	1850
3212.02333758956	1851
3217.84999258105	1852
3209.3464202215	1853
3210.50162385205	1854
3224.32747247169	1855
3200.19130851616	1856
3215.88493707698	1857
3204.34371953143	1858
3209.06984331419	1859
3217.89454103925	1860
3216.97845656852	1861
3201.34812074706	1862
3200.7140592953	1863
3209.06794573084	1864
3205.52058206722	1865
3198.70165325992	1866
3220.12915692808	1867
3209.22351959187	1868
3204.92703823469	1869
3196.20416731996	1870
3212.98597285241	1871
3205.04274364308	1872
3206.61882014997	1873
3199.38744223002	1874
3212.08449801791	1875
3205.68434425672	1876
3213.82343441643	1877
3206.45305620706	1878
3213.96065627379	1879
3211.24118731724	1880
3214.54043879085	1881
3215.42489655226	1882
3198.70431876531	1883
3214.21352950346	1884
3214.67856393083	1885
3218.09202249067	1886
3215.26633079999	1887
3215.32530325124	1888
3210.78831339836	1889
3199.54467476805	1890
3211.19738815024	1891
3209.44935741847	1892
3204.5079380087	1893
3206.53226319656	1894
3215.79689629165	1895
3209.10492763307	1896
3209.12287166179	1897
3198.66044566692	1898
3225.01287724668	1899
3211.55102399956	1900
3204.0445940882	1901
3222.5558576029	1902
3198.6009974176	1903
3206.33190562733	1904
3210.08324586509	1905
3216.89982923966	1906
3221.35101825725	1907
3212.77531532402	1908
3216.8495107807	1909
3214.54836549054	1910
3216.35832936908	1911
3208.76220183847	1912
3216.48571580491	1913
3206.09428459439	1914
3207.88067102384	1915
3219.82766368043	1916
3206.99521349451	1917
3209.68460949497	1918
3209.04672552802	1919
3210.48580149157	1920
3214.22640541576	1921
3193.05047837913	1922
3211.48090147284	1923
3220.65134022943	1924
3228.39315272745	1925
3207.63510795552	1926
3196.77213829945	1927
3213.70696039942	1928
3213.12982269718	1929
3205.97702906432	1930
3199.39885774293	1931
3196.85020980726	1932
3214.8833783531	1933
3204.01068895333	1934
3214.23251115263	1935
3226.52752417216	1936
3212.74280472023	1937
3197.46757238499	1938
3196.86855880834	1939
3199.33257878771	1940
3207.33422698247	1941
3203.6877200579	1942
3199.82601151323	1943
3212.6737327317	1944
3195.55553228899	1945
3199.94017207928	1946
3210.24008261616	1947
3210.40379619153	1948
3202.10305000679	1949
3207.79687225451	1950
3213.53442387026	1951
3204.01733882233	1952
3219.74633099599	1953
3203.28412025082	1954
3214.36593936761	1955
3210.21075866916	1956
3211.22404699948	1957
3218.14553126368	1958
3211.57087251681	1959
3208.86124621769	1960
3211.28420121454	1961
3203.73534811507	1962
3213.47007393229	1963
3202.71185477153	1964
3213.99440385578	1965
3200.82804362265	1966
3210.96804735557	1967
3199.51687610018	1968
3191.98115964185	1969
3208.00760857757	1970
3203.03781975288	1971
3207.88007715564	1972
3221.28166791003	1973
3193.77389434891	1974
3224.4724451006	1975
3217.44049302253	1976
3195.50273096982	1977
3215.40966462802	1978
3205.188948876	1979
3198.77613849848	1980
3204.78348044407	1981
3205.94541647184	1982
3202.50916419312	1983
3209.5784759222	1984
3207.23651826983	1985
3220.1238688006	1986
3202.55447201739	1987
3201.69452602642	1988
3217.39092169298	1989
3211.13705406376	1990
3206.21015479491	1991
3205.94646183157	1992
3213.998340239	1993
3208.233735223	1994
3206.70502656812	1995
3222.0304588331	1996
3209.0964433789	1997
3210.2995584555	1998
3203.3740505642	1999
3204.10339199738	2000
3219.90603131225	2001
3205.72203140352	2002
3223.91979216404	2003
3204.22725291187	2004
3205.31022180649	2005
3217.47392805306	2006
3209.47782463567	2007
3204.97974501359	2008
3205.9710352069	2009
3209.86283593042	2010
3208.33657698376	2011
3205.34642456097	2012
3206.91818755007	2013
3207.84387283101	2014
3210.70731958433	2015
3208.74176762388	2016
3215.96019758697	2017
3207.53498602535	2018
3209.24511129071	2019
3205.32085779664	2020
3197.28277453172	2021
3209.49599734927	2022
3210.78844564542	2023
3218.51851508834	2024
3208.39851596917	2025
3206.60645565596	2026
3216.98475508271	2027
3201.54727147268	2028
3214.11032585897	2029
3216.3816081095	2030
3215.50292585941	2031
3216.73193015492	2032
3201.01674849161	2033
3212.2316625388	2034
3212.63201387999	2035
3209.27212711175	2036
3199.73593585084	2037
3210.72179873582	2038
3207.66589430823	2039
3206.66772746414	2040
3208.69000070931	2041
3207.156338288	2042
3204.62772590664	2043
3209.60875659651	2044
3217.05062776687	2045
3208.06524716225	2046
3206.51154365477	2047
3209.05333575433	2048
3203.30626526118	2049
3206.69388493854	2050
3200.74868886672	2051
3216.34703778635	2052
3203.8709295886	2053
3198.23925612618	2054
3193.83433932321	2055
3206.69250824853	2056
3206.8903716733	2057
3207.90971331701	2058
3200.53665069041	2059
3219.20380925474	2060
3214.4087122855	2061
3194.81637402518	2062
3198.55715947877	2063
3208.33046355761	2064
3205.14343416425	2065
3206.11146172406	2066
3195.54569044232	2067
3207.35043730892	2068
3211.75890967035	2069
3217.37086444317	2070
3211.16023313871	2071
3220.82682449496	2072
3207.73493884432	2073
3211.48585544292	2074
3224.56074138677	2075
3186.831507149	2076
3200.02663596277	2077
3197.06674393735	2078
3200.73983571688	2079
3189.59651380643	2080
3221.0073630808	2081
3214.95534254784	2082
3217.55720660523	2083
3201.60369332884	2084
3210.67889711481	2085
3214.93981919458	2086
3209.05174506845	2087
3202.06166570673	2088
3206.52249445357	2089
3213.02295648809	2090
3196.95043842682	2091
3209.81425856286	2092
3214.45143672625	2093
3211.94676722717	2094
3207.17249019102	2095
3213.19065316649	2096
3220.05874620356	2097
3202.14227168076	2098
3210.72277556485	2099
3197.67117412502	2100
3222.10151574633	2101
3197.87036752146	2102
3207.05529949846	2103
3212.6571266337	2104
3220.105682642	2105
3215.58161517195	2106
3213.01128527998	2107
3210.49342980442	2108
3192.84528070176	2109
3210.42177575988	2110
3198.37216393964	2111
3206.37459037709	2112
3209.96422042384	2113
3221.06387616563	2114
3200.9791280642	2115
3214.58882856242	2116
3218.54394595195	2117
3206.61975908277	2118
3221.13582215869	2119
3211.22879079078	2120
3218.04140496346	2121
3207.60201503055	2122
3215.27621700998	2123
3213.98983654819	2124
3202.56414946784	2125
3214.89384208277	2126
3209.42429465082	2127
3217.04951536964	2128
3210.50395241503	2129
3211.79302127259	2130
3212.19183358152	2131
3200.95581238497	2132
3208.16338935635	2133
3203.42762227241	2134
3194.32677976499	2135
3214.34022278872	2136
3203.51971823289	2137
3209.81549893424	2138
3202.86219904261	2139
3209.79015056248	2140
3206.9119631904	2141
3212.03312952963	2142
3210.71418733822	2143
3222.69902513417	2144
3216.70042759087	2145
3212.27418362378	2146
3216.14068233885	2147
3215.66204608468	2148
3202.03316711935	2149
3204.32090091109	2150
3215.87690988857	2151
3193.03700129746	2152
3216.69514469406	2153
3202.10232692562	2154
3211.65887289353	2155
3203.2405857433	2156
3207.35879522328	2157
3203.38349502301	2158
3216.74112880786	2159
3217.69373751037	2160
3201.9062297563	2161
3207.65021230655	2162
3201.39107458296	2163
3207.60903536099	2164
3208.53643029594	2165
3206.88460643914	2166
3220.8740556626	2167
3212.88505102091	2168
3205.99879228064	2169
3208.48008936131	2170
3211.6086748627	2171
3213.31479747979	2172
3209.33477669864	2173
3211.09037177668	2174
3205.89596546507	2175
3206.15451949718	2176
3208.2525657099	2177
3205.81811442234	2178
3205.11589556998	2179
3202.58810210643	2180
3207.45116653864	2181
3212.25154920002	2182
3206.87928089954	2183
3209.26696093527	2184
3210.29643197809	2185
3206.43510079176	2186
3215.06749148346	2187
3218.40898327206	2188
3211.38917449209	2189
3211.47588530228	2190
3203.78809998015	2191
3202.66319320175	2192
3217.518718182	2193
3212.04889398675	2194
3220.90893802499	2195
3201.32196537273	2196
3213.99587322804	2197
3218.66283737402	2198
3202.92083690315	2199
3222.49729098762	2200
3221.70688167127	2201
3222.6885826671	2202
3213.90229995121	2203
3208.67983486838	2204
3203.39454775939	2205
3206.02441605012	2206
3206.14519348729	2207
3203.36876923262	2208
3200.03743942271	2209
3203.58456567231	2210
3211.83988000261	2211
3194.92102575023	2212
3202.69318199403	2213
3208.98373872292	2214
3215.94104568915	2215
3211.3256622284	2216
3223.80930500185	2217
3209.76377367175	2218
3220.22362775205	2219
3216.84017589976	2220
3209.62505459501	2221
3213.58237596871	2222
3214.98325573129	2223
3200.77540248104	2224
3211.96633394305	2225
3214.05421624517	2226
3207.08571378025	2227
3215.20080258807	2228
3202.92757085374	2229
3214.18986709441	2230
3210.67325075382	2231
3207.52634959373	2232
3198.73262805377	2233
3205.42877347181	2234
3209.63117489364	2235
3216.42567008656	2236
3218.50660194216	2237
3208.86974623738	2238
3203.3666958806	2239
3203.79285497524	2240
3205.58887264244	2241
3218.53287749508	2242
3214.93163921573	2243
3208.89530466758	2244
3215.41561619193	2245
3209.30105859095	2246
3210.17531948367	2247
3207.37093360837	2248
3214.50006031025	2249
3198.22466965492	2250
3201.50405391649	2251
3212.16683250819	2252
3210.34257359875	2253
3203.06121330311	2254
3209.73500245593	2255
3222.36058109871	2256
3205.61060203723	2257
3220.34723161135	2258
3204.90480530846	2259
3222.40777728667	2260
3201.92644339043	2261
3211.36981798744	2262
3209.68141307112	2263
3198.74724960856	2264
3217.50586064954	2265
3214.08786637619	2266
3210.71443613242	2267
3204.47972128255	2268
3207.54843197418	2269
3207.17025056321	2270
3212.6415076027	2271
3200.22507645252	2272
3210.11038598645	2273
3210.39855211824	2274
3228.79545316492	2275
3209.45044301912	2276
3202.72828621264	2277
3213.34820280365	2278
3215.93424981472	2279
3222.64745582644	2280
3209.84979034577	2281
3211.53783704552	2282
3208.489295635	2283
3209.04624357662	2284
3213.1541108772	2285
3208.19111756655	2286
3216.52560335698	2287
3212.30357374929	2288
3210.91490951694	2289
3208.65536553246	2290
3201.4996091667	2291
3211.97878703327	2292
3202.78819847139	2293
3211.9507523623	2294
3203.04975947463	2295
3207.82770037523	2296
3205.6861682513	2297
3212.15004835215	2298
3214.62553277791	2299
3211.0303242123	2300
3213.43460822208	2301
3199.07528080901	2302
3214.35421671866	2303
3185.11530091687	2304
3201.37287279116	2305
3198.39580163478	2306
3208.00971293581	2307
3197.90414632118	2308
3205.59068755851	2309
3199.59389123583	2310
3207.21712233682	2311
3207.03996900439	2312
3215.62399658514	2313
3198.30169067475	2314
3221.34140644604	2315
3210.43991074128	2316
3218.66708243573	2317
3214.99835614733	2318
3214.01645821884	2319
3211.94315594101	2320
3214.38801683086	2321
3207.00479023703	2322
3202.68139223173	2323
3211.89261285375	2324
3213.41655487742	2325
3206.486125735	2326
3207.81688498267	2327
3196.72068022489	2328
3204.64319343851	2329
3222.91600564492	2330
3201.70998090007	2331
3212.39124586084	2332
3213.92286492886	2333
3204.13770600237	2334
3206.42438901289	2335
3202.6549547635	2336
3194.4659665782	2337
3223.45506067852	2338
3192.16784058011	2339
3213.09690747501	2340
3209.88783101756	2341
3209.35480031115	2342
3214.14004643264	2343
3211.37842042813	2344
3212.34285986282	2345
3221.89026508922	2346
3213.43497076667	2347
3213.08566270931	2348
3215.17975985484	2349
3200.73936387717	2350
3210.61611725756	2351
3200.98014146951	2352
3200.84982548124	2353
3204.5329432093	2354
3215.27922042939	2355
3218.21889873381	2356
3208.44052985384	2357
3204.43073693759	2358
3211.4101349481	2359
3212.15410733325	2360
3222.83398545349	2361
3221.44393793592	2362
3194.59532922737	2363
3207.58941263175	2364
3206.59046895574	2365
3218.09971994704	2366
3211.82434669629	2367
3204.67412982493	2368
3203.39147961964	2369
3221.04073625278	2370
3203.69742284728	2371
3207.49498433372	2372
3204.11900753032	2373
3199.23974609081	2374
3207.20208804782	2375
3210.95980946357	2376
3197.85859080216	2377
3203.81834579693	2378
3221.91817765233	2379
3215.12752324005	2380
3213.40961697558	2381
3199.31944749901	2382
3202.42672288108	2383
3214.36669374381	2384
3222.78273124799	2385
3217.15317955501	2386
3213.30093264613	2387
3218.26353084897	2388
3205.94307590631	2389
3203.41008274482	2390
3208.52385328431	2391
3215.62950882471	2392
3211.7074606328	2393
3203.55015394405	2394
3207.53885124291	2395
3202.51366359028	2396
3198.8109759715	2397
3217.96311467444	2398
3214.94188730903	2399
3215.00451850242	2400
3218.63736587626	2401
3213.12908665085	2402
3210.61494404463	2403
3202.88019482973	2404
3205.68327439403	2405
3216.92881067491	2406
3209.42226521621	2407
3213.81146732637	2408
3198.71519675232	2409
3210.91688176886	2410
3215.63235122025	2411
3216.37786025995	2412
3208.56788911939	2413
3203.13386184824	2414
3223.19520608926	2415
3211.65205496781	2416
3213.43738222289	2417
3207.90171538588	2418
3207.20831895745	2419
3202.09813723826	2420
3203.45208775142	2421
3206.72939501591	2422
3204.90364929494	2423
3215.11782541504	2424
3218.97281961015	2425
3214.68166014104	2426
3220.79911436004	2427
3214.97535303079	2428
3209.72958524709	2429
3214.53826189726	2430
3208.78506689103	2431
3222.63514929553	2432
3214.68702361758	2433
3206.75270044638	2434
3208.20226914637	2435
3213.54562257776	2436
3208.61625073715	2437
3210.53500258762	2438
3218.34897584618	2439
3207.64007528559	2440
3205.48348896288	2441
3212.23778245141	2442
3204.74285722144	2443
3212.2990924053	2444
3203.94653573807	2445
3202.71902502115	2446
3187.19554477435	2447
3210.73462704838	2448
3209.85760929613	2449
3207.87328001029	2450
3211.06990631961	2451
3205.32454648612	2452
3210.17793052109	2453
3204.37020717869	2454
3216.57797645552	2455
3209.72913399465	2456
3216.78635495185	2457
3208.10965055768	2458
3201.86427359203	2459
3209.31815539206	2460
3198.19477376094	2461
3203.67959791256	2462
3207.39587980457	2463
3200.5483986699	2464
3204.48616070968	2465
3221.46776175572	2466
3192.9437822324	2467
3215.56675524955	2468
3203.63679041541	2469
3196.24213895205	2470
3213.91238486371	2471
3211.91246622217	2472
3189.60583526018	2473
3215.2406547139	2474
3212.52146363369	2475
3207.07969125114	2476
3208.62777344142	2477
3209.29680082236	2478
3222.01234060642	2479
3216.94050020271	2480
3214.75502111223	2481
3215.28038858467	2482
3213.14734030022	2483
3193.00291767289	2484
3205.06414300525	2485
3205.970262453	2486
3217.48636715549	2487
3207.43321457023	2488
3198.40727151773	2489
3210.32939188439	2490
3189.12948493508	2491
3207.9946388694	2492
3207.5535594206	2493
3213.63071431111	2494
3219.92666941859	2495
3214.03080517766	2496
3217.66793488744	2497
3208.22803222614	2498
3210.1093020802	2499
3202.83047561715	2500
3216.88639224587	2501
3211.43979767547	2502
3204.23066475491	2503
3219.98684932308	2504
3208.24636181042	2505
3212.53457302554	2506
3221.12969696663	2507
3216.88408725529	2508
3211.47923547815	2509
3208.59144930936	2510
3205.64753006011	2511
3202.78571574552	2512
3207.44727182367	2513
3215.24708667486	2514
3207.79931408915	2515
3214.4523346778	2516
3196.57675207636	2517
3197.02588891643	2518
3205.17362067945	2519
3201.33163958696	2520
3214.22762065027	2521
3202.81851821116	2522
3194.4507019897	2523
3205.93099385035	2524
3208.39670728904	2525
3207.32269298251	2526
3202.79982532093	2527
3204.89910676894	2528
3217.47206170025	2529
3205.14748803628	2530
3212.03467776797	2531
3206.09711751706	2532
3202.97587009133	2533
3200.47697542659	2534
3197.83821009143	2535
3180.40597966869	2536
3205.82053431647	2537
3204.12885802108	2538
3208.48895816531	2539
3203.61056170429	2540
3213.17967348794	2541
3215.56686415288	2542
3212.10058119043	2543
3217.69880326232	2544
3212.69852798388	2545
3203.63536984399	2546
3193.97036519194	2547
3206.37283543688	2548
3206.22995098711	2549
3208.13958240666	2550
3212.00622139432	2551
3219.78582709435	2552
3212.20349266089	2553
3198.65094305985	2554
3201.59075297243	2555
3224.62768865482	2556
3212.47725945769	2557
3214.04721093549	2558
3217.17034896299	2559
3215.25344712701	2560
3209.13173140762	2561
3192.36338192349	2562
3203.91185696991	2563
3212.83032463966	2564
3200.49972319377	2565
3206.95273120451	2566
3216.87438356849	2567
3208.72350053666	2568
3215.61519458549	2569
3208.71055973447	2570
3209.42672876076	2571
3215.72670920622	2572
3201.13410632613	2573
3219.82106759815	2574
3206.70045331171	2575
3191.89487619797	2576
3217.76871029183	2577
3209.72978619623	2578
3205.41969095169	2579
3215.20360263418	2580
3211.30733321964	2581
3211.8389352498	2582
3198.89655125553	2583
3214.8175150748	2584
3204.72462259557	2585
3207.93049720126	2586
3210.83044701759	2587
3212.69896563462	2588
3199.18750243358	2589
3216.98511718788	2590
3210.3297687283	2591
3217.50755151797	2592
3206.4902353113	2593
3220.90151291094	2594
3212.76159958318	2595
3203.22788772368	2596
3197.93789316518	2597
3207.75725696524	2598
3211.42097098246	2599
3198.05176051804	2600
3210.44792738733	2601
3212.65729573093	2602
3213.82883741317	2603
3199.03978538552	2604
3218.1518852308	2605
3212.17676299682	2606
3213.00139348721	2607
3212.34139488871	2608
3211.41172342538	2609
3207.74109789626	2610
3209.39852921779	2611
3207.40317396867	2612
3204.01849895628	2613
3198.20623881638	2614
3204.73460586207	2615
3220.00727089244	2616
3207.65875021162	2617
3208.96189273161	2618
3214.6525307647	2619
3211.74197299694	2620
3208.14043359097	2621
3196.48400397314	2622
3208.27769670795	2623
3208.25353564719	2624
3220.51925852853	2625
3211.40695376147	2626
3207.36122118391	2627
3216.23863601275	2628
3210.29257237612	2629
3208.65100143058	2630
3202.74004541996	2631
3207.37322668102	2632
3205.69244365077	2633
3204.18621201088	2634
3203.34969583702	2635
3203.89613240282	2636
3200.95613232715	2637
3209.03078718453	2638
3202.24073629997	2639
3208.10713447662	2640
3202.81924497902	2641
3206.27617351671	2642
3201.55316834356	2643
3218.50971860393	2644
3204.25189781602	2645
3206.75342035611	2646
3212.29785016993	2647
3216.15747908801	2648
3206.42594179802	2649
3215.51545090529	2650
3206.06509091787	2651
3213.06615164843	2652
3213.27299051832	2653
3208.56045623425	2654
3208.21262076486	2655
3210.9284844986	2656
3202.74773471772	2657
3211.21593800464	2658
3217.60910559891	2659
3201.26913485792	2660
3214.85281797078	2661
3219.28287051832	2662
3212.56798421846	2663
3202.75733493373	2664
3220.93420049761	2665
3220.17581495162	2666
3205.33979915239	2667
3209.47478309065	2668
3199.43662912294	2669
3214.02020087872	2670
3203.84790925818	2671
3201.95128525784	2672
3217.78093416549	2673
3211.64016153184	2674
3197.92920522502	2675
3213.06306706211	2676
3193.91408056702	2677
3208.05677161593	2678
3219.60805998116	2679
3202.77527318273	2680
3219.40366031822	2681
3212.1870727779	2682
3212.80196743312	2683
3216.23377857117	2684
3203.51695480428	2685
3208.30879575887	2686
3198.52929701562	2687
3200.96171294598	2688
3210.00535463423	2689
3204.09510816672	2690
3203.03357098622	2691
3206.75612518243	2692
3211.51518537142	2693
3216.54085486272	2694
3204.67523631215	2695
3205.42342297215	2696
3213.157812655	2697
3222.31160040142	2698
3202.19947307994	2699
3204.45239202873	2700
3213.65742654534	2701
3207.37434023072	2702
3212.95263843372	2703
3218.16092662037	2704
3201.68969183184	2705
3196.64229873473	2706
3219.41471450362	2707
3198.75803853794	2708
3209.83607061763	2709
3205.7982796334	2710
3213.09734272898	2711
3199.60333224104	2712
3210.97997885976	2713
3207.42624402302	2714
3205.34795714888	2715
3218.01329645117	2716
3215.72973197454	2717
3221.90141164165	2718
3209.78624003712	2719
3202.05764430974	2720
3214.90883432256	2721
3200.88824472406	2722
3204.19878628405	2723
3200.25973286651	2724
3217.3586209397	2725
3210.86329171145	2726
3207.1019759938	2727
3206.93003910512	2728
3212.45479084212	2729
3204.71147349761	2730
3208.17474242023	2731
3222.45178030767	2732
3208.38719301633	2733
3213.36003254159	2734
3193.0663739737	2735
3214.14674920626	2736
3212.41196920675	2737
3208.27358356014	2738
3209.18751599714	2739
3204.52891130873	2740
3212.3012630288	2741
3218.51725130301	2742
3208.06272867999	2743
3210.92681051653	2744
3212.94204506086	2745
3207.88180229129	2746
3193.32969512528	2747
3204.66504610579	2748
3192.99959093397	2749
3211.8649140945	2750
3216.14120659303	2751
3209.1620084642	2752
3219.15112906115	2753
3216.71452757885	2754
3187.19524015322	2755
3218.68110652766	2756
3211.4454520937	2757
3209.7251991195	2758
3208.04431302428	2759
3198.51238082969	2760
3212.81033909285	2761
3212.05430422498	2762
3210.77439073067	2763
3217.11640674039	2764
3212.29746018787	2765
3206.18483368303	2766
3200.13063542709	2767
3210.38910896019	2768
3200.92502512981	2769
3206.69307787275	2770
3216.93368316877	2771
3214.84514568321	2772
3203.13609175686	2773
3212.0494027539	2774
3198.13851552497	2775
3207.34006904952	2776
3191.70655689282	2777
3217.22739440412	2778
3212.62276672608	2779
3214.7268867502	2780
3208.4076661516	2781
3206.24388422546	2782
3194.59085016198	2783
3203.67874914793	2784
3203.44231396025	2785
3216.79178858023	2786
3202.37911561954	2787
3212.56378148143	2788
3221.97237010098	2789
3210.5784296944	2790
3211.40954868659	2791
3200.34527283611	2792
3203.95266924261	2793
3209.99644988456	2794
3220.70570857327	2795
3205.90536032145	2796
3197.18874964935	2797
3199.21345170206	2798
3208.59364961928	2799
3202.95207649555	2800
3216.43676199071	2801
3204.64611935353	2802
3210.09959694647	2803
3207.97075427011	2804
3198.33434547332	2805
3210.4892605411	2806
3208.74737774643	2807
3190.18346242484	2808
3203.04767345841	2809
3216.97857860802	2810
3200.01757173899	2811
3208.61352631386	2812
3217.26951967809	2813
3203.10544158572	2814
3214.48828693674	2815
3190.0427796113	2816
3217.24461884142	2817
3206.78694317556	2818
3217.67644923379	2819
3223.43749291828	2820
3211.79957965641	2821
3209.84760625207	2822
3196.08890859657	2823
3212.43710438061	2824
3205.92453875565	2825
3209.0557261122	2826
3215.77046209467	2827
3205.95750692865	2828
3211.72622907204	2829
3216.83684119356	2830
3198.7783339798	2831
3213.91988468266	2832
3218.91585760731	2833
3209.15976420785	2834
3206.03548469718	2835
3210.96272771845	2836
3200.90578416275	2837
3211.54187579399	2838
3212.67499181089	2839
3208.17292448592	2840
3210.19604783913	2841
3197.9541764669	2842
3213.96733237477	2843
3210.32961045552	2844
3220.28743885551	2845
3207.37830683782	2846
3213.54137515271	2847
3209.58234733011	2848
3200.48432671215	2849
3200.86441818921	2850
3210.99625030963	2851
3200.99243533272	2852
3198.09980229653	2853
3205.96906492597	2854
3212.50664024866	2855
3205.5567878144	2856
3205.79113915647	2857
3201.85894541772	2858
3193.31276892739	2859
3210.47208848664	2860
3211.84702092186	2861
3203.64437470018	2862
3210.99182986106	2863
3214.35002181255	2864
3222.24231952333	2865
3218.95827509283	2866
3203.10533609671	2867
3219.19073304973	2868
3212.10633991783	2869
3215.41058808591	2870
3214.29658301791	2871
3205.03668862702	2872
3213.87816902373	2873
3219.45933066837	2874
3198.3491082907	2875
3185.94561705559	2876
3196.25051146851	2877
3199.19089766201	2878
3208.91547292457	2879
3211.3063488938	2880
3200.52086229595	2881
3202.43712718378	2882
3202.48211155877	2883
3205.05950596271	2884
3209.30544490473	2885
3206.53594943132	2886
3214.95667940014	2887
3202.74494413692	2888
3219.77299567608	2889
3199.40608718845	2890
3212.16337019554	2891
3203.76572968978	2892
3200.26501303869	2893
3214.42740337849	2894
3212.46099722065	2895
3200.25340755299	2896
3200.02404750003	2897
3216.30802833225	2898
3221.40120313163	2899
3204.93317781648	2900
3213.06937695365	2901
3210.71320684365	2902
3197.73510851973	2903
3212.74963806625	2904
3204.84077293616	2905
3210.72583177535	2906
3208.82585667183	2907
3202.23100817017	2908
3198.36951309151	2909
3217.36049759398	2910
3209.16935833834	2911
3212.04083085994	2912
3219.88465222017	2913
3202.22809390218	2914
3208.00902824243	2915
3216.32666191518	2916
3209.32107505062	2917
3211.70192109661	2918
3213.80907466701	2919
3208.85599269426	2920
3206.19154725959	2921
3220.06017197408	2922
3199.14032135931	2923
3210.17975253792	2924
3220.39738691681	2925
3204.62867470225	2926
3206.99089811679	2927
3200.93507723725	2928
3202.92695119919	2929
3208.69044377088	2930
3205.76604233173	2931
3203.39331432336	2932
3206.36583788358	2933
3199.61235667863	2934
3214.55323787426	2935
3215.11252689807	2936
3212.49095789256	2937
3214.41233891461	2938
3206.50735140849	2939
3208.86230579627	2940
3210.82217897022	2941
3213.65049470075	2942
3197.25619073315	2943
3207.35942329436	2944
3200.84750648985	2945
3203.99586796885	2946
3210.05069219884	2947
3201.86860030943	2948
3196.41383612204	2949
3213.19009440405	2950
3206.1666992122	2951
3198.3545373145	2952
3210.44008996575	2953
3207.42866438682	2954
3203.5888417285	2955
3216.76914031935	2956
3215.20785757393	2957
3216.61437591921	2958
3210.80855790105	2959
3204.94336586657	2960
3202.29674985531	2961
3221.81653526229	2962
3219.33520418929	2963
3196.82946306642	2964
3211.3736595541	2965
3205.57477495458	2966
3205.83041620818	2967
3225.25680648365	2968
3198.23532387024	2969
3218.88653171253	2970
3223.51987569428	2971
3219.8221431753	2972
3214.87001382659	2973
3209.44725076546	2974
3215.9176398012	2975
3207.94357581703	2976
3217.35528706381	2977
3207.79819876202	2978
3207.355205007	2979
3215.17782824414	2980
3204.44437640466	2981
3202.38985840187	2982
3211.52138631753	2983
3208.35497007607	2984
3215.68168397542	2985
3206.63019443694	2986
3213.76855340735	2987
3212.96006922215	2988
3214.69273476134	2989
3212.69149476104	2990
3207.98115301486	2991
3211.46854610057	2992
3208.81200182282	2993
3215.89304807153	2994
3218.90588052181	2995
3215.89282345674	2996
3213.44678600523	2997
3211.90389706796	2998
3197.98013799917	2999
3206.98032272232	3000
3215.18070416616	3001
3206.4615277452	3002
3215.19215421074	3003
3204.48097356837	3004
3218.4993649374	3005
3224.64394782331	3006
3210.97258666675	3007
3213.15247242907	3008
3217.05520151433	3009
3205.82906630562	3010
3211.59330210482	3011
3207.18202504309	3012
3206.4950071919	3013
3212.2597670943	3014
3212.9330421027	3015
3208.70205672256	3016
3217.63455832691	3017
3210.90713765196	3018
3227.07909496607	3019
3209.51037289932	3020
3214.20437890106	3021
3213.48152466883	3022
3216.90208003651	3023
3221.55655951348	3024
3214.53313496717	3025
3212.29850928968	3026
3214.51321429807	3027
3218.61175781741	3028
3205.13521389601	3029
3205.97862042659	3030
3201.38856448326	3031
3215.25613930302	3032
3210.69151820686	3033
3215.67787973987	3034
3212.69320673093	3035
3212.13852098549	3036
3205.87140069645	3037
3209.644670809	3038
3208.17896871657	3039
3208.95906009958	3040
3209.07935481591	3041
3222.00858529011	3042
3219.01854242023	3043
3198.8368030792	3044
3200.49217506553	3045
3219.02293872863	3046
3209.52006490036	3047
3200.80228133759	3048
3204.23493187438	3049
3211.35270188254	3050
3204.82807818635	3051
3209.27385597264	3052
3210.36192093519	3053
3220.97774481654	3054
3207.76033173203	3055
3217.71817591323	3056
3213.3449717784	3057
3222.48944724977	3058
3203.41215226105	3059
3204.30271598241	3060
3208.80500590565	3061
3220.59121995189	3062
3208.06126893198	3063
3195.42825015508	3064
3218.13827512467	3065
3220.00755836112	3066
3208.22704626782	3067
3205.8811994439	3068
3218.62553972307	3069
3200.91914274319	3070
3191.33552605946	3071
3202.89470707325	3072
3213.33065205161	3073
3207.34087038829	3074
3215.85529451383	3075
3197.6819065067	3076
3202.13579422257	3077
3204.68676173651	3078
3200.59198262909	3079
3210.59597699621	3080
3214.39611094176	3081
3208.79947806604	3082
3220.88574578888	3083
3212.46039389444	3084
3212.54431565985	3085
3201.14419551441	3086
3211.33639792334	3087
3221.85126799862	3088
3216.77576673626	3089
3212.61414392223	3090
3207.83239515768	3091
3205.82529951215	3092
3210.97327832348	3093
3200.52978475585	3094
3200.69180610387	3095
3201.24209110574	3096
3210.36287115415	3097
3203.16949999522	3098
3204.59754559489	3099
3220.12552854497	3100
3206.76635026054	3101
3222.02025565596	3102
3210.08040270019	3103
3201.07855113591	3104
3207.65547342314	3105
3206.58476198414	3106
3215.0560809334	3107
3205.35827912062	3108
3201.95669299299	3109
3216.81385389026	3110
3214.03850759463	3111
3203.77212606555	3112
3209.79213505536	3113
3213.82224138861	3114
3214.2896142354	3115
3204.80898738621	3116
3200.39603443858	3117
3213.19839230028	3118
3213.69902000335	3119
3192.90344971919	3120
3209.59390880513	3121
3203.28571571331	3122
3215.35664878828	3123
3214.50569223986	3124
3210.80313856875	3125
3206.71612978901	3126
3200.19475008269	3127
3205.04819682097	3128
3211.57788021376	3129
3187.9157226119	3130
3210.22977892075	3131
3204.62365898433	3132
3211.27903538707	3133
3212.26860681784	3134
3215.54875472729	3135
3213.82378707268	3136
3218.95843804397	3137
3201.13206825908	3138
3208.26926716232	3139
3212.11000602146	3140
3217.05071391735	3141
3211.14259476549	3142
3203.63708700378	3143
3214.19546065366	3144
3195.61989839583	3145
3211.08635489095	3146
3207.96496761335	3147
3212.40724925383	3148
3206.16570419298	3149
3196.97043919647	3150
3191.9420568125	3151
3206.36130804585	3152
3220.05462800065	3153
3204.06215452947	3154
3206.45266574909	3155
3218.09413389554	3156
3205.22901538642	3157
3213.14375233738	3158
3210.4654213923	3159
3201.9623424187	3160
3216.45304812111	3161
3216.63223439865	3162
3195.49735728118	3163
3215.75951496739	3164
3204.47500570513	3165
3204.584736241	3166
3208.43967053975	3167
3211.75760478153	3168
3204.88112378745	3169
3197.14129132479	3170
3216.73493024816	3171
3209.30096279574	3172
3225.76559438354	3173
3199.45588512058	3174
3203.57235866702	3175
3216.63913339972	3176
3204.63304300922	3177
3201.08999786242	3178
3211.31871239422	3179
3200.0717697162	3180
3188.07953028224	3181
3208.93998260752	3182
3211.88543425803	3183
3208.19738158993	3184
3212.28252161442	3185
3180.43458195	3186
3206.22516035012	3187
3215.04777428502	3188
3210.35131006197	3189
3208.94907062413	3190
3194.57782797493	3191
3199.9914742309	3192
3207.45888499715	3193
3214.42747598649	3194
3207.06342536529	3195
3203.60018810285	3196
3213.44368263263	3197
3199.73747001149	3198
3198.87470165134	3199
3205.80864938736	3200
3219.25158080473	3201
3208.69367919633	3202
3194.16215094276	3203
3220.36539013947	3204
3208.4736787624	3205
3203.89420210645	3206
3192.18651293936	3207
3204.50178259879	3208
3215.70538153097	3209
3209.2429252726	3210
3210.31666697938	3211
3219.18379280844	3212
3216.34293666879	3213
3209.02155831028	3214
3196.57813186779	3215
3215.11996718379	3216
3206.42614831297	3217
3216.68382420095	3218
3202.11345482757	3219
3203.81694465086	3220
3222.00085264889	3221
3203.62846912074	3222
3208.71041211402	3223
3212.80847758568	3224
3214.23708811665	3225
3202.88971088478	3226
3210.9828242497	3227
3201.53680483764	3228
3211.88847935521	3229
3211.0066695734	3230
3206.15719514574	3231
3205.35310043617	3232
3204.19512386969	3233
3201.98676955225	3234
3210.55554892554	3235
3199.16555603569	3236
3211.3653264717	3237
3215.35236169389	3238
3204.09161792824	3239
3218.00544259121	3240
3206.79262594091	3241
3201.0951564483	3242
3202.33616824855	3243
3202.55805968363	3244
3208.83649590083	3245
3207.13904279348	3246
3205.42557703456	3247
3209.30397975554	3248
3206.75654202782	3249
3209.77118670884	3250
3208.28343101704	3251
3205.07597501852	3252
3222.22824930913	3253
3210.07200200297	3254
3197.09916485141	3255
3217.43177789686	3256
3212.92726547089	3257
3210.95580589893	3258
3204.50065586546	3259
3215.01612765574	3260
3206.66790922773	3261
3218.67433386548	3262
3223.66398302575	3263
3218.7679001867	3264
3205.07133180898	3265
3208.48240821946	3266
3214.36398094352	3267
3217.07853030067	3268
3207.84596847416	3269
3201.99009239942	3270
3211.54043764747	3271
3214.69215958036	3272
3214.44643035401	3273
3214.2608142428	3274
3212.67098644693	3275
3211.08485225943	3276
3209.86173049454	3277
3211.82715098465	3278
3210.58668055322	3279
3202.58328779014	3280
3202.01956402298	3281
3210.29612100859	3282
3222.08523681212	3283
3205.06618108899	3284
3202.69748261897	3285
3218.43230634374	3286
3212.58966367107	3287
3206.80229750151	3288
3199.82646502897	3289
3208.02273438079	3290
3205.12270765698	3291
3219.49683600851	3292
3216.82524459654	3293
3196.04798595448	3294
3212.64222868256	3295
3203.67801675999	3296
3212.39528667081	3297
3210.2822071722	3298
3205.7370552146	3299
3219.45435073859	3300
3220.51422457945	3301
3201.24077085293	3302
3206.07068158926	3303
3217.68409991516	3304
3202.19427144223	3305
3204.71938099455	3306
3209.86663462231	3307
3202.9795968238	3308
3215.32408934086	3309
3213.65645827741	3310
3206.04647432854	3311
3211.06520163473	3312
3213.17357352739	3313
3200.91342515344	3314
3210.51545343823	3315
3216.10144127577	3316
3208.14801266079	3317
3216.85714228945	3318
3212.00501281298	3319
3208.08078288817	3320
3213.79477072586	3321
3215.31224956915	3322
3197.09109970988	3323
3218.66892263545	3324
3211.75797739091	3325
3206.65372473073	3326
3198.697061728	3327
3204.48732765157	3328
3216.94927141281	3329
3213.71651396605	3330
3220.96105420557	3331
3205.91229305282	3332
3211.66998992316	3333
3205.32232350156	3334
3203.52919566971	3335
3210.74200728417	3336
3206.77267517901	3337
3214.06664540207	3338
3199.76686366254	3339
3213.09401426368	3340
3210.92156261384	3341
3216.08164145776	3342
3212.31213389497	3343
3206.4710759914	3344
3210.94753715598	3345
3215.77351173542	3346
3207.46693392215	3347
3209.97821699741	3348
3208.1522346754	3349
3207.43710097773	3350
3199.26178044405	3351
3210.54935616356	3352
3195.83480687435	3353
3207.04252942711	3354
3204.94188515853	3355
3201.63100702521	3356
3214.29025183563	3357
3204.31389975621	3358
3214.75033183329	3359
3211.55496835784	3360
3213.65912679982	3361
3199.9885278419	3362
3213.88076672155	3363
3209.89547326497	3364
3220.64748171955	3365
3206.45650556434	3366
3209.47426245897	3367
3203.38670471951	3368
3207.06812620275	3369
3204.34885391817	3370
3199.86140177879	3371
3211.44225643576	3372
3207.02670680331	3373
3221.26164322782	3374
3203.13072419199	3375
3216.61784802	3376
3208.83079680114	3377
3207.80771503673	3378
3223.66738254764	3379
3219.12276529802	3380
3213.92973397966	3381
3211.86877866727	3382
3206.86545911697	3383
3213.33219399754	3384
3200.40237514771	3385
3204.59207413376	3386
3206.49787293473	3387
3209.54977183767	3388
3220.26929563564	3389
3204.92691625588	3390
3204.59404492334	3391
3217.75564331922	3392
3211.46758522674	3393
3212.53537364926	3394
3209.09280297485	3395
3212.06254439816	3396
3199.64085403389	3397
3217.64101468363	3398
3209.88837499058	3399
3211.19117727534	3400
3193.94940655829	3401
3213.8055089344	3402
3217.5344852115	3403
3202.35343467419	3404
3218.66012720838	3405
3207.21040424405	3406
3207.69115969799	3407
3219.72880228082	3408
3216.96283909924	3409
3200.10199677163	3410
3193.12896777297	3411
3217.13732302094	3412
3208.2896399906	3413
3205.80416986871	3414
3207.90325703484	3415
3210.33044362373	3416
3216.46177368672	3417
3209.52316647868	3418
3205.07384808004	3419
3203.94819405963	3420
3223.54378091294	3421
3215.61006047643	3422
3207.83883530821	3423
3217.66945961389	3424
3217.27842139828	3425
3195.63329787134	3426
3213.71311859122	3427
3208.64811975777	3428
3206.89365660915	3429
3226.14326142565	3430
3203.55092414344	3431
3204.41892205573	3432
3206.51152775852	3433
3208.93189822521	3434
3208.84451268097	3435
3218.92233444996	3436
3205.37166484601	3437
3200.76875617487	3438
3212.6756518676	3439
3210.22763273381	3440
3210.91250563424	3441
3214.80613973967	3442
3206.39563849237	3443
3206.69999008392	3444
3207.36503531073	3445
3207.3469460851	3446
3202.0069907641	3447
3207.67375378989	3448
3210.89598286539	3449
3218.48983716478	3450
3192.75064614191	3451
3215.47644414502	3452
3204.0913448279	3453
3201.79882755622	3454
3204.61215232063	3455
3211.15446576396	3456
3181.1040641877	3457
3199.69866007753	3458
3201.75148897022	3459
3208.79348407559	3460
3203.78414660236	3461
3209.45153373561	3462
3219.35877463613	3463
3205.481878834	3464
3200.36990209103	3465
3213.913218244	3466
3218.45528081362	3467
3203.875915019	3468
3202.64185261209	3469
3210.33415073406	3470
3201.00258292476	3471
3205.75883048185	3472
3216.55148157109	3473
3206.2288807003	3474
3203.83770808573	3475
3205.28456532392	3476
3210.38831763701	3477
3223.98400623492	3478
3220.71592301164	3479
3209.33209732427	3480
3205.85856974158	3481
3207.85686490491	3482
3212.08819499862	3483
3201.78318582143	3484
3200.45105185395	3485
3204.09959344848	3486
3216.28753121314	3487
3209.82294674957	3488
3203.45450221921	3489
3204.61690893952	3490
3192.08028343121	3491
3203.67319139927	3492
3201.41086681683	3493
3218.93306713369	3494
3214.67990664807	3495
3193.89559136289	3496
3223.30070503433	3497
3214.37798002247	3498
3205.19674816994	3499
3207.75222184865	3500
3208.47824021032	3501
3201.36476577382	3502
3212.98466752641	3503
3201.32168411047	3504
3198.14406964302	3505
3209.20363070229	3506
3206.9780645175	3507
3204.50807291928	3508
3209.22448527706	3509
3208.74224151136	3510
3202.56443550347	3511
3213.43100001202	3512
3211.00333355077	3513
3214.97955842384	3514
3206.04172500036	3515
3221.79493299019	3516
3213.67464010418	3517
3201.9912810037	3518
3201.62035044719	3519
3195.89201010326	3520
3190.14578245537	3521
3207.76134374496	3522
3197.77524412553	3523
3225.62486247221	3524
3219.24314535618	3525
3209.78767241472	3526
3205.40153580807	3527
3211.11095992229	3528
3205.44783685858	3529
3217.60590702855	3530
3209.70596145448	3531
3213.1487709971	3532
3212.83250019965	3533
3207.39927953583	3534
3221.91818014479	3535
3217.95048732957	3536
3208.9755733728	3537
3211.83689418927	3538
3215.14256387925	3539
3206.20748827642	3540
3207.388454407	3541
3213.00542818677	3542
3217.14195557952	3543
3207.25108127078	3544
3196.22038428092	3545
3209.73747222482	3546
3200.29729475193	3547
3204.6123033213	3548
3213.17289538354	3549
3216.02155318387	3550
3213.24501469706	3551
3206.52422250583	3552
3194.36891652909	3553
3210.13062664377	3554
3215.91011188417	3555
3211.66273880454	3556
3211.76973979288	3557
3216.92465921379	3558
3204.2288629976	3559
3209.49536702688	3560
3206.70794965775	3561
3210.72475131894	3562
3207.79414627365	3563
3222.64739645715	3564
3206.78139835506	3565
3198.85576607288	3566
3199.39592502868	3567
3224.52662329333	3568
3201.64929067827	3569
3201.80605757586	3570
3221.55080121353	3571
3208.62330174852	3572
3216.90325703501	3573
3209.97752250349	3574
3196.67812552332	3575
3214.19867574111	3576
3207.78227637298	3577
3196.55536783377	3578
3221.14638701585	3579
3203.53647507631	3580
3215.89856915669	3581
3212.93678491082	3582
3216.07030144777	3583
3215.95891036143	3584
3208.05536980072	3585
3197.23622493703	3586
3215.13321093699	3587
3203.91027134664	3588
3207.71709680401	3589
3213.04186270945	3590
3215.79164298306	3591
3211.29569141587	3592
3212.48114809633	3593
3212.2954431985	3594
3219.39736842654	3595
3214.76666980249	3596
3208.87826528917	3597
3205.87504778697	3598
3209.788845722	3599
3219.32260631708	3600
3212.05098576198	3601
3207.33998446119	3602
3204.57855660985	3603
3195.80188749637	3604
3206.54923798247	3605
3203.5355393284	3606
3207.2171250664	3607
3221.91532455484	3608
3203.98099915325	3609
3211.86770918629	3610
3197.5912880948	3611
3204.35950392535	3612
3203.56296936146	3613
3205.63113377451	3614
3205.95403859583	3615
3206.09649437663	3616
3203.57499854221	3617
3210.85585649998	3618
3217.75366269458	3619
3212.49527838754	3620
3201.60717736753	3621
3215.94376754254	3622
3205.32342260309	3623
3200.37862340612	3624
3202.17057210079	3625
3207.49389120799	3626
3216.08128457813	3627
3206.33736402148	3628
3213.79912670009	3629
3207.61419015547	3630
3222.84069233537	3631
3208.44224149805	3632
3208.22331306652	3633
3222.30813270531	3634
3223.52706691677	3635
3213.10452722088	3636
3208.45256401167	3637
3197.05513835583	3638
3205.39325981387	3639
3206.64498944149	3640
3215.22181602004	3641
3212.98584583344	3642
3210.14105958257	3643
3199.32439481291	3644
3211.03993598698	3645
3212.48028492997	3646
3200.55297251614	3647
3214.29166446492	3648
3204.901878845	3649
3207.41928219836	3650
3195.18162730254	3651
3221.40936804451	3652
3203.31832089938	3653
3207.37719193783	3654
3198.13593043585	3655
3207.77562023225	3656
3207.39347197931	3657
3207.12691844524	3658
3210.15068479346	3659
3203.35984085738	3660
3212.09095183216	3661
3205.50045972191	3662
3217.31091943329	3663
3218.67259548183	3664
3197.24636206984	3665
3195.3105292263	3666
3211.99634439204	3667
3211.52763237008	3668
3198.20627251097	3669
3200.67126759955	3670
3216.04441853959	3671
3215.38708276318	3672
3216.71191943958	3673
3213.12436037754	3674
3197.51894771042	3675
3204.53029116839	3676
3199.3378359994	3677
3209.23420343166	3678
3212.30772398115	3679
3211.76358927331	3680
3211.71274394504	3681
3200.55146731197	3682
3206.92092132646	3683
3206.11162767288	3684
3215.83657224572	3685
3212.1034941885	3686
3214.69570909998	3687
3215.82719648879	3688
3209.52193926778	3689
3216.70315963318	3690
3214.7760457995	3691
3205.488380975	3692
3209.39472019973	3693
3208.92170257701	3694
3218.57962045551	3695
3218.34872325487	3696
3219.42928837791	3697
3219.0101446346	3698
3202.59801887155	3699
3213.20497378069	3700
3211.80487524575	3701
3204.77534176188	3702
3224.20959147455	3703
3227.18949773574	3704
3207.03129819226	3705
3200.57335353944	3706
3215.16244445482	3707
3204.28481162884	3708
3221.63549048293	3709
3206.47569164439	3710
3208.45615061686	3711
3216.5174886006	3712
3212.43224870232	3713
3210.96516878448	3714
3215.81620124762	3715
3212.07919982144	3716
3215.29605885965	3717
3196.49391323537	3718
3219.27622603966	3719
3208.86929149937	3720
3205.01402284351	3721
3218.39124225364	3722
3200.14279442659	3723
3208.00243308767	3724
3203.77226013324	3725
3201.3996986363	3726
3201.03176720482	3727
3209.31342449963	3728
3211.10229848349	3729
3210.88384213665	3730
3205.46379948319	3731
3210.0534747062	3732
3210.48628109368	3733
3202.20928416546	3734
3217.08538455786	3735
3220.1105930763	3736
3210.37628638929	3737
3212.7373952604	3738
3214.81343920748	3739
3213.65062784033	3740
3214.12820484428	3741
3212.58475317327	3742
3203.60684348233	3743
3214.00538769006	3744
3207.39145373225	3745
3222.93841308832	3746
3197.02593109561	3747
3219.79439438801	3748
3209.37549056044	3749
3216.20869109528	3750
3204.69550402752	3751
3210.97920292145	3752
3215.36106227706	3753
3220.49558546988	3754
3213.39952326492	3755
3197.82316057295	3756
3219.30035267474	3757
3217.47393058399	3758
3208.91719774992	3759
3206.62958923712	3760
3205.59978181423	3761
3207.65706707777	3762
3212.5308052237	3763
3185.89741879236	3764
3195.25111791989	3765
3210.59549647678	3766
3225.68495755045	3767
3201.34000043618	3768
3201.46753642659	3769
3213.04139121292	3770
3208.59718466689	3771
3204.84766487413	3772
3210.01997065288	3773
3214.64913693482	3774
3207.67788084009	3775
3195.62948787413	3776
3208.69137168501	3777
3199.37421898046	3778
3218.00504823708	3779
3218.93231430872	3780
3203.21882270585	3781
3203.8562769671	3782
3212.62510555545	3783
3216.67144969911	3784
3214.61006810392	3785
3218.82515957377	3786
3199.22253468468	3787
3209.98689246807	3788
3209.7238253799	3789
3214.49835321833	3790
3214.980711196	3791
3212.03095907826	3792
3206.49124757684	3793
3209.30857295273	3794
3199.52322061578	3795
3213.06556569267	3796
3216.95034078858	3797
3207.50157015771	3798
3201.77041822391	3799
3213.26870781548	3800
3210.37810566539	3801
3211.86892486975	3802
3214.89832971593	3803
3200.16211813232	3804
3207.74609603562	3805
3223.17124389903	3806
3204.05443138252	3807
3213.28450130187	3808
3210.16977595741	3809
3215.18370788656	3810
3221.57335736712	3811
3215.62490857276	3812
3200.58399439598	3813
3223.56743682026	3814
3209.77561845246	3815
3202.11185512727	3816
3206.35674116513	3817
3212.46517243448	3818
3202.084455932	3819
3209.76824259527	3820
3205.34623977364	3821
3222.39717711083	3822
3201.01321472751	3823
3215.30482028203	3824
3216.6197839838	3825
3213.42862295372	3826
3218.08194812882	3827
3212.70474616972	3828
3209.44787886886	3829
3208.41883485014	3830
3201.43186515538	3831
3206.30216195526	3832
3221.76439691318	3833
3218.50291559962	3834
3209.44075796984	3835
3209.01758267354	3836
3213.32765543665	3837
3208.37375332598	3838
3210.71452277471	3839
3207.68821470352	3840
3169.64122184716	3841
3202.42053062533	3842
3203.61082780522	3843
3214.17187550415	3844
3211.31474883823	3845
3208.61354831718	3846
3213.32717730925	3847
3210.4129367761	3848
3205.30012722173	3849
3215.52555096456	3850
3216.99564696261	3851
3204.23541227916	3852
3204.68293863786	3853
3208.78718127444	3854
3200.54237038521	3855
3217.21328539376	3856
3214.6695304904	3857
3211.03737501759	3858
3209.20029528566	3859
3202.04979429146	3860
3209.7693441463	3861
3207.87231978108	3862
3202.32371089108	3863
3215.08891106294	3864
3202.50068870064	3865
3222.95613311209	3866
3207.99368354937	3867
3200.90590145261	3868
3207.38829993586	3869
3200.02644580349	3870
3199.25235372349	3871
3223.15215469903	3872
3216.00736878074	3873
3200.89523411379	3874
3205.3049878896	3875
3204.27912409846	3876
3214.26689425603	3877
3199.32022680549	3878
3213.74668575026	3879
3204.54947021025	3880
3220.24101091918	3881
3204.47534071331	3882
3214.83236237456	3883
3204.03963785135	3884
3206.54110801952	3885
3205.31660587927	3886
3201.183371956	3887
3200.81294519682	3888
3201.97457971736	3889
3195.0765203971	3890
3215.07124866764	3891
3209.22491505644	3892
3215.31955412078	3893
3201.56847807304	3894
3218.27153965057	3895
3213.12744831997	3896
3201.60041277251	3897
3213.95584726009	3898
3206.60880262139	3899
3210.8291754977	3900
3212.30220954038	3901
3206.03658017537	3902
3204.12011973088	3903
3202.18159844736	3904
3204.02591854725	3905
3209.96691939419	3906
3203.56564133213	3907
3196.73488124558	3908
3210.72291953434	3909
3211.31993799397	3910
3224.86518045134	3911
3205.73986443397	3912
3219.04776335331	3913
3219.35993911196	3914
3212.92532584583	3915
3209.2975319747	3916
3206.15476749804	3917
3211.82543410669	3918
3204.99290088396	3919
3210.07133328694	3920
3221.86976966777	3921
3211.8928325231	3922
3205.18540844204	3923
3211.65313308841	3924
3202.23527122065	3925
3204.88156921059	3926
3209.64478275898	3927
3195.17481715232	3928
3211.44858671671	3929
3205.73143137765	3930
3210.94509663828	3931
3208.13693706225	3932
3214.62295751442	3933
3211.99064370736	3934
3203.17116358588	3935
3203.86633184726	3936
3209.5933082763	3937
3199.23264320298	3938
3201.86358947318	3939
3204.48644289151	3940
3212.56610140843	3941
3212.05263235027	3942
3212.78539331136	3943
3194.92619228742	3944
3208.15273942125	3945
3198.0479738701	3946
3190.59089756621	3947
3202.81772402077	3948
3211.87563166995	3949
3196.57685077487	3950
3203.08152379444	3951
3219.89631025916	3952
3204.90785521306	3953
3212.56683077121	3954
3224.87967082396	3955
3215.24134945406	3956
3217.71749772448	3957
3219.9265132094	3958
3211.38511453816	3959
3206.28598048455	3960
3204.04003706166	3961
3196.94631048016	3962
3204.32409530304	3963
3203.72553840081	3964
3217.09349882871	3965
3207.59104970396	3966
3213.32156710108	3967
3200.19589495895	3968
3211.23065339694	3969
3212.69648950971	3970
3214.51723651374	3971
3200.53660717684	3972
3199.60067165619	3973
3212.04066942659	3974
3210.74366772814	3975
3204.69124042064	3976
3209.12580095888	3977
3195.09082720372	3978
3216.27936113976	3979
3213.89650769821	3980
3207.71147432935	3981
3213.57983454712	3982
3200.4091034425	3983
3204.5714410898	3984
3216.61852575232	3985
3201.57668909867	3986
3193.67189657937	3987
3208.28100671937	3988
3209.84931084628	3989
3211.82225681357	3990
3212.74623584421	3991
3203.57522898315	3992
3207.78406203684	3993
3214.81126615451	3994
3218.35296418821	3995
3211.62033453127	3996
3193.58877307512	3997
3211.65729079228	3998
3214.10271436685	3999
3202.9147572848	4000
